#!ascii label  , from subject sub-07 vox2ras=TkReg
974
144646  -20.638  -38.359  98.521 0.0000000000
63518  -39.503  -21.775  88.664 0.0000000000
66575  -46.930  -19.309  82.789 0.0000000000
59547  -55.518  -26.615  80.436 0.0000000000
59416  -38.475  -26.465  90.551 0.0000000000
65598  -52.581  -20.389  80.674 0.0000000000
64647  -55.261  -21.441  72.367 0.0000000000
133127  -57.116  -18.349  70.751 0.0000000000
135287  -43.767  -20.835  90.160 0.0000000000
65511  -47.606  -19.421  86.665 0.0000000000
147308  -42.400  -19.859  86.233 0.0000000000
50122  -22.574  -35.359  101.332 0.0000000000
136475  -26.001  -33.612  99.802 0.0000000000
52236  -30.295  -33.449  97.307 0.0000000000
51244  -34.085  -34.609  95.067 0.0000000000
52260  -37.781  -33.214  94.459 0.0000000000
55457  -39.647  -29.834  93.210 0.0000000000
60462  -41.931  -24.968  92.643 0.0000000000
60568  -50.151  -26.027  84.272 0.0000000000
69674  -58.363  -16.135  69.558 0.0000000000
65481  -41.654  -20.596  90.662 0.0000000000
67547  -42.883  -18.553  88.957 0.0000000000
66501  -39.669  -19.913  87.262 0.0000000000
51206  -21.884  -34.881  99.324 0.0000000000
51186  -24.887  -34.809  100.905 0.0000000000
54445  -37.092  -31.502  93.689 0.0000000000
54430  -39.179  -31.598  93.427 0.0000000000
56351  -37.727  -29.440  93.735 0.0000000000
61537  -39.649  -23.749  90.063 0.0000000000
61512  -39.491  -24.935  92.855 0.0000000000
64463  -40.491  -21.918  91.962 0.0000000000
63497  -43.176  -22.897  91.779 0.0000000000
67598  -47.307  -17.916  85.177 0.0000000000
63536  -49.419  -22.295  85.613 0.0000000000
65548  -50.619  -20.514  84.728 0.0000000000
62603  -54.487  -23.342  80.424 0.0000000000
60605  -51.016  -24.907  80.435 0.0000000000
57535  -51.793  -28.274  77.506 0.0000000000
56560  -52.823  -29.039  75.779 0.0000000000
62694  -58.967  -23.616  72.617 0.0000000000
62682  -58.064  -23.728  74.605 0.0000000000
57360  -37.254  -28.499  90.211 0.0000000000
62649  -53.279  -23.071  77.468 0.0000000000
65675  -56.883  -19.861  72.210 0.0000000000
136267  -59.206  -21.844  71.063 0.0000000000
66758  -59.105  -18.940  68.113 0.0000000000
127998  -43.636  -22.305  87.301 0.0000000000
65501  -45.007  -19.105  88.124 0.0000000000
126617  -45.015  -17.286  87.165 0.0000000000
46867  -21.754  -36.951  100.677 0.0000000000
50177  -27.377  -34.773  97.063 0.0000000000
51211  -28.219  -33.024  99.045 0.0000000000
50194  -29.562  -35.669  96.501 0.0000000000
47983  -30.877  -37.035  96.035 0.0000000000
47996  -33.303  -37.495  95.142 0.0000000000
48012  -35.529  -37.097  93.789 0.0000000000
50212  -36.267  -34.502  94.918 0.0000000000
51262  -38.468  -34.200  93.085 0.0000000000
136355  -38.270  -27.211  93.503 0.0000000000
58319  -40.505  -26.812  92.926 0.0000000000
58362  -43.267  -27.670  90.727 0.0000000000
59417  -44.555  -26.343  90.457 0.0000000000
61538  -43.714  -24.306  89.311 0.0000000000
63567  -51.444  -22.207  83.374 0.0000000000
61702  -57.140  -24.697  76.522 0.0000000000
57540  -56.078  -28.446  77.898 0.0000000000
46878  -20.375  -37.753  100.367 0.0000000000
65492  -40.751  -20.713  89.477 0.0000000000
66483  -41.231  -20.291  89.040 0.0000000000
65499  -39.526  -20.445  87.920 0.0000000000
54479  -37.181  -31.482  92.744 0.0000000000
131869  -37.394  -30.685  93.861 0.0000000000
56356  -37.095  -29.828  92.866 0.0000000000
130958  -39.605  -22.470  89.136 0.0000000000
147349  -39.814  -22.855  91.546 0.0000000000
64481  -39.967  -21.495  90.632 0.0000000000
65468  -41.173  -21.002  91.351 0.0000000000
141387  -48.828  -18.603  84.804 0.0000000000
66563  -48.655  -18.780  83.254 0.0000000000
60595  -55.099  -24.919  80.650 0.0000000000
59544  -53.124  -26.055  80.505 0.0000000000
139780  -53.883  -27.781  79.059 0.0000000000
57545  -52.129  -28.732  76.858 0.0000000000
57537  -53.958  -28.315  77.600 0.0000000000
140209  -59.452  -25.082  71.118 0.0000000000
59663  -59.070  -26.059  72.537 0.0000000000
59662  -58.788  -26.778  71.793 0.0000000000
66712  -54.830  -18.785  70.982 0.0000000000
66714  -56.712  -18.787  71.363 0.0000000000
64675  -58.449  -20.685  72.300 0.0000000000
123881  -58.253  -19.803  71.184 0.0000000000
65695  -59.031  -20.925  70.207 0.0000000000
66716  -58.429  -19.357  70.399 0.0000000000
67750  -59.158  -18.104  68.623 0.0000000000
63519  -44.063  -21.781  88.960 0.0000000000
138020  -44.541  -20.978  87.559 0.0000000000
65500  -44.392  -19.750  88.777 0.0000000000
66504  -42.370  -19.358  87.603 0.0000000000
68517  -44.062  -18.199  87.977 0.0000000000
67584  -43.712  -18.364  86.009 0.0000000000
67585  -44.481  -17.984  85.697 0.0000000000
133495  -43.427  -19.325  84.727 0.0000000000
46881  -22.849  -37.256  99.816 0.0000000000
132695  -23.308  -36.175  100.849 0.0000000000
51198  -25.266  -34.078  100.793 0.0000000000
53267  -29.518  -32.355  97.825 0.0000000000
52229  -29.579  -33.110  98.258 0.0000000000
50164  -29.055  -34.709  97.985 0.0000000000
51227  -29.813  -34.787  97.521 0.0000000000
49051  -30.392  -36.791  96.369 0.0000000000
50180  -30.545  -35.305  97.099 0.0000000000
49064  -33.668  -36.453  95.150 0.0000000000
47997  -34.100  -37.113  94.665 0.0000000000
49065  -34.685  -35.708  94.832 0.0000000000
53300  -36.908  -33.426  94.787 0.0000000000
129851  -36.431  -33.833  94.847 0.0000000000
126223  -36.784  -34.106  94.961 0.0000000000
49067  -36.975  -35.363  94.711 0.0000000000
50229  -37.583  -34.957  93.980 0.0000000000
50237  -37.764  -35.337  93.226 0.0000000000
52277  -38.070  -34.030  93.765 0.0000000000
134990  -39.301  -30.360  93.360 0.0000000000
53349  -39.199  -32.371  93.141 0.0000000000
54464  -39.859  -31.082  93.038 0.0000000000
56358  -39.953  -29.645  92.921 0.0000000000
58347  -37.569  -27.785  91.933 0.0000000000
141523  -38.256  -26.465  91.804 0.0000000000
61506  -40.813  -24.815  93.140 0.0000000000
140728  -40.112  -26.162  93.152 0.0000000000
59391  -41.230  -26.369  92.597 0.0000000000
58349  -41.548  -27.549  91.584 0.0000000000
59403  -42.834  -26.469  91.281 0.0000000000
60476  -43.925  -25.646  91.024 0.0000000000
132751  -43.450  -21.625  91.098 0.0000000000
62514  -43.649  -24.005  90.156 0.0000000000
136154  -43.898  -22.586  89.588 0.0000000000
62527  -43.461  -23.468  88.597 0.0000000000
51194  -21.672  -34.961  100.912 0.0000000000
50121  -21.644  -35.375  101.703 0.0000000000
48993  -21.559  -36.154  101.911 0.0000000000
64511  -46.654  -20.883  86.283 0.0000000000
138065  -47.792  -22.297  85.683 0.0000000000
61577  -49.971  -24.431  85.150 0.0000000000
66603  -51.680  -19.456  81.177 0.0000000000
66580  -51.977  -19.322  82.450 0.0000000000
64565  -52.527  -21.051  81.631 0.0000000000
58500  -49.948  -27.567  78.740 0.0000000000
59543  -50.082  -26.004  80.518 0.0000000000
59600  -58.100  -26.191  75.601 0.0000000000
61718  -57.864  -24.336  75.893 0.0000000000
59584  -57.935  -25.775  76.537 0.0000000000
59580  -57.142  -26.603  77.678 0.0000000000
57551  -56.533  -28.110  76.424 0.0000000000
56562  -55.280  -28.759  75.746 0.0000000000
68713  -56.579  -17.226  69.922 0.0000000000
68714  -57.510  -16.887  70.140 0.0000000000
68738  -56.837  -16.150  68.647 0.0000000000
69696  -58.163  -14.986  68.948 0.0000000000
65482  -43.230  -20.309  90.311 0.0000000000
67519  -43.644  -18.977  89.433 0.0000000000
66485  -42.689  -19.361  89.536 0.0000000000
124140  -41.496  -19.928  88.435 0.0000000000
66517  -41.467  -20.051  87.346 0.0000000000
51195  -22.625  -34.819  100.622 0.0000000000
138524  -23.560  -34.893  100.933 0.0000000000
53237  -25.378  -33.382  99.687 0.0000000000
53318  -37.445  -32.877  94.463 0.0000000000
133164  -38.361  -33.057  94.208 0.0000000000
129636  -37.553  -31.166  94.054 0.0000000000
132179  -38.330  -30.123  93.999 0.0000000000
56345  -38.544  -29.414  93.773 0.0000000000
60496  -39.638  -25.379  89.563 0.0000000000
60474  -38.945  -25.220  92.108 0.0000000000
60475  -39.085  -24.424  91.431 0.0000000000
62497  -39.918  -23.420  92.920 0.0000000000
62489  -41.191  -23.781  92.770 0.0000000000
62491  -42.767  -23.577  92.581 0.0000000000
63495  -41.950  -22.256  92.058 0.0000000000
64475  -42.698  -21.041  91.559 0.0000000000
51214  -21.047  -35.005  98.887 0.0000000000
67565  -47.861  -18.953  86.581 0.0000000000
143213  -48.494  -21.076  85.819 0.0000000000
67580  -48.864  -19.303  85.893 0.0000000000
65536  -50.039  -21.011  85.562 0.0000000000
63550  -50.631  -22.240  84.620 0.0000000000
64581  -53.413  -21.549  80.187 0.0000000000
62591  -52.572  -22.637  80.997 0.0000000000
61628  -53.236  -23.619  80.995 0.0000000000
59559  -51.685  -26.354  79.347 0.0000000000
64629  -57.704  -21.368  73.215 0.0000000000
62691  -57.331  -22.585  73.566 0.0000000000
124124  -58.183  -23.151  73.974 0.0000000000
127568  -58.730  -25.849  73.885 0.0000000000
62530  -39.022  -22.912  87.516 0.0000000000
62531  -39.835  -23.477  87.971 0.0000000000
65574  -48.033  -20.077  82.036 0.0000000000
64605  -51.439  -21.043  78.247 0.0000000000
64606  -52.583  -21.251  78.394 0.0000000000
63631  -54.290  -22.674  78.688 0.0000000000
62625  -54.985  -24.182  79.346 0.0000000000
65658  -56.568  -20.433  72.408 0.0000000000
64650  -58.237  -20.824  72.901 0.0000000000
63676  -58.960  -22.095  72.096 0.0000000000
61764  -59.193  -24.858  70.522 0.0000000000
67725  -58.471  -18.610  69.842 0.0000000000
65720  -58.682  -20.505  68.801 0.0000000000
63533  -44.382  -21.898  86.491 0.0000000000
64501  -45.238  -20.497  87.129 0.0000000000
66496  -45.891  -18.605  87.501 0.0000000000
67534  -44.371  -18.700  88.814 0.0000000000
67551  -45.533  -17.938  87.487 0.0000000000
67563  -46.415  -18.020  87.222 0.0000000000
68555  -45.983  -17.180  86.109 0.0000000000
67596  -45.647  -18.063  84.585 0.0000000000
65517  -38.799  -20.249  86.752 0.0000000000
137146  -39.286  -19.983  85.825 0.0000000000
64523  -42.108  -20.849  85.121 0.0000000000
46894  -21.553  -37.660  99.624 0.0000000000
46895  -22.275  -37.533  99.338 0.0000000000
50207  -27.642  -35.326  95.485 0.0000000000
53263  -25.422  -33.019  98.347 0.0000000000
53238  -26.211  -32.834  99.168 0.0000000000
51210  -27.611  -33.583  99.133 0.0000000000
50193  -28.598  -35.002  96.743 0.0000000000
48008  -31.633  -37.213  94.791 0.0000000000
46952  -32.818  -38.231  94.258 0.0000000000
133962  -33.995  -33.989  94.725 0.0000000000
52267  -35.708  -33.783  94.599 0.0000000000
123940  -35.390  -34.571  94.848 0.0000000000
124760  -36.380  -35.271  94.684 0.0000000000
48014  -36.912  -36.150  93.731 0.0000000000
130620  -38.582  -33.015  93.538 0.0000000000
57331  -37.427  -28.468  92.602 0.0000000000
140811  -38.136  -28.420  93.747 0.0000000000
143724  -39.158  -28.156  93.465 0.0000000000
60459  -39.089  -26.269  93.037 0.0000000000
58304  -39.567  -27.600  93.274 0.0000000000
57322  -39.964  -28.526  93.322 0.0000000000
56364  -40.918  -28.932  91.262 0.0000000000
57361  -41.961  -28.698  90.573 0.0000000000
59437  -44.641  -27.089  89.062 0.0000000000
61520  -43.849  -24.931  91.071 0.0000000000
61540  -44.397  -25.533  89.802 0.0000000000
60507  -44.414  -26.076  88.799 0.0000000000
61550  -43.542  -24.610  88.531 0.0000000000
46866  -20.995  -37.055  100.917 0.0000000000
66565  -50.484  -19.308  83.352 0.0000000000
64535  -51.595  -20.782  83.817 0.0000000000
61603  -50.844  -23.630  84.093 0.0000000000
61627  -51.143  -23.610  81.442 0.0000000000
60593  -50.036  -25.040  81.964 0.0000000000
57462  -50.335  -28.114  82.677 0.0000000000
61678  -54.455  -24.266  77.734 0.0000000000
61653  -55.859  -25.128  79.139 0.0000000000
139424  -56.542  -23.277  73.585 0.0000000000
61725  -56.922  -23.934  75.219 0.0000000000
61681  -56.679  -25.246  77.123 0.0000000000
60630  -56.486  -25.721  78.327 0.0000000000
57500  -56.003  -28.153  79.047 0.0000000000
57548  -54.867  -28.587  77.191 0.0000000000
122803  -20.103  -38.421  98.755 0.0000000000
66482  -40.116  -20.952  88.910 0.0000000000
64492  -39.720  -21.051  88.476 0.0000000000
55474  -37.152  -31.281  91.811 0.0000000000
126520  -37.101  -30.589  92.382 0.0000000000
136095  -37.028  -30.514  91.572 0.0000000000
127843  -39.644  -22.072  89.493 0.0000000000
63513  -39.733  -21.971  90.145 0.0000000000
64485  -39.847  -21.479  89.494 0.0000000000
65491  -40.403  -21.164  90.060 0.0000000000
66561  -46.741  -18.673  83.490 0.0000000000
66562  -47.719  -18.740  83.350 0.0000000000
60609  -55.367  -25.854  80.643 0.0000000000
59546  -54.706  -26.666  80.791 0.0000000000
58489  -54.521  -27.376  80.249 0.0000000000
57517  -53.727  -28.097  78.247 0.0000000000
58505  -54.926  -27.827  79.663 0.0000000000
59681  -58.893  -26.448  70.880 0.0000000000
59682  -59.275  -26.013  71.211 0.0000000000
146910  -56.266  -17.812  70.387 0.0000000000
142792  -57.374  -19.052  71.243 0.0000000000
66699  -57.709  -19.638  71.644 0.0000000000
147740  -57.878  -19.334  71.013 0.0000000000
66715  -57.848  -18.763  70.570 0.0000000000
64486  -44.003  -20.658  89.384 0.0000000000
65493  -44.094  -20.025  89.473 0.0000000000
66518  -42.492  -19.483  86.775 0.0000000000
67576  -42.931  -18.629  87.241 0.0000000000
66519  -43.084  -18.762  86.336 0.0000000000
66535  -43.246  -18.986  85.505 0.0000000000
126238  -42.765  -19.418  85.918 0.0000000000
138385  -22.546  -35.824  101.557 0.0000000000
50123  -23.169  -35.607  101.079 0.0000000000
51199  -25.685  -34.107  100.242 0.0000000000
50137  -25.971  -34.670  100.027 0.0000000000
52230  -29.974  -33.057  97.757 0.0000000000
53253  -29.737  -32.531  98.004 0.0000000000
51221  -29.936  -33.758  97.676 0.0000000000
134663  -30.047  -35.645  97.060 0.0000000000
127386  -30.491  -34.285  97.271 0.0000000000
50210  -33.284  -35.614  95.206 0.0000000000
147880  -34.531  -36.306  94.701 0.0000000000
50211  -34.489  -35.355  94.978 0.0000000000
53301  -37.355  -33.275  94.812 0.0000000000
52258  -36.885  -33.744  94.881 0.0000000000
52259  -37.221  -33.600  94.737 0.0000000000
50215  -37.355  -34.540  94.500 0.0000000000
51248  -37.486  -33.739  94.524 0.0000000000
51254  -37.872  -34.175  93.938 0.0000000000
52268  -38.052  -33.244  94.217 0.0000000000
54447  -39.549  -30.806  93.225 0.0000000000
55464  -39.721  -30.224  93.129 0.0000000000
55468  -39.969  -30.441  92.489 0.0000000000
56352  -39.767  -29.517  93.329 0.0000000000
58348  -37.776  -27.085  91.220 0.0000000000
61507  -41.434  -24.713  92.911 0.0000000000
60452  -40.705  -25.426  93.181 0.0000000000
59381  -41.586  -25.627  92.563 0.0000000000
59392  -42.144  -26.023  91.929 0.0000000000
59393  -42.588  -25.323  91.937 0.0000000000
130056  -43.138  -25.835  91.360 0.0000000000
64477  -43.542  -21.011  90.817 0.0000000000
63510  -43.770  -21.889  90.557 0.0000000000
125983  -44.022  -21.697  89.891 0.0000000000
51183  -22.134  -35.186  101.190 0.0000000000
51182  -21.254  -35.154  101.576 0.0000000000
50110  -22.018  -35.693  101.796 0.0000000000
64502  -47.172  -20.097  86.577 0.0000000000
63534  -47.258  -21.681  85.853 0.0000000000
64512  -47.622  -20.934  86.016 0.0000000000
60555  -50.194  -25.553  84.707 0.0000000000
60554  -49.701  -25.825  84.888 0.0000000000
58429  -49.701  -27.357  84.064 0.0000000000
58445  -50.008  -27.833  83.892 0.0000000000
65597  -52.042  -19.872  80.520 0.0000000000
65588  -52.270  -19.810  81.371 0.0000000000
130855  -52.490  -20.437  81.474 0.0000000000
146544  -54.690  -21.919  72.304 0.0000000000
58539  -57.743  -27.254  75.196 0.0000000000
58535  -57.079  -27.519  76.972 0.0000000000
66460  -42.911  -20.306  90.570 0.0000000000
66473  -42.838  -19.857  89.965 0.0000000000
66472  -42.211  -20.078  90.028 0.0000000000
66493  -40.867  -20.349  88.291 0.0000000000
66494  -41.717  -19.707  88.937 0.0000000000
66502  -40.638  -20.209  87.696 0.0000000000
66503  -41.873  -19.648  88.107 0.0000000000
66516  -40.254  -20.002  87.188 0.0000000000
140350  -22.058  -34.914  100.202 0.0000000000
52217  -24.880  -33.421  99.989 0.0000000000
54427  -37.150  -31.976  94.000 0.0000000000
54428  -37.901  -32.082  94.068 0.0000000000
56350  -37.328  -29.906  93.655 0.0000000000
55455  -37.739  -30.347  94.112 0.0000000000
56344  -37.965  -29.702  94.035 0.0000000000
131607  -38.888  -29.949  93.680 0.0000000000
57312  -38.072  -29.048  93.871 0.0000000000
60487  -39.399  -24.678  90.367 0.0000000000
61527  -39.461  -23.940  90.864 0.0000000000
63504  -39.967  -22.255  91.905 0.0000000000
62506  -39.876  -23.074  92.215 0.0000000000
63492  -40.311  -22.788  92.264 0.0000000000
63483  -40.216  -23.308  92.752 0.0000000000
63493  -40.650  -22.475  92.133 0.0000000000
63485  -41.666  -22.984  92.469 0.0000000000
63494  -41.228  -22.246  92.116 0.0000000000
135721  -41.845  -20.748  91.206 0.0000000000
136727  -41.693  -20.995  91.546 0.0000000000
65469  -42.409  -20.748  91.302 0.0000000000
65470  -43.038  -20.666  91.120 0.0000000000
68546  -47.504  -18.371  86.288 0.0000000000
135832  -48.500  -19.103  86.296 0.0000000000
132778  -48.650  -18.936  86.018 0.0000000000
67601  -49.729  -19.561  84.813 0.0000000000
66521  -49.147  -19.630  85.628 0.0000000000
147944  -50.157  -20.620  85.326 0.0000000000
63549  -50.192  -22.027  85.199 0.0000000000
64526  -50.614  -21.515  84.911 0.0000000000
64582  -53.797  -22.009  79.860 0.0000000000
62592  -53.793  -23.236  80.945 0.0000000000
61629  -54.227  -24.095  81.157 0.0000000000
58502  -52.411  -27.043  78.948 0.0000000000
59560  -52.865  -26.551  79.676 0.0000000000
58519  -51.871  -27.565  78.172 0.0000000000
58518  -50.737  -27.286  78.207 0.0000000000
56548  -50.934  -28.687  76.929 0.0000000000
62693  -58.444  -22.796  73.349 0.0000000000
63664  -58.096  -22.267  73.516 0.0000000000
131209  -58.658  -23.508  73.562 0.0000000000
58549  -58.125  -27.724  74.235 0.0000000000
62648  -52.310  -23.053  77.188 0.0000000000
63645  -53.684  -22.414  77.973 0.0000000000
62624  -54.570  -23.345  79.381 0.0000000000
62650  -54.123  -23.260  77.906 0.0000000000
66696  -55.437  -19.263  71.543 0.0000000000
65673  -54.936  -19.888  71.709 0.0000000000
65674  -55.992  -19.832  71.946 0.0000000000
65659  -57.426  -20.450  72.554 0.0000000000
147922  -58.818  -21.267  72.031 0.0000000000
63691  -59.341  -22.851  70.817 0.0000000000
62720  -59.222  -23.945  70.610 0.0000000000
127135  -59.279  -24.381  70.402 0.0000000000
136235  -59.094  -23.542  70.007 0.0000000000
64715  -59.134  -21.721  69.376 0.0000000000
68715  -58.215  -16.801  69.898 0.0000000000
67737  -58.645  -17.753  69.538 0.0000000000
66748  -58.815  -18.732  68.919 0.0000000000
62538  -42.960  -22.854  86.775 0.0000000000
127902  -43.568  -22.381  86.329 0.0000000000
65508  -44.718  -20.013  87.827 0.0000000000
65509  -45.632  -19.563  87.402 0.0000000000
143156  -43.477  -18.648  89.279 0.0000000000
67533  -43.906  -18.569  89.145 0.0000000000
68501  -43.896  -18.356  88.697 0.0000000000
68529  -44.308  -17.850  87.375 0.0000000000
68519  -45.056  -17.942  87.604 0.0000000000
68531  -45.469  -17.468  87.373 0.0000000000
122987  -46.157  -17.525  87.214 0.0000000000
68544  -46.574  -17.454  86.646 0.0000000000
68543  -45.787  -17.120  86.945 0.0000000000
67595  -44.720  -18.443  84.851 0.0000000000
46879  -21.359  -37.340  100.274 0.0000000000
46880  -22.074  -37.325  100.059 0.0000000000
47956  -23.587  -37.049  99.494 0.0000000000
51185  -24.360  -34.525  100.956 0.0000000000
49001  -24.355  -35.498  100.486 0.0000000000
50176  -26.348  -35.104  97.503 0.0000000000
50191  -26.420  -35.253  96.516 0.0000000000
50206  -26.652  -35.515  95.649 0.0000000000
50192  -27.558  -34.992  96.143 0.0000000000
53248  -25.461  -33.054  99.220 0.0000000000
51219  -28.355  -33.924  98.909 0.0000000000
50179  -29.422  -35.259  97.177 0.0000000000
50178  -28.422  -34.757  97.637 0.0000000000
50208  -28.771  -35.231  95.792 0.0000000000
50209  -29.594  -35.943  95.914 0.0000000000
49062  -30.315  -37.063  96.012 0.0000000000
47993  -30.869  -37.045  95.489 0.0000000000
47994  -31.550  -37.108  95.561 0.0000000000
49063  -32.727  -37.095  95.595 0.0000000000
49053  -32.003  -36.918  96.016 0.0000000000
134670  -32.728  -37.552  95.311 0.0000000000
48009  -32.332  -37.548  94.961 0.0000000000
48010  -33.058  -38.062  94.864 0.0000000000
48011  -33.709  -37.924  94.494 0.0000000000
47998  -35.017  -36.674  94.281 0.0000000000
126614  -34.572  -37.549  94.066 0.0000000000
46955  -35.055  -37.691  93.261 0.0000000000
46968  -35.641  -38.050  92.569 0.0000000000
48024  -35.963  -37.424  93.152 0.0000000000
51246  -36.477  -34.100  94.976 0.0000000000
51245  -35.991  -34.124  94.907 0.0000000000
52257  -35.054  -34.094  94.770 0.0000000000
132712  -35.533  -35.081  94.787 0.0000000000
49080  -37.097  -35.706  94.172 0.0000000000
49079  -36.773  -35.794  94.245 0.0000000000
140682  -37.128  -36.530  93.102 0.0000000000
146517  -38.066  -34.909  93.067 0.0000000000
50246  -38.307  -35.842  92.348 0.0000000000
51268  -38.629  -35.408  92.219 0.0000000000
53320  -38.518  -32.313  94.260 0.0000000000
52269  -38.399  -32.729  94.229 0.0000000000
53334  -38.735  -32.131  93.787 0.0000000000
57343  -36.937  -29.205  91.240 0.0000000000
130655  -37.198  -28.518  91.589 0.0000000000
58332  -37.970  -27.009  93.372 0.0000000000
58331  -37.717  -27.708  93.010 0.0000000000
58317  -37.974  -27.721  93.645 0.0000000000
57321  -38.525  -28.089  93.609 0.0000000000
60466  -39.032  -25.966  92.864 0.0000000000
60460  -39.550  -25.540  93.013 0.0000000000
59370  -40.097  -26.853  93.064 0.0000000000
58318  -40.018  -27.761  93.111 0.0000000000
58333  -40.157  -27.741  92.995 0.0000000000
129089  -40.360  -28.955  92.477 0.0000000000
57333  -40.738  -28.134  91.949 0.0000000000
57345  -42.344  -27.975  90.945 0.0000000000
57344  -41.480  -28.232  91.235 0.0000000000
57362  -43.132  -28.543  90.324 0.0000000000
59405  -44.521  -26.542  90.582 0.0000000000
139888  -44.837  -26.490  89.768 0.0000000000
135440  -42.942  -23.063  92.309 0.0000000000
61514  -43.524  -24.483  91.634 0.0000000000
62499  -43.493  -23.802  91.449 0.0000000000
62522  -43.703  -23.883  89.782 0.0000000000
62515  -44.008  -24.924  90.094 0.0000000000
61539  -44.095  -25.012  89.702 0.0000000000
60497  -44.489  -25.766  89.562 0.0000000000
61551  -44.117  -25.266  89.071 0.0000000000
60506  -43.945  -25.592  88.392 0.0000000000
63526  -43.650  -22.518  88.249 0.0000000000
62532  -43.150  -23.121  87.684 0.0000000000
47934  -21.721  -36.446  101.674 0.0000000000
47933  -21.059  -36.524  101.864 0.0000000000
47939  -21.400  -36.734  101.386 0.0000000000
130594  -49.084  -21.742  85.720 0.0000000000
63535  -48.802  -22.541  85.817 0.0000000000
62549  -49.071  -23.409  85.417 0.0000000000
65575  -48.752  -20.019  81.538 0.0000000000
66577  -48.895  -19.314  82.371 0.0000000000
65563  -52.147  -20.299  83.092 0.0000000000
65562  -51.904  -20.098  83.451 0.0000000000
64544  -51.371  -21.591  83.836 0.0000000000
63562  -51.050  -22.349  84.208 0.0000000000
142979  -51.399  -23.047  83.608 0.0000000000
62602  -51.976  -23.282  80.820 0.0000000000
61639  -51.519  -24.159  80.700 0.0000000000
59528  -49.858  -25.923  81.551 0.0000000000
58476  -49.815  -27.696  81.566 0.0000000000
126319  -50.012  -26.096  82.874 0.0000000000
58459  -50.020  -27.090  82.421 0.0000000000
60641  -55.204  -24.631  78.194 0.0000000000
61679  -55.657  -25.045  78.474 0.0000000000
62692  -57.765  -22.815  73.760 0.0000000000
62681  -57.668  -23.500  74.448 0.0000000000
61717  -57.456  -24.183  75.996 0.0000000000
61716  -57.099  -24.153  76.053 0.0000000000
60701  -56.124  -24.764  74.618 0.0000000000
60682  -56.355  -24.934  75.691 0.0000000000
61701  -56.807  -24.898  76.610 0.0000000000
58531  -56.752  -27.594  77.879 0.0000000000
60642  -56.949  -25.933  77.707 0.0000000000
58521  -56.487  -27.762  78.537 0.0000000000
136213  -56.540  -27.243  79.023 0.0000000000
57520  -56.169  -28.249  78.552 0.0000000000
57538  -55.248  -28.621  77.700 0.0000000000
57539  -55.693  -28.571  78.018 0.0000000000
65480  -40.949  -20.857  90.505 0.0000000000
66471  -41.468  -20.387  89.884 0.0000000000
138572  -40.351  -20.570  88.470 0.0000000000
66492  -39.828  -20.230  87.749 0.0000000000
55463  -37.193  -30.602  93.352 0.0000000000
62526  -39.809  -23.394  89.047 0.0000000000
62513  -39.666  -23.200  90.845 0.0000000000
62520  -39.630  -22.711  89.975 0.0000000000
63509  -39.728  -22.210  90.991 0.0000000000
64472  -40.102  -21.562  91.542 0.0000000000
64473  -40.716  -21.330  91.754 0.0000000000
65467  -40.498  -21.179  91.111 0.0000000000
131152  -48.745  -18.777  85.490 0.0000000000
67599  -48.239  -18.296  84.958 0.0000000000
67610  -49.199  -18.707  84.139 0.0000000000
66548  -49.841  -19.223  84.171 0.0000000000
61630  -54.780  -24.041  80.735 0.0000000000
60607  -54.061  -25.122  81.085 0.0000000000
59545  -53.913  -26.137  81.058 0.0000000000
59561  -53.806  -26.985  80.386 0.0000000000
58520  -53.061  -27.553  78.560 0.0000000000
57536  -52.988  -28.250  77.512 0.0000000000
57546  -53.287  -28.459  77.043 0.0000000000
61751  -59.365  -24.708  72.070 0.0000000000
61739  -59.033  -24.326  73.138 0.0000000000
60729  -59.411  -25.498  71.583 0.0000000000
66713  -55.904  -18.683  71.277 0.0000000000
66697  -56.365  -19.267  71.754 0.0000000000
65676  -57.581  -20.026  72.173 0.0000000000
66698  -57.133  -19.428  71.818 0.0000000000
135976  -58.086  -20.168  71.965 0.0000000000
65678  -58.911  -21.047  71.238 0.0000000000
64695  -59.185  -21.597  70.250 0.0000000000
65694  -58.812  -20.116  70.253 0.0000000000
65707  -59.042  -20.800  69.208 0.0000000000
68727  -58.771  -16.972  69.250 0.0000000000
66757  -58.733  -19.214  67.613 0.0000000000
137585  -44.060  -21.702  87.993 0.0000000000
64493  -44.235  -20.759  88.432 0.0000000000
66495  -44.419  -19.192  89.118 0.0000000000
67561  -42.743  -18.671  88.233 0.0000000000
67548  -43.416  -18.334  88.563 0.0000000000
67562  -43.502  -18.220  87.747 0.0000000000
67577  -43.584  -18.170  86.873 0.0000000000
67578  -44.363  -17.755  86.597 0.0000000000
68542  -45.163  -17.361  86.350 0.0000000000
67594  -43.925  -18.763  85.203 0.0000000000
47940  -22.217  -36.554  101.184 0.0000000000
47945  -22.534  -36.931  100.419 0.0000000000
47941  -22.967  -36.548  100.689 0.0000000000
47942  -23.598  -36.421  100.320 0.0000000000
136490  -27.341  -34.668  98.116 0.0000000000
126739  -28.848  -34.237  98.509 0.0000000000
51220  -29.371  -34.093  98.134 0.0000000000
49038  -30.067  -36.131  96.619 0.0000000000
49039  -30.506  -36.185  96.689 0.0000000000
49052  -31.150  -36.715  96.339 0.0000000000
53317  -36.707  -32.832  94.436 0.0000000000
53299  -36.298  -33.382  94.588 0.0000000000
147513  -36.543  -34.341  95.009 0.0000000000
50213  -36.764  -34.700  95.000 0.0000000000
49081  -37.419  -35.604  93.723 0.0000000000
54446  -39.402  -31.625  93.322 0.0000000000
54463  -39.738  -31.868  92.608 0.0000000000
55475  -40.353  -30.588  91.088 0.0000000000
56363  -40.317  -29.686  91.848 0.0000000000
58360  -37.415  -27.933  90.773 0.0000000000
59389  -37.822  -27.002  92.451 0.0000000000
61504  -39.865  -24.696  93.305 0.0000000000
60450  -39.892  -25.373  93.164 0.0000000000
61494  -40.450  -25.004  93.269 0.0000000000
59371  -40.537  -26.089  93.113 0.0000000000
58334  -40.787  -27.304  92.488 0.0000000000
58335  -41.766  -26.736  91.834 0.0000000000
58350  -42.550  -27.211  91.178 0.0000000000
58351  -43.548  -26.994  90.939 0.0000000000
141642  -44.137  -26.368  91.051 0.0000000000
59406  -44.396  -26.076  90.688 0.0000000000
63505  -43.153  -21.941  91.462 0.0000000000
63506  -43.465  -22.701  91.095 0.0000000000
133747  -43.635  -23.095  90.433 0.0000000000
63514  -43.800  -22.812  90.031 0.0000000000
144389  -43.746  -23.305  89.326 0.0000000000
62521  -43.847  -22.688  88.938 0.0000000000
51193  -20.884  -34.970  101.116 0.0000000000
51181  -20.489  -35.187  101.847 0.0000000000
137719  -20.694  -35.386  101.991 0.0000000000
62540  -49.558  -22.814  85.410 0.0000000000
61576  -49.356  -24.612  85.349 0.0000000000
60543  -49.925  -25.285  85.156 0.0000000000
65587  -50.535  -19.489  81.121 0.0000000000
66591  -50.527  -19.151  81.883 0.0000000000
66592  -51.426  -19.178  81.834 0.0000000000
65578  -52.298  -20.064  82.428 0.0000000000
63578  -52.049  -21.553  82.351 0.0000000000
138801  -50.636  -26.160  79.657 0.0000000000
60616  -50.643  -25.534  80.239 0.0000000000
61726  -58.188  -24.413  75.038 0.0000000000
62677  -57.668  -23.949  75.225 0.0000000000
60683  -58.189  -25.015  75.925 0.0000000000
60659  -57.616  -24.855  76.482 0.0000000000
127387  -57.412  -25.662  77.125 0.0000000000
136125  -57.535  -26.517  76.969 0.0000000000
57550  -56.154  -28.366  76.945 0.0000000000
57549  -55.780  -28.525  77.369 0.0000000000
68705  -56.944  -17.628  70.412 0.0000000000
69672  -57.272  -16.519  69.836 0.0000000000
69673  -57.905  -16.201  69.754 0.0000000000
130640  -57.634  -15.465  69.130 0.0000000000
69681  -58.205  -15.492  69.439 0.0000000000
65483  -43.461  -20.404  90.176 0.0000000000
66475  -43.562  -19.662  89.596 0.0000000000
66474  -43.249  -19.718  89.761 0.0000000000
67518  -42.965  -18.860  89.435 0.0000000000
67531  -43.051  -18.688  89.273 0.0000000000
66484  -41.967  -19.730  89.464 0.0000000000
67530  -42.495  -19.094  89.169 0.0000000000
67560  -42.268  -19.206  88.767 0.0000000000
65521  -41.842  -20.214  86.491 0.0000000000
51184  -23.158  -34.853  100.797 0.0000000000
51197  -24.794  -33.971  101.049 0.0000000000
139767  -25.051  -33.592  100.773 0.0000000000
53230  -25.070  -33.537  100.292 0.0000000000
52218  -25.639  -33.385  99.669 0.0000000000
146310  -33.417  -34.330  94.795 0.0000000000
53319  -38.228  -32.980  94.258 0.0000000000
54429  -38.691  -31.997  93.771 0.0000000000
55456  -38.197  -31.097  94.039 0.0000000000
136539  -38.819  -30.841  93.616 0.0000000000
56346  -39.338  -29.433  93.528 0.0000000000
60486  -39.008  -25.607  90.400 0.0000000000
124132  -38.651  -25.815  91.350 0.0000000000
128683  -38.860  -25.107  91.070 0.0000000000
61519  -39.197  -24.250  92.403 0.0000000000
136034  -39.481  -23.624  91.733 0.0000000000
132375  -39.574  -23.679  92.542 0.0000000000
123719  -39.621  -24.077  93.085 0.0000000000
62487  -39.980  -23.908  93.392 0.0000000000
133912  -40.732  -24.348  93.094 0.0000000000
138010  -41.403  -24.318  92.940 0.0000000000
61508  -42.251  -24.264  92.774 0.0000000000
62490  -42.060  -23.631  92.812 0.0000000000
63486  -42.455  -22.957  92.452 0.0000000000
63496  -42.711  -22.312  91.887 0.0000000000
132351  -41.505  -21.608  91.875 0.0000000000
64466  -42.254  -21.577  91.737 0.0000000000
146775  -42.847  -21.506  91.590 0.0000000000
64476  -43.218  -21.109  91.324 0.0000000000
65471  -43.291  -20.691  90.835 0.0000000000
51205  -21.168  -34.944  100.076 0.0000000000
66506  -47.580  -19.078  86.807 0.0000000000
65523  -48.108  -20.055  86.233 0.0000000000
66507  -48.226  -19.248  86.425 0.0000000000
65524  -48.553  -19.702  86.129 0.0000000000
64514  -49.513  -21.360  85.643 0.0000000000
67589  -48.936  -19.167  85.662 0.0000000000
65526  -49.551  -20.776  85.635 0.0000000000
63537  -49.689  -22.102  85.521 0.0000000000
128398  -50.196  -22.804  84.921 0.0000000000
61579  -50.357  -23.347  84.735 0.0000000000
61590  -50.426  -24.619  84.591 0.0000000000
65606  -52.950  -20.778  80.042 0.0000000000
64566  -52.987  -21.433  80.779 0.0000000000
130723  -53.244  -22.403  80.686 0.0000000000
61640  -52.549  -24.230  80.701 0.0000000000
126543  -53.267  -25.282  80.796 0.0000000000
60618  -52.233  -25.866  79.865 0.0000000000
60617  -51.380  -25.618  79.923 0.0000000000
143631  -50.964  -26.483  79.068 0.0000000000
130425  -56.167  -21.053  72.553 0.0000000000
63674  -56.243  -21.822  72.898 0.0000000000
63662  -57.230  -21.850  73.220 0.0000000000
61738  -58.643  -24.059  74.134 0.0000000000
134861  -58.690  -24.921  74.330 0.0000000000
131781  -58.267  -26.598  74.550 0.0000000000
64491  -39.275  -20.988  87.883 0.0000000000
63524  -39.112  -21.963  87.756 0.0000000000
59425  -39.240  -26.214  89.600 0.0000000000
128678  -39.844  -24.457  89.377 0.0000000000
63525  -39.551  -22.618  88.337 0.0000000000
65572  -46.166  -19.813  82.296 0.0000000000
65573  -47.178  -20.034  82.232 0.0000000000
65585  -47.381  -20.581  81.628 0.0000000000
131924  -48.090  -20.504  81.425 0.0000000000
65603  -50.522  -20.215  79.628 0.0000000000
65604  -51.588  -20.125  79.682 0.0000000000
65605  -52.459  -20.395  79.894 0.0000000000
122921  -52.938  -20.921  79.356 0.0000000000
138006  -53.420  -21.343  79.756 0.0000000000
64598  -53.904  -21.950  79.470 0.0000000000
63629  -53.267  -21.769  78.090 0.0000000000
63613  -54.253  -22.556  79.403 0.0000000000
61641  -54.755  -23.712  80.231 0.0000000000
62613  -54.845  -23.867  79.797 0.0000000000
60619  -55.632  -25.152  80.196 0.0000000000
65657  -55.459  -20.572  72.101 0.0000000000
64648  -57.097  -21.103  72.837 0.0000000000
64630  -58.145  -21.386  73.228 0.0000000000
63675  -58.474  -21.961  73.080 0.0000000000
65660  -58.001  -20.476  72.571 0.0000000000
64651  -58.543  -21.205  72.788 0.0000000000
62705  -58.747  -22.700  72.652 0.0000000000
132640  -59.331  -24.272  71.391 0.0000000000
60737  -59.312  -25.445  70.743 0.0000000000
59707  -59.085  -25.712  70.559 0.0000000000
63706  -59.251  -22.397  70.000 0.0000000000
67736  -57.817  -17.764  70.163 0.0000000000
66732  -58.761  -19.676  69.314 0.0000000000
143561  -44.281  -21.673  87.232 0.0000000000
64500  -44.864  -21.225  86.799 0.0000000000
64509  -45.316  -21.441  86.103 0.0000000000
64510  -45.740  -20.971  86.531 0.0000000000
65522  -46.219  -20.232  86.873 0.0000000000
65510  -46.781  -19.329  87.108 0.0000000000
136119  -44.046  -18.953  89.346 0.0000000000
68518  -44.455  -18.068  87.789 0.0000000000
67550  -44.742  -18.393  88.049 0.0000000000
66486  -44.915  -18.575  88.050 0.0000000000
66505  -46.812  -18.647  87.143 0.0000000000
67564  -47.115  -18.530  86.875 0.0000000000
141864  -46.997  -17.977  86.534 0.0000000000
68556  -46.649  -17.459  85.816 0.0000000000
67586  -45.309  -17.679  85.444 0.0000000000
67587  -46.021  -17.497  85.369 0.0000000000
67597  -46.455  -17.703  85.016 0.0000000000
66574  -45.852  -19.187  82.962 0.0000000000
65506  -38.982  -20.350  87.492 0.0000000000
65518  -39.113  -19.850  86.666 0.0000000000
123218  -38.760  -20.143  85.887 0.0000000000
65519  -39.780  -19.938  86.598 0.0000000000
65520  -40.807  -20.260  86.606 0.0000000000
65534  -41.437  -20.572  85.826 0.0000000000
65535  -42.358  -20.229  85.700 0.0000000000
135294  -42.659  -20.329  84.916 0.0000000000
129554  -45.290  -19.763  82.508 0.0000000000
122984  -20.902  -38.140  99.114 0.0000000000
46904  -21.725  -37.873  98.814 0.0000000000
49000  -23.804  -35.867  100.626 0.0000000000
52219  -26.492  -32.908  99.344 0.0000000000
130842  -26.763  -33.462  99.384 0.0000000000
50163  -28.315  -34.458  98.353 0.0000000000
49050  -29.992  -36.633  96.361 0.0000000000
50181  -31.169  -35.783  96.709 0.0000000000
47984  -31.527  -37.050  95.961 0.0000000000
46954  -34.205  -38.118  93.732 0.0000000000
53315  -35.160  -33.580  94.229 0.0000000000
49066  -35.374  -35.788  94.527 0.0000000000
49078  -35.956  -36.180  94.183 0.0000000000
48013  -36.352  -36.531  93.688 0.0000000000
130388  -36.655  -36.947  93.114 0.0000000000
52278  -38.222  -33.371  93.922 0.0000000000
134003  -39.000  -34.854  91.934 0.0000000000
56362  -36.933  -29.853  91.849 0.0000000000
57330  -37.054  -29.135  92.245 0.0000000000
56357  -37.370  -29.213  93.163 0.0000000000
57320  -37.811  -28.559  93.454 0.0000000000
57313  -38.449  -28.798  93.721 0.0000000000
127425  -39.004  -28.826  93.611 0.0000000000
56347  -39.823  -29.172  93.461 0.0000000000
128039  -38.723  -26.045  92.239 0.0000000000
59390  -38.340  -26.565  92.815 0.0000000000
59379  -38.564  -26.700  93.202 0.0000000000
60449  -39.441  -26.046  93.064 0.0000000000
59368  -38.875  -26.713  93.243 0.0000000000
58303  -38.902  -27.374  93.424 0.0000000000
57314  -39.652  -28.606  93.436 0.0000000000
124355  -39.995  -29.046  93.336 0.0000000000
147817  -40.731  -29.760  90.851 0.0000000000
60467  -43.382  -24.937  91.655 0.0000000000
60468  -43.805  -25.174  91.173 0.0000000000
60477  -44.123  -25.612  91.003 0.0000000000
62507  -43.619  -23.973  90.727 0.0000000000
61529  -44.339  -25.597  90.423 0.0000000000
60488  -44.707  -25.970  89.872 0.0000000000
61559  -43.325  -25.079  87.695 0.0000000000
143647  -43.008  -24.044  87.861 0.0000000000
129911  -20.789  -37.431  100.521 0.0000000000
141720  -20.876  -37.731  99.936 0.0000000000
122537  -48.275  -22.004  85.781 0.0000000000
66576  -47.915  -19.457  82.693 0.0000000000
66564  -49.566  -18.890  83.255 0.0000000000
66549  -50.521  -19.847  84.233 0.0000000000
66579  -51.047  -19.256  82.557 0.0000000000
66566  -51.542  -19.697  83.285 0.0000000000
66550  -51.250  -20.356  83.917 0.0000000000
64534  -50.981  -21.566  84.308 0.0000000000
61591  -50.618  -23.635  84.545 0.0000000000
143670  -50.312  -25.479  84.289 0.0000000000
63587  -52.498  -21.800  81.315 0.0000000000
63577  -51.889  -22.163  81.889 0.0000000000
62582  -51.505  -22.612  82.655 0.0000000000
61616  -50.548  -24.283  82.361 0.0000000000
61617  -51.104  -23.424  82.830 0.0000000000
60579  -50.269  -25.260  83.286 0.0000000000
122835  -50.136  -26.141  83.875 0.0000000000
61677  -53.643  -23.948  77.328 0.0000000000
61661  -54.703  -23.860  78.695 0.0000000000
61652  -55.462  -24.661  79.629 0.0000000000
59548  -56.065  -26.096  80.107 0.0000000000
145979  -56.699  -22.424  73.309 0.0000000000
141072  -55.827  -22.785  73.102 0.0000000000
62690  -55.516  -23.846  73.227 0.0000000000
62676  -57.328  -23.848  75.235 0.0000000000
61737  -56.569  -23.972  74.134 0.0000000000
144921  -56.118  -23.960  73.620 0.0000000000
60657  -55.956  -25.285  76.439 0.0000000000
60656  -55.611  -25.220  76.950 0.0000000000
60658  -57.029  -25.199  77.079 0.0000000000
61664  -56.430  -25.491  77.693 0.0000000000
61680  -56.097  -25.411  77.824 0.0000000000
60629  -56.372  -25.541  79.025 0.0000000000
59562  -56.383  -26.716  79.536 0.0000000000
58506  -55.668  -27.727  79.572 0.0000000000
57499  -55.444  -28.300  79.079 0.0000000000
125030  -54.633  -28.524  77.581 0.0000000000
56554  -53.558  -28.588  76.450 0.0000000000
141346  -55.415  -28.592  76.782 0.0000000000
56561  -53.716  -28.842  75.641 0.0000000000
124717  -53.057  -29.320  75.098 0.0000000000
47946  -23.291  -36.845  100.105 0.0000000000
51247  -37.107  -34.247  94.878 0.0000000000
52212  -24.787  -33.617  100.654 0.0000000000
52213  -25.293  -33.681  100.292 0.0000000000
55655  -52.826  -29.688  74.355 0.0000000000
57332  -40.218  -28.268  92.889 0.0000000000
57516  -52.756  -27.914  77.934 0.0000000000
57518  -55.300  -28.537  78.435 0.0000000000
57519  -55.826  -28.446  78.531 0.0000000000
57541  -56.496  -28.123  77.402 0.0000000000
57547  -54.185  -28.430  77.088 0.0000000000
57555  -54.548  -28.610  76.408 0.0000000000
58490  -55.235  -27.246  80.180 0.0000000000
58491  -55.900  -27.024  79.924 0.0000000000
58501  -50.381  -26.807  78.992 0.0000000000
58503  -53.474  -27.315  79.452 0.0000000000
58504  -54.157  -27.712  79.738 0.0000000000
58507  -56.183  -27.530  79.383 0.0000000000
58522  -56.782  -26.972  78.427 0.0000000000
58530  -56.408  -28.161  78.085 0.0000000000
59369  -39.518  -26.640  93.179 0.0000000000
59380  -40.890  -25.906  93.010 0.0000000000
59404  -43.788  -26.357  90.996 0.0000000000
59427  -44.674  -26.451  89.451 0.0000000000
59482  -49.695  -26.386  84.363 0.0000000000
59498  -49.905  -26.749  83.945 0.0000000000
59511  -50.044  -27.011  83.477 0.0000000000
59570  -51.293  -26.827  78.646 0.0000000000
59571  -56.703  -26.291  78.940 0.0000000000
60451  -40.296  -25.517  93.235 0.0000000000
60461  -41.151  -25.243  92.983 0.0000000000
60463  -42.668  -24.711  92.260 0.0000000000
60478  -44.415  -25.988  90.626 0.0000000000
60544  -50.299  -24.934  84.966 0.0000000000
60594  -54.637  -24.749  80.948 0.0000000000
60606  -52.120  -25.107  80.359 0.0000000000
60608  -54.665  -25.626  81.007 0.0000000000
60620  -56.039  -25.375  79.609 0.0000000000
60702  -58.373  -25.497  74.889 0.0000000000
60716  -59.303  -25.173  72.565 0.0000000000
60754  -59.037  -25.224  70.371 0.0000000000
61493  -40.182  -24.951  93.313 0.0000000000
61505  -40.306  -24.493  93.387 0.0000000000
61513  -43.085  -24.232  92.261 0.0000000000
61521  -44.198  -25.573  90.775 0.0000000000
61528  -43.959  -24.954  90.550 0.0000000000
61578  -50.321  -24.172  84.832 0.0000000000
61602  -50.546  -24.426  83.671 0.0000000000
61642  -55.135  -24.340  80.236 0.0000000000
61662  -55.538  -24.803  79.050 0.0000000000
61663  -56.011  -25.344  78.517 0.0000000000
61700  -55.987  -25.361  77.030 0.0000000000
61779  -58.819  -24.787  70.263 0.0000000000
62488  -40.414  -23.875  93.108 0.0000000000
62498  -43.257  -23.649  92.110 0.0000000000
62539  -49.339  -22.872  85.528 0.0000000000
62550  -49.528  -23.597  85.255 0.0000000000
62551  -49.950  -23.542  85.001 0.0000000000
62565  -50.774  -22.956  84.540 0.0000000000
62575  -51.136  -23.038  84.204 0.0000000000
62590  -51.599  -22.827  81.636 0.0000000000
62593  -54.407  -23.530  80.852 0.0000000000
62612  -54.439  -23.126  79.888 0.0000000000
62680  -57.294  -23.404  74.255 0.0000000000
62706  -59.167  -23.245  71.697 0.0000000000
63484  -40.854  -23.180  92.405 0.0000000000
63568  -51.875  -21.120  83.194 0.0000000000
63588  -53.623  -22.183  80.260 0.0000000000
63589  -54.052  -22.953  80.542 0.0000000000
63600  -54.128  -22.695  80.077 0.0000000000
63630  -53.836  -22.018  78.528 0.0000000000
63663  -57.779  -21.983  73.431 0.0000000000
64464  -40.987  -21.689  91.961 0.0000000000
64465  -41.942  -21.162  91.675 0.0000000000
64474  -41.270  -21.271  91.790 0.0000000000
64513  -48.913  -20.666  85.805 0.0000000000
64515  -49.841  -21.419  85.573 0.0000000000
64525  -50.246  -21.377  85.378 0.0000000000
64552  -52.309  -20.650  82.393 0.0000000000
64597  -52.114  -20.626  79.060 0.0000000000
64607  -53.542  -21.514  78.918 0.0000000000
64608  -54.077  -22.039  79.008 0.0000000000
64649  -57.879  -20.832  73.019 0.0000000000
65507  -39.175  -19.947  87.398 0.0000000000
65512  -47.986  -19.326  86.511 0.0000000000
65525  -49.143  -20.271  85.740 0.0000000000
65537  -50.556  -20.994  85.198 0.0000000000
65549  -51.021  -20.933  84.518 0.0000000000
65577  -52.142  -19.771  82.844 0.0000000000
65589  -52.976  -20.980  80.462 0.0000000000
65596  -51.074  -19.720  80.334 0.0000000000
65677  -58.624  -20.363  71.300 0.0000000000
66459  -42.349  -20.422  90.660 0.0000000000
66520  -48.715  -19.477  86.037 0.0000000000
66522  -49.622  -20.350  85.533 0.0000000000
66534  -42.954  -19.653  85.146 0.0000000000
66536  -49.264  -19.443  85.331 0.0000000000
66537  -49.869  -19.994  85.154 0.0000000000
66581  -52.206  -19.725  82.103 0.0000000000
66593  -52.055  -19.396  81.848 0.0000000000
67532  -43.442  -18.457  89.063 0.0000000000
67549  -44.269  -18.494  88.618 0.0000000000
67579  -48.056  -18.771  86.305 0.0000000000
67588  -48.002  -18.462  85.802 0.0000000000
67600  -49.176  -19.070  84.976 0.0000000000
67609  -48.441  -18.402  84.096 0.0000000000
68530  -44.816  -17.789  87.518 0.0000000000
68532  -46.732  -17.908  86.894 0.0000000000
68545  -47.348  -18.459  86.566 0.0000000000
68557  -47.194  -17.901  86.142 0.0000000000
69680  -57.467  -15.969  69.484 0.0000000000
122820  -54.623  -28.492  78.119 0.0000000000
124763  -38.688  -22.245  87.073 0.0000000000
126149  -27.739  -34.268  98.775 0.0000000000
129362  -56.282  -27.876  78.950 0.0000000000
132654  -50.376  -22.707  84.766 0.0000000000
134421  -39.859  -25.894  93.150 0.0000000000
136691  -49.087  -19.972  85.791 0.0000000000
137682  -54.097  -22.455  79.743 0.0000000000
142058  -54.587  -28.228  78.968 0.0000000000
143336  -55.261  -24.517  78.900 0.0000000000
143365  -56.437  -25.968  79.503 0.0000000000
143397  -53.515  -24.498  81.035 0.0000000000
143480  -56.796  -26.230  78.215 0.0000000000
144971  -37.792  -33.388  94.354 0.0000000000
145088  -51.690  -22.122  82.566 0.0000000000
145944  -43.344  -25.385  91.456 0.0000000000
145984  -37.594  -29.974  94.018 0.0000000000
