#!ascii label  , from subject sub-07 vox2ras=TkReg
1000
56505  -36.737  -29.052  80.477 0.0000000000
53450  -20.600  -33.064  83.836 0.0000000000
53478  -28.639  -32.269  82.113 0.0000000000
73805  -43.327  -12.470  61.291 0.0000000000
75702  -49.870  -10.806  56.319 0.0000000000
52316  -13.730  -33.746  89.331 0.0000000000
139994  -40.701  -15.020  64.647 0.0000000000
60614  -35.365  -25.030  79.830 0.0000000000
123672  -33.692  -32.546  81.635 0.0000000000
52374  -16.638  -33.374  85.463 0.0000000000
49123  -17.306  -36.577  90.002 0.0000000000
56526  -33.060  -29.763  77.855 0.0000000000
59566  -30.873  -26.911  78.328 0.0000000000
55551  -24.489  -30.961  82.933 0.0000000000
139881  -30.303  -30.396  80.531 0.0000000000
127132  -38.443  -25.439  67.388 0.0000000000
138108  -42.313  -21.557  65.663 0.0000000000
67808  -44.551  -17.997  62.777 0.0000000000
45917  -10.545  -39.443  93.377 0.0000000000
45884  -7.802  -38.441  96.456 0.0000000000
62629  -30.898  -24.074  76.848 0.0000000000
61733  -32.610  -24.524  73.806 0.0000000000
59686  -35.290  -26.666  70.752 0.0000000000
46989  -14.104  -38.840  91.066 0.0000000000
52345  -21.025  -34.095  86.978 0.0000000000
53418  -22.888  -32.943  86.455 0.0000000000
54621  -35.852  -31.174  80.614 0.0000000000
55537  -18.663  -30.681  84.553 0.0000000000
52376  -18.528  -33.814  85.159 0.0000000000
51322  -18.639  -35.417  86.783 0.0000000000
56504  -33.482  -29.552  80.677 0.0000000000
55613  -32.169  -30.940  78.863 0.0000000000
63754  -38.094  -22.318  65.734 0.0000000000
62778  -40.730  -23.689  66.264 0.0000000000
65741  -39.317  -20.319  65.484 0.0000000000
68780  -41.858  -16.814  62.860 0.0000000000
134288  -43.339  -15.420  61.347 0.0000000000
130306  -46.209  -17.220  61.702 0.0000000000
72801  -44.988  -13.753  59.981 0.0000000000
72816  -46.343  -13.403  59.359 0.0000000000
60612  -29.347  -25.245  79.937 0.0000000000
60635  -30.719  -25.286  77.352 0.0000000000
62616  -29.141  -23.354  78.301 0.0000000000
63660  -30.646  -22.398  73.653 0.0000000000
63671  -32.036  -22.338  71.841 0.0000000000
59650  -33.721  -26.136  71.883 0.0000000000
62726  -33.706  -23.790  70.637 0.0000000000
62741  -35.168  -23.680  69.053 0.0000000000
54595  -26.589  -31.006  82.804 0.0000000000
49108  -11.782  -37.073  91.528 0.0000000000
48065  -13.009  -36.944  89.802 0.0000000000
45872  -8.159  -39.922  99.352 0.0000000000
146573  -6.716  -39.875  100.265 0.0000000000
69700  -39.248  -16.915  66.412 0.0000000000
63603  -34.938  -23.604  79.033 0.0000000000
122971  -31.156  -32.718  81.889 0.0000000000
52344  -15.043  -33.532  87.169 0.0000000000
49152  -14.331  -36.156  88.254 0.0000000000
50302  -16.429  -35.844  87.319 0.0000000000
75707  -52.217  -10.506  55.689 0.0000000000
146737  -35.174  -29.747  78.121 0.0000000000
57527  -35.166  -28.125  77.777 0.0000000000
57505  -32.831  -28.331  78.309 0.0000000000
55549  -20.247  -30.535  82.958 0.0000000000
53465  -22.556  -32.100  82.923 0.0000000000
56462  -22.196  -29.432  81.883 0.0000000000
56495  -24.320  -28.938  80.783 0.0000000000
55597  -27.387  -30.433  80.755 0.0000000000
56481  -28.566  -29.451  80.971 0.0000000000
54620  -29.136  -31.574  80.098 0.0000000000
53531  -31.729  -32.272  79.530 0.0000000000
54633  -33.634  -31.672  78.679 0.0000000000
130504  -39.718  -26.865  69.779 0.0000000000
67777  -40.556  -18.491  64.792 0.0000000000
131332  -43.292  -19.610  65.049 0.0000000000
72844  -47.843  -13.239  57.653 0.0000000000
45896  -9.103  -39.765  95.092 0.0000000000
44182  -9.690  -41.840  97.724 0.0000000000
60638  -33.787  -25.679  78.016 0.0000000000
60626  -32.871  -24.608  77.902 0.0000000000
62657  -33.945  -23.854  77.222 0.0000000000
145214  -29.951  -22.035  75.979 0.0000000000
131294  -31.043  -23.990  75.006 0.0000000000
61707  -34.262  -24.322  75.760 0.0000000000
60691  -35.302  -25.711  75.000 0.0000000000
58557  -37.374  -27.443  73.206 0.0000000000
58586  -38.892  -27.152  71.641 0.0000000000
59733  -37.636  -26.217  68.545 0.0000000000
62766  -36.380  -23.826  67.077 0.0000000000
54554  -24.923  -32.287  85.431 0.0000000000
48027  -10.925  -37.496  93.011 0.0000000000
45932  -12.422  -39.674  92.210 0.0000000000
48052  -15.212  -37.950  90.455 0.0000000000
141640  -5.067  -39.354  100.117 0.0000000000
52378  -20.488  -34.121  85.013 0.0000000000
52362  -21.475  -33.788  86.266 0.0000000000
53434  -21.899  -33.363  84.985 0.0000000000
55602  -36.210  -30.394  80.768 0.0000000000
54566  -18.937  -31.635  84.012 0.0000000000
54565  -18.275  -31.520  84.434 0.0000000000
52390  -19.325  -33.174  84.420 0.0000000000
142370  -19.946  -34.396  85.496 0.0000000000
65731  -37.803  -20.336  66.528 0.0000000000
129097  -38.832  -21.102  65.581 0.0000000000
66760  -38.129  -19.536  66.461 0.0000000000
73797  -42.812  -12.944  61.897 0.0000000000
71728  -42.264  -14.168  61.704 0.0000000000
71729  -42.878  -13.903  61.257 0.0000000000
70761  -43.993  -15.069  60.905 0.0000000000
130478  -43.870  -12.830  60.072 0.0000000000
72814  -44.503  -12.947  59.779 0.0000000000
140287  -29.145  -23.715  79.075 0.0000000000
65646  -32.027  -20.928  72.551 0.0000000000
62714  -33.080  -23.685  70.969 0.0000000000
64683  -33.864  -22.077  70.770 0.0000000000
63698  -34.383  -22.425  70.527 0.0000000000
53477  -27.869  -31.946  82.237 0.0000000000
141686  -27.975  -32.051  83.551 0.0000000000
122279  -29.265  -32.337  83.978 0.0000000000
50274  -12.982  -35.439  89.968 0.0000000000
136433  -13.285  -34.918  89.557 0.0000000000
73852  -49.991  -12.544  56.435 0.0000000000
45867  -7.980  -40.299  99.972 0.0000000000
59521  -36.435  -25.421  81.137 0.0000000000
61648  -35.028  -23.832  80.038 0.0000000000
122791  -32.713  -32.650  81.584 0.0000000000
53471  -34.269  -32.422  83.010 0.0000000000
54550  -16.776  -31.694  85.758 0.0000000000
54536  -15.754  -31.736  86.737 0.0000000000
53416  -15.193  -32.483  87.106 0.0000000000
52359  -15.494  -33.321  86.657 0.0000000000
50310  -15.909  -35.139  86.897 0.0000000000
51335  -16.305  -34.647  86.284 0.0000000000
50291  -19.993  -35.211  88.684 0.0000000000
130468  -18.911  -35.592  88.741 0.0000000000
129304  -33.424  -30.161  77.803 0.0000000000
56527  -33.655  -29.261  77.676 0.0000000000
137822  -32.897  -29.307  78.351 0.0000000000
56436  -20.844  -28.853  83.983 0.0000000000
56461  -21.582  -29.820  82.252 0.0000000000
57440  -22.134  -27.960  83.110 0.0000000000
58465  -23.842  -27.131  81.531 0.0000000000
58479  -25.412  -27.804  80.670 0.0000000000
56497  -25.878  -29.066  80.681 0.0000000000
132950  -26.642  -28.710  80.575 0.0000000000
122427  -29.815  -30.059  82.027 0.0000000000
56501  -29.356  -30.133  80.564 0.0000000000
55610  -28.762  -30.559  80.081 0.0000000000
54629  -29.904  -31.563  79.859 0.0000000000
53529  -30.342  -32.179  79.903 0.0000000000
54630  -30.711  -31.839  79.640 0.0000000000
56515  -32.694  -30.262  78.375 0.0000000000
54643  -32.828  -31.677  78.601 0.0000000000
55625  -33.202  -31.017  78.005 0.0000000000
54644  -34.480  -31.162  78.685 0.0000000000
59735  -39.454  -26.504  68.318 0.0000000000
59719  -40.859  -27.163  68.661 0.0000000000
60785  -40.130  -25.642  67.203 0.0000000000
63757  -40.841  -22.143  65.732 0.0000000000
61827  -42.088  -23.881  66.800 0.0000000000
70704  -40.147  -16.006  65.132 0.0000000000
68757  -39.807  -17.453  65.055 0.0000000000
69722  -40.265  -16.359  64.324 0.0000000000
67807  -43.559  -17.803  62.782 0.0000000000
67788  -42.459  -18.226  63.589 0.0000000000
67790  -44.026  -18.537  63.328 0.0000000000
66789  -45.004  -19.463  64.613 0.0000000000
72829  -47.588  -13.507  58.523 0.0000000000
73844  -46.742  -11.994  57.655 0.0000000000
74805  -47.826  -11.570  56.954 0.0000000000
46943  -9.871  -38.099  93.746 0.0000000000
46942  -9.418  -38.498  94.228 0.0000000000
45028  -9.676  -40.259  94.647 0.0000000000
129946  -10.576  -42.035  97.399 0.0000000000
44166  -9.952  -42.625  99.261 0.0000000000
58526  -33.525  -27.443  77.757 0.0000000000
59578  -34.231  -26.841  77.895 0.0000000000
59577  -33.223  -26.428  77.703 0.0000000000
61667  -30.282  -24.739  77.121 0.0000000000
60636  -32.310  -24.866  77.507 0.0000000000
61668  -31.515  -24.493  77.185 0.0000000000
62631  -33.798  -24.096  77.654 0.0000000000
62630  -31.975  -23.992  77.030 0.0000000000
130886  -30.388  -20.885  75.368 0.0000000000
62689  -31.448  -23.712  73.402 0.0000000000
62679  -30.624  -23.547  74.419 0.0000000000
61720  -32.713  -24.484  74.598 0.0000000000
61706  -33.076  -24.429  75.280 0.0000000000
61721  -33.332  -24.714  74.712 0.0000000000
60662  -34.801  -24.927  75.297 0.0000000000
60689  -33.603  -25.385  74.480 0.0000000000
59670  -34.864  -26.991  71.480 0.0000000000
58569  -35.280  -27.105  72.855 0.0000000000
58583  -36.266  -27.372  71.894 0.0000000000
58572  -37.732  -27.306  72.407 0.0000000000
134851  -36.987  -27.073  70.705 0.0000000000
59689  -38.342  -26.757  70.128 0.0000000000
59714  -36.749  -26.608  69.676 0.0000000000
63729  -35.529  -22.815  68.803 0.0000000000
61812  -35.734  -24.284  67.910 0.0000000000
63730  -36.056  -22.335  68.323 0.0000000000
54594  -23.021  -31.676  82.686 0.0000000000
53452  -23.416  -32.176  84.554 0.0000000000
54569  -24.637  -31.658  84.382 0.0000000000
47002  -12.738  -38.136  90.585 0.0000000000
46986  -11.821  -38.384  91.679 0.0000000000
45950  -12.798  -39.329  91.569 0.0000000000
49153  -15.779  -36.655  88.562 0.0000000000
143279  -14.749  -37.323  89.450 0.0000000000
131797  -16.719  -37.083  90.381 0.0000000000
51309  -21.098  -34.416  88.432 0.0000000000
143447  -21.380  -33.920  87.786 0.0000000000
52348  -22.911  -33.141  87.822 0.0000000000
53406  -23.739  -32.789  87.772 0.0000000000
53504  -35.079  -32.151  81.443 0.0000000000
53472  -35.086  -32.032  82.920 0.0000000000
132741  -18.364  -30.190  85.481 0.0000000000
53433  -17.179  -32.194  84.917 0.0000000000
52375  -17.529  -33.794  85.335 0.0000000000
51350  -17.539  -34.563  85.675 0.0000000000
51351  -18.309  -34.455  85.618 0.0000000000
51323  -19.486  -35.085  86.900 0.0000000000
57492  -32.613  -29.589  79.010 0.0000000000
142379  -32.704  -28.751  78.900 0.0000000000
56502  -31.144  -30.302  80.711 0.0000000000
55600  -31.038  -30.647  79.989 0.0000000000
122298  -32.351  -30.218  79.345 0.0000000000
61823  -38.360  -24.335  66.576 0.0000000000
61824  -39.227  -24.314  66.448 0.0000000000
62788  -39.300  -22.799  65.633 0.0000000000
63756  -39.972  -22.095  65.542 0.0000000000
65742  -40.244  -20.643  65.302 0.0000000000
70732  -40.756  -15.658  63.701 0.0000000000
133958  -41.517  -14.762  62.643 0.0000000000
69752  -42.549  -15.715  61.769 0.0000000000
68793  -44.446  -16.781  61.874 0.0000000000
68784  -45.993  -17.767  62.102 0.0000000000
69754  -45.100  -16.322  61.321 0.0000000000
70750  -45.706  -15.836  61.037 0.0000000000
71741  -46.400  -14.720  60.383 0.0000000000
134970  -45.911  -13.996  59.777 0.0000000000
74785  -45.417  -11.724  58.918 0.0000000000
45030  -11.323  -40.759  94.142 0.0000000000
44203  -11.029  -41.142  94.890 0.0000000000
44197  -11.603  -41.533  95.503 0.0000000000
59551  -30.185  -26.548  78.816 0.0000000000
59575  -30.706  -26.195  77.683 0.0000000000
60624  -29.105  -25.361  78.942 0.0000000000
61666  -29.448  -24.743  77.523 0.0000000000
62627  -29.305  -23.840  77.486 0.0000000000
65625  -31.067  -20.456  74.758 0.0000000000
136392  -31.537  -21.058  73.158 0.0000000000
63670  -31.643  -22.520  72.496 0.0000000000
137103  -31.829  -23.866  72.485 0.0000000000
60707  -32.838  -24.929  73.189 0.0000000000
60722  -32.738  -24.694  72.274 0.0000000000
60741  -33.715  -25.388  71.012 0.0000000000
60742  -34.299  -25.383  70.321 0.0000000000
60760  -34.804  -25.267  69.641 0.0000000000
62727  -34.216  -23.802  70.247 0.0000000000
55553  -26.009  -30.982  83.175 0.0000000000
55541  -25.582  -31.313  83.782 0.0000000000
54584  -26.410  -31.573  83.801 0.0000000000
48064  -12.584  -36.715  90.184 0.0000000000
48050  -13.196  -37.646  90.051 0.0000000000
145907  -8.208  -39.743  97.635 0.0000000000
46909  -7.535  -38.340  97.128 0.0000000000
46885  -7.789  -38.964  98.973 0.0000000000
46884  -7.092  -38.372  99.239 0.0000000000
46870  -5.966  -38.641  100.049 0.0000000000
63616  -35.284  -23.495  78.822 0.0000000000
141799  -30.502  -32.646  82.142 0.0000000000
53468  -30.753  -32.719  83.572 0.0000000000
128802  -14.890  -32.136  88.174 0.0000000000
52329  -13.960  -33.794  88.470 0.0000000000
50286  -13.927  -35.372  88.197 0.0000000000
51320  -14.408  -34.751  87.607 0.0000000000
49166  -16.062  -36.266  87.893 0.0000000000
49154  -16.637  -36.501  88.565 0.0000000000
50312  -17.722  -35.658  86.612 0.0000000000
50275  -17.874  -36.049  88.820 0.0000000000
50264  -17.949  -35.983  89.767 0.0000000000
75706  -51.420  -10.525  55.868 0.0000000000
56516  -36.467  -29.571  79.096 0.0000000000
57508  -36.374  -28.411  78.634 0.0000000000
56540  -35.428  -29.076  77.914 0.0000000000
57526  -33.692  -28.364  77.645 0.0000000000
58511  -32.528  -27.560  78.178 0.0000000000
58482  -32.814  -28.222  79.759 0.0000000000
58481  -31.842  -27.446  79.411 0.0000000000
59552  -30.889  -27.076  79.117 0.0000000000
60599  -30.090  -25.740  80.235 0.0000000000
53463  -20.178  -32.338  83.446 0.0000000000
53451  -21.702  -33.080  83.930 0.0000000000
54581  -21.191  -31.943  82.574 0.0000000000
55562  -22.150  -31.028  81.834 0.0000000000
55583  -23.341  -30.407  81.640 0.0000000000
58449  -22.607  -27.817  82.246 0.0000000000
56478  -23.681  -29.466  81.194 0.0000000000
55584  -24.304  -30.238  81.537 0.0000000000
55585  -25.357  -30.135  81.385 0.0000000000
54617  -26.954  -30.513  81.132 0.0000000000
146533  -27.759  -31.594  80.975 0.0000000000
58469  -27.253  -27.781  81.141 0.0000000000
56499  -27.685  -29.809  80.552 0.0000000000
55598  -28.196  -30.659  80.289 0.0000000000
53497  -28.843  -32.226  81.205 0.0000000000
53499  -30.463  -32.617  81.311 0.0000000000
53500  -31.252  -32.746  80.953 0.0000000000
53517  -32.759  -32.509  80.273 0.0000000000
55612  -31.452  -31.330  79.513 0.0000000000
140341  -32.470  -32.170  79.192 0.0000000000
53519  -34.262  -32.318  80.410 0.0000000000
53534  -35.417  -31.748  80.296 0.0000000000
54636  -35.772  -31.114  79.791 0.0000000000
55538  -19.409  -30.177  84.295 0.0000000000
60798  -41.250  -24.920  66.958 0.0000000000
135341  -39.161  -18.721  65.706 0.0000000000
66785  -40.319  -19.306  65.205 0.0000000000
65757  -41.591  -19.892  65.252 0.0000000000
68768  -41.298  -17.190  63.541 0.0000000000
67779  -42.155  -18.662  64.228 0.0000000000
65758  -42.459  -19.755  65.217 0.0000000000
65746  -44.279  -20.747  65.670 0.0000000000
72845  -48.609  -13.146  57.070 0.0000000000
74806  -48.602  -11.678  56.560 0.0000000000
136280  -49.095  -10.910  56.576 0.0000000000
47987  -8.513  -37.894  95.124 0.0000000000
45889  -8.111  -38.935  96.050 0.0000000000
44195  -9.840  -41.290  95.921 0.0000000000
45016  -8.987  -40.793  96.311 0.0000000000
129718  -8.544  -40.210  97.053 0.0000000000
45002  -8.563  -40.746  98.887 0.0000000000
58514  -36.182  -27.730  78.648 0.0000000000
59568  -35.331  -26.483  78.552 0.0000000000
60628  -34.962  -25.476  78.970 0.0000000000
59576  -32.303  -26.017  77.501 0.0000000000
60637  -32.970  -25.282  77.767 0.0000000000
60627  -34.196  -24.906  78.657 0.0000000000
61657  -34.245  -24.069  78.615 0.0000000000
62617  -34.437  -23.909  78.398 0.0000000000
62633  -34.753  -23.882  77.967 0.0000000000
63633  -29.525  -22.359  76.966 0.0000000000
63648  -30.339  -22.959  76.064 0.0000000000
64620  -30.299  -21.785  74.905 0.0000000000
62670  -30.378  -23.322  75.164 0.0000000000
136853  -30.725  -23.635  75.892 0.0000000000
62671  -32.660  -24.193  76.033 0.0000000000
62672  -33.949  -24.040  76.548 0.0000000000
59628  -34.507  -26.700  73.402 0.0000000000
59606  -36.540  -26.802  74.549 0.0000000000
59690  -39.260  -26.859  70.427 0.0000000000
59716  -38.378  -26.518  69.213 0.0000000000
59744  -38.082  -25.874  67.875 0.0000000000
60773  -35.846  -25.410  68.755 0.0000000000
60782  -36.849  -25.178  67.509 0.0000000000
141889  -37.367  -24.912  67.095 0.0000000000
63746  -37.238  -23.018  66.451 0.0000000000
131207  -37.373  -21.523  66.717 0.0000000000
128194  -22.646  -32.797  84.747 0.0000000000
53436  -23.370  -32.435  85.547 0.0000000000
54555  -25.743  -32.055  85.167 0.0000000000
46972  -10.763  -38.235  92.937 0.0000000000
49096  -11.442  -37.194  92.353 0.0000000000
146255  -11.585  -38.801  92.187 0.0000000000
45918  -11.235  -39.710  93.034 0.0000000000
45037  -12.484  -40.351  93.427 0.0000000000
49151  -13.773  -36.101  88.658 0.0000000000
48051  -14.144  -37.870  90.000 0.0000000000
47004  -14.461  -38.409  90.577 0.0000000000
44981  -6.584  -40.629  101.391 0.0000000000
45864  -5.640  -39.446  100.285 0.0000000000
46869  -5.281  -38.697  100.069 0.0000000000
57482  -36.703  -28.564  79.860 0.0000000000
52379  -21.277  -33.856  85.382 0.0000000000
52392  -21.061  -33.595  84.550 0.0000000000
132727  -36.495  -29.689  80.825 0.0000000000
53449  -19.607  -32.630  83.913 0.0000000000
52391  -20.116  -33.512  84.378 0.0000000000
66750  -37.757  -19.751  67.324 0.0000000000
136362  -38.211  -18.821  67.029 0.0000000000
72789  -42.866  -13.125  61.366 0.0000000000
72799  -43.344  -13.155  60.653 0.0000000000
73813  -43.703  -12.347  60.489 0.0000000000
64658  -33.029  -21.992  70.996 0.0000000000
129390  -28.304  -32.180  82.958 0.0000000000
53479  -29.237  -32.372  83.054 0.0000000000
52301  -13.435  -33.736  90.105 0.0000000000
51293  -13.420  -34.294  89.625 0.0000000000
74808  -50.311  -11.542  56.174 0.0000000000
61635  -35.530  -24.366  80.508 0.0000000000
53482  -33.128  -32.632  82.318 0.0000000000
147931  -33.862  -32.536  82.420 0.0000000000
140255  -16.132  -32.887  85.723 0.0000000000
53417  -16.162  -32.104  86.004 0.0000000000
136140  -15.704  -32.665  86.295 0.0000000000
52360  -16.036  -33.649  86.046 0.0000000000
128340  -21.582  -28.491  83.641 0.0000000000
59504  -25.922  -26.455  82.669 0.0000000000
59517  -25.291  -26.651  81.719 0.0000000000
58467  -25.680  -27.212  81.106 0.0000000000
57478  -26.003  -28.275  80.596 0.0000000000
58468  -26.487  -27.443  81.199 0.0000000000
124670  -30.132  -30.132  81.086 0.0000000000
126440  -29.314  -29.876  81.243 0.0000000000
56514  -29.131  -30.371  80.080 0.0000000000
55599  -29.916  -30.688  80.094 0.0000000000
55611  -30.566  -31.178  79.758 0.0000000000
55624  -32.695  -31.035  78.360 0.0000000000
136766  -32.950  -30.484  77.901 0.0000000000
55626  -33.965  -30.615  78.022 0.0000000000
59745  -38.921  -25.973  67.816 0.0000000000
59746  -39.770  -26.158  67.688 0.0000000000
60784  -39.275  -25.504  67.328 0.0000000000
64750  -41.439  -21.472  65.506 0.0000000000
128809  -41.713  -22.178  65.878 0.0000000000
70705  -40.596  -15.272  65.253 0.0000000000
70720  -40.518  -15.493  64.502 0.0000000000
66801  -44.515  -18.965  64.042 0.0000000000
74800  -47.056  -11.421  57.367 0.0000000000
45916  -9.925  -39.064  93.792 0.0000000000
45905  -10.080  -39.879  93.968 0.0000000000
144354  -32.580  -27.007  77.826 0.0000000000
134704  -31.590  -26.562  77.718 0.0000000000
62655  -31.285  -23.860  76.591 0.0000000000
61744  -31.855  -24.109  73.178 0.0000000000
61732  -32.013  -24.190  74.068 0.0000000000
61734  -33.129  -24.947  73.985 0.0000000000
58596  -35.715  -27.166  71.316 0.0000000000
58597  -36.588  -27.150  71.113 0.0000000000
125722  -36.003  -26.916  70.696 0.0000000000
59687  -36.587  -26.904  70.395 0.0000000000
59713  -35.880  -26.476  70.004 0.0000000000
55550  -23.690  -31.298  82.807 0.0000000000
54583  -24.239  -31.328  83.694 0.0000000000
55540  -24.875  -31.165  83.785 0.0000000000
46988  -13.155  -38.830  90.983 0.0000000000
45951  -13.709  -39.341  91.617 0.0000000000
49137  -16.456  -36.789  89.411 0.0000000000
46920  -7.762  -37.572  96.437 0.0000000000
59535  -36.391  -26.143  80.625 0.0000000000
51325  -20.718  -34.539  87.690 0.0000000000
52363  -22.177  -33.285  86.430 0.0000000000
52347  -22.510  -33.191  87.142 0.0000000000
53405  -23.285  -32.838  87.084 0.0000000000
54609  -35.542  -31.803  81.232 0.0000000000
124437  -35.591  -31.595  81.988 0.0000000000
55529  -18.922  -29.864  85.210 0.0000000000
53447  -17.988  -32.305  84.526 0.0000000000
54564  -17.657  -31.584  84.760 0.0000000000
52388  -17.821  -33.065  84.881 0.0000000000
52361  -20.630  -34.256  86.033 0.0000000000
51339  -19.781  -34.639  86.200 0.0000000000
51324  -20.300  -34.682  86.910 0.0000000000
143642  -33.118  -29.881  79.904 0.0000000000
57481  -33.181  -29.213  79.814 0.0000000000
56484  -32.286  -30.395  81.038 0.0000000000
56485  -33.414  -29.907  81.463 0.0000000000
62786  -37.917  -23.007  65.906 0.0000000000
62776  -38.712  -23.566  66.037 0.0000000000
62787  -38.536  -22.844  65.679 0.0000000000
63755  -39.151  -21.919  65.451 0.0000000000
64748  -39.683  -21.279  65.394 0.0000000000
64749  -40.551  -21.416  65.419 0.0000000000
146788  -41.565  -14.155  62.748 0.0000000000
70748  -42.658  -14.786  61.469 0.0000000000
69753  -43.457  -16.251  61.720 0.0000000000
129173  -44.204  -15.906  61.331 0.0000000000
71740  -44.668  -14.499  60.489 0.0000000000
70749  -44.863  -15.498  60.881 0.0000000000
70762  -45.586  -15.073  60.630 0.0000000000
141726  -45.517  -14.430  60.235 0.0000000000
74784  -44.858  -11.571  59.462 0.0000000000
73823  -45.028  -12.308  59.470 0.0000000000
60613  -29.630  -25.998  79.327 0.0000000000
60625  -29.566  -25.984  78.488 0.0000000000
61655  -29.082  -24.462  78.368 0.0000000000
64638  -32.036  -21.672  72.140 0.0000000000
62700  -31.609  -23.421  72.742 0.0000000000
137231  -31.900  -23.199  71.974 0.0000000000
61758  -32.155  -24.059  71.967 0.0000000000
61769  -33.394  -24.476  71.062 0.0000000000
61770  -33.906  -24.583  70.511 0.0000000000
61786  -34.417  -24.568  69.930 0.0000000000
63713  -34.605  -22.987  70.155 0.0000000000
55566  -25.965  -30.558  82.243 0.0000000000
123043  -27.009  -31.469  83.193 0.0000000000
127669  -28.795  -32.154  84.682 0.0000000000
54572  -28.005  -31.982  84.241 0.0000000000
49133  -12.907  -36.218  89.739 0.0000000000
50263  -12.519  -36.015  90.554 0.0000000000
48049  -12.580  -37.357  90.369 0.0000000000
45878  -8.225  -39.752  98.504 0.0000000000
45866  -7.197  -39.985  100.044 0.0000000000
45871  -7.681  -39.258  99.622 0.0000000000
46871  -6.834  -38.939  100.000 0.0000000000
62608  -35.093  -23.377  79.761 0.0000000000
63604  -35.571  -23.288  79.378 0.0000000000
123385  -30.971  -32.775  82.739 0.0000000000
53480  -31.785  -32.779  82.618 0.0000000000
53404  -14.743  -33.002  87.623 0.0000000000
53394  -14.319  -33.008  88.228 0.0000000000
53403  -14.368  -33.838  87.655 0.0000000000
51306  -13.916  -34.487  88.000 0.0000000000
137467  -14.887  -34.280  87.288 0.0000000000
50301  -15.529  -35.667  87.450 0.0000000000
50287  -16.936  -36.315  87.868 0.0000000000
51337  -18.037  -35.128  85.995 0.0000000000
50289  -18.539  -35.832  88.273 0.0000000000
50276  -18.549  -35.732  89.130 0.0000000000
55628  -35.850  -29.910  78.466 0.0000000000
56529  -36.281  -29.036  78.408 0.0000000000
57506  -33.238  -28.871  77.929 0.0000000000
58512  -33.069  -27.918  77.884 0.0000000000
59518  -31.863  -26.492  80.749 0.0000000000
59533  -31.274  -26.934  79.877 0.0000000000
60600  -30.936  -26.198  80.474 0.0000000000
59532  -30.426  -26.483  79.602 0.0000000000
54580  -20.291  -31.601  82.954 0.0000000000
54591  -20.913  -31.061  82.488 0.0000000000
55561  -21.522  -30.630  82.149 0.0000000000
55581  -22.093  -30.254  81.785 0.0000000000
55582  -22.634  -30.590  81.725 0.0000000000
56477  -22.762  -29.858  81.568 0.0000000000
139163  -23.810  -28.178  80.991 0.0000000000
56479  -24.655  -29.615  81.012 0.0000000000
55596  -26.726  -30.065  80.984 0.0000000000
54618  -27.329  -31.096  80.997 0.0000000000
140833  -28.468  -29.025  81.764 0.0000000000
57455  -28.375  -28.343  82.227 0.0000000000
57454  -27.794  -27.674  81.986 0.0000000000
57467  -27.894  -28.505  81.221 0.0000000000
57479  -27.229  -28.500  80.698 0.0000000000
57480  -27.795  -29.240  80.683 0.0000000000
144240  -28.732  -31.039  80.072 0.0000000000
54619  -28.493  -31.420  80.324 0.0000000000
53512  -28.280  -31.802  80.763 0.0000000000
53513  -28.973  -32.006  80.492 0.0000000000
53498  -29.677  -32.372  80.849 0.0000000000
53530  -30.995  -32.308  79.797 0.0000000000
53515  -30.546  -32.488  80.381 0.0000000000
53516  -31.443  -32.594  80.159 0.0000000000
53501  -32.159  -32.691  80.742 0.0000000000
137701  -32.215  -32.494  79.870 0.0000000000
55601  -31.836  -30.694  79.465 0.0000000000
54632  -32.105  -31.676  79.013 0.0000000000
140208  -33.131  -32.137  79.012 0.0000000000
127596  -32.964  -32.358  79.634 0.0000000000
53532  -33.817  -32.196  79.537 0.0000000000
53533  -34.738  -32.073  79.925 0.0000000000
54634  -34.378  -31.801  79.254 0.0000000000
55627  -34.924  -30.343  78.307 0.0000000000
55614  -35.452  -30.780  78.982 0.0000000000
55615  -36.149  -30.375  79.354 0.0000000000
56447  -20.490  -29.674  83.405 0.0000000000
56435  -20.071  -29.333  84.432 0.0000000000
55539  -19.939  -30.089  83.667 0.0000000000
55548  -19.646  -30.812  83.414 0.0000000000
128794  -41.114  -27.169  70.515 0.0000000000
123530  -41.727  -26.789  68.343 0.0000000000
59720  -42.215  -26.896  69.164 0.0000000000
61825  -40.103  -24.383  66.436 0.0000000000
60797  -40.484  -25.026  66.850 0.0000000000
136310  -40.792  -24.439  66.622 0.0000000000
68749  -38.973  -17.495  66.434 0.0000000000
67760  -38.612  -18.074  66.750 0.0000000000
68758  -40.305  -17.703  64.563 0.0000000000
67776  -40.000  -18.092  64.982 0.0000000000
136459  -41.085  -19.225  65.027 0.0000000000
69736  -41.287  -16.335  63.221 0.0000000000
66799  -42.788  -18.761  63.961 0.0000000000
66787  -42.689  -19.186  64.617 0.0000000000
138432  -43.024  -20.294  65.462 0.0000000000
65759  -43.824  -20.137  65.398 0.0000000000
65760  -44.627  -20.060  65.244 0.0000000000
125790  -47.259  -13.660  59.237 0.0000000000
134109  -48.420  -13.886  58.639 0.0000000000
72830  -48.539  -13.812  57.803 0.0000000000
73850  -48.208  -12.347  56.798 0.0000000000
75701  -48.341  -10.893  56.967 0.0000000000
45903  -8.839  -38.782  94.854 0.0000000000
48000  -8.984  -37.911  94.568 0.0000000000
46932  -8.371  -38.600  95.457 0.0000000000
45895  -8.564  -39.353  95.546 0.0000000000
44196  -10.728  -41.490  95.636 0.0000000000
45023  -10.148  -40.926  95.120 0.0000000000
44190  -10.549  -41.779  96.427 0.0000000000
44189  -9.673  -41.592  96.808 0.0000000000
45009  -9.012  -41.151  97.306 0.0000000000
45008  -8.580  -40.525  97.936 0.0000000000
45003  -9.054  -41.466  98.261 0.0000000000
44998  -9.188  -41.884  99.290 0.0000000000
57507  -35.998  -28.282  78.109 0.0000000000
58513  -35.556  -27.406  78.263 0.0000000000
59579  -35.005  -26.825  78.125 0.0000000000
59567  -34.657  -26.023  78.259 0.0000000000
131918  -31.478  -25.586  77.417 0.0000000000
125316  -33.613  -24.597  78.148 0.0000000000
61656  -33.797  -24.154  77.890 0.0000000000
62632  -34.244  -24.026  77.951 0.0000000000
64615  -29.746  -21.684  76.455 0.0000000000
64610  -29.508  -21.583  77.297 0.0000000000
63647  -29.927  -22.412  76.301 0.0000000000
64623  -30.564  -21.798  74.060 0.0000000000
65624  -30.679  -21.177  74.577 0.0000000000
128815  -31.642  -23.967  75.968 0.0000000000
138236  -33.580  -24.217  75.963 0.0000000000
62673  -34.564  -24.266  76.334 0.0000000000
60723  -33.174  -25.521  72.640 0.0000000000
60708  -33.292  -25.628  73.647 0.0000000000
59627  -33.668  -26.358  73.073 0.0000000000
58556  -36.580  -27.303  73.213 0.0000000000
58555  -35.947  -27.046  73.202 0.0000000000
58544  -37.004  -27.315  73.932 0.0000000000
58585  -38.071  -27.173  71.571 0.0000000000
58573  -38.608  -27.195  72.311 0.0000000000
59651  -39.549  -27.138  72.148 0.0000000000
59672  -39.476  -27.070  71.228 0.0000000000
59671  -38.691  -27.053  70.958 0.0000000000
59715  -37.557  -26.585  69.443 0.0000000000
59734  -38.598  -26.298  68.431 0.0000000000
60775  -37.366  -25.717  67.903 0.0000000000
61787  -34.899  -24.529  69.291 0.0000000000
141749  -35.223  -25.132  69.091 0.0000000000
61802  -35.411  -24.545  68.580 0.0000000000
62765  -35.835  -23.715  67.582 0.0000000000
61813  -36.251  -24.450  67.450 0.0000000000
61821  -36.870  -24.486  67.014 0.0000000000
62774  -37.037  -23.807  66.676 0.0000000000
63745  -36.576  -23.090  66.928 0.0000000000
64730  -37.092  -21.349  67.523 0.0000000000
143839  -21.830  -32.511  83.020 0.0000000000
54567  -22.664  -32.514  83.775 0.0000000000
54553  -24.270  -32.096  85.012 0.0000000000
54539  -24.334  -32.419  85.951 0.0000000000
140302  -25.256  -32.240  86.114 0.0000000000
147567  -25.802  -31.782  84.421 0.0000000000
54570  -25.219  -31.711  84.407 0.0000000000
54556  -26.421  -31.803  85.849 0.0000000000
53454  -30.526  -32.681  84.453 0.0000000000
48016  -10.355  -37.711  93.417 0.0000000000
132860  -12.152  -36.274  91.423 0.0000000000
49097  -11.879  -36.479  92.214 0.0000000000
45949  -12.095  -39.050  91.840 0.0000000000
45931  -11.687  -39.366  92.428 0.0000000000
45042  -12.024  -39.957  92.852 0.0000000000
44990  -5.500  -40.114  100.411 0.0000000000
45857  -6.095  -40.052  100.721 0.0000000000
145949  -5.802  -39.061  100.175 0.0000000000
52380  -21.883  -33.430  85.767 0.0000000000
53435  -22.596  -32.981  85.732 0.0000000000
135042  -19.142  -30.960  83.840 0.0000000000
53448  -18.804  -32.459  84.296 0.0000000000
52389  -18.682  -33.147  84.692 0.0000000000
51352  -19.180  -34.396  85.583 0.0000000000
52377  -19.485  -33.894  84.900 0.0000000000
56486  -33.844  -29.130  81.455 0.0000000000
64738  -37.801  -21.643  66.039 0.0000000000
64747  -38.419  -21.733  65.643 0.0000000000
64739  -38.131  -21.025  65.995 0.0000000000
65740  -38.398  -20.282  65.893 0.0000000000
66772  -38.732  -19.484  65.808 0.0000000000
71719  -41.836  -14.017  62.221 0.0000000000
72788  -42.367  -13.521  61.773 0.0000000000
140635  -43.285  -14.677  61.103 0.0000000000
71739  -43.647  -14.153  60.696 0.0000000000
72800  -44.081  -13.546  60.187 0.0000000000
73814  -44.288  -12.176  59.872 0.0000000000
61646  -29.072  -24.508  79.475 0.0000000000
62606  -29.222  -23.563  79.957 0.0000000000
63602  -29.169  -22.698  79.282 0.0000000000
64657  -32.506  -21.784  71.516 0.0000000000
63680  -32.407  -22.609  71.373 0.0000000000
63681  -32.987  -22.837  70.886 0.0000000000
63697  -33.706  -23.004  70.689 0.0000000000
138299  -34.135  -23.178  70.496 0.0000000000
54596  -27.245  -31.427  82.441 0.0000000000
53466  -27.588  -31.897  83.027 0.0000000000
54586  -28.616  -32.178  83.751 0.0000000000
44997  -8.572  -40.970  99.719 0.0000000000
45860  -7.599  -40.579  100.606 0.0000000000
45859  -7.083  -40.299  100.908 0.0000000000
136130  -34.849  -23.629  79.589 0.0000000000
53481  -32.411  -32.700  82.223 0.0000000000
53469  -32.639  -32.729  82.934 0.0000000000
53470  -33.462  -32.638  83.061 0.0000000000
53457  -33.851  -32.729  83.911 0.0000000000
54537  -16.514  -31.312  86.574 0.0000000000
51334  -15.560  -34.248  86.805 0.0000000000
50311  -16.769  -35.462  86.671 0.0000000000
50305  -19.061  -35.516  87.581 0.0000000000
50290  -19.297  -35.457  88.367 0.0000000000
50277  -19.306  -35.453  89.194 0.0000000000
56528  -34.407  -29.691  77.824 0.0000000000
55560  -20.937  -30.166  82.642 0.0000000000
56448  -21.193  -29.322  83.058 0.0000000000
57439  -21.886  -28.981  82.748 0.0000000000
57453  -22.272  -28.602  82.260 0.0000000000
59515  -24.024  -26.620  82.210 0.0000000000
59516  -24.502  -26.675  81.723 0.0000000000
58466  -24.686  -27.242  80.968 0.0000000000
57476  -24.729  -28.273  80.665 0.0000000000
56480  -25.376  -29.563  80.874 0.0000000000
57477  -25.393  -28.500  80.615 0.0000000000
56498  -26.813  -29.522  80.735 0.0000000000
56482  -28.992  -29.545  81.844 0.0000000000
56500  -28.492  -29.993  80.311 0.0000000000
54628  -29.233  -30.936  79.974 0.0000000000
53514  -29.727  -32.126  80.190 0.0000000000
146952  -33.770  -31.136  78.271 0.0000000000
59718  -39.989  -27.069  68.912 0.0000000000
129192  -40.702  -27.167  69.672 0.0000000000
59736  -40.263  -26.794  68.123 0.0000000000
128764  -41.014  -26.848  67.945 0.0000000000
59748  -41.430  -26.323  67.571 0.0000000000
62790  -41.177  -22.824  66.091 0.0000000000
69714  -39.606  -16.401  65.774 0.0000000000
68750  -39.321  -17.183  65.780 0.0000000000
69721  -39.818  -16.717  65.082 0.0000000000
138316  -40.068  -17.073  64.549 0.0000000000
131772  -40.527  -17.148  64.053 0.0000000000
68781  -42.671  -17.146  62.592 0.0000000000
68769  -42.124  -17.543  63.217 0.0000000000
67806  -42.796  -17.840  63.090 0.0000000000
67789  -43.180  -18.448  63.404 0.0000000000
66800  -43.518  -19.043  64.161 0.0000000000
66788  -44.139  -19.542  64.770 0.0000000000
72828  -46.679  -13.012  58.745 0.0000000000
73836  -46.200  -12.070  58.337 0.0000000000
73837  -47.006  -12.760  57.953 0.0000000000
73845  -47.460  -12.337  57.269 0.0000000000
147646  -48.009  -12.781  57.150 0.0000000000
75700  -47.540  -10.825  57.328 0.0000000000
45904  -9.454  -39.413  94.384 0.0000000000
44174  -9.777  -42.223  98.562 0.0000000000
58527  -34.319  -27.844  77.639 0.0000000000
58528  -34.877  -27.431  77.951 0.0000000000
61669  -32.833  -24.205  77.355 0.0000000000
123479  -33.002  -24.093  77.178 0.0000000000
64618  -30.032  -21.619  75.712 0.0000000000
131615  -31.367  -23.043  73.066 0.0000000000
62688  -30.826  -23.194  73.658 0.0000000000
132626  -31.174  -23.951  74.133 0.0000000000
61705  -32.129  -24.289  75.078 0.0000000000
140946  -33.803  -24.531  75.407 0.0000000000
127209  -34.738  -24.539  75.615 0.0000000000
61722  -34.169  -24.802  75.245 0.0000000000
60690  -34.362  -25.583  74.754 0.0000000000
59669  -34.304  -26.651  71.636 0.0000000000
58568  -34.448  -26.906  72.329 0.0000000000
58582  -35.384  -27.348  72.058 0.0000000000
58571  -36.855  -27.383  72.524 0.0000000000
58584  -37.159  -27.249  71.764 0.0000000000
58599  -37.988  -27.055  70.787 0.0000000000
59688  -37.378  -26.905  70.291 0.0000000000
140227  -36.951  -26.338  68.986 0.0000000000
62756  -35.474  -23.637  68.271 0.0000000000
63736  -35.690  -22.982  67.884 0.0000000000
138467  -36.048  -23.218  67.343 0.0000000000
63737  -36.214  -22.568  67.514 0.0000000000
54582  -23.431  -31.890  83.533 0.0000000000
54568  -24.067  -31.772  84.295 0.0000000000
122551  -25.051  -32.079  84.912 0.0000000000
47001  -12.021  -37.784  91.001 0.0000000000
46987  -12.410  -38.608  91.230 0.0000000000
45043  -12.838  -40.067  92.823 0.0000000000
45933  -13.281  -39.843  92.179 0.0000000000
122881  -14.843  -36.753  88.596 0.0000000000
49136  -15.534  -36.967  89.203 0.0000000000
49121  -15.842  -37.324  89.942 0.0000000000
48053  -16.191  -37.597  90.864 0.0000000000
60615  -35.987  -26.006  79.932 0.0000000000
51294  -20.737  -34.954  89.113 0.0000000000
51295  -21.526  -34.431  89.132 0.0000000000
52330  -21.765  -33.899  88.499 0.0000000000
52331  -22.579  -33.543  88.604 0.0000000000
52346  -21.769  -33.607  87.085 0.0000000000
143296  -22.070  -33.417  87.871 0.0000000000
53503  -34.468  -32.377  81.197 0.0000000000
53483  -34.624  -32.348  82.076 0.0000000000
55519  -17.733  -30.454  85.858 0.0000000000
54552  -17.918  -30.863  84.983 0.0000000000
54551  -17.328  -31.227  85.393 0.0000000000
53432  -16.611  -32.572  85.414 0.0000000000
51349  -16.809  -34.224  85.697 0.0000000000
51338  -18.931  -34.870  86.183 0.0000000000
51307  -19.946  -35.114  87.759 0.0000000000
51308  -20.517  -34.897  88.328 0.0000000000
56503  -32.094  -30.455  80.112 0.0000000000
136926  -33.018  -30.254  80.573 0.0000000000
60795  -38.819  -24.911  66.944 0.0000000000
62777  -39.730  -23.649  66.016 0.0000000000
143375  -38.697  -22.348  65.554 0.0000000000
62789  -40.287  -22.892  65.821 0.0000000000
65743  -41.117  -20.713  65.296 0.0000000000
137102  -41.128  -14.983  63.343 0.0000000000
70733  -41.374  -15.573  62.985 0.0000000000
69744  -41.717  -16.168  62.682 0.0000000000
70747  -41.990  -14.827  61.904 0.0000000000
70740  -41.851  -15.592  62.297 0.0000000000
69745  -42.223  -16.341  62.326 0.0000000000
142685  -42.852  -16.504  62.085 0.0000000000
68782  -43.530  -16.988  62.235 0.0000000000
128703  -44.228  -17.446  62.358 0.0000000000
68783  -45.034  -17.547  62.237 0.0000000000
68794  -45.462  -17.071  61.743 0.0000000000
69755  -45.959  -16.583  61.423 0.0000000000
72802  -46.875  -14.108  59.760 0.0000000000
72815  -45.436  -13.141  59.581 0.0000000000
73824  -45.843  -12.573  59.087 0.0000000000
45035  -10.801  -40.164  93.637 0.0000000000
45029  -10.454  -40.562  94.341 0.0000000000
59565  -30.162  -26.368  78.166 0.0000000000
59574  -29.883  -25.632  77.682 0.0000000000
60634  -29.258  -25.319  78.154 0.0000000000
62628  -29.781  -24.105  76.837 0.0000000000
132947  -31.185  -20.892  73.873 0.0000000000
64624  -30.991  -21.720  73.385 0.0000000000
64637  -31.561  -21.708  72.803 0.0000000000
63661  -31.109  -22.430  73.139 0.0000000000
61745  -32.247  -24.382  72.759 0.0000000000
126960  -33.265  -25.068  71.739 0.0000000000
61759  -32.774  -24.263  71.533 0.0000000000
59685  -34.365  -26.275  70.970 0.0000000000
60743  -34.994  -25.983  70.166 0.0000000000
62740  -34.695  -23.737  69.708 0.0000000000
63714  -35.145  -22.914  69.626 0.0000000000
144198  -35.603  -22.302  69.557 0.0000000000
55552  -25.331  -30.909  83.018 0.0000000000
54571  -27.150  -31.972  84.590 0.0000000000
54585  -27.317  -31.846  83.754 0.0000000000
49109  -12.136  -36.887  90.737 0.0000000000
47003  -13.575  -38.349  90.444 0.0000000000
141674  -17.842  -36.397  90.458 0.0000000000
46899  -7.681  -39.059  97.828 0.0000000000
46898  -7.202  -38.062  98.054 0.0000000000
46883  -6.190  -37.988  99.597 0.0000000000
69686  -39.673  -16.609  66.881 0.0000000000
70685  -40.041  -15.788  65.869 0.0000000000
63634  -35.337  -23.606  78.436 0.0000000000
127567  -29.640  -32.505  81.914 0.0000000000
122982  -30.185  -32.622  82.868 0.0000000000
139510  -31.412  -32.796  83.355 0.0000000000
131127  -14.432  -32.411  88.835 0.0000000000
123382  -14.110  -33.063  89.069 0.0000000000
51305  -13.616  -34.622  88.848 0.0000000000
50300  -14.675  -35.542  87.703 0.0000000000
51321  -15.118  -34.945  87.239 0.0000000000
49165  -15.128  -36.250  87.952 0.0000000000
49138  -17.271  -36.387  89.197 0.0000000000
51336  -17.109  -35.076  85.962 0.0000000000
50303  -17.347  -36.069  87.275 0.0000000000
50304  -18.248  -35.946  87.398 0.0000000000
50288  -17.750  -36.267  87.970 0.0000000000
142135  -17.297  -36.345  88.492 0.0000000000
75705  -50.648  -10.645  56.072 0.0000000000
130422  -36.699  -29.203  79.664 0.0000000000
57493  -36.629  -28.840  79.077 0.0000000000
56539  -34.443  -28.720  77.526 0.0000000000
58510  -31.839  -27.251  78.212 0.0000000000
136330  -32.343  -27.789  78.802 0.0000000000
59534  -32.242  -27.363  80.232 0.0000000000
58494  -31.484  -27.358  78.785 0.0000000000
60584  -30.710  -25.454  81.104 0.0000000000
53464  -20.925  -32.546  83.167 0.0000000000
53476  -21.899  -32.020  82.487 0.0000000000
54592  -21.635  -31.422  82.205 0.0000000000
54593  -22.366  -31.638  82.273 0.0000000000
55563  -23.001  -31.169  82.015 0.0000000000
55564  -23.939  -30.759  82.170 0.0000000000
58464  -23.220  -27.759  81.671 0.0000000000
57466  -22.864  -28.743  81.560 0.0000000000
55565  -24.904  -30.636  82.158 0.0000000000
55595  -26.057  -29.756  80.958 0.0000000000
55586  -26.347  -30.247  81.370 0.0000000000
54607  -26.890  -30.802  81.775 0.0000000000
54608  -27.522  -31.508  81.577 0.0000000000
53496  -28.105  -31.967  81.424 0.0000000000
58452  -27.052  -27.207  81.943 0.0000000000
139280  -27.232  -29.105  80.575 0.0000000000
134708  -27.843  -31.241  80.589 0.0000000000
122792  -31.890  -32.741  81.650 0.0000000000
53502  -33.092  -32.557  80.907 0.0000000000
54631  -31.351  -31.976  79.420 0.0000000000
53518  -33.459  -32.415  80.266 0.0000000000
124348  -33.814  -32.471  80.889 0.0000000000
53520  -35.018  -32.168  80.734 0.0000000000
54635  -35.093  -31.513  79.498 0.0000000000
128005  -36.166  -30.645  80.084 0.0000000000
122127  -36.502  -29.875  80.011 0.0000000000
56434  -19.431  -29.450  85.066 0.0000000000
54579  -19.595  -31.681  83.546 0.0000000000
142680  -41.457  -27.165  69.129 0.0000000000
60796  -39.663  -24.968  66.856 0.0000000000
60786  -40.971  -25.706  67.146 0.0000000000
60787  -41.755  -25.512  67.348 0.0000000000
61826  -41.419  -24.154  66.714 0.0000000000
126096  -38.545  -18.757  66.307 0.0000000000
67770  -39.545  -18.012  65.511 0.0000000000
66784  -39.864  -18.689  65.267 0.0000000000
132071  -39.546  -19.429  65.453 0.0000000000
66773  -40.009  -19.958  65.322 0.0000000000
65756  -40.735  -19.960  65.265 0.0000000000
69735  -40.758  -16.544  63.703 0.0000000000
68767  -40.937  -17.849  64.171 0.0000000000
67787  -41.721  -17.996  63.849 0.0000000000
67778  -41.375  -18.561  64.469 0.0000000000
66786  -41.898  -19.196  64.860 0.0000000000
65744  -42.118  -20.684  65.408 0.0000000000
65745  -43.502  -20.863  65.655 0.0000000000
72853  -49.477  -13.169  56.830 0.0000000000
73851  -49.007  -12.462  56.551 0.0000000000
74807  -49.437  -11.688  56.333 0.0000000000
134473  -49.546  -10.225  56.654 0.0000000000
76528  -49.562  -9.482  56.893 0.0000000000
46921  -8.042  -38.063  95.798 0.0000000000
45022  -9.351  -40.593  95.428 0.0000000000
45021  -8.866  -40.088  95.723 0.0000000000
45015  -8.469  -39.795  96.261 0.0000000000
45885  -7.923  -39.261  96.901 0.0000000000
142236  -36.479  -28.106  79.276 0.0000000000
59569  -35.901  -26.938  78.845 0.0000000000
59553  -35.608  -26.129  79.243 0.0000000000
61647  -34.660  -24.223  79.344 0.0000000000
62607  -34.764  -23.702  79.139 0.0000000000
63615  -34.778  -23.778  78.463 0.0000000000
136488  -29.112  -22.381  78.273 0.0000000000
65609  -29.736  -20.914  77.759 0.0000000000
138072  -29.263  -22.175  77.600 0.0000000000
134300  -29.246  -22.923  77.510 0.0000000000
62653  -29.728  -23.159  76.798 0.0000000000
62654  -30.309  -23.628  76.404 0.0000000000
63655  -30.378  -22.709  74.415 0.0000000000
63652  -30.183  -22.423  75.486 0.0000000000
62656  -32.265  -24.006  76.745 0.0000000000
135675  -33.212  -24.051  76.782 0.0000000000
62658  -34.274  -24.061  77.291 0.0000000000
139610  -35.470  -23.767  77.945 0.0000000000
60663  -35.298  -24.900  75.574 0.0000000000
59603  -33.873  -26.161  74.069 0.0000000000
59604  -34.857  -26.236  74.239 0.0000000000
59629  -35.453  -26.708  73.614 0.0000000000
59691  -40.214  -27.039  70.658 0.0000000000
131783  -38.990  -26.647  69.746 0.0000000000
59717  -39.192  -26.616  69.075 0.0000000000
60761  -35.481  -25.742  69.450 0.0000000000
59732  -36.259  -26.098  69.177 0.0000000000
60774  -36.702  -25.747  68.382 0.0000000000
61803  -36.069  -25.003  68.020 0.0000000000
60783  -37.667  -25.377  67.418 0.0000000000
60794  -38.010  -24.937  66.992 0.0000000000
61822  -37.561  -24.405  66.750 0.0000000000
62775  -37.818  -23.744  66.353 0.0000000000
132372  -37.508  -22.273  66.250 0.0000000000
63738  -36.866  -22.195  66.993 0.0000000000
65730  -37.473  -20.715  67.111 0.0000000000
148064  -23.108  -32.666  86.021 0.0000000000
53419  -23.496  -32.622  86.314 0.0000000000
146489  -25.438  -32.185  85.498 0.0000000000
54541  -25.872  -31.918  86.031 0.0000000000
53467  -29.948  -32.551  83.766 0.0000000000
46957  -10.369  -38.643  93.270 0.0000000000
48040  -11.609  -37.755  91.731 0.0000000000
46973  -11.260  -38.171  92.315 0.0000000000
45930  -11.048  -38.946  92.751 0.0000000000
45036  -11.644  -40.341  93.464 0.0000000000
45031  -12.199  -40.801  94.031 0.0000000000
45038  -13.132  -40.220  93.436 0.0000000000
50285  -13.344  -35.628  89.091 0.0000000000
49134  -13.457  -36.469  89.265 0.0000000000
49135  -14.069  -36.671  88.894 0.0000000000
48066  -13.703  -37.167  89.523 0.0000000000
49122  -16.944  -37.267  91.297 0.0000000000
46990  -15.012  -38.575  91.234 0.0000000000
46974  -14.600  -38.996  91.936 0.0000000000
74813  -51.125  -11.344  55.959 0.0000000000
44986  -7.035  -40.542  101.704 0.0000000000
45858  -6.681  -40.209  100.816 0.0000000000
44985  -5.994  -40.589  101.027 0.0000000000
45865  -6.254  -39.468  100.262 0.0000000000
44989  -4.944  -40.026  100.024 0.0000000000
45870  -4.841  -39.330  99.727 0.0000000000
46868  -4.923  -38.738  99.934 0.0000000000
56496  -25.028  -29.044  80.688 0.0000000000
58480  -26.648  -27.995  80.675 0.0000000000
58570  -36.050  -27.334  72.612 0.0000000000
58598  -37.370  -27.149  71.038 0.0000000000
59630  -36.229  -26.883  73.769 0.0000000000
59673  -40.166  -27.096  71.536 0.0000000000
59747  -40.613  -26.341  67.523 0.0000000000
62713  -32.441  -23.476  71.392 0.0000000000
62779  -41.641  -23.400  66.482 0.0000000000
62791  -41.933  -22.760  66.284 0.0000000000
67769  -39.037  -18.025  66.134 0.0000000000
134462  -17.094  -33.030  85.073 0.0000000000
136576  -37.703  -21.043  66.476 0.0000000000
144699  -31.619  -24.156  74.558 0.0000000000
145236  -48.047  -13.698  58.103 0.0000000000
146690  -26.401  -31.947  84.929 0.0000000000
147754  -26.050  -27.713  80.767 0.0000000000
