#!ascii label  , from subject sub-07 vox2ras=TkReg
457
73329  -28.271  -13.921  13.094 0.0000000000
66334  -22.551  -20.307  12.568 0.0000000000
68346  -29.783  -18.397  10.903 0.0000000000
63335  -25.274  -23.623  13.870 0.0000000000
84502  -22.061  -1.996  8.700 0.0000000000
138995  -26.328  -4.852  11.432 0.0000000000
75318  -23.495  -11.515  9.314 0.0000000000
59245  -23.807  -27.358  15.301 0.0000000000
65332  -23.431  -21.687  13.184 0.0000000000
63332  -21.873  -23.095  14.446 0.0000000000
121571  -24.215  -3.744  9.902 0.0000000000
121577  -22.447  -6.250  9.481 0.0000000000
71311  -24.423  -15.350  10.440 0.0000000000
72293  -22.627  -14.291  9.345 0.0000000000
74357  -26.310  -12.691  11.620 0.0000000000
135978  -28.510  -9.845  12.361 0.0000000000
128844  -30.498  -11.393  11.531 0.0000000000
73376  -31.394  -13.524  9.383 0.0000000000
68330  -21.527  -18.478  12.025 0.0000000000
70266  -25.704  -17.086  12.197 0.0000000000
70268  -30.054  -15.980  12.963 0.0000000000
68311  -25.845  -18.622  13.654 0.0000000000
67321  -27.169  -20.404  14.121 0.0000000000
64323  -28.259  -22.458  13.222 0.0000000000
76973  -20.504  -9.663  9.017 0.0000000000
147172  -25.179  -8.050  10.971 0.0000000000
127148  -29.138  -7.122  12.113 0.0000000000
61358  -21.278  -25.325  15.967 0.0000000000
61390  -24.678  -25.814  13.801 0.0000000000
64300  -21.672  -22.454  14.198 0.0000000000
63321  -20.964  -23.577  15.401 0.0000000000
121578  -21.666  -6.067  9.012 0.0000000000
141441  -20.179  -6.889  8.396 0.0000000000
72268  -25.678  -14.693  11.217 0.0000000000
73345  -25.708  -13.853  10.842 0.0000000000
73327  -26.533  -13.484  12.029 0.0000000000
75282  -27.645  -11.725  12.523 0.0000000000
74344  -30.209  -12.665  12.642 0.0000000000
74373  -31.480  -12.757  9.934 0.0000000000
73347  -30.588  -13.467  12.265 0.0000000000
68331  -21.964  -19.026  12.056 0.0000000000
69300  -24.202  -17.640  10.929 0.0000000000
68332  -24.473  -18.590  12.158 0.0000000000
69279  -25.729  -17.763  12.995 0.0000000000
68309  -24.707  -19.003  12.836 0.0000000000
64322  -24.114  -22.129  13.806 0.0000000000
66293  -25.659  -20.785  14.203 0.0000000000
65315  -26.907  -21.976  14.115 0.0000000000
65316  -27.839  -22.269  13.685 0.0000000000
64306  -27.071  -23.468  13.538 0.0000000000
83456  -21.222  -2.403  8.445 0.0000000000
129528  -19.506  -1.787  9.357 0.0000000000
85351  -21.254  -1.369  8.241 0.0000000000
85365  -21.635  -0.773  7.741 0.0000000000
85354  -24.301  -0.681  9.174 0.0000000000
122056  -25.020  -4.145  10.308 0.0000000000
74382  -22.925  -12.972  8.543 0.0000000000
74381  -21.508  -12.321  8.572 0.0000000000
76171  -22.073  -10.656  9.279 0.0000000000
76976  -23.055  -9.191  9.864 0.0000000000
128307  -24.361  -9.984  10.273 0.0000000000
143977  -30.445  -9.187  11.128 0.0000000000
77803  -28.795  -8.480  12.543 0.0000000000
77826  -30.537  -8.245  10.585 0.0000000000
130183  -30.141  -17.266  12.324 0.0000000000
71314  -30.794  -15.665  10.047 0.0000000000
59230  -22.240  -27.670  15.973 0.0000000000
60319  -22.658  -26.183  15.521 0.0000000000
61373  -23.009  -25.464  15.088 0.0000000000
60320  -23.619  -26.371  14.992 0.0000000000
66316  -22.234  -20.963  12.980 0.0000000000
66317  -22.876  -21.239  12.779 0.0000000000
65312  -22.294  -22.008  13.367 0.0000000000
64320  -22.675  -22.326  13.497 0.0000000000
138700  -23.636  -23.884  14.278 0.0000000000
82392  -21.549  -3.156  8.597 0.0000000000
83459  -23.776  -2.192  9.665 0.0000000000
122076  -22.546  -4.277  8.892 0.0000000000
138928  -23.133  -4.765  9.547 0.0000000000
121567  -23.990  -6.112  10.199 0.0000000000
70310  -22.672  -16.613  10.256 0.0000000000
71327  -23.264  -15.270  9.580 0.0000000000
131994  -24.174  -13.089  9.342 0.0000000000
75303  -24.793  -12.193  9.980 0.0000000000
76160  -25.731  -10.391  11.025 0.0000000000
75294  -26.982  -11.234  12.057 0.0000000000
76139  -29.703  -10.348  11.722 0.0000000000
76173  -30.440  -10.553  9.761 0.0000000000
75324  -30.249  -11.489  8.472 0.0000000000
140056  -24.656  -27.771  15.862 0.0000000000
59247  -25.110  -27.285  15.346 0.0000000000
69315  -22.960  -17.255  10.553 0.0000000000
70289  -24.595  -16.786  10.988 0.0000000000
71277  -26.764  -15.002  12.694 0.0000000000
71266  -29.491  -15.262  13.275 0.0000000000
71264  -27.840  -15.890  13.358 0.0000000000
69256  -28.291  -17.361  13.461 0.0000000000
68314  -28.977  -18.592  12.909 0.0000000000
66319  -25.154  -20.228  13.938 0.0000000000
147668  -27.306  -19.561  13.896 0.0000000000
67353  -28.838  -19.652  12.351 0.0000000000
135096  -28.774  -20.816  11.840 0.0000000000
65346  -29.235  -21.917  11.773 0.0000000000
84504  -24.589  -1.958  10.033 0.0000000000
77834  -21.364  -8.461  8.782 0.0000000000
78698  -23.354  -7.626  10.086 0.0000000000
138956  -26.153  -6.752  10.740 0.0000000000
76964  -26.080  -8.911  11.713 0.0000000000
78676  -27.247  -7.364  11.603 0.0000000000
121972  -27.401  -6.038  11.908 0.0000000000
71293  -30.995  -14.962  11.018 0.0000000000
126999  -30.860  -15.081  8.594 0.0000000000
62360  -20.561  -24.154  15.856 0.0000000000
62361  -21.451  -24.385  15.481 0.0000000000
62376  -23.602  -24.681  14.488 0.0000000000
63334  -24.804  -24.234  13.995 0.0000000000
60322  -25.468  -26.744  14.667 0.0000000000
61391  -25.955  -25.402  13.578 0.0000000000
63336  -26.730  -24.150  13.440 0.0000000000
78708  -18.938  -7.593  7.896 0.0000000000
72248  -26.679  -14.227  12.295 0.0000000000
72269  -26.178  -14.091  11.488 0.0000000000
73328  -27.333  -13.680  12.620 0.0000000000
122671  -27.997  -13.178  12.928 0.0000000000
126687  -28.736  -13.192  13.145 0.0000000000
73330  -30.060  -13.531  13.004 0.0000000000
66333  -21.808  -20.261  12.801 0.0000000000
67366  -21.923  -19.680  12.377 0.0000000000
67367  -22.506  -19.435  12.210 0.0000000000
67381  -23.156  -18.923  11.942 0.0000000000
67382  -23.771  -18.969  12.104 0.0000000000
67369  -24.161  -19.372  12.551 0.0000000000
67368  -23.291  -19.688  12.395 0.0000000000
64304  -25.233  -22.636  13.991 0.0000000000
64305  -26.410  -22.705  13.895 0.0000000000
139049  -26.155  -23.554  13.696 0.0000000000
85352  -22.460  -1.282  8.481 0.0000000000
140653  -23.702  -0.339  8.751 0.0000000000
84503  -23.187  -1.716  9.142 0.0000000000
138872  -25.689  -4.469  10.725 0.0000000000
121561  -26.369  -3.880  10.996 0.0000000000
138881  -27.023  -4.333  11.702 0.0000000000
138837  -27.026  -5.180  12.145 0.0000000000
137160  -23.610  -12.183  8.949 0.0000000000
74394  -22.423  -12.314  8.566 0.0000000000
75317  -22.802  -11.701  8.831 0.0000000000
127134  -21.735  -11.619  8.669 0.0000000000
76172  -23.082  -10.887  9.531 0.0000000000
76157  -23.642  -10.192  9.984 0.0000000000
76158  -24.315  -10.764  10.122 0.0000000000
76977  -30.094  -9.783  9.475 0.0000000000
77815  -30.467  -8.575  11.251 0.0000000000
69302  -30.247  -17.537  11.455 0.0000000000
70313  -30.389  -17.288  10.028 0.0000000000
69318  -30.188  -17.754  10.551 0.0000000000
59231  -23.196  -28.059  15.563 0.0000000000
135403  -23.003  -27.117  15.558 0.0000000000
60303  -22.244  -26.794  15.857 0.0000000000
65330  -21.931  -21.508  13.369 0.0000000000
65311  -21.911  -22.081  13.682 0.0000000000
64301  -22.259  -22.596  13.868 0.0000000000
63333  -22.619  -23.362  14.343 0.0000000000
64302  -23.081  -22.894  13.925 0.0000000000
121574  -21.872  -3.956  8.309 0.0000000000
145041  -21.869  -4.628  8.676 0.0000000000
132447  -22.270  -5.276  9.285 0.0000000000
138948  -23.099  -5.696  9.819 0.0000000000
121908  -23.822  -5.138  9.998 0.0000000000
71310  -23.666  -15.815  9.920 0.0000000000
71328  -23.751  -15.109  9.956 0.0000000000
74356  -25.799  -13.061  10.845 0.0000000000
73360  -24.463  -13.471  9.971 0.0000000000
73361  -25.159  -13.233  10.432 0.0000000000
74371  -24.711  -12.858  9.823 0.0000000000
75292  -25.787  -12.243  10.961 0.0000000000
75305  -25.687  -11.319  10.959 0.0000000000
75293  -26.324  -11.693  11.541 0.0000000000
75284  -29.670  -11.792  12.772 0.0000000000
75283  -28.692  -11.309  12.668 0.0000000000
129917  -30.049  -11.134  12.013 0.0000000000
76161  -30.536  -10.552  10.486 0.0000000000
135283  -30.920  -11.311  10.003 0.0000000000
139794  -30.550  -11.285  9.273 0.0000000000
145444  -30.904  -11.669  9.460 0.0000000000
74386  -31.358  -12.779  9.049 0.0000000000
73384  -31.095  -13.691  8.403 0.0000000000
58156  -24.414  -28.566  16.310 0.0000000000
146400  -24.998  -27.959  16.521 0.0000000000
69297  -21.779  -17.725  11.582 0.0000000000
69298  -22.582  -17.779  11.139 0.0000000000
69301  -24.914  -17.344  11.516 0.0000000000
70290  -25.328  -16.544  11.466 0.0000000000
71276  -26.202  -15.679  12.380 0.0000000000
132796  -25.872  -16.308  11.988 0.0000000000
71263  -26.977  -15.895  13.098 0.0000000000
70267  -26.313  -16.477  12.669 0.0000000000
133038  -26.800  -18.052  13.552 0.0000000000
69255  -27.346  -17.330  13.372 0.0000000000
134577  -27.771  -18.016  13.584 0.0000000000
135405  -28.952  -17.838  13.279 0.0000000000
68313  -28.475  -18.343  13.419 0.0000000000
127026  -23.639  -21.010  12.909 0.0000000000
66318  -24.414  -20.592  13.393 0.0000000000
66294  -26.498  -21.026  14.227 0.0000000000
67320  -26.011  -20.139  14.283 0.0000000000
129530  -28.568  -20.119  12.888 0.0000000000
67352  -28.023  -20.309  13.516 0.0000000000
66321  -28.556  -21.407  12.374 0.0000000000
65334  -28.502  -22.141  12.740 0.0000000000
64324  -28.780  -22.323  12.528 0.0000000000
65336  -29.128  -22.276  12.074 0.0000000000
83443  -23.601  -3.007  9.617 0.0000000000
83444  -24.322  -2.747  10.180 0.0000000000
72280  -21.988  -14.953  9.528 0.0000000000
139791  -19.899  -9.878  9.059 0.0000000000
76983  -19.951  -9.235  8.428 0.0000000000
77847  -20.451  -8.541  8.376 0.0000000000
76984  -20.836  -9.123  8.753 0.0000000000
77822  -23.583  -8.458  10.255 0.0000000000
77836  -22.950  -8.249  9.818 0.0000000000
78686  -24.081  -7.805  10.491 0.0000000000
78687  -24.754  -7.269  10.404 0.0000000000
130806  -25.466  -7.468  10.774 0.0000000000
133902  -26.405  -9.800  11.638 0.0000000000
76953  -27.201  -9.554  12.349 0.0000000000
78663  -29.408  -7.910  12.281 0.0000000000
77813  -27.366  -7.960  12.296 0.0000000000
79540  -28.470  -6.927  12.186 0.0000000000
122034  -27.762  -6.805  11.820 0.0000000000
121560  -28.836  -6.458  12.053 0.0000000000
79541  -29.472  -6.391  11.612 0.0000000000
71280  -30.895  -15.085  12.025 0.0000000000
70269  -30.695  -15.933  12.292 0.0000000000
62351  -20.553  -24.770  16.101 0.0000000000
61374  -23.846  -25.503  14.439 0.0000000000
62363  -23.194  -24.881  14.755 0.0000000000
62377  -24.342  -24.925  14.175 0.0000000000
64299  -21.133  -22.299  14.668 0.0000000000
64291  -21.265  -22.994  14.738 0.0000000000
140505  -21.564  -23.513  15.010 0.0000000000
121576  -21.357  -5.248  8.621 0.0000000000
121573  -20.524  -5.977  8.378 0.0000000000
121575  -21.306  -6.837  8.672 0.0000000000
71312  -25.224  -15.272  10.903 0.0000000000
72282  -25.074  -14.577  10.700 0.0000000000
73346  -26.148  -13.484  11.237 0.0000000000
74358  -26.768  -11.995  12.186 0.0000000000
74341  -27.195  -12.721  12.571 0.0000000000
74342  -28.525  -12.353  12.961 0.0000000000
75285  -30.398  -11.905  12.136 0.0000000000
75307  -31.194  -11.987  10.448 0.0000000000
74359  -30.716  -12.700  11.806 0.0000000000
74360  -31.235  -12.736  10.893 0.0000000000
73362  -31.375  -13.642  10.348 0.0000000000
67365  -21.442  -19.149  12.331 0.0000000000
68343  -22.987  -18.385  11.460 0.0000000000
67380  -22.547  -18.825  11.897 0.0000000000
68344  -23.876  -18.415  11.383 0.0000000000
69277  -24.524  -18.021  11.525 0.0000000000
69278  -25.088  -17.877  12.171 0.0000000000
68333  -25.138  -18.442  12.886 0.0000000000
68310  -25.118  -18.978  13.398 0.0000000000
65333  -24.212  -21.376  13.541 0.0000000000
139229  -24.825  -21.748  14.075 0.0000000000
65314  -25.778  -21.679  14.148 0.0000000000
66295  -27.367  -21.377  14.083 0.0000000000
66320  -28.059  -21.324  13.606 0.0000000000
133935  -27.228  -22.756  13.759 0.0000000000
123185  -27.683  -22.898  13.699 0.0000000000
138963  -19.603  -2.779  8.467 0.0000000000
84501  -20.460  -1.669  8.549 0.0000000000
86194  -24.291  0.111  9.053 0.0000000000
121566  -24.998  -3.322  10.438 0.0000000000
74380  -20.650  -12.384  8.769 0.0000000000
75316  -20.782  -11.706  8.716 0.0000000000
76170  -21.081  -10.795  9.069 0.0000000000
76974  -21.221  -9.799  9.328 0.0000000000
132550  -21.571  -9.069  9.178 0.0000000000
76975  -22.178  -9.530  9.462 0.0000000000
76961  -23.919  -9.296  10.327 0.0000000000
77824  -25.000  -8.607  10.883 0.0000000000
76945  -29.578  -9.528  11.826 0.0000000000
76954  -28.087  -9.168  12.591 0.0000000000
77804  -29.577  -8.727  12.158 0.0000000000
78664  -30.076  -8.217  11.819 0.0000000000
78680  -30.363  -7.757  11.294 0.0000000000
142601  -30.654  -16.730  11.825 0.0000000000
70291  -31.020  -16.029  11.220 0.0000000000
126128  -30.640  -16.967  10.928 0.0000000000
70314  -30.338  -16.816  9.274 0.0000000000
60302  -21.476  -26.786  16.348 0.0000000000
60318  -21.839  -26.063  15.942 0.0000000000
61372  -22.129  -25.333  15.534 0.0000000000
127169  -24.358  -26.213  14.200 0.0000000000
66315  -21.623  -20.743  13.277 0.0000000000
66335  -23.220  -20.581  12.611 0.0000000000
137107  -22.764  -21.887  13.137 0.0000000000
64321  -23.313  -22.325  13.526 0.0000000000
64303  -24.179  -23.086  13.991 0.0000000000
138919  -19.277  -4.049  8.722 0.0000000000
122114  -20.418  -2.889  8.142 0.0000000000
83457  -22.277  -2.742  8.929 0.0000000000
83458  -23.020  -2.435  9.264 0.0000000000
125015  -22.967  -3.081  9.232 0.0000000000
82394  -23.342  -3.833  9.257 0.0000000000
121856  -23.830  -4.388  9.687 0.0000000000
121956  -24.405  -4.614  10.125 0.0000000000
121549  -25.068  -4.909  10.496 0.0000000000
138957  -25.177  -5.562  10.539 0.0000000000
72294  -23.162  -14.491  9.424 0.0000000000
72281  -24.174  -14.350  10.230 0.0000000000
72295  -23.540  -14.621  9.732 0.0000000000
73374  -23.135  -13.649  9.025 0.0000000000
74383  -23.612  -12.965  8.818 0.0000000000
74384  -24.189  -12.537  9.337 0.0000000000
75319  -24.181  -11.674  9.646 0.0000000000
122413  -24.923  -11.311  10.397 0.0000000000
76147  -26.399  -10.787  11.494 0.0000000000
129206  -27.122  -10.404  12.095 0.0000000000
76137  -27.845  -10.887  12.318 0.0000000000
134959  -29.080  -10.083  12.093 0.0000000000
76946  -30.050  -9.727  11.302 0.0000000000
76965  -30.418  -9.748  10.176 0.0000000000
76181  -29.963  -10.654  8.921 0.0000000000
76189  -29.722  -11.027  8.033 0.0000000000
75320  -31.212  -12.085  9.626 0.0000000000
68354  -29.657  -19.267  10.406 0.0000000000
59232  -23.938  -28.109  15.544 0.0000000000
59246  -24.382  -27.451  15.358 0.0000000000
70311  -23.435  -16.604  10.265 0.0000000000
69299  -23.420  -17.882  10.871 0.0000000000
69317  -24.019  -16.953  10.598 0.0000000000
71291  -24.969  -16.002  10.899 0.0000000000
71292  -25.636  -15.629  11.515 0.0000000000
72247  -26.097  -14.836  12.008 0.0000000000
72249  -27.456  -14.430  12.829 0.0000000000
72230  -28.947  -14.556  13.372 0.0000000000
71278  -27.589  -15.189  13.176 0.0000000000
71265  -28.543  -15.443  13.380 0.0000000000
70250  -29.304  -16.167  13.331 0.0000000000
70247  -26.940  -16.698  13.152 0.0000000000
70248  -27.651  -16.591  13.365 0.0000000000
136079  -29.859  -16.842  12.988 0.0000000000
69280  -29.490  -17.782  12.757 0.0000000000
68334  -29.266  -18.906  12.123 0.0000000000
66336  -23.896  -20.189  12.783 0.0000000000
67349  -24.687  -19.680  13.256 0.0000000000
67350  -25.468  -19.434  13.905 0.0000000000
67351  -26.381  -19.397  14.147 0.0000000000
134306  -26.818  -18.839  13.852 0.0000000000
68312  -27.898  -19.079  13.600 0.0000000000
137060  -28.609  -19.156  13.100 0.0000000000
68345  -29.451  -19.193  11.135 0.0000000000
67370  -29.151  -20.095  11.382 0.0000000000
66337  -28.878  -21.671  11.754 0.0000000000
125867  -24.050  -1.433  9.425 0.0000000000
84487  -25.617  -1.646  10.195 0.0000000000
77846  -19.510  -8.453  8.221 0.0000000000
78710  -21.017  -7.660  8.578 0.0000000000
144978  -21.682  -7.276  8.751 0.0000000000
77835  -22.248  -8.514  9.342 0.0000000000
78697  -22.614  -7.512  9.445 0.0000000000
122452  -23.111  -6.735  9.882 0.0000000000
138816  -24.612  -6.685  10.307 0.0000000000
121900  -24.878  -6.111  10.409 0.0000000000
121812  -26.491  -5.860  11.262 0.0000000000
76159  -25.003  -10.275  10.533 0.0000000000
76963  -25.475  -9.375  11.110 0.0000000000
77825  -25.618  -8.250  11.381 0.0000000000
143267  -27.276  -8.680  12.411 0.0000000000
77812  -26.575  -8.202  11.936 0.0000000000
78688  -26.392  -7.396  11.178 0.0000000000
121555  -27.035  -6.760  11.196 0.0000000000
121553  -27.884  -5.409  12.365 0.0000000000
72252  -30.446  -14.279  12.606 0.0000000000
72270  -30.938  -14.230  11.768 0.0000000000
135444  -31.264  -14.187  9.657 0.0000000000
72296  -30.828  -14.913  9.370 0.0000000000
130663  -31.086  -14.326  8.932 0.0000000000
63322  -22.138  -23.830  14.833 0.0000000000
62362  -22.486  -24.648  15.082 0.0000000000
62375  -22.919  -24.202  14.594 0.0000000000
60321  -24.522  -26.836  14.778 0.0000000000
61375  -25.007  -26.365  13.921 0.0000000000
61376  -25.760  -26.134  14.015 0.0000000000
143244  -25.309  -25.870  13.652 0.0000000000
62378  -25.205  -25.238  13.713 0.0000000000
128324  -25.911  -24.486  13.568 0.0000000000
65313  -24.951  -21.030  14.058 0.0000000000
65331  -22.431  -21.554  13.102 0.0000000000
65335  -28.844  -22.155  11.948 0.0000000000
68342  -22.206  -18.358  11.730 0.0000000000
68363  -29.953  -19.395  9.890 0.0000000000
69254  -26.426  -17.189  13.042 0.0000000000
69257  -29.160  -17.085  13.351 0.0000000000
69281  -29.787  -18.181  11.883 0.0000000000
69316  -23.619  -17.303  10.598 0.0000000000
70249  -28.482  -16.415  13.420 0.0000000000
70312  -24.240  -16.271  10.451 0.0000000000
71279  -30.258  -15.133  12.798 0.0000000000
71313  -30.669  -16.533  10.330 0.0000000000
71326  -22.727  -15.189  9.419 0.0000000000
72250  -28.158  -14.692  13.221 0.0000000000
72251  -29.796  -14.386  13.209 0.0000000000
72271  -31.170  -14.186  10.959 0.0000000000
72283  -31.124  -14.603  10.222 0.0000000000
72308  -30.998  -14.728  8.108 0.0000000000
73309  -29.287  -13.722  13.275 0.0000000000
73348  -31.064  -13.492  11.366 0.0000000000
73375  -23.699  -13.763  9.545 0.0000000000
74343  -29.497  -12.844  13.082 0.0000000000
74372  -25.261  -12.601  10.442 0.0000000000
74385  -30.859  -12.022  8.871 0.0000000000
75295  -30.858  -11.974  11.308 0.0000000000
75304  -25.314  -11.961  10.532 0.0000000000
75306  -30.782  -11.293  10.861 0.0000000000
76138  -29.331  -10.854  12.330 0.0000000000
76148  -27.884  -10.076  12.452 0.0000000000
76149  -30.325  -10.614  11.244 0.0000000000
76944  -28.984  -9.315  12.371 0.0000000000
76952  -26.648  -9.039  12.109 0.0000000000
76955  -30.315  -9.786  10.798 0.0000000000
76962  -24.687  -9.367  10.616 0.0000000000
77805  -30.152  -8.974  11.625 0.0000000000
77814  -27.966  -8.188  12.645 0.0000000000
77823  -24.319  -8.587  10.602 0.0000000000
78677  -27.878  -7.439  12.350 0.0000000000
78678  -28.611  -7.659  12.471 0.0000000000
78679  -29.812  -7.387  11.745 0.0000000000
78689  -30.386  -7.359  10.580 0.0000000000
78696  -22.111  -6.954  8.969 0.0000000000
78699  -23.998  -7.035  10.227 0.0000000000
78709  -19.864  -7.734  8.266 0.0000000000
79542  -29.988  -6.252  11.083 0.0000000000
82393  -22.503  -3.518  8.823 0.0000000000
83445  -25.203  -2.507  10.436 0.0000000000
84505  -24.962  -1.168  9.588 0.0000000000
85353  -23.454  -0.976  8.879 0.0000000000
121570  -21.142  -4.462  8.304 0.0000000000
121871  -25.657  -6.070  10.647 0.0000000000
121877  -25.610  -3.792  10.601 0.0000000000
122001  -24.537  -5.406  10.325 0.0000000000
124037  -28.573  -10.507  12.390 0.0000000000
124055  -28.217  -6.181  12.143 0.0000000000
131754  -21.889  -7.722  8.921 0.0000000000
133313  -24.885  -13.852  10.510 0.0000000000
134098  -24.774  -7.932  10.726 0.0000000000
138875  -25.300  -6.754  10.454 0.0000000000
138882  -25.723  -5.296  10.853 0.0000000000
139892  -23.132  -12.462  8.623 0.0000000000
142062  -30.604  -9.052  10.621 0.0000000000
143683  -22.799  -10.101  9.695 0.0000000000
144903  -30.248  -18.166  9.684 0.0000000000
145258  -25.323  -10.829  10.734 0.0000000000
146213  -22.571  -6.889  9.384 0.0000000000
147335  -23.741  -11.041  9.764 0.0000000000
147566  -30.330  -16.553  12.517 0.0000000000
