#!ascii label  , from subject sub-07 vox2ras=TkReg
1176
62361  -21.451  -24.385  15.481 0.5555555820
62375  -22.919  -24.202  14.594 0.6666666865
64302  -23.081  -22.894  13.925 0.7777777910
64303  -24.179  -23.086  13.991 0.7777777910
65332  -23.431  -21.687  13.184 0.8888888955
66294  -26.498  -21.026  14.227 0.8888888955
62351  -20.553  -24.770  16.101 0.5555555820
140505  -21.564  -23.513  15.010 0.5555555820
63332  -21.873  -23.095  14.446 0.6666666865
64301  -22.259  -22.596  13.868 0.8888888955
64322  -24.114  -22.129  13.806 0.8888888955
65333  -24.212  -21.376  13.541 0.8888888955
67351  -26.381  -19.397  14.147 1.0000000000
67321  -27.169  -20.404  14.121 0.8888888955
68312  -27.898  -19.079  13.600 1.0000000000
64299  -21.133  -22.299  14.668 0.7777777910
65330  -21.931  -21.508  13.369 1.0000000000
66334  -22.551  -20.307  12.568 1.0000000000
66317  -22.876  -21.239  12.779 1.0000000000
68309  -24.707  -19.003  12.836 1.0000000000
66335  -23.220  -20.581  12.611 1.0000000000
68310  -25.118  -18.978  13.398 1.0000000000
67369  -24.161  -19.372  12.551 1.0000000000
68333  -25.138  -18.442  12.886 1.0000000000
133038  -26.800  -18.052  13.552 1.0000000000
135405  -28.952  -17.838  13.279 1.0000000000
69279  -25.729  -17.763  12.995 1.0000000000
69255  -27.346  -17.330  13.372 1.0000000000
130183  -30.141  -17.266  12.324 1.0000000000
70250  -29.304  -16.167  13.331 1.0000000000
70268  -30.054  -15.980  12.963 0.7777777910
67366  -21.923  -19.680  12.377 0.8888888955
69278  -25.088  -17.877  12.171 1.0000000000
67381  -23.156  -18.923  11.942 1.0000000000
69277  -24.524  -18.021  11.525 1.0000000000
70267  -26.313  -16.477  12.669 1.0000000000
71264  -27.840  -15.890  13.358 1.0000000000
71265  -28.543  -15.443  13.380 1.0000000000
71266  -29.491  -15.262  13.275 1.0000000000
70269  -30.695  -15.933  12.292 0.8888888955
71280  -30.895  -15.085  12.025 1.0000000000
71293  -30.995  -14.962  11.018 0.7777777910
72296  -30.828  -14.913  9.370 0.7777777910
68330  -21.527  -18.478  12.025 0.5555555820
70311  -23.435  -16.604  10.265 0.7777777910
69299  -23.420  -17.882  10.871 0.8888888955
70290  -25.328  -16.544  11.466 1.0000000000
70266  -25.704  -17.086  12.197 1.0000000000
70289  -24.595  -16.786  10.988 0.8888888955
71276  -26.202  -15.679  12.380 1.0000000000
71277  -26.764  -15.002  12.694 1.0000000000
72230  -28.947  -14.556  13.372 1.0000000000
72252  -30.446  -14.279  12.606 0.8888888955
73330  -30.060  -13.531  13.004 1.0000000000
73347  -30.588  -13.467  12.265 0.8888888955
74373  -31.480  -12.757  9.934 0.7777777910
73384  -31.095  -13.691  8.403 0.6666666865
74386  -31.358  -12.779  9.049 0.6666666865
70287  -21.546  -16.414  10.910 0.4444444478
70310  -22.672  -16.613  10.256 0.7777777910
71309  -22.894  -16.020  9.614 0.6666666865
72282  -25.074  -14.577  10.700 0.7777777910
71312  -25.224  -15.272  10.903 0.8888888955
72268  -25.678  -14.693  11.217 0.8888888955
72249  -27.456  -14.430  12.829 1.0000000000
72269  -26.178  -14.091  11.488 1.0000000000
73328  -27.333  -13.680  12.620 1.0000000000
126687  -28.736  -13.192  13.145 1.0000000000
74344  -30.209  -12.665  12.642 0.8888888955
74359  -30.716  -12.700  11.806 0.7777777910
73393  -30.781  -13.509  7.461 0.5555555820
75320  -31.212  -12.085  9.626 0.7777777910
74395  -30.516  -12.114  8.071 0.6666666865
72294  -23.162  -14.491  9.424 0.6666666865
131389  -22.304  -15.642  9.605 0.6666666865
72281  -24.174  -14.350  10.230 0.7777777910
72295  -23.540  -14.621  9.732 0.7777777910
73345  -25.708  -13.853  10.842 0.8888888955
73346  -26.148  -13.484  11.237 0.8888888955
74356  -25.799  -13.061  10.845 1.0000000000
74357  -26.310  -12.691  11.620 1.0000000000
74341  -27.195  -12.721  12.571 1.0000000000
122671  -27.997  -13.178  12.928 0.8888888955
75284  -29.670  -11.792  12.772 0.8888888955
128844  -30.498  -11.393  11.531 0.8888888955
75307  -31.194  -11.987  10.448 0.7777777910
75283  -28.692  -11.309  12.668 0.8888888955
129917  -30.049  -11.134  12.013 0.7777777910
135283  -30.920  -11.311  10.003 0.7777777910
75324  -30.249  -11.489  8.472 0.7777777910
75330  -30.095  -11.718  7.602 0.6666666865
72293  -22.627  -14.291  9.345 0.6666666865
72280  -21.988  -14.953  9.528 0.5555555820
73374  -23.135  -13.649  9.025 0.7777777910
131994  -24.174  -13.089  9.342 0.8888888955
73361  -25.159  -13.233  10.432 0.8888888955
75292  -25.787  -12.243  10.961 1.0000000000
75282  -27.645  -11.725  12.523 1.0000000000
76161  -30.536  -10.552  10.486 0.7777777910
76965  -30.418  -9.748  10.176 0.7777777910
76181  -29.963  -10.654  8.921 0.6666666865
76188  -29.319  -10.515  7.594 0.5555555820
75329  -29.604  -11.218  7.146 0.5555555820
73373  -22.443  -13.488  8.916 0.7777777910
73383  -22.195  -12.834  8.630 0.6666666865
74383  -23.612  -12.965  8.818 0.8888888955
75303  -24.793  -12.193  9.980 1.0000000000
75305  -25.687  -11.319  10.959 1.0000000000
129206  -27.122  -10.404  12.095 0.8888888955
76137  -27.845  -10.887  12.318 0.8888888955
135978  -28.510  -9.845  12.361 0.8888888955
76139  -29.703  -10.348  11.722 0.8888888955
143977  -30.445  -9.187  11.128 0.7777777910
77815  -30.467  -8.575  11.251 0.7777777910
76977  -30.094  -9.783  9.475 0.7777777910
77803  -28.795  -8.480  12.543 0.7777777910
77850  -30.040  -9.086  8.995 0.5555555820
76994  -28.862  -9.939  7.265 0.5555555820
77826  -30.537  -8.245  10.585 0.6666666865
74370  -20.101  -12.510  9.448 0.4444444478
73372  -21.455  -13.139  8.938 0.5555555820
75317  -22.802  -11.701  8.831 0.7777777910
75319  -24.181  -11.674  9.646 1.0000000000
137160  -23.610  -12.183  8.949 0.8888888955
76158  -24.315  -10.764  10.122 1.0000000000
76160  -25.731  -10.391  11.025 0.8888888955
133902  -26.405  -9.800  11.638 0.8888888955
76953  -27.201  -9.554  12.349 0.8888888955
76954  -28.087  -9.168  12.591 0.8888888955
78664  -30.076  -8.217  11.819 0.6666666865
77837  -30.067  -8.380  9.233 0.5555555820
76973  -20.504  -9.663  9.017 0.6666666865
76170  -21.081  -10.795  9.069 0.6666666865
76975  -22.178  -9.530  9.462 0.7777777910
128307  -24.361  -9.984  10.273 0.8888888955
76961  -23.919  -9.296  10.327 0.7777777910
77824  -25.000  -8.607  10.883 0.7777777910
76963  -25.475  -9.375  11.110 0.8888888955
147172  -25.179  -8.050  10.971 0.7777777910
76964  -26.080  -8.911  11.713 0.8888888955
78688  -26.392  -7.396  11.178 0.7777777910
77812  -26.575  -8.202  11.936 0.7777777910
77813  -27.366  -7.960  12.296 0.6666666865
138956  -26.153  -6.752  10.740 0.6666666865
122034  -27.762  -6.805  11.820 0.6666666865
79540  -28.470  -6.927  12.186 0.6666666865
78663  -29.408  -7.910  12.281 0.5555555820
138837  -27.026  -5.180  12.145 0.6666666865
121972  -27.401  -6.038  11.908 0.5555555820
79541  -29.472  -6.391  11.612 0.5555555820
78701  -30.294  -7.879  9.822 0.4444444478
122105  -28.765  -5.696  11.993 0.5555555820
77844  -18.371  -8.086  8.672 0.3333333433
77845  -18.783  -8.263  8.222 0.3333333433
77847  -20.451  -8.541  8.376 0.5555555820
76984  -20.836  -9.123  8.753 0.6666666865
78710  -21.017  -7.660  8.578 0.5555555820
77835  -22.248  -8.514  9.342 0.7777777910
77836  -22.950  -8.249  9.818 0.7777777910
122452  -23.111  -6.735  9.882 0.6666666865
78686  -24.081  -7.805  10.491 0.6666666865
78698  -23.354  -7.626  10.086 0.6666666865
78687  -24.754  -7.269  10.404 0.6666666865
121900  -24.878  -6.111  10.409 0.6666666865
138957  -25.177  -5.562  10.539 0.6666666865
138995  -26.328  -4.852  11.432 0.6666666865
121553  -27.884  -5.409  12.365 0.5555555820
121965  -27.685  -4.691  12.198 0.5555555820
78707  -18.252  -7.376  7.951 0.4444444478
78695  -17.840  -7.085  8.524 0.4444444478
78708  -18.938  -7.593  7.896 0.4444444478
122639  -19.348  -6.169  7.551 0.5555555820
141441  -20.179  -6.889  8.396 0.5555555820
121575  -21.306  -6.837  8.672 0.6666666865
144978  -21.682  -7.276  8.751 0.6666666865
121577  -22.447  -6.250  9.481 0.6666666865
138816  -24.612  -6.685  10.307 0.6666666865
121567  -23.990  -6.112  10.199 0.6666666865
121549  -25.068  -4.909  10.496 0.6666666865
121561  -26.369  -3.880  10.996 0.6666666865
147583  -26.525  -3.189  11.149 0.5555555820
138996  -27.694  -3.980  11.699 0.6666666865
121569  -18.761  -5.833  7.234 0.4444444478
121578  -21.666  -6.067  9.012 0.6666666865
132447  -22.270  -5.276  9.285 0.6666666865
138948  -23.099  -5.696  9.819 0.6666666865
122056  -25.020  -4.145  10.308 0.6666666865
64321  -23.313  -22.325  13.526 0.8888888955
65311  -21.911  -22.081  13.682 1.0000000000
66318  -24.414  -20.592  13.393 1.0000000000
134306  -26.818  -18.839  13.852 1.0000000000
70309  -22.070  -16.178  10.145 0.5555555820
74342  -28.525  -12.353  12.961 0.8888888955
72292  -21.879  -14.001  9.397 0.5555555820
75315  -20.234  -11.752  9.009 0.5555555820
74382  -22.925  -12.972  8.543 0.7777777910
122413  -24.923  -11.311  10.397 1.0000000000
76945  -29.578  -9.528  11.826 0.8888888955
74369  -19.789  -12.149  10.213 0.2222222239
78680  -30.363  -7.757  11.294 0.6666666865
77822  -23.583  -8.458  10.255 0.7777777910
127509  -30.173  -6.915  11.211 0.4444444478
121576  -21.357  -5.248  8.621 0.6666666865
71308  -21.763  -15.566  9.897 0.4444444478
140304  -21.346  -14.444  9.730 0.4444444478
82373  -28.095  -3.338  11.620 0.5555555820
81364  -29.110  -4.331  11.541 0.5555555820
79548  -17.647  -6.596  9.416 0.2222222239
124924  -17.927  -6.635  7.819 0.3333333433
83430  -27.711  -2.544  11.462 0.5555555820
60318  -21.839  -26.063  15.942 0.5555555820
61373  -23.009  -25.464  15.088 0.5555555820
138700  -23.636  -23.884  14.278 0.5555555820
65315  -26.907  -21.976  14.115 0.7777777910
66295  -27.367  -21.377  14.083 0.8888888955
61358  -21.278  -25.325  15.967 0.5555555820
64304  -25.233  -22.636  13.991 0.6666666865
67352  -28.023  -20.309  13.516 0.7777777910
137060  -28.609  -19.156  13.100 0.8888888955
135585  -20.071  -24.963  16.559 0.4444444478
63310  -20.364  -23.628  15.945 0.5555555820
68314  -28.977  -18.592  12.909 1.0000000000
134736  -20.739  -22.124  15.145 0.2222222239
65310  -21.467  -21.725  14.041 0.6666666865
126128  -30.640  -16.967  10.928 0.6666666865
71314  -30.794  -15.665  10.047 0.7777777910
66314  -20.981  -20.539  13.686 0.5555555820
126999  -30.860  -15.081  8.594 0.6666666865
129106  -20.944  -19.269  12.724 0.4444444478
122652  -30.900  -14.412  7.480 0.5555555820
73402  -30.635  -13.426  6.544 0.5555555820
134467  -20.650  -17.206  12.215 0.2222222239
74412  -30.272  -12.708  6.140 0.5555555820
70286  -21.002  -16.210  11.346 0.4444444478
75337  -29.971  -11.947  6.675 0.5555555820
129356  -20.416  -14.754  11.597 0.3333333433
75349  -29.400  -11.394  5.333 0.5555555820
73371  -20.652  -13.086  9.274 0.4444444478
76197  -28.581  -10.463  6.077 0.4444444478
74355  -19.792  -12.828  10.526 0.3333333433
76993  -28.440  -9.266  6.711 0.5555555820
78700  -29.593  -7.543  9.090 0.4444444478
77832  -18.329  -8.953  9.377 0.3333333433
76971  -18.542  -9.668  9.312 0.3333333433
76972  -19.185  -9.522  8.778 0.4444444478
79549  -30.184  -6.559  10.572 0.4444444478
80431  -29.671  -4.693  10.962 0.4444444478
82374  -28.867  -3.505  11.394 0.2222222239
79555  -17.652  -6.317  8.335 0.3333333433
122681  -19.487  -5.596  7.790 0.6666666865
145041  -21.869  -4.628  8.676 0.6666666865
138928  -23.133  -4.765  9.547 0.6666666865
121856  -23.830  -4.388  9.687 0.6666666865
121571  -24.215  -3.744  9.902 0.6666666865
121566  -24.998  -3.322  10.438 0.6666666865
83428  -25.909  -3.068  10.792 0.6666666865
83429  -26.754  -2.510  11.167 0.4444444478
83431  -28.554  -2.678  11.362 0.3333333433
125408  -20.415  -5.073  8.184 0.5555555820
63322  -22.138  -23.830  14.833 0.6666666865
62362  -22.486  -24.648  15.082 0.6666666865
62376  -23.602  -24.681  14.488 0.6666666865
63333  -22.619  -23.362  14.343 0.7777777910
64320  -22.675  -22.326  13.497 0.8888888955
127026  -23.639  -21.010  12.909 1.0000000000
137107  -22.764  -21.887  13.137 1.0000000000
67320  -26.011  -20.139  14.283 1.0000000000
66293  -25.659  -20.785  14.203 0.8888888955
65314  -25.778  -21.679  14.148 0.8888888955
62360  -20.561  -24.154  15.856 0.5555555820
63321  -20.964  -23.577  15.401 0.5555555820
64300  -21.672  -22.454  14.198 0.8888888955
64291  -21.265  -22.994  14.738 0.5555555820
139229  -24.825  -21.748  14.075 0.8888888955
66319  -25.154  -20.228  13.938 1.0000000000
147668  -27.306  -19.561  13.896 1.0000000000
67350  -25.468  -19.434  13.905 1.0000000000
129530  -28.568  -20.119  12.888 1.0000000000
68313  -28.475  -18.343  13.419 1.0000000000
64290  -20.706  -22.867  15.342 0.6666666865
65312  -22.294  -22.008  13.367 1.0000000000
66316  -22.234  -20.963  12.980 0.8888888955
66315  -21.623  -20.743  13.277 0.8888888955
66333  -21.808  -20.261  12.801 1.0000000000
66336  -23.896  -20.189  12.783 1.0000000000
67368  -23.291  -19.688  12.395 1.0000000000
67349  -24.687  -19.680  13.256 1.0000000000
68311  -25.845  -18.622  13.654 1.0000000000
67382  -23.771  -18.969  12.104 1.0000000000
68332  -24.473  -18.590  12.158 1.0000000000
134577  -27.771  -18.016  13.584 1.0000000000
69280  -29.490  -17.782  12.757 0.8888888955
69256  -28.291  -17.361  13.461 1.0000000000
70247  -26.940  -16.698  13.152 1.0000000000
70248  -27.651  -16.591  13.365 1.0000000000
136079  -29.859  -16.842  12.988 1.0000000000
142601  -30.654  -16.730  11.825 0.8888888955
70291  -31.020  -16.029  11.220 0.7777777910
68331  -21.964  -19.026  12.056 1.0000000000
67365  -21.442  -19.149  12.331 0.5555555820
67348  -21.063  -19.989  13.137 0.6666666865
67367  -22.506  -19.435  12.210 1.0000000000
145118  -21.435  -19.684  12.653 0.5555555820
68344  -23.876  -18.415  11.383 1.0000000000
67380  -22.547  -18.825  11.897 0.8888888955
69301  -24.914  -17.344  11.516 1.0000000000
132796  -25.872  -16.308  11.988 1.0000000000
71263  -26.977  -15.895  13.098 1.0000000000
71278  -27.589  -15.189  13.176 1.0000000000
72270  -30.938  -14.230  11.768 0.8888888955
135444  -31.264  -14.187  9.657 0.7777777910
130663  -31.086  -14.326  8.932 0.6666666865
68329  -20.978  -18.604  12.362 0.5555555820
69297  -21.779  -17.725  11.582 0.6666666865
69298  -22.582  -17.779  11.139 0.6666666865
68343  -22.987  -18.385  11.460 0.7777777910
69315  -22.960  -17.255  10.553 0.7777777910
71310  -23.666  -15.815  9.920 0.6666666865
71311  -24.423  -15.350  10.440 0.8888888955
69317  -24.019  -16.953  10.598 0.8888888955
71291  -24.969  -16.002  10.899 0.8888888955
69300  -24.202  -17.640  10.929 0.8888888955
71292  -25.636  -15.629  11.515 0.8888888955
72247  -26.097  -14.836  12.008 1.0000000000
73329  -28.271  -13.921  13.094 1.0000000000
74360  -31.235  -12.736  10.893 0.8888888955
73362  -31.375  -13.642  10.348 0.7777777910
73376  -31.394  -13.524  9.383 0.7777777910
132896  -30.821  -14.131  6.824 0.5555555820
74396  -30.900  -12.773  8.182 0.6666666865
70264  -20.640  -16.406  11.934 0.3333333433
70265  -21.215  -16.976  11.551 0.3333333433
70288  -22.124  -16.997  10.837 0.4444444478
71327  -23.264  -15.270  9.580 0.6666666865
71328  -23.751  -15.109  9.956 0.7777777910
72248  -26.679  -14.227  12.295 1.0000000000
73327  -26.533  -13.484  12.029 1.0000000000
75285  -30.398  -11.905  12.136 0.7777777910
145444  -30.904  -11.669  9.460 0.7777777910
74403  -30.472  -12.584  7.244 0.5555555820
73360  -24.463  -13.471  9.971 0.8888888955
74358  -26.768  -11.995  12.186 1.0000000000
76173  -30.440  -10.553  9.761 0.7777777910
139794  -30.550  -11.285  9.273 0.7777777910
76189  -29.722  -11.027  8.033 0.6666666865
71307  -21.252  -15.012  10.113 0.4444444478
74371  -24.711  -12.858  9.823 0.8888888955
75293  -26.324  -11.693  11.541 1.0000000000
75294  -26.982  -11.234  12.057 0.8888888955
76946  -30.050  -9.727  11.302 0.7777777910
76198  -29.054  -10.685  6.727 0.5555555820
132219  -28.929  -11.041  6.022 0.5555555820
73359  -21.021  -13.778  9.567 0.5555555820
74394  -22.423  -12.314  8.566 0.6666666865
74384  -24.189  -12.537  9.337 0.8888888955
76147  -26.399  -10.787  11.494 1.0000000000
134959  -29.080  -10.083  12.093 0.8888888955
77804  -29.577  -8.727  12.158 0.8888888955
76986  -29.621  -9.857  8.749 0.6666666865
143267  -27.276  -8.680  12.411 0.8888888955
135064  -29.489  -9.223  8.371 0.5555555820
74380  -20.650  -12.384  8.769 0.5555555820
74381  -21.508  -12.321  8.572 0.5555555820
75318  -23.495  -11.515  9.314 1.0000000000
76172  -23.082  -10.887  9.531 0.7777777910
127134  -21.735  -11.619  8.669 0.7777777910
76159  -25.003  -10.275  10.533 0.8888888955
77849  -29.425  -8.444  8.511 0.5555555820
139791  -19.899  -9.878  9.059 0.5555555820
147099  -20.563  -10.131  9.294 0.5555555820
76983  -19.951  -9.235  8.428 0.4444444478
76974  -21.221  -9.799  9.328 0.6666666865
132550  -21.571  -9.069  9.178 0.6666666865
76171  -22.073  -10.656  9.279 0.7777777910
75316  -20.782  -11.706  8.716 0.7777777910
76169  -20.306  -10.782  9.373 0.6666666865
76976  -23.055  -9.191  9.864 0.7777777910
76157  -23.642  -10.192  9.984 0.7777777910
77825  -25.618  -8.250  11.381 0.7777777910
130806  -25.466  -7.468  10.774 0.6666666865
78676  -27.247  -7.364  11.603 0.6666666865
121812  -26.491  -5.860  11.262 0.6666666865
121555  -27.035  -6.760  11.196 0.6666666865
121560  -28.836  -6.458  12.053 0.5555555820
127148  -29.138  -7.122  12.113 0.5555555820
80415  -29.676  -5.591  11.198 0.4444444478
79557  -30.102  -6.968  9.854 0.4444444478
126605  -29.252  -5.109  11.671 0.5555555820
76982  -19.204  -8.925  8.382 0.4444444478
77846  -19.510  -8.453  8.221 0.5555555820
77834  -21.364  -8.461  8.782 0.6666666865
78697  -22.614  -7.512  9.445 0.7777777910
138872  -25.689  -4.469  10.725 0.6666666865
138881  -27.023  -4.333  11.702 0.6666666865
121572  -19.280  -6.968  7.898 0.5555555820
121573  -20.524  -5.977  8.378 0.6666666865
121908  -23.822  -5.138  9.998 0.6666666865
121956  -24.405  -4.614  10.125 0.6666666865
72279  -20.757  -14.320  10.144 0.4444444478
75314  -19.895  -11.025  9.676 0.3333333433
71290  -21.239  -15.712  10.668 0.4444444478
128318  -20.667  -14.813  10.904 0.4444444478
82375  -29.421  -3.778  10.936 0.3333333433
84478  -28.217  -1.887  11.248 0.3333333433
61372  -22.129  -25.333  15.534 0.5555555820
61357  -20.607  -25.433  16.475 0.4444444478
132220  -21.196  -25.942  16.361 0.5555555820
68334  -29.266  -18.906  12.123 0.7777777910
61344  -20.079  -25.435  16.966 0.3333333433
65329  -21.445  -21.114  13.687 0.7777777910
69276  -21.038  -17.878  11.963 0.3333333433
69275  -20.680  -17.953  12.578 0.1111111119
71275  -20.645  -15.538  11.554 0.4444444478
124956  -20.373  -14.064  10.698 0.3333333433
73358  -20.302  -13.489  10.048 0.3333333433
76168  -19.289  -10.194  9.432 0.3333333433
83446  -26.019  -2.292  10.623 0.6666666865
84488  -26.546  -1.709  10.681 0.4444444478
62364  -26.617  -25.428  14.441 0.4444444478
61377  -27.475  -24.912  15.643 0.2222222239
60320  -23.619  -26.371  14.992 0.4444444478
61374  -23.846  -25.503  14.439 0.4444444478
61390  -24.678  -25.814  13.801 0.4444444478
61391  -25.955  -25.402  13.578 0.4444444478
62379  -26.707  -24.727  13.578 0.4444444478
63323  -27.764  -23.784  14.274 0.2222222239
63334  -24.804  -24.234  13.995 0.4444444478
128324  -25.911  -24.486  13.568 0.4444444478
63336  -26.730  -24.150  13.440 0.4444444478
63324  -28.557  -22.775  14.312 0.1111111119
139868  -29.235  -22.374  14.290 0.1111111119
63337  -27.573  -23.400  13.756 0.3333333433
139049  -26.155  -23.554  13.696 0.4444444478
64306  -27.071  -23.468  13.538 0.3333333433
64323  -28.259  -22.458  13.222 0.3333333433
140755  -28.608  -22.446  13.417 0.2222222239
123185  -27.683  -22.898  13.699 0.3333333433
63335  -25.274  -23.623  13.870 0.5555555820
65346  -29.235  -21.917  11.773 0.2222222239
130622  -29.809  -21.555  11.926 0.1111111119
67372  -31.099  -20.074  11.940 0.1111111119
65334  -28.502  -22.141  12.740 0.3333333433
66337  -28.878  -21.671  11.754 0.3333333433
66321  -28.556  -21.407  12.374 0.4444444478
135096  -28.774  -20.816  11.840 0.5555555820
67370  -29.151  -20.095  11.382 0.6666666865
66364  -31.003  -20.323  9.698 0.4444444478
68345  -29.451  -19.193  11.135 0.6666666865
68373  -32.258  -18.783  8.570 0.3333333433
68346  -29.783  -18.397  10.903 0.6666666865
69329  -30.387  -17.720  9.253 0.5555555820
69302  -30.247  -17.537  11.455 0.6666666865
70333  -31.228  -17.652  7.960 0.5555555820
69340  -31.758  -18.483  7.998 0.4444444478
137919  -31.171  -16.808  7.755 0.3333333433
70313  -30.389  -17.288  10.028 0.5555555820
71343  -31.522  -15.547  7.006 0.4444444478
123802  -31.166  -15.253  7.401 0.5555555820
72316  -31.228  -14.851  6.708 0.4444444478
122076  -22.546  -4.277  8.892 0.5555555820
82394  -23.342  -3.833  9.257 0.5555555820
83443  -23.601  -3.007  9.617 0.5555555820
83444  -24.322  -2.747  10.180 0.5555555820
84504  -24.589  -1.958  10.033 0.5555555820
60322  -25.468  -26.744  14.667 0.4444444478
62363  -23.194  -24.881  14.755 0.4444444478
64307  -28.012  -22.809  13.707 0.2222222239
65336  -29.128  -22.276  12.074 0.2222222239
65337  -29.619  -21.963  12.285 0.1111111119
66338  -29.173  -21.074  11.589 0.4444444478
67371  -30.407  -20.505  11.330 0.3333333433
68354  -29.657  -19.267  10.406 0.6666666865
68364  -30.376  -19.223  9.366 0.4444444478
71344  -32.235  -16.035  7.105 0.3333333433
74421  -30.332  -12.689  5.130 0.4444444478
125015  -22.967  -3.081  9.232 0.5555555820
83457  -22.277  -2.742  8.929 0.5555555820
62377  -24.342  -24.925  14.175 0.4444444478
135183  -31.981  -19.993  9.857 0.2222222239
84487  -25.617  -1.646  10.195 0.5555555820
59232  -23.938  -28.109  15.544 0.4444444478
59247  -25.110  -27.285  15.346 0.4444444478
60304  -25.903  -27.082  15.574 0.4444444478
61359  -26.825  -25.742  15.821 0.2222222239
142182  -27.472  -25.477  16.496 0.2222222239
61360  -28.046  -25.036  16.774 0.1111111119
60303  -22.244  -26.794  15.857 0.4444444478
59245  -23.807  -27.358  15.301 0.4444444478
62366  -28.002  -24.084  15.228 0.1111111119
63325  -29.236  -22.799  15.126 0.1111111119
62352  -28.280  -24.354  16.337 0.1111111119
64308  -29.950  -21.931  14.481 0.1111111119
65318  -30.207  -21.323  13.767 0.1111111119
66323  -31.145  -20.121  13.018 0.1111111119
68336  -32.332  -18.853  12.275 0.1111111119
68347  -32.290  -18.978  11.206 0.1111111119
69330  -32.569  -18.462  9.414 0.2222222239
69341  -32.628  -18.484  7.846 0.1111111119
132737  -32.856  -18.542  8.348 0.2222222239
70340  -32.219  -16.986  7.343 0.2222222239
147751  -32.864  -15.908  6.522 0.2222222239
71347  -32.033  -15.355  6.423 0.3333333433
73403  -31.088  -14.128  6.012 0.4444444478
73405  -30.678  -13.355  5.562 0.3333333433
74422  -30.856  -13.146  4.596 0.3333333433
75360  -30.057  -12.051  4.699 0.3333333433
77005  -28.601  -10.083  6.584 0.4444444478
79556  -29.436  -6.529  9.269 0.3333333433
121563  -19.106  -5.313  7.784 0.4444444478
121574  -21.872  -3.956  8.309 0.5555555820
82392  -21.549  -3.156  8.597 0.5555555820
83459  -23.776  -2.192  9.665 0.5555555820
125867  -24.050  -1.433  9.425 0.5555555820
60319  -22.658  -26.183  15.521 0.4444444478
64305  -26.410  -22.705  13.895 0.5555555820
66320  -28.059  -21.324  13.606 0.6666666865
67353  -28.838  -19.652  12.351 0.6666666865
70314  -30.338  -16.816  9.274 0.5555555820
71329  -30.576  -15.935  8.690 0.5555555820
71340  -30.981  -15.672  7.949 0.4444444478
75350  -29.792  -12.105  5.681 0.4444444478
80444  -29.907  -5.507  10.147 0.3333333433
65316  -27.839  -22.269  13.685 0.3333333433
133935  -27.228  -22.756  13.759 0.3333333433
61376  -25.760  -26.134  14.015 0.4444444478
60323  -26.175  -26.337  15.059 0.4444444478
135403  -23.003  -27.117  15.558 0.4444444478
127169  -24.358  -26.213  14.200 0.4444444478
60321  -24.522  -26.836  14.778 0.4444444478
61375  -25.007  -26.365  13.921 0.4444444478
143244  -25.309  -25.870  13.652 0.4444444478
62378  -25.205  -25.238  13.713 0.4444444478
62365  -27.340  -24.535  14.262 0.4444444478
62380  -27.238  -24.079  13.572 0.4444444478
139583  -28.500  -23.353  14.996 0.1111111119
145186  -28.049  -23.204  14.190 0.2222222239
64292  -29.928  -22.402  15.220 0.1111111119
64324  -28.780  -22.323  12.528 0.3333333433
65317  -29.327  -22.202  13.103 0.2222222239
66339  -29.707  -21.075  11.592 0.2222222239
67354  -30.379  -20.723  12.093 0.1111111119
67385  -31.233  -20.240  10.942 0.1111111119
67373  -31.782  -19.442  12.616 0.1111111119
67393  -29.857  -19.900  10.109 0.4444444478
68365  -31.242  -19.504  9.049 0.3333333433
66354  -29.972  -20.305  10.273 0.4444444478
67394  -31.332  -20.328  10.082 0.3333333433
69342  -33.243  -18.154  7.838 0.1111111119
68372  -31.542  -18.845  8.695 0.4444444478
69318  -30.188  -17.754  10.551 0.5555555820
68355  -29.935  -18.643  10.096 0.5555555820
144951  -30.655  -17.004  8.363 0.5555555820
69347  -32.048  -17.989  7.463 0.3333333433
72319  -31.640  -14.702  6.069 0.4444444478
66322  -30.292  -21.007  12.820 0.1111111119
83456  -21.222  -2.403  8.445 0.5555555820
68357  -32.260  -19.263  10.134 0.2222222239
140056  -24.656  -27.771  15.862 0.4444444478
59246  -24.382  -27.451  15.358 0.4444444478
60305  -26.533  -26.613  16.181 0.4444444478
59230  -22.240  -27.670  15.973 0.4444444478
146201  -29.096  -23.144  15.824 0.1111111119
63311  -28.643  -23.617  16.066 0.1111111119
55289  -25.879  -32.254  21.019 0.1111111119
55340  -22.920  -31.288  18.670 0.3333333433
56202  -24.837  -30.970  20.276 0.2222222239
55314  -25.324  -31.618  20.723 0.2222222239
135651  -26.049  -31.544  20.828 0.1111111119
56203  -25.768  -30.774  20.593 0.1111111119
57165  -21.365  -29.736  18.291 0.3333333433
56233  -20.975  -30.314  18.947 0.3333333433
56222  -21.942  -31.123  18.804 0.3333333433
56236  -23.308  -30.744  18.177 0.3333333433
56237  -24.007  -30.212  18.732 0.3333333433
56224  -24.373  -30.484  19.610 0.2222222239
57155  -24.718  -29.745  19.306 0.2222222239
56225  -25.156  -30.123  20.102 0.2222222239
58140  -20.876  -27.974  18.070 0.2222222239
58131  -20.980  -28.866  18.132 0.2222222239
57166  -22.301  -30.110  17.814 0.3333333433
56235  -22.660  -30.795  18.131 0.3333333433
57156  -25.543  -29.450  19.657 0.1111111119
59218  -20.484  -27.251  17.782 0.2222222239
136979  -21.138  -27.777  17.167 0.3333333433
58141  -21.490  -28.513  17.389 0.3333333433
58153  -21.811  -28.218  16.547 0.3333333433
58154  -22.665  -28.550  16.091 0.3333333433
57175  -21.854  -29.308  17.604 0.3333333433
58143  -23.110  -29.289  16.493 0.3333333433
57178  -24.082  -29.620  17.310 0.3333333433
129524  -23.929  -29.336  16.590 0.3333333433
58144  -24.612  -29.158  17.191 0.3333333433
58145  -25.129  -28.428  17.133 0.3333333433
139066  -25.310  -28.845  18.097 0.3333333433
58118  -25.786  -28.859  19.092 0.1111111119
58133  -26.040  -28.324  18.571 0.2222222239
60287  -20.154  -26.524  17.538 0.2222222239
59219  -20.807  -27.069  16.946 0.2222222239
59231  -23.196  -28.059  15.563 0.3333333433
58155  -23.538  -28.764  15.932 0.3333333433
58156  -24.414  -28.566  16.310 0.3333333433
59220  -25.734  -28.087  17.778 0.3333333433
60286  -19.664  -26.087  17.914 0.3333333433
60288  -20.600  -26.161  16.878 0.3333333433
146400  -24.998  -27.959  16.521 0.3333333433
59233  -25.421  -27.548  16.120 0.3333333433
59234  -26.151  -27.303  16.552 0.3333333433
72320  -32.470  -14.728  5.712 0.2222222239
73406  -31.320  -13.672  5.036 0.2222222239
72323  -31.920  -14.182  5.443 0.2222222239
76206  -28.783  -10.638  5.470 0.3333333433
56223  -23.644  -30.915  19.082 0.3333333433
57136  -26.044  -29.832  20.404 0.1111111119
57177  -23.439  -29.774  17.109 0.3333333433
58132  -24.522  -29.558  18.204 0.3333333433
60302  -21.476  -26.786  16.348 0.3333333433
54252  -24.984  -32.476  20.943 0.1111111119
139743  -25.667  -33.211  21.113 0.1111111119
122713  -21.032  -31.047  19.259 0.3333333433
55331  -22.427  -31.768  19.194 0.3333333433
55332  -23.319  -31.654  19.328 0.3333333433
55312  -23.784  -32.181  19.849 0.3333333433
55313  -24.523  -31.871  20.399 0.3333333433
54221  -26.481  -32.831  21.334 0.1111111119
55290  -26.747  -31.910  21.179 0.1111111119
55315  -26.497  -31.178  20.801 0.1111111119
58130  -20.170  -28.354  18.671 0.2222222239
59208  -20.068  -27.504  18.551 0.2222222239
57157  -26.466  -29.105  19.868 0.1111111119
133407  -26.272  -27.799  18.227 0.1111111119
59221  -26.222  -27.526  17.518 0.1111111119
60289  -26.771  -26.813  17.348 0.1111111119
61343  -19.832  -25.483  17.473 0.1111111119
73412  -31.726  -13.204  3.949 0.2222222239
76216  -28.296  -10.204  4.556 0.2222222239
143626  -28.705  -10.223  3.982 0.2222222239
62350  -19.979  -24.367  16.408 0.2222222239
134785  -20.998  -21.032  14.183 0.5555555820
135258  -19.955  -25.914  17.363 0.2222222239
74430  -30.431  -12.709  2.762 0.2222222239
55333  -24.099  -31.331  19.752 0.3333333433
56234  -21.884  -30.470  18.364 0.3333333433
57154  -20.244  -29.336  18.853 0.2222222239
56249  -23.059  -30.331  17.583 0.3333333433
57167  -23.716  -30.039  17.835 0.3333333433
57168  -25.165  -29.266  18.896 0.2222222239
59229  -21.455  -27.560  16.515 0.3333333433
58142  -22.267  -28.946  16.857 0.3333333433
57176  -22.702  -29.682  17.183 0.3333333433
58119  -26.391  -28.491  19.254 0.1111111119
124463  -25.615  -27.803  16.960 0.3333333433
126861  -24.774  -33.259  20.907 0.1111111119
55330  -21.455  -31.769  19.410 0.3333333433
54268  -22.874  -32.436  19.522 0.3333333433
124145  -20.038  -29.970  19.422 0.2222222239
73407  -32.395  -13.639  4.566 0.1111111119
135115  -33.034  -14.095  5.012 0.1111111119
73414  -33.737  -13.043  3.877 0.1111111119
73413  -32.812  -13.050  3.778 0.1111111119
73421  -31.288  -13.216  2.587 0.1111111119
74431  -32.319  -12.479  2.521 0.1111111119
75359  -29.893  -11.473  4.254 0.1111111119
75372  -31.664  -12.214  1.930 0.1111111119
75366  -30.262  -11.842  3.363 0.1111111119
75370  -30.519  -11.522  3.336 0.1111111119
77857  -27.802  -8.212  7.029 0.2222222239
76228  -29.570  -10.743  3.926 0.1111111119
75365  -29.783  -10.786  3.648 0.1111111119
78711  -28.012  -7.298  7.644 0.1111111119
79563  -28.798  -6.953  8.485 0.2222222239
80451  -29.461  -5.455  9.223 0.1111111119
79562  -28.100  -6.380  7.717 0.1111111119
125139  -29.903  -4.866  10.165 0.1111111119
138919  -19.277  -4.049  8.722 0.4444444478
82408  -20.828  -3.706  8.183 0.4444444478
130515  -29.828  -4.045  10.275 0.1111111119
83458  -23.020  -2.435  9.264 0.4444444478
128514  -27.117  -1.128  10.617 0.3333333433
84477  -27.410  -1.777  11.162 0.2222222239
84490  -28.558  -1.351  10.672 0.1111111119
82382  -29.502  -3.223  10.396 0.1111111119
83447  -29.304  -2.387  10.490 0.1111111119
84502  -22.061  -1.996  8.700 0.4444444478
85352  -22.460  -1.282  8.481 0.4444444478
84503  -23.187  -1.716  9.142 0.4444444478
140653  -23.702  -0.339  8.751 0.4444444478
85354  -24.301  -0.681  9.174 0.4444444478
86195  -24.895  0.683  9.526 0.4444444478
86183  -25.651  0.479  10.114 0.2222222239
86184  -26.534  0.398  10.472 0.2222222239
86185  -27.614  0.202  10.646 0.2222222239
85343  -28.251  -0.566  10.601 0.2222222239
89944  -25.293  5.188  6.886 0.1111111119
89242  -27.087  4.473  8.131 0.1111111119
86196  -29.074  0.777  10.072 0.1111111119
121558  -19.088  -2.328  9.545 0.4444444478
129528  -19.506  -1.787  9.357 0.4444444478
83455  -20.019  -2.187  8.512 0.4444444478
84501  -20.460  -1.669  8.549 0.3333333433
85351  -21.254  -1.369  8.241 0.4444444478
86205  -22.434  0.051  7.727 0.4444444478
86193  -23.419  0.285  8.508 0.4444444478
86194  -24.291  0.111  9.053 0.4444444478
87058  -24.012  1.002  9.016 0.4444444478
87085  -22.424  1.458  7.059 0.3333333433
87073  -24.057  1.818  8.711 0.3333333433
146071  -24.761  2.347  8.965 0.1111111119
87060  -25.840  1.795  9.670 0.1111111119
87806  -26.305  2.528  9.476 0.1111111119
87051  -27.169  1.105  10.350 0.2222222239
87061  -26.740  1.823  9.820 0.1111111119
88496  -27.206  3.271  8.920 0.1111111119
85364  -20.764  -0.798  8.154 0.3333333433
87072  -23.110  1.067  8.098 0.4444444478
87816  -23.511  2.072  7.789 0.2222222239
87804  -24.331  2.666  8.399 0.2222222239
87817  -25.127  3.063  8.823 0.1111111119
136915  -22.031  2.682  6.445 0.1111111119
87832  -22.767  2.416  7.132 0.1111111119
88524  -23.851  4.007  7.875 0.1111111119
88506  -25.616  3.947  8.478 0.1111111119
133901  -22.885  3.538  7.209 0.1111111119
89239  -24.839  4.329  7.967 0.1111111119
84512  -20.305  -0.982  8.693 0.3333333433
85350  -20.339  -0.443  9.462 0.3333333433
86202  -20.115  0.143  8.533 0.3333333433
86204  -21.289  -0.053  7.107 0.3333333433
87084  -21.227  0.959  6.279 0.2222222239
87831  -21.643  1.751  6.229 0.2222222239
89253  -22.595  4.216  6.553 0.1111111119
89943  -24.378  5.149  6.789 0.1111111119
89975  -23.725  5.984  4.981 0.1111111119
86178  -20.665  0.478  12.181 0.1111111119
86182  -20.690  0.767  11.016 0.1111111119
86192  -20.669  0.534  9.755 0.2222222239
87056  -20.170  1.033  8.510 0.2222222239
87069  -19.978  0.523  7.602 0.3333333433
87814  -19.838  1.587  7.700 0.2222222239
86209  -20.988  0.637  6.675 0.3333333433
87082  -19.739  0.874  6.693 0.3333333433
87830  -19.462  1.587  6.407 0.2222222239
87847  -19.654  1.752  5.428 0.1111111119
88536  -19.379  2.530  4.637 0.1111111119
88537  -19.630  2.589  4.325 0.1111111119
88538  -20.505  3.092  4.816 0.1111111119
88523  -21.710  3.388  6.124 0.1111111119
89266  -21.243  4.111  5.395 0.1111111119
128349  -22.259  4.929  5.821 0.1111111119
89942  -23.390  4.887  6.628 0.1111111119
89961  -25.505  5.347  6.159 0.1111111119
89962  -26.214  5.189  6.160 0.1111111119
87795  -20.818  2.017  10.988 0.1111111119
87049  -20.678  1.695  10.599 0.1111111119
88492  -20.727  2.841  9.361 0.1111111119
88502  -19.776  2.548  7.469 0.2222222239
145929  -19.928  3.350  7.236 0.1111111119
89236  -20.181  4.953  6.873 0.1111111119
126932  -18.821  3.325  4.815 0.1111111119
89252  -19.064  4.479  5.409 0.1111111119
89265  -19.445  3.589  3.810 0.1111111119
87796  -21.546  2.411  10.660 0.1111111119
88481  -22.540  2.662  11.406 0.1111111119
88493  -21.525  3.551  9.528 0.1111111119
89231  -22.225  4.451  9.444 0.1111111119
143400  -21.526  4.516  8.674 0.1111111119
88487  -23.052  3.483  10.951 0.1111111119
89219  -23.403  4.306  11.804 0.1111111119
89226  -23.117  4.609  10.936 0.1111111119
73408  -33.562  -13.528  4.258 0.1111111119
73419  -32.044  -13.070  2.806 0.1111111119
74426  -32.941  -12.635  3.373 0.1111111119
76226  -27.376  -9.981  3.380 0.1111111119
76227  -28.450  -10.000  3.396 0.1111111119
76204  -27.428  -9.737  4.289 0.1111111119
129999  -28.853  -6.193  8.523 0.1111111119
122114  -20.418  -2.889  8.142 0.4444444478
129919  -25.652  -0.930  9.843 0.4444444478
85341  -25.959  -0.271  10.292 0.3333333433
138289  -27.557  -0.635  10.628 0.2222222239
84489  -27.877  -1.215  10.821 0.1111111119
85344  -29.047  -0.625  10.334 0.1111111119
82395  -29.620  -3.488  9.616 0.1111111119
87062  -27.706  1.774  9.891 0.2222222239
88494  -25.958  3.198  9.065 0.1111111119
88507  -26.645  3.808  8.670 0.1111111119
87818  -27.946  3.144  8.904 0.1111111119
85365  -21.635  -0.773  7.741 0.3333333433
89240  -25.067  4.877  7.461 0.1111111119
87070  -20.555  2.022  8.952 0.2222222239
88521  -19.347  2.630  5.977 0.1111111119
88486  -22.296  2.933  10.294 0.1111111119
130635  -22.859  4.974  9.920 0.1111111119
74424  -34.157  -12.791  4.593 0.1111111119
74427  -33.646  -12.614  3.856 0.1111111119
76205  -28.057  -10.112  5.366 0.2222222239
77848  -28.600  -8.152  7.903 0.2222222239
81393  -29.742  -4.347  9.392 0.1111111119
121884  -19.784  -3.572  8.188 0.4444444478
85366  -22.895  -0.525  8.289 0.4444444478
87045  -21.272  2.037  11.836 0.1111111119
87789  -22.401  2.300  12.493 0.1111111119
88482  -23.339  3.460  12.017 0.1111111119
89225  -22.626  3.900  10.130 0.1111111119
73409  -34.903  -13.459  4.678 0.1111111119
71352  -33.393  -14.758  5.138 0.1111111119
72324  -34.274  -14.295  4.395 0.1111111119
72328  -34.325  -13.591  4.261 0.1111111119
74414  -34.375  -12.645  5.653 0.1111111119
73394  -34.845  -13.072  6.074 0.1111111119
75351  -33.025  -11.371  4.714 0.1111111119
75368  -31.873  -11.740  2.263 0.1111111119
76230  -31.405  -11.222  3.087 0.1111111119
76237  -29.640  -10.476  3.590 0.1111111119
77025  -26.455  -9.947  3.228 0.1111111119
125510  -27.268  -10.093  2.821 0.1111111119
76236  -28.103  -9.752  3.075 0.1111111119
77013  -26.534  -9.104  4.084 0.1111111119
78733  -25.364  -7.385  4.391 0.1111111119
142362  -27.118  -6.444  7.028 0.1111111119
123120  -20.230  -4.352  8.093 0.4444444478
80450  -28.330  -5.467  7.738 0.1111111119
81407  -28.993  -4.622  8.330 0.1111111119
84506  -29.407  -1.058  9.850 0.1111111119
82409  -29.355  -3.742  8.621 0.1111111119
121913  -18.920  -3.261  9.102 0.4444444478
138963  -19.603  -2.779  8.467 0.4444444478
85357  -30.093  0.194  9.056 0.1111111119
87074  -29.012  2.039  8.991 0.1111111119
84499  -18.997  -1.685  10.348 0.2222222239
84500  -19.522  -1.004  9.670 0.2222222239
88509  -28.290  3.475  8.233 0.1111111119
85335  -19.575  -0.582  11.657 0.1111111119
86181  -20.652  -0.021  10.382 0.2222222239
89267  -26.720  4.876  6.675 0.1111111119
89276  -26.743  4.840  5.704 0.1111111119
85336  -20.207  -0.221  12.235 0.1111111119
85323  -20.464  0.517  13.786 0.1111111119
87040  -21.668  1.692  12.950 0.1111111119
89977  -24.823  5.499  5.297 0.1111111119
87781  -22.404  2.042  13.534 0.1111111119
87782  -23.180  2.637  13.081 0.1111111119
131985  -19.154  5.639  5.395 0.1111111119
89974  -19.857  5.757  3.030 0.1111111119
121978  -20.867  5.717  3.459 0.1111111119
139017  -22.842  6.305  3.857 0.1111111119
88474  -23.617  3.256  12.777 0.1111111119
89927  -22.191  5.450  8.928 0.1111111119
89929  -20.479  6.178  7.558 0.1111111119
77872  -27.623  -8.757  5.924 0.1111111119
84479  -28.925  -2.074  11.010 0.1111111119
85355  -25.126  -0.278  9.624 0.4444444478
73411  -31.041  -13.090  3.751 0.1111111119
73416  -30.054  -13.174  2.985 0.1111111119
75369  -32.408  -11.874  2.756 0.1111111119
76239  -31.244  -11.638  2.666 0.1111111119
78718  -26.758  -6.983  6.496 0.1111111119
77865  -26.532  -7.746  5.758 0.1111111119
84491  -29.134  -1.560  10.392 0.1111111119
83460  -29.428  -1.986  9.658 0.1111111119
87059  -24.914  1.633  9.338 0.2222222239
135070  -25.476  1.154  9.814 0.2222222239
87050  -26.207  1.143  10.125 0.1111111119
87052  -28.201  1.006  10.371 0.2222222239
86187  -29.339  0.115  10.206 0.1111111119
89945  -26.046  5.152  6.901 0.1111111119
88508  -27.518  3.715  8.441 0.1111111119
89241  -26.316  4.658  8.193 0.1111111119
89256  -26.580  4.881  7.560 0.1111111119
88525  -27.772  3.981  7.758 0.1111111119
86206  -30.051  0.736  8.754 0.1111111119
86197  -29.723  0.365  9.568 0.1111111119
87063  -28.608  1.552  9.693 0.2222222239
87808  -28.252  2.409  9.330 0.2222222239
85363  -20.244  -0.491  8.493 0.3333333433
88504  -23.747  2.993  7.798 0.2222222239
88505  -24.618  3.529  8.282 0.1111111119
89254  -23.361  4.332  7.341 0.1111111119
85339  -19.913  -0.487  10.589 0.1111111119
86208  -20.481  0.567  6.969 0.3333333433
87083  -20.238  0.819  5.914 0.2222222239
87101  -20.524  1.257  5.456 0.1111111119
87849  -20.791  2.163  5.280 0.1111111119
89959  -23.431  5.549  5.796 0.1111111119
89958  -22.154  5.549  5.091 0.1111111119
89960  -24.562  5.433  6.079 0.1111111119
90736  -22.289  6.068  4.154 0.1111111119
85331  -20.263  -0.058  13.190 0.1111111119
85340  -20.385  -0.023  11.348 0.1111111119
87057  -20.555  1.606  9.633 0.1111111119
87100  -19.682  1.065  5.764 0.2222222239
141304  -19.999  1.221  5.357 0.1111111119
88547  -18.765  3.222  3.826 0.1111111119
89957  -20.653  4.986  4.310 0.1111111119
87044  -20.773  1.592  11.581 0.1111111119
87039  -21.031  1.318  12.547 0.1111111119
87802  -20.723  2.270  10.099 0.1111111119
87803  -21.429  2.670  9.906 0.1111111119
88503  -20.465  3.498  8.558 0.1111111119
87815  -20.257  2.577  8.523 0.1111111119
89237  -20.539  4.290  7.651 0.1111111119
88522  -19.328  3.779  6.363 0.1111111119
89275  -18.774  4.048  3.718 0.1111111119
134044  -19.195  4.884  4.512 0.1111111119
125533  -19.426  4.959  3.999 0.1111111119
87790  -23.094  2.836  12.318 0.1111111119
89238  -21.284  5.219  8.004 0.1111111119
131895  -35.004  -14.862  4.228 0.1111111119
75362  -33.418  -11.908  3.834 0.1111111119
77014  -27.328  -9.387  5.191 0.1111111119
87819  -28.764  2.947  8.716 0.1111111119
87833  -29.064  3.223  7.980 0.1111111119
89941  -19.637  5.895  6.392 0.1111111119
130247  -22.674  6.180  9.813 0.1111111119
74413  -33.856  -12.082  5.510 0.1111111119
77871  -26.340  -8.522  4.945 0.1111111119
78725  -25.383  -6.509  5.070 0.1111111119
147157  -29.678  -0.708  9.412 0.1111111119
87820  -29.382  2.516  8.310 0.1111111119
88539  -27.926  4.000  6.850 0.1111111119
85330  -19.727  -0.538  12.529 0.1111111119
89257  -27.272  4.510  7.265 0.1111111119
86173  -20.749  0.721  13.223 0.1111111119
90751  -19.305  6.433  3.926 0.1111111119
89930  -21.382  6.181  8.344 0.1111111119
90705  -20.388  7.395  8.292 0.1111111119
53133  -22.893  -33.194  19.601 0.2222222239
67319  -20.510  -19.941  13.745 0.2222222239
67347  -20.596  -19.322  13.333 0.2222222239
122134  -18.865  -4.821  8.554 0.3333333433
122155  -18.067  -5.286  8.694 0.2222222239
82372  -18.570  -3.246  11.186 0.1111111119
83442  -18.802  -2.358  10.225 0.1111111119
143930  -18.599  -2.795  9.838 0.2222222239
76167  -18.498  -10.140  9.786 0.2222222239
76156  -19.210  -10.582  10.104 0.1111111119
66279  -20.613  -20.970  14.615 0.2222222239
78685  -18.150  -7.729  9.626 0.1111111119
78671  -17.779  -7.094  10.124 0.1111111119
126834  -18.345  -4.731  11.001 0.1111111119
81354  -19.435  -3.551  11.307 0.1111111119
83427  -18.753  -2.412  11.542 0.1111111119
122004  -18.441  -5.607  7.758 0.2222222239
64278  -20.388  -23.106  15.955 0.2222222239
65300  -20.602  -21.702  15.118 0.2222222239
65301  -20.890  -21.613  14.669 0.3333333433
121556  -17.607  -5.855  9.025 0.1111111119
70246  -20.618  -16.728  12.384 0.1111111119
121557  -18.748  -4.064  9.323 0.3333333433
82381  -18.583  -3.314  9.811 0.1111111119
121551  -17.995  -5.256  9.455 0.1111111119
142470  -18.398  -4.672  9.249 0.1111111119
123225  -18.323  -3.907  11.013 0.1111111119
79536  -18.190  -6.790  12.003 0.1111111119
122448  -18.452  -4.331  9.702 0.1111111119
121550  -18.816  -5.690  11.097 0.1111111119
80430  -17.689  -6.084  9.541 0.1111111119
69319  -32.468  -18.014  10.712 0.1111111119
140305  -22.111  -33.158  19.524 0.1111111119
53114  -23.451  -33.647  19.861 0.1111111119
134256  -21.250  -33.460  20.060 0.1111111119
54266  -21.409  -32.580  19.732 0.1111111119
55311  -20.818  -32.088  19.843 0.1111111119
56221  -20.199  -30.695  19.524 0.1111111119
63296  -19.648  -23.221  17.486 0.1111111119
67318  -20.393  -19.421  13.808 0.1111111119
66292  -20.536  -20.428  14.185 0.1111111119
73344  -19.927  -13.534  10.965 0.2222222239
73343  -19.825  -13.563  11.549 0.2222222239
73342  -19.408  -12.973  11.610 0.2222222239
54249  -20.681  -32.657  20.239 0.1111111119
68307  -20.460  -18.778  13.422 0.1111111119
68308  -20.632  -18.639  12.949 0.1111111119
53087  -20.772  -34.074  20.654 0.1111111119
133247  -21.861  -34.146  19.539 0.1111111119
53113  -22.582  -33.922  19.435 0.1111111119
54250  -23.439  -32.849  19.871 0.1111111119
53111  -20.380  -33.283  20.690 0.1111111119
55310  -20.030  -31.923  20.353 0.1111111119
56201  -19.624  -31.069  20.118 0.1111111119
56220  -19.491  -30.249  20.034 0.1111111119
57153  -19.585  -29.293  19.872 0.1111111119
58117  -19.660  -28.614  19.303 0.1111111119
58129  -19.566  -27.850  19.189 0.1111111119
134050  -19.995  -23.854  17.847 0.1111111119
64260  -19.755  -22.370  17.672 0.1111111119
66278  -19.860  -20.530  15.931 0.1111111119
125777  -19.915  -19.222  15.359 0.1111111119
72224  -19.803  -13.452  12.744 0.2222222239
74353  -19.304  -12.443  11.411 0.2222222239
75291  -19.291  -11.547  11.085 0.1111111119
54251  -24.151  -32.844  20.451 0.1111111119
74354  -19.466  -12.230  10.937 0.2222222239
75301  -19.558  -11.423  10.394 0.1111111119
64289  -20.542  -22.361  15.540 0.1111111119
72245  -20.251  -14.307  11.733 0.2222222239
63309  -19.961  -23.880  16.366 0.1111111119
59207  -19.545  -27.066  19.014 0.1111111119
60272  -19.793  -26.726  18.364 0.1111111119
62349  -19.797  -24.475  16.723 0.1111111119
54267  -22.043  -32.338  19.435 0.1111111119
55329  -20.491  -31.454  19.686 0.1111111119
66291  -20.435  -20.395  14.409 0.1111111119
64277  -19.651  -22.620  17.050 0.1111111119
53112  -21.357  -34.346  20.072 0.1111111119
54248  -19.984  -32.626  20.689 0.1111111119
63281  -20.021  -23.035  17.901 0.1111111119
56200  -19.147  -30.590  20.744 0.1111111119
63258  -20.477  -23.780  18.278 0.1111111119
130700  -19.777  -21.720  17.219 0.1111111119
74335  -19.445  -12.292  12.768 0.1111111119
75276  -19.308  -11.641  12.294 0.1111111119
76960  -18.150  -9.767  9.873 0.1111111119
72246  -20.499  -15.049  11.844 0.1111111119
76155  -18.575  -10.254  10.356 0.1111111119
77821  -18.271  -8.790  10.071 0.1111111119
52086  -22.419  -34.780  19.432 0.1111111119
65313  -24.951  -21.030  14.058 0.8888888955
65331  -22.431  -21.554  13.102 1.0000000000
65335  -28.844  -22.155  11.948 0.2222222239
66346  -29.727  -20.514  10.984 0.4444444478
66355  -30.583  -20.375  9.981 0.4444444478
66362  -30.185  -20.210  9.942 0.4444444478
66363  -30.566  -20.225  9.717 0.4444444478
67383  -29.546  -19.923  10.617 0.4444444478
67384  -30.529  -20.387  10.526 0.4444444478
67395  -31.524  -20.096  9.507 0.4444444478
67402  -30.269  -19.859  9.707 0.4444444478
67403  -30.831  -20.016  9.368 0.4444444478
68335  -31.794  -19.575  11.603 0.1111111119
68342  -22.206  -18.358  11.730 0.7777777910
68356  -31.914  -19.859  10.572 0.2222222239
68363  -29.953  -19.395  9.890 0.6666666865
68366  -32.060  -19.435  9.286 0.3333333433
68371  -30.692  -18.612  8.925 0.4444444478
69254  -26.426  -17.189  13.042 1.0000000000
69257  -29.160  -17.085  13.351 1.0000000000
69281  -29.787  -18.181  11.883 0.6666666865
69316  -23.619  -17.303  10.598 0.8888888955
69339  -30.816  -17.895  8.542 0.5555555820
70249  -28.482  -16.415  13.420 1.0000000000
70312  -24.240  -16.271  10.451 0.8888888955
71279  -30.258  -15.133  12.798 1.0000000000
71313  -30.669  -16.533  10.330 0.5555555820
71326  -22.727  -15.189  9.419 0.6666666865
72250  -28.158  -14.692  13.221 1.0000000000
72251  -29.796  -14.386  13.209 0.8888888955
72267  -20.206  -14.165  11.328 0.2222222239
72271  -31.170  -14.186  10.959 0.8888888955
72283  -31.124  -14.603  10.222 0.7777777910
72308  -30.998  -14.728  8.108 0.6666666865
73302  -19.882  -13.236  13.103 0.1111111119
73309  -29.287  -13.722  13.275 1.0000000000
73348  -31.064  -13.492  11.366 0.8888888955
73375  -23.699  -13.763  9.545 0.8888888955
73415  -34.309  -13.346  4.222 0.1111111119
73417  -30.490  -13.369  3.013 0.1111111119
73418  -31.246  -13.393  3.064 0.1111111119
73420  -30.665  -13.162  2.741 0.1111111119
73422  -31.919  -12.731  1.946 0.1111111119
74334  -19.308  -12.738  12.794 0.2222222239
74343  -29.497  -12.844  13.082 0.8888888955
74372  -25.261  -12.601  10.442 1.0000000000
74385  -30.859  -12.022  8.871 0.7777777910
74423  -33.647  -12.078  4.586 0.1111111119
74425  -30.759  -12.593  4.034 0.2222222239
74428  -30.207  -12.023  3.269 0.1111111119
74429  -30.363  -12.674  2.827 0.1111111119
74432  -33.015  -12.150  3.304 0.1111111119
74433  -31.191  -12.709  2.117 0.1111111119
75295  -30.858  -11.974  11.308 0.7777777910
75302  -19.910  -11.771  9.595 0.2222222239
75304  -25.314  -11.961  10.532 1.0000000000
75306  -30.782  -11.293  10.861 0.8888888955
75336  -29.387  -11.464  6.269 0.5555555820
75361  -32.869  -11.498  3.592 0.1111111119
75367  -30.409  -12.040  3.658 0.1111111119
75371  -30.888  -11.986  2.272 0.1111111119
75373  -32.064  -12.275  1.915 0.1111111119
76138  -29.331  -10.854  12.330 0.8888888955
76148  -27.884  -10.076  12.452 0.8888888955
76149  -30.325  -10.614  11.244 0.7777777910
76180  -29.531  -10.384  8.300 0.5555555820
76217  -29.199  -10.699  4.648 0.2222222239
76238  -30.443  -10.803  3.438 0.1111111119
76944  -28.984  -9.315  12.371 0.8888888955
76952  -26.648  -9.039  12.109 0.8888888955
76955  -30.315  -9.786  10.798 0.7777777910
76962  -24.687  -9.367  10.616 0.8888888955
76985  -29.237  -9.840  8.031 0.6666666865
77004  -28.146  -9.767  5.984 0.4444444478
77032  -26.606  -10.026  2.640 0.1111111119
77805  -30.152  -8.974  11.625 0.8888888955
77814  -27.966  -8.188  12.645 0.8888888955
77823  -24.319  -8.587  10.602 0.7777777910
77833  -18.651  -8.980  8.710 0.3333333433
77838  -30.487  -8.872  9.818 0.5555555820
77858  -28.967  -8.984  7.621 0.5555555820
78677  -27.878  -7.439  12.350 0.6666666865
78678  -28.611  -7.659  12.471 0.6666666865
78679  -29.812  -7.387  11.745 0.6666666865
78689  -30.386  -7.359  10.580 0.6666666865
78696  -22.111  -6.954  8.969 0.6666666865
78699  -23.998  -7.035  10.227 0.6666666865
78709  -19.864  -7.734  8.266 0.5555555820
78712  -28.879  -7.674  8.353 0.4444444478
79535  -17.924  -6.882  11.876 0.1111111119
79542  -29.988  -6.252  11.083 0.5555555820
79547  -17.704  -6.693  9.913 0.1111111119
80432  -29.986  -5.875  10.626 0.4444444478
82393  -22.503  -3.518  8.823 0.5555555820
83432  -29.153  -2.909  10.978 0.1111111119
83445  -25.203  -2.507  10.436 0.6666666865
84505  -24.962  -1.168  9.588 0.5555555820
85342  -26.811  -0.416  10.548 0.2222222239
85345  -29.614  -0.305  9.876 0.1111111119
85353  -23.454  -0.976  8.879 0.4444444478
85356  -29.974  -0.194  9.259 0.1111111119
85368  -30.192  -0.036  8.523 0.1111111119
86186  -28.688  0.208  10.511 0.1111111119
86203  -20.478  -0.250  7.663 0.3333333433
87064  -29.417  1.201  9.321 0.1111111119
87071  -21.913  0.630  7.103 0.3333333433
87075  -29.676  1.612  8.556 0.1111111119
87805  -25.476  2.458  9.290 0.1111111119
87807  -27.267  2.610  9.409 0.1111111119
87848  -19.974  1.798  4.926 0.1111111119
88495  -26.655  3.088  9.137 0.1111111119
88526  -28.455  3.566  7.406 0.1111111119
89255  -24.134  4.681  7.469 0.1111111119
89264  -18.511  3.720  3.994 0.1111111119
89931  -25.869  4.988  7.583 0.1111111119
89956  -19.005  6.096  4.676 0.1111111119
89973  -19.495  5.550  3.667 0.1111111119
121562  -17.858  -5.805  8.181 0.2222222239
121564  -28.521  -4.882  12.097 0.5555555820
121565  -28.368  -4.127  11.758 0.5555555820
121568  -18.088  -6.071  7.515 0.4444444478
121570  -21.142  -4.462  8.304 0.4444444478
121871  -25.657  -6.070  10.647 0.6666666865
121877  -25.610  -3.792  10.601 0.6666666865
122001  -24.537  -5.406  10.325 0.6666666865
122225  -31.428  -16.078  7.399 0.4444444478
122300  -27.156  -3.379  11.466 0.5555555820
123263  -18.552  -6.560  7.548 0.5555555820
124037  -28.573  -10.507  12.390 0.8888888955
124055  -28.217  -6.181  12.143 0.5555555820
124910  -29.941  -6.121  9.959 0.3333333433
126897  -26.334  -1.053  10.216 0.3333333433
127777  -20.334  -20.004  14.121 0.2222222239
127815  -29.284  -2.847  9.040 0.1111111119
129211  -19.508  -12.932  11.306 0.3333333433
131754  -21.889  -7.722  8.921 0.6666666865
133313  -24.885  -13.852  10.510 0.8888888955
134098  -24.774  -7.932  10.726 0.7777777910
136484  -30.528  -12.688  2.663 0.1111111119
137423  -30.373  -12.230  2.861 0.1111111119
138141  -29.476  -2.765  9.886 0.1111111119
138875  -25.300  -6.754  10.454 0.6666666865
138882  -25.723  -5.296  10.853 0.6666666865
138962  -19.542  -4.526  8.216 0.3333333433
139892  -23.132  -12.462  8.623 0.7777777910
141029  -25.605  4.657  7.990 0.1111111119
141755  -29.877  -5.293  10.652 0.3333333433
142062  -30.604  -9.052  10.621 0.7777777910
143486  -23.046  -34.444  19.505 0.1111111119
143683  -22.799  -10.101  9.695 0.7777777910
144903  -30.248  -18.166  9.684 0.5555555820
145258  -25.323  -10.829  10.734 0.8888888955
145298  -19.731  -4.983  8.044 0.4444444478
145442  -29.299  -5.664  11.628 0.5555555820
145614  -31.283  -11.484  3.042 0.1111111119
146213  -22.571  -6.889  9.384 0.6666666865
146716  -19.810  0.935  7.561 0.3333333433
147335  -23.741  -11.041  9.764 1.0000000000
147566  -30.330  -16.553  12.517 0.8888888955
147742  -22.913  5.293  5.972 0.1111111119
