#!ascii label  , from subject sub-07 vox2ras=TkReg
1113
53843  27.801  -32.468  79.049 0.0000000000
67835  40.201  -18.772  64.878 0.0000000000
59919  31.728  -26.429  71.662 0.0000000000
140715  9.193  -37.323  92.166 0.0000000000
57735  19.975  -27.551  83.741 0.0000000000
64035  32.370  -22.518  69.858 0.0000000000
53744  13.318  -33.093  86.176 0.0000000000
48484  12.511  -37.562  89.317 0.0000000000
53802  16.691  -32.520  83.683 0.0000000000
66929  44.940  -19.021  63.990 0.0000000000
58749  27.265  -27.845  79.168 0.0000000000
60829  27.375  -25.414  77.323 0.0000000000
56860  32.061  -29.899  80.197 0.0000000000
70739  43.468  -15.638  63.438 0.0000000000
71734  46.006  -14.705  60.871 0.0000000000
68728  37.142  -17.255  67.338 0.0000000000
64972  40.425  -20.962  69.021 0.0000000000
64055  36.994  -22.796  67.515 0.0000000000
125525  36.955  -25.506  71.761 0.0000000000
52677  25.903  -33.044  83.897 0.0000000000
123661  9.962  -41.236  96.681 0.0000000000
45282  6.151  -40.207  98.916 0.0000000000
47332  5.457  -37.585  101.855 0.0000000000
132010  23.576  -30.164  80.312 0.0000000000
54890  21.896  -31.805  83.379 0.0000000000
63008  26.661  -23.315  73.647 0.0000000000
60843  31.619  -25.076  76.502 0.0000000000
76475  48.874  -9.745  59.637 0.0000000000
66932  42.620  -18.802  63.759 0.0000000000
66893  42.796  -19.702  66.342 0.0000000000
56861  28.399  -29.804  79.610 0.0000000000
56889  29.295  -29.136  77.867 0.0000000000
54933  30.144  -31.525  79.160 0.0000000000
70715  39.413  -16.258  65.013 0.0000000000
137200  42.531  -15.574  64.894 0.0000000000
68788  40.764  -16.756  63.148 0.0000000000
142801  43.261  -17.420  62.573 0.0000000000
46371  3.310  -39.576  103.450 0.0000000000
65953  36.299  -20.189  67.657 0.0000000000
65938  35.029  -20.164  68.312 0.0000000000
62069  31.903  -24.021  70.620 0.0000000000
60975  34.286  -24.916  69.680 0.0000000000
59916  34.355  -26.229  71.775 0.0000000000
58800  34.762  -27.225  74.184 0.0000000000
142069  10.838  -38.144  90.636 0.0000000000
47407  13.088  -38.872  92.137 0.0000000000
147072  10.946  -40.009  92.850 0.0000000000
45330  11.955  -40.877  95.581 0.0000000000
46430  9.021  -39.582  94.075 0.0000000000
47376  7.106  -38.569  97.616 0.0000000000
47353  5.166  -38.576  100.400 0.0000000000
58730  21.907  -27.746  81.505 0.0000000000
55878  22.411  -30.449  80.883 0.0000000000
55860  20.187  -29.915  81.939 0.0000000000
51658  16.298  -34.376  85.481 0.0000000000
52660  18.525  -33.392  85.851 0.0000000000
60815  30.772  -25.285  78.696 0.0000000000
122879  29.903  -24.617  77.120 0.0000000000
65902  34.349  -20.691  69.780 0.0000000000
64008  31.417  -21.784  71.635 0.0000000000
63034  30.540  -23.571  71.434 0.0000000000
145720  14.376  -35.421  86.172 0.0000000000
49552  14.655  -36.761  89.243 0.0000000000
50656  12.544  -35.337  86.906 0.0000000000
50626  10.531  -34.801  89.534 0.0000000000
51600  10.082  -34.326  91.148 0.0000000000
55836  18.133  -30.276  82.838 0.0000000000
55829  16.067  -30.412  83.968 0.0000000000
53787  15.211  -32.764  84.326 0.0000000000
61892  26.310  -24.623  80.587 0.0000000000
61922  25.686  -24.831  78.131 0.0000000000
58761  26.567  -27.286  78.003 0.0000000000
58759  30.280  -27.726  77.810 0.0000000000
74678  44.800  -11.946  61.382 0.0000000000
70760  44.496  -14.991  61.920 0.0000000000
69739  45.907  -16.646  62.430 0.0000000000
68735  37.891  -17.222  65.933 0.0000000000
121845  39.785  -19.245  66.840 0.0000000000
66878  38.157  -19.474  67.710 0.0000000000
64047  38.398  -22.288  68.121 0.0000000000
62080  39.477  -24.285  69.359 0.0000000000
63068  34.205  -23.048  68.176 0.0000000000
62083  36.781  -24.619  69.057 0.0000000000
52720  26.602  -33.530  81.269 0.0000000000
53823  29.692  -32.516  81.860 0.0000000000
70683  38.481  -15.887  67.128 0.0000000000
48408  8.779  -36.242  94.481 0.0000000000
46416  7.759  -39.304  96.145 0.0000000000
45293  7.909  -40.926  97.907 0.0000000000
44087  7.791  -41.447  100.545 0.0000000000
45270  5.518  -40.703  100.545 0.0000000000
45259  4.209  -40.071  101.621 0.0000000000
48337  3.795  -38.056  102.314 0.0000000000
133516  4.329  -36.324  103.124 0.0000000000
54938  25.081  -32.064  79.802 0.0000000000
53824  24.075  -32.727  81.042 0.0000000000
53796  24.090  -32.518  83.620 0.0000000000
53800  19.579  -32.850  82.944 0.0000000000
62032  28.464  -24.649  72.149 0.0000000000
61956  26.247  -24.896  76.124 0.0000000000
59851  28.718  -26.102  74.469 0.0000000000
59865  31.351  -26.912  74.259 0.0000000000
55842  31.871  -30.769  82.838 0.0000000000
75630  50.127  -11.104  58.996 0.0000000000
74695  46.843  -11.895  59.771 0.0000000000
73725  48.552  -13.234  58.683 0.0000000000
147136  40.538  -18.604  64.264 0.0000000000
66908  42.689  -19.626  65.417 0.0000000000
66909  41.316  -19.471  65.400 0.0000000000
54934  28.619  -31.398  78.817 0.0000000000
55902  29.396  -31.163  78.661 0.0000000000
53851  29.042  -32.131  78.940 0.0000000000
68760  39.458  -17.652  64.429 0.0000000000
142356  39.917  -16.694  63.878 0.0000000000
67846  40.449  -18.194  63.743 0.0000000000
68771  41.098  -18.080  63.232 0.0000000000
47314  2.857  -39.029  104.040 0.0000000000
66862  35.251  -19.321  68.717 0.0000000000
132092  35.290  -19.297  69.469 0.0000000000
127738  32.282  -25.830  71.186 0.0000000000
60942  33.159  -25.887  71.016 0.0000000000
59918  32.630  -26.477  71.671 0.0000000000
59899  34.208  -26.684  72.475 0.0000000000
58824  32.853  -27.229  72.849 0.0000000000
47421  9.786  -37.764  91.820 0.0000000000
47409  11.092  -38.932  91.984 0.0000000000
46460  9.780  -38.916  92.749 0.0000000000
46429  9.937  -39.894  93.857 0.0000000000
47401  8.969  -38.408  93.071 0.0000000000
57770  21.328  -27.445  82.151 0.0000000000
57786  21.102  -28.868  81.481 0.0000000000
57772  19.881  -28.681  82.505 0.0000000000
51634  16.701  -34.365  87.738 0.0000000000
125051  26.118  -22.265  77.851 0.0000000000
60802  31.173  -24.713  78.668 0.0000000000
64009  30.769  -22.397  71.623 0.0000000000
64917  30.851  -21.309  72.412 0.0000000000
51660  13.635  -34.672  85.822 0.0000000000
50666  13.292  -35.889  86.769 0.0000000000
51650  12.498  -34.405  86.832 0.0000000000
52621  11.339  -33.431  88.407 0.0000000000
53685  10.655  -32.298  89.709 0.0000000000
51607  10.200  -34.011  90.328 0.0000000000
56803  17.136  -29.291  84.349 0.0000000000
54869  13.812  -31.647  85.728 0.0000000000
54867  14.786  -31.401  84.646 0.0000000000
53768  13.918  -32.697  85.479 0.0000000000
51670  14.992  -34.126  84.917 0.0000000000
59792  26.172  -26.369  79.385 0.0000000000
58760  26.984  -27.867  78.241 0.0000000000
55899  31.149  -30.217  78.809 0.0000000000
57826  29.236  -28.481  77.594 0.0000000000
57814  31.235  -28.576  78.644 0.0000000000
58747  31.590  -27.746  79.023 0.0000000000
57803  32.440  -28.535  79.928 0.0000000000
137012  42.892  -15.612  64.122 0.0000000000
72721  44.299  -13.622  62.029 0.0000000000
123684  44.009  -15.284  62.729 0.0000000000
67864  44.141  -18.243  63.097 0.0000000000
68784  44.454  -17.035  62.394 0.0000000000
68770  45.657  -18.144  63.229 0.0000000000
68736  37.569  -17.404  66.701 0.0000000000
66897  38.460  -18.852  67.246 0.0000000000
66879  37.190  -18.770  67.598 0.0000000000
136332  36.357  -21.000  67.529 0.0000000000
64981  37.549  -21.243  67.702 0.0000000000
64054  37.598  -22.044  67.737 0.0000000000
63065  38.860  -23.156  68.603 0.0000000000
64048  37.463  -23.408  68.065 0.0000000000
64964  33.521  -21.198  69.663 0.0000000000
146032  33.969  -21.733  68.475 0.0000000000
64050  33.479  -22.725  68.651 0.0000000000
60959  35.662  -25.194  70.193 0.0000000000
138327  35.570  -24.849  69.577 0.0000000000
60958  36.554  -25.337  70.511 0.0000000000
143314  38.197  -25.008  70.021 0.0000000000
125302  26.175  -33.540  82.593 0.0000000000
121760  27.997  -33.339  83.086 0.0000000000
69668  37.488  -16.381  68.336 0.0000000000
69682  37.406  -16.620  67.489 0.0000000000
69693  38.243  -16.406  66.228 0.0000000000
130950  13.113  -37.146  88.564 0.0000000000
48468  14.014  -37.339  90.799 0.0000000000
45320  10.500  -40.894  96.105 0.0000000000
135916  12.136  -40.930  97.790 0.0000000000
45305  11.300  -41.234  97.805 0.0000000000
45292  9.494  -41.614  98.321 0.0000000000
48397  9.154  -36.299  95.499 0.0000000000
47387  8.006  -38.586  95.184 0.0000000000
146413  7.996  -37.385  96.284 0.0000000000
47377  6.626  -39.085  97.964 0.0000000000
46412  7.056  -39.422  97.449 0.0000000000
45295  6.580  -40.243  98.302 0.0000000000
135053  7.812  -41.099  98.714 0.0000000000
133486  6.252  -40.745  99.463 0.0000000000
44088  6.669  -41.393  100.652 0.0000000000
45283  5.755  -40.219  99.728 0.0000000000
47344  5.737  -37.626  101.023 0.0000000000
46388  4.682  -39.479  100.977 0.0000000000
47345  4.804  -38.281  101.119 0.0000000000
47334  3.830  -38.462  101.979 0.0000000000
140265  5.218  -37.529  102.443 0.0000000000
134538  25.169  -30.342  81.413 0.0000000000
56862  25.292  -30.824  80.827 0.0000000000
55891  24.622  -31.472  80.089 0.0000000000
53846  24.710  -32.469  79.942 0.0000000000
54928  23.618  -31.420  80.400 0.0000000000
54903  22.525  -31.345  82.741 0.0000000000
54902  23.163  -31.491  82.233 0.0000000000
54889  22.678  -31.934  83.351 0.0000000000
54908  17.535  -31.708  82.784 0.0000000000
129256  18.474  -31.942  82.432 0.0000000000
52709  18.402  -32.716  83.181 0.0000000000
135501  20.001  -33.160  86.414 0.0000000000
65951  39.932  -19.921  68.273 0.0000000000
133087  41.256  -19.735  67.929 0.0000000000
65935  41.340  -20.089  68.810 0.0000000000
64904  27.497  -21.740  73.137 0.0000000000
63021  28.681  -23.631  72.171 0.0000000000
62033  27.878  -24.149  72.653 0.0000000000
60831  25.962  -25.451  77.242 0.0000000000
60848  25.815  -25.073  76.763 0.0000000000
60846  27.035  -25.056  76.686 0.0000000000
60844  30.787  -24.791  76.497 0.0000000000
60859  29.420  -25.281  75.951 0.0000000000
60858  30.345  -25.499  75.937 0.0000000000
144109  30.191  -26.443  74.691 0.0000000000
125876  31.742  -26.381  75.282 0.0000000000
59846  33.429  -27.021  75.701 0.0000000000
54901  30.961  -31.822  82.135 0.0000000000
75620  49.789  -10.552  59.335 0.0000000000
72732  45.069  -13.245  60.272 0.0000000000
73707  45.474  -12.353  60.219 0.0000000000
71764  45.857  -13.744  59.846 0.0000000000
139933  48.372  -14.195  58.915 0.0000000000
71773  48.868  -14.265  58.814 0.0000000000
54845  13.274  -31.339  86.558 0.0000000000
139631  12.304  -32.162  87.532 0.0000000000
133164  43.807  -18.924  63.841 0.0000000000
127696  44.885  -19.245  64.784 0.0000000000
66923  43.509  -19.398  64.960 0.0000000000
136806  28.484  -29.041  79.136 0.0000000000
57816  28.289  -28.841  78.239 0.0000000000
56883  29.016  -29.398  78.257 0.0000000000
55900  30.542  -30.653  78.634 0.0000000000
55887  31.483  -30.522  79.632 0.0000000000
70712  42.111  -15.742  65.669 0.0000000000
139677  40.804  -15.748  64.800 0.0000000000
138843  41.663  -15.885  63.930 0.0000000000
70751  42.087  -16.432  62.907 0.0000000000
143010  42.665  -16.581  62.562 0.0000000000
124495  42.047  -17.061  62.597 0.0000000000
67855  42.587  -18.293  63.062 0.0000000000
141983  3.875  -40.272  103.482 0.0000000000
68722  36.343  -17.459  68.528 0.0000000000
67810  36.443  -18.577  67.802 0.0000000000
67811  35.867  -18.819  67.970 0.0000000000
65954  35.601  -20.152  67.855 0.0000000000
64983  35.867  -21.610  67.499 0.0000000000
62087  32.429  -23.573  69.867 0.0000000000
62086  33.075  -24.069  69.303 0.0000000000
60976  33.451  -24.820  69.734 0.0000000000
60961  33.902  -25.454  70.290 0.0000000000
60940  35.699  -25.771  71.763 0.0000000000
59882  35.513  -26.139  72.974 0.0000000000
59864  35.518  -26.880  74.328 0.0000000000
53760  25.375  -32.858  85.460 0.0000000000
48471  11.225  -37.836  89.889 0.0000000000
47430  12.584  -38.371  90.502 0.0000000000
47418  12.228  -38.749  91.130 0.0000000000
46442  12.471  -39.621  93.156 0.0000000000
46427  12.311  -39.981  94.011 0.0000000000
45332  10.169  -40.656  95.213 0.0000000000
45333  8.992  -40.436  95.154 0.0000000000
47374  7.906  -37.628  96.863 0.0000000000
130851  7.489  -38.004  98.721 0.0000000000
47360  6.973  -38.188  99.025 0.0000000000
46394  5.530  -39.039  99.755 0.0000000000
124074  7.044  -37.831  99.798 0.0000000000
47343  6.661  -37.291  101.017 0.0000000000
47331  6.458  -37.032  101.888 0.0000000000
57794  22.923  -29.004  80.706 0.0000000000
140454  22.732  -30.310  80.511 0.0000000000
56865  21.686  -29.175  80.998 0.0000000000
55858  21.673  -30.131  81.397 0.0000000000
54905  20.499  -31.196  82.597 0.0000000000
52681  16.518  -33.608  84.704 0.0000000000
139210  18.078  -33.109  84.360 0.0000000000
52661  17.683  -33.567  85.597 0.0000000000
64963  40.814  -21.614  69.315 0.0000000000
63968  25.763  -22.523  75.074 0.0000000000
59818  29.451  -25.949  77.948 0.0000000000
61936  29.011  -25.040  77.026 0.0000000000
61921  29.951  -24.841  77.578 0.0000000000
61919  31.332  -24.406  78.239 0.0000000000
76469  47.600  -9.530  60.640 0.0000000000
49388  2.107  -36.557  103.963 0.0000000000
64946  33.700  -20.795  70.649 0.0000000000
64947  32.921  -21.156  70.488 0.0000000000
64019  31.975  -22.291  70.628 0.0000000000
63043  31.486  -23.301  70.971 0.0000000000
137051  31.180  -23.878  71.094 0.0000000000
62050  30.802  -24.655  71.237 0.0000000000
50654  15.351  -35.516  87.413 0.0000000000
50636  15.221  -36.095  88.821 0.0000000000
50655  14.627  -36.026  87.332 0.0000000000
49591  13.068  -36.494  87.421 0.0000000000
49572  12.540  -36.736  88.092 0.0000000000
52632  11.972  -33.815  87.633 0.0000000000
135775  11.540  -35.215  88.002 0.0000000000
49555  11.107  -36.551  89.100 0.0000000000
49538  10.770  -36.803  89.728 0.0000000000
127313  10.082  -35.498  90.747 0.0000000000
50617  9.869  -35.129  91.597 0.0000000000
56813  19.076  -28.954  82.850 0.0000000000
56814  18.297  -29.259  83.310 0.0000000000
54892  17.319  -30.749  83.015 0.0000000000
54893  16.670  -31.773  83.256 0.0000000000
55815  15.681  -29.854  84.668 0.0000000000
55830  15.404  -30.899  84.296 0.0000000000
52696  15.878  -32.668  83.971 0.0000000000
51669  15.702  -34.027  84.811 0.0000000000
51648  15.648  -35.043  86.020 0.0000000000
63933  26.440  -22.910  80.302 0.0000000000
62964  25.975  -23.220  79.315 0.0000000000
61906  25.775  -24.747  78.911 0.0000000000
59804  26.018  -26.042  78.134 0.0000000000
122724  26.863  -25.974  77.784 0.0000000000
132637  27.986  -28.415  77.782 0.0000000000
58770  28.811  -27.755  77.487 0.0000000000
135114  29.022  -26.912  77.594 0.0000000000
59801  30.569  -26.889  78.266 0.0000000000
59790  31.933  -26.878  79.382 0.0000000000
73691  44.528  -12.485  62.428 0.0000000000
72720  44.247  -13.046  61.481 0.0000000000
71735  45.133  -14.554  61.058 0.0000000000
69741  44.171  -16.234  62.053 0.0000000000
69749  44.882  -15.713  61.793 0.0000000000
141563  38.999  -17.768  65.075 0.0000000000
66911  39.754  -18.875  65.854 0.0000000000
66896  39.105  -18.853  66.616 0.0000000000
133062  39.380  -19.449  67.423 0.0000000000
65937  39.454  -20.442  68.277 0.0000000000
65952  37.439  -19.627  67.714 0.0000000000
141007  38.723  -20.602  68.032 0.0000000000
64973  39.787  -21.191  68.576 0.0000000000
64033  39.752  -22.900  68.836 0.0000000000
63051  40.081  -23.663  69.106 0.0000000000
65921  34.583  -20.628  68.858 0.0000000000
64976  34.491  -21.612  68.127 0.0000000000
64057  35.593  -22.476  67.610 0.0000000000
62101  34.572  -23.829  68.526 0.0000000000
62100  35.515  -24.038  68.454 0.0000000000
63066  36.704  -23.569  67.932 0.0000000000
62082  37.680  -24.586  69.192 0.0000000000
141467  27.447  -33.276  79.814 0.0000000000
52725  28.908  -33.182  80.563 0.0000000000
52704  28.279  -33.257  82.210 0.0000000000
130693  29.295  -32.585  83.197 0.0000000000
135294  39.093  -15.963  66.477 0.0000000000
69706  38.192  -16.915  65.496 0.0000000000
49492  9.276  -35.681  92.987 0.0000000000
49477  9.260  -35.567  93.967 0.0000000000
49493  8.606  -36.512  93.459 0.0000000000
47392  8.342  -38.420  94.371 0.0000000000
46423  8.261  -39.706  95.193 0.0000000000
45334  8.423  -40.436  95.859 0.0000000000
137927  7.430  -38.400  96.645 0.0000000000
45322  7.685  -39.796  97.013 0.0000000000
129586  8.795  -41.218  97.681 0.0000000000
141305  8.641  -41.382  98.474 0.0000000000
45280  8.581  -41.509  99.299 0.0000000000
45257  5.568  -41.085  101.345 0.0000000000
46395  5.229  -39.851  100.405 0.0000000000
45258  4.959  -40.378  101.124 0.0000000000
45248  4.007  -40.356  102.496 0.0000000000
45236  3.550  -39.953  102.871 0.0000000000
46381  3.320  -39.372  102.829 0.0000000000
48328  2.616  -38.020  103.252 0.0000000000
48326  5.508  -37.195  102.835 0.0000000000
139787  3.169  -37.520  102.938 0.0000000000
49394  2.670  -37.148  103.523 0.0000000000
55890  27.362  -31.591  79.330 0.0000000000
54926  26.540  -31.703  79.693 0.0000000000
53844  26.387  -32.743  79.474 0.0000000000
52738  25.777  -33.219  79.769 0.0000000000
52721  25.347  -33.344  81.341 0.0000000000
52691  25.026  -33.008  82.624 0.0000000000
53825  23.557  -32.012  81.402 0.0000000000
53809  24.281  -32.650  82.688 0.0000000000
53795  24.997  -32.749  83.519 0.0000000000
55845  19.416  -30.510  82.205 0.0000000000
54906  19.644  -31.364  82.358 0.0000000000
53799  20.298  -32.589  83.217 0.0000000000
52678  18.756  -33.139  84.171 0.0000000000
53766  20.087  -32.941  84.798 0.0000000000
124432  21.350  -32.577  84.484 0.0000000000
66877  41.187  -19.649  66.880 0.0000000000
63995  29.550  -22.788  72.075 0.0000000000
124963  29.187  -24.198  71.797 0.0000000000
59903  30.203  -26.289  72.211 0.0000000000
63960  25.709  -23.097  77.316 0.0000000000
62995  25.615  -23.718  75.919 0.0000000000
62000  26.058  -24.270  74.885 0.0000000000
61955  27.799  -24.760  76.391 0.0000000000
60861  27.818  -24.956  75.037 0.0000000000
61998  27.120  -24.877  74.126 0.0000000000
60899  28.329  -25.839  73.436 0.0000000000
59904  29.597  -26.414  72.922 0.0000000000
58815  31.965  -27.327  73.038 0.0000000000
58802  33.357  -27.272  74.233 0.0000000000
131146  30.251  -32.131  80.667 0.0000000000
125889  31.323  -31.170  81.034 0.0000000000
55871  32.138  -30.136  81.027 0.0000000000
56825  32.732  -29.720  82.692 0.0000000000
57765  33.008  -29.263  81.882 0.0000000000
75618  51.162  -9.922  59.007 0.0000000000
75613  46.588  -10.676  60.681 0.0000000000
75622  47.774  -10.803  59.660 0.0000000000
136924  47.212  -13.773  59.418 0.0000000000
73715  48.027  -12.517  59.084 0.0000000000
74693  48.333  -11.505  59.293 0.0000000000
74701  49.764  -12.155  58.676 0.0000000000
73723  50.539  -12.797  58.356 0.0000000000
66925  41.063  -19.085  64.691 0.0000000000
54935  27.728  -31.858  78.934 0.0000000000
54945  28.387  -32.037  78.766 0.0000000000
53842  28.510  -32.597  79.169 0.0000000000
68773  39.965  -17.800  63.873 0.0000000000
67847  39.968  -18.261  64.291 0.0000000000
47315  2.529  -38.291  103.851 0.0000000000
126143  32.914  -26.904  72.194 0.0000000000
59901  32.189  -26.998  72.285 0.0000000000
48453  9.434  -36.896  91.667 0.0000000000
47411  9.390  -38.087  92.399 0.0000000000
48422  8.748  -37.417  92.772 0.0000000000
58718  20.706  -27.525  82.612 0.0000000000
57771  20.622  -28.186  82.067 0.0000000000
57752  20.181  -27.906  82.900 0.0000000000
51626  16.302  -34.450  88.499 0.0000000000
133074  26.245  -22.287  78.838 0.0000000000
52664  13.723  -33.799  85.602 0.0000000000
52646  13.054  -34.079  86.164 0.0000000000
125759  13.486  -32.209  86.159 0.0000000000
59791  26.886  -27.071  79.824 0.0000000000
144869  31.694  -29.905  79.395 0.0000000000
56880  30.826  -29.347  78.389 0.0000000000
56872  31.487  -29.356  78.994 0.0000000000
57804  31.847  -28.565  79.307 0.0000000000
135690  32.463  -29.159  80.294 0.0000000000
71718  44.295  -14.733  63.192 0.0000000000
71725  44.347  -14.394  62.507 0.0000000000
125026  44.934  -18.499  63.376 0.0000000000
67863  44.890  -17.815  62.773 0.0000000000
129597  5.649  -41.054  103.013 0.0000000000
67809  37.079  -17.951  67.386 0.0000000000
64056  36.311  -22.381  67.467 0.0000000000
64982  36.831  -21.713  67.485 0.0000000000
143167  37.690  -22.751  67.910 0.0000000000
64966  32.836  -21.728  69.713 0.0000000000
64965  33.500  -21.867  68.916 0.0000000000
64034  32.995  -22.391  69.231 0.0000000000
60939  36.388  -25.542  71.390 0.0000000000
127793  37.032  -25.446  71.156 0.0000000000
52689  26.449  -33.432  83.375 0.0000000000
52688  27.346  -33.453  83.521 0.0000000000
52676  26.740  -33.321  84.204 0.0000000000
69683  36.895  -16.977  68.053 0.0000000000
142194  37.437  -16.894  66.820 0.0000000000
49553  13.178  -37.357  89.204 0.0000000000
49537  13.934  -37.191  89.745 0.0000000000
48469  13.131  -37.782  89.953 0.0000000000
126783  10.944  -41.104  96.887 0.0000000000
140548  10.459  -41.548  97.345 0.0000000000
45291  10.376  -41.668  98.135 0.0000000000
45306  9.653  -41.563  97.438 0.0000000000
128003  8.540  -36.931  95.982 0.0000000000
46406  6.318  -39.596  98.404 0.0000000000
45309  6.681  -39.829  97.864 0.0000000000
45281  6.865  -40.813  98.948 0.0000000000
47333  4.546  -38.029  101.808 0.0000000000
56848  23.567  -29.603  80.553 0.0000000000
56847  24.237  -29.623  81.102 0.0000000000
56863  24.338  -30.278  80.540 0.0000000000
55877  24.064  -30.781  80.278 0.0000000000
55892  24.014  -31.366  80.190 0.0000000000
124663  23.368  -30.636  80.328 0.0000000000
53783  22.463  -32.435  83.914 0.0000000000
53784  21.794  -32.390  83.973 0.0000000000
53814  17.318  -32.214  83.195 0.0000000000
53813  18.059  -32.346  82.864 0.0000000000
53801  17.642  -32.644  83.555 0.0000000000
65936  40.609  -20.330  68.784 0.0000000000
64971  41.123  -20.752  69.310 0.0000000000
63972  26.722  -22.295  73.686 0.0000000000
64886  27.073  -21.386  74.042 0.0000000000
63984  27.306  -22.726  73.037 0.0000000000
63007  27.342  -23.698  73.208 0.0000000000
60830  26.543  -25.462  77.335 0.0000000000
60857  31.244  -25.599  75.842 0.0000000000
60856  32.137  -25.888  75.936 0.0000000000
59834  32.994  -26.324  76.160 0.0000000000
76467  49.254  -9.140  59.789 0.0000000000
76474  49.775  -9.766  59.542 0.0000000000
134591  49.282  -10.382  59.466 0.0000000000
71750  45.385  -14.127  60.383 0.0000000000
143386  46.070  -14.262  60.084 0.0000000000
55786  12.851  -30.637  87.166 0.0000000000
55776  12.636  -30.043  87.859 0.0000000000
55800  13.461  -30.522  86.687 0.0000000000
66931  43.363  -19.029  64.138 0.0000000000
66924  42.654  -19.300  64.552 0.0000000000
66907  43.454  -19.636  65.823 0.0000000000
56873  28.850  -29.688  78.985 0.0000000000
54944  29.567  -31.620  78.891 0.0000000000
54943  30.113  -31.136  78.715 0.0000000000
55888  30.807  -31.050  79.149 0.0000000000
70714  40.289  -15.858  65.300 0.0000000000
145506  40.208  -16.885  63.495 0.0000000000
69727  40.489  -16.402  63.657 0.0000000000
70740  41.314  -16.255  63.345 0.0000000000
69743  41.411  -16.684  62.898 0.0000000000
67856  41.819  -18.524  63.358 0.0000000000
67854  43.444  -18.605  63.442 0.0000000000
68723  35.813  -18.005  68.898 0.0000000000
67801  35.993  -18.161  68.102 0.0000000000
66868  35.524  -19.387  68.083 0.0000000000
124745  35.800  -20.783  67.613 0.0000000000
64975  35.175  -20.991  67.848 0.0000000000
62068  32.655  -24.499  70.062 0.0000000000
60941  34.100  -25.938  71.085 0.0000000000
59915  34.948  -25.908  71.339 0.0000000000
60921  35.744  -25.871  72.443 0.0000000000
59898  35.039  -26.117  72.248 0.0000000000
59883  34.475  -26.999  73.304 0.0000000000
127459  35.236  -26.693  73.556 0.0000000000
131176  35.514  -27.127  75.092 0.0000000000
69669  36.890  -16.782  68.992 0.0000000000
47431  11.719  -38.439  90.428 0.0000000000
47419  11.393  -38.687  91.208 0.0000000000
46459  10.650  -39.374  92.512 0.0000000000
46458  11.635  -39.591  92.517 0.0000000000
46443  11.553  -40.064  93.295 0.0000000000
46421  12.211  -40.537  94.807 0.0000000000
46428  11.453  -40.345  94.163 0.0000000000
45344  10.556  -40.360  94.390 0.0000000000
45345  9.559  -40.189  94.536 0.0000000000
46422  8.746  -39.881  94.647 0.0000000000
47361  6.207  -38.349  99.330 0.0000000000
146433  22.189  -27.232  82.155 0.0000000000
58729  22.752  -27.686  81.788 0.0000000000
57783  23.198  -28.440  81.366 0.0000000000
57784  22.410  -28.348  81.092 0.0000000000
57795  22.219  -29.098  80.712 0.0000000000
57785  21.728  -28.508  81.135 0.0000000000
56850  20.813  -29.510  81.737 0.0000000000
56849  21.394  -29.594  81.341 0.0000000000
55859  20.965  -29.966  81.904 0.0000000000
55843  21.175  -30.491  82.191 0.0000000000
55844  20.247  -30.571  82.208 0.0000000000
52662  16.979  -33.759  85.321 0.0000000000
52645  17.047  -33.939  86.111 0.0000000000
64869  26.183  -21.670  75.439 0.0000000000
63962  25.810  -22.298  75.976 0.0000000000
60816  30.018  -25.279  78.128 0.0000000000
61904  31.660  -24.542  78.852 0.0000000000
62963  31.947  -24.180  78.590 0.0000000000
134937  33.179  -20.956  71.224 0.0000000000
64007  31.930  -21.809  71.205 0.0000000000
64020  31.574  -22.515  71.099 0.0000000000
63033  31.083  -22.941  71.318 0.0000000000
50664  14.957  -35.491  86.567 0.0000000000
50665  14.159  -35.853  86.680 0.0000000000
141531  12.655  -36.032  87.137 0.0000000000
49592  12.388  -36.285  87.551 0.0000000000
52647  12.623  -33.245  87.058 0.0000000000
53725  11.702  -32.688  87.916 0.0000000000
51627  11.116  -34.325  88.829 0.0000000000
50645  11.073  -35.723  88.706 0.0000000000
50637  10.627  -35.847  89.548 0.0000000000
129555  10.221  -33.384  90.969 0.0000000000
49524  9.848  -36.362  91.031 0.0000000000
57737  18.728  -28.275  83.924 0.0000000000
56801  18.490  -28.041  84.906 0.0000000000
56815  17.547  -29.717  83.591 0.0000000000
55828  16.776  -30.091  83.718 0.0000000000
55837  16.540  -30.923  83.343 0.0000000000
54882  14.774  -32.152  84.510 0.0000000000
54881  15.323  -31.925  84.008 0.0000000000
52682  15.801  -33.357  84.359 0.0000000000
52683  15.124  -33.490  84.647 0.0000000000
51659  14.413  -34.491  85.377 0.0000000000
141481  15.354  -34.678  85.283 0.0000000000
138945  14.836  -35.135  85.793 0.0000000000
131503  15.698  -35.178  86.795 0.0000000000
62948  26.212  -23.859  80.022 0.0000000000
62949  25.815  -24.086  79.319 0.0000000000
61905  26.011  -24.713  79.693 0.0000000000
59803  26.221  -26.625  78.415 0.0000000000
59793  25.926  -26.026  78.708 0.0000000000
59820  26.410  -26.538  77.905 0.0000000000
58772  26.992  -27.078  77.690 0.0000000000
57817  27.486  -28.236  77.946 0.0000000000
57827  28.638  -28.774  77.807 0.0000000000
57825  29.966  -28.361  77.626 0.0000000000
58769  29.561  -27.732  77.541 0.0000000000
59817  29.860  -26.873  77.838 0.0000000000
58746  32.281  -27.762  79.608 0.0000000000
74659  44.979  -12.000  62.833 0.0000000000
71737  44.408  -14.319  61.956 0.0000000000
133479  44.394  -13.724  61.414 0.0000000000
72733  44.715  -13.893  60.813 0.0000000000
71736  44.659  -14.408  61.443 0.0000000000
68786  42.893  -16.999  62.450 0.0000000000
69742  43.373  -16.404  62.362 0.0000000000
68785  43.631  -16.921  62.365 0.0000000000
132518  45.207  -17.117  62.506 0.0000000000
69740  45.002  -16.441  62.160 0.0000000000
68750  38.448  -17.462  65.536 0.0000000000
67820  38.902  -18.243  65.787 0.0000000000
67821  38.147  -17.958  66.343 0.0000000000
131916  38.883  -19.759  67.912 0.0000000000
125325  36.680  -19.413  67.712 0.0000000000
146600  36.873  -19.959  67.692 0.0000000000
64980  38.224  -21.325  67.879 0.0000000000
131342  38.027  -20.342  67.846 0.0000000000
64974  39.013  -21.347  68.155 0.0000000000
64045  40.137  -21.909  68.939 0.0000000000
64046  39.379  -22.159  68.465 0.0000000000
63053  38.881  -23.939  68.963 0.0000000000
63052  39.415  -23.637  68.932 0.0000000000
65920  34.960  -20.022  69.292 0.0000000000
64049  33.990  -22.235  68.257 0.0000000000
64058  34.747  -22.436  67.875 0.0000000000
130932  33.937  -24.359  69.079 0.0000000000
62102  33.642  -23.574  68.717 0.0000000000
62084  35.921  -24.586  68.991 0.0000000000
63067  36.008  -23.643  68.003 0.0000000000
62099  36.357  -24.134  68.433 0.0000000000
62098  37.192  -24.097  68.486 0.0000000000
52727  27.245  -33.470  80.534 0.0000000000
52718  28.200  -33.387  81.082 0.0000000000
52719  27.435  -33.513  81.647 0.0000000000
136447  28.237  -33.195  83.875 0.0000000000
53808  28.601  -32.936  83.101 0.0000000000
70698  40.083  -15.976  66.800 0.0000000000
69694  37.692  -16.884  66.192 0.0000000000
68749  38.819  -17.196  64.935 0.0000000000
50625  15.309  -36.163  89.847 0.0000000000
47417  13.089  -38.564  91.404 0.0000000000
45318  12.403  -40.874  96.406 0.0000000000
50606  9.663  -34.857  92.573 0.0000000000
50574  9.741  -34.801  94.513 0.0000000000
48423  8.407  -37.712  93.716 0.0000000000
140178  8.272  -36.945  94.215 0.0000000000
47375  7.655  -37.952  97.358 0.0000000000
47383  7.355  -38.914  96.964 0.0000000000
45308  7.265  -40.252  97.572 0.0000000000
45307  8.109  -40.625  97.226 0.0000000000
45267  7.743  -41.293  99.565 0.0000000000
44094  8.517  -41.558  100.039 0.0000000000
44089  5.928  -41.255  100.752 0.0000000000
44081  6.375  -41.542  101.439 0.0000000000
45246  5.978  -41.441  102.192 0.0000000000
45247  4.917  -40.798  102.077 0.0000000000
46380  3.603  -39.538  102.164 0.0000000000
47335  3.345  -38.752  102.445 0.0000000000
128829  2.912  -38.826  103.192 0.0000000000
48338  3.208  -38.116  102.634 0.0000000000
48318  6.281  -36.851  103.369 0.0000000000
49392  5.099  -36.856  103.066 0.0000000000
49393  3.762  -36.873  103.061 0.0000000000
49387  3.331  -36.257  103.413 0.0000000000
54927  25.491  -31.619  79.919 0.0000000000
55875  26.142  -31.220  80.426 0.0000000000
54937  25.921  -32.151  79.545 0.0000000000
53845  25.416  -32.699  79.642 0.0000000000
53833  24.379  -32.639  80.348 0.0000000000
52730  24.732  -33.102  80.757 0.0000000000
52707  25.451  -33.405  82.200 0.0000000000
52708  24.632  -33.079  81.756 0.0000000000
54929  23.031  -30.898  80.547 0.0000000000
54916  22.943  -31.110  81.372 0.0000000000
54888  23.178  -31.882  82.957 0.0000000000
53810  23.644  -32.150  82.388 0.0000000000
122473  23.688  -32.317  83.102 0.0000000000
53781  24.476  -32.645  84.327 0.0000000000
145017  23.788  -32.617  84.306 0.0000000000
56833  18.831  -29.868  82.506 0.0000000000
55846  18.694  -30.669  82.378 0.0000000000
53812  18.961  -32.571  82.642 0.0000000000
143827  19.167  -31.988  82.355 0.0000000000
53811  19.835  -32.180  82.625 0.0000000000
52679  18.275  -33.306  84.954 0.0000000000
121749  20.059  -33.078  85.655 0.0000000000
53785  20.583  -32.696  84.197 0.0000000000
66895  40.430  -19.392  66.488 0.0000000000
64918  30.004  -21.722  72.380 0.0000000000
63982  29.058  -22.052  72.489 0.0000000000
62031  29.144  -25.124  71.877 0.0000000000
60945  29.785  -25.555  71.843 0.0000000000
60922  29.356  -25.885  72.362 0.0000000000
62965  25.630  -24.008  78.628 0.0000000000
63953  25.775  -23.157  78.280 0.0000000000
62978  25.571  -24.108  77.636 0.0000000000
61957  25.751  -24.463  76.321 0.0000000000
61980  25.867  -24.332  75.535 0.0000000000
63000  25.741  -23.548  75.027 0.0000000000
61979  26.422  -24.747  75.246 0.0000000000
131407  28.489  -24.853  76.470 0.0000000000
60860  28.577  -25.232  75.322 0.0000000000
60877  28.012  -25.499  74.418 0.0000000000
60878  27.501  -25.166  74.424 0.0000000000
60900  27.629  -25.268  73.752 0.0000000000
59866  30.465  -26.743  74.054 0.0000000000
128644  29.831  -26.573  73.598 0.0000000000
59885  31.211  -27.085  73.418 0.0000000000
59886  30.375  -26.798  73.056 0.0000000000
58814  32.637  -27.287  73.596 0.0000000000
58803  32.607  -27.215  74.225 0.0000000000
59845  34.261  -27.271  75.895 0.0000000000
52717  29.051  -33.075  81.468 0.0000000000
125729  29.323  -32.871  80.169 0.0000000000
53832  29.704  -32.746  80.862 0.0000000000
54900  31.433  -31.369  82.716 0.0000000000
54915  30.910  -31.645  81.397 0.0000000000
54914  31.472  -31.370  81.847 0.0000000000
55854  31.915  -30.720  81.557 0.0000000000
57780  33.128  -28.783  81.330 0.0000000000
75619  50.405  -10.268  59.249 0.0000000000
76473  50.687  -9.445  59.511 0.0000000000
75629  50.875  -10.776  58.813 0.0000000000
74677  45.345  -11.472  61.661 0.0000000000
73716  46.284  -12.470  59.747 0.0000000000
74686  46.153  -11.533  60.263 0.0000000000
74685  46.978  -11.069  59.920 0.0000000000
74694  47.527  -11.738  59.534 0.0000000000
72750  48.413  -13.958  58.735 0.0000000000
72741  47.873  -13.502  58.985 0.0000000000
74702  48.817  -12.248  58.802 0.0000000000
74692  49.260  -11.222  59.190 0.0000000000
73724  49.200  -12.937  58.566 0.0000000000
66933  41.856  -18.981  64.191 0.0000000000
122780  41.894  -19.505  64.997 0.0000000000
66894  41.856  -19.691  66.005 0.0000000000
55889  28.126  -30.829  79.101 0.0000000000
134093  29.181  -30.429  78.755 0.0000000000
140279  28.971  -31.683  78.760 0.0000000000
53840  29.710  -32.031  79.392 0.0000000000
69715  39.393  -16.863  64.417 0.0000000000
69714  40.078  -16.118  64.366 0.0000000000
69728  39.825  -17.233  63.839 0.0000000000
68772  40.432  -17.486  63.383 0.0000000000
68787  41.206  -17.345  62.877 0.0000000000
141565  41.110  -18.615  63.862 0.0000000000
67794  35.494  -18.675  69.231 0.0000000000
60962  32.205  -25.044  70.767 0.0000000000
146464  32.645  -25.530  70.818 0.0000000000
59917  33.529  -26.468  71.797 0.0000000000
59900  33.429  -26.936  72.461 0.0000000000
59884  33.701  -27.138  73.042 0.0000000000
143382  33.962  -27.272  73.787 0.0000000000
48452  10.061  -37.499  91.114 0.0000000000
47420  10.530  -38.334  91.455 0.0000000000
47410  10.198  -38.552  92.153 0.0000000000
122618  10.788  -40.132  93.568 0.0000000000
46444  10.244  -39.710  93.108 0.0000000000
46445  9.377  -39.272  93.397 0.0000000000
134132  7.466  -37.168  100.159 0.0000000000
127692  21.281  -28.065  81.549 0.0000000000
56831  20.349  -29.142  81.928 0.0000000000
51647  16.427  -34.628  86.638 0.0000000000
60789  32.065  -25.412  79.530 0.0000000000
60801  31.469  -24.965  79.114 0.0000000000
63993  31.198  -21.484  72.063 0.0000000000
63994  30.427  -21.968  71.902 0.0000000000
50675  14.180  -35.105  85.773 0.0000000000
50676  13.754  -35.382  86.171 0.0000000000
51649  13.051  -34.999  86.323 0.0000000000
140623  11.081  -32.501  88.798 0.0000000000
52612  10.750  -33.155  89.270 0.0000000000
130647  10.502  -33.793  89.644 0.0000000000
56804  16.494  -29.507  84.532 0.0000000000
55817  14.495  -30.059  85.682 0.0000000000
55816  14.909  -30.398  84.915 0.0000000000
54868  14.329  -31.034  85.330 0.0000000000
123967  14.267  -31.927  84.995 0.0000000000
53767  14.589  -32.764  84.806 0.0000000000
52663  14.446  -33.585  85.087 0.0000000000
60790  26.126  -25.508  80.149 0.0000000000
58750  26.543  -27.258  78.753 0.0000000000
129820  30.366  -29.983  78.387 0.0000000000
56881  30.005  -29.123  77.884 0.0000000000
57815  30.542  -28.517  78.046 0.0000000000
58758  30.923  -27.740  78.382 0.0000000000
58736  32.841  -27.812  80.283 0.0000000000
70724  42.194  -15.756  64.246 0.0000000000
71706  43.793  -15.336  63.861 0.0000000000
72708  44.434  -13.077  62.814 0.0000000000
72709  44.380  -13.698  62.651 0.0000000000
123915  44.297  -14.946  62.293 0.0000000000
133759  43.943  -17.589  62.664 0.0000000000
68783  45.785  -17.507  62.794 0.0000000000
67822  37.699  -18.295  67.182 0.0000000000
66898  37.822  -18.987  67.554 0.0000000000
131841  37.064  -20.604  67.646 0.0000000000
143235  38.099  -23.122  68.248 0.0000000000
62097  38.115  -23.887  68.649 0.0000000000
125248  34.080  -21.213  68.821 0.0000000000
60974  34.977  -25.010  69.881 0.0000000000
62085  34.966  -24.536  69.139 0.0000000000
60973  36.298  -24.936  69.685 0.0000000000
60972  37.194  -25.059  69.795 0.0000000000
60957  37.502  -25.318  70.610 0.0000000000
52706  26.747  -33.572  82.155 0.0000000000
52705  27.455  -33.481  82.602 0.0000000000
140000  26.833  -33.538  82.875 0.0000000000
69656  37.702  -16.310  69.102 0.0000000000
137725  38.237  -15.832  68.717 0.0000000000
69667  37.959  -15.953  67.758 0.0000000000
69681  37.770  -16.401  66.872 0.0000000000
129169  13.899  -37.120  88.778 0.0000000000
45319  11.474  -40.925  96.297 0.0000000000
45304  11.838  -40.962  97.094 0.0000000000
131529  11.139  -41.388  98.836 0.0000000000
124504  9.444  -35.519  94.955 0.0000000000
48398  8.504  -36.953  95.039 0.0000000000
48409  8.252  -37.731  94.645 0.0000000000
48399  8.030  -37.585  95.503 0.0000000000
47382  7.538  -38.090  96.048 0.0000000000
143401  6.853  -40.247  97.927 0.0000000000
45294  7.133  -40.637  98.150 0.0000000000
45268  6.822  -41.201  99.825 0.0000000000
45269  5.990  -41.084  100.069 0.0000000000
47346  4.092  -39.022  101.439 0.0000000000
48336  4.517  -37.768  102.376 0.0000000000
55876  24.909  -31.060  80.368 0.0000000000
143544  24.467  -31.900  79.990 0.0000000000
53847  24.124  -32.027  80.180 0.0000000000
53834  23.803  -32.138  80.595 0.0000000000
54917  22.194  -30.635  81.975 0.0000000000
143862  22.758  -31.067  82.138 0.0000000000
53797  23.266  -32.419  83.715 0.0000000000
122645  23.146  -32.740  84.810 0.0000000000
55847  18.162  -31.165  82.494 0.0000000000
52643  18.761  -33.311  86.743 0.0000000000
52642  19.346  -33.267  86.108 0.0000000000
135553  19.504  -33.165  86.907 0.0000000000
146344  40.378  -19.624  67.556 0.0000000000
66867  40.690  -19.953  68.371 0.0000000000
64885  27.937  -20.980  73.653 0.0000000000
64903  28.480  -21.471  72.943 0.0000000000
63996  28.704  -22.822  72.427 0.0000000000
63983  28.089  -22.280  72.624 0.0000000000
63022  27.956  -23.215  72.631 0.0000000000
61938  25.681  -25.039  77.351 0.0000000000
60847  26.197  -25.289  76.786 0.0000000000
60845  30.022  -24.767  76.601 0.0000000000
61954  29.266  -24.932  76.552 0.0000000000
59850  29.187  -26.015  75.182 0.0000000000
59867  29.607  -26.421  74.438 0.0000000000
59849  29.878  -26.146  75.276 0.0000000000
59848  30.843  -26.320  75.000 0.0000000000
144286  31.522  -26.666  74.791 0.0000000000
58793  32.117  -26.941  74.662 0.0000000000
59847  32.579  -26.685  75.469 0.0000000000
53792  30.146  -32.355  83.340 0.0000000000
53807  30.300  -32.172  82.396 0.0000000000
54887  30.836  -31.901  82.974 0.0000000000
140416  31.225  -31.538  83.451 0.0000000000
55835  31.736  -30.911  83.572 0.0000000000
73708  44.630  -12.496  60.869 0.0000000000
74687  45.300  -11.757  60.872 0.0000000000
73717  45.779  -13.026  59.792 0.0000000000
72742  46.483  -13.354  59.613 0.0000000000
72749  49.208  -13.785  58.502 0.0000000000
125640  49.723  -14.371  58.667 0.0000000000
53745  13.004  -32.259  86.841 0.0000000000
54846  12.564  -31.406  87.268 0.0000000000
55799  13.856  -30.746  86.059 0.0000000000
67853  44.250  -18.784  63.635 0.0000000000
66930  44.151  -19.141  64.303 0.0000000000
66922  44.247  -19.316  65.029 0.0000000000
126970  44.015  -19.481  65.527 0.0000000000
58748  28.169  -28.384  79.760 0.0000000000
57806  27.726  -28.463  78.642 0.0000000000
55901  29.909  -30.581  78.462 0.0000000000
56882  29.636  -29.772  78.253 0.0000000000
70713  41.207  -15.790  65.555 0.0000000000
124968  41.634  -15.685  64.751 0.0000000000
70725  40.940  -15.895  64.058 0.0000000000
126154  42.327  -15.989  63.477 0.0000000000
122970  43.134  -16.075  62.778 0.0000000000
67867  41.851  -17.913  62.813 0.0000000000
67866  42.634  -17.631  62.673 0.0000000000
67865  43.326  -17.981  62.892 0.0000000000
45235  4.606  -40.744  103.086 0.0000000000
68729  36.584  -17.708  67.794 0.0000000000
66880  36.003  -19.405  67.834 0.0000000000
67802  35.611  -18.693  68.410 0.0000000000
63054  32.933  -23.169  69.189 0.0000000000
134478  32.999  -25.261  70.392 0.0000000000
145210  34.498  -25.243  70.073 0.0000000000
60960  34.829  -25.541  70.495 0.0000000000
138413  35.685  -25.581  70.923 0.0000000000
60897  36.076  -25.832  72.913 0.0000000000
59863  36.099  -26.110  73.726 0.0000000000
123695  34.898  -26.519  72.904 0.0000000000
59862  36.771  -26.042  74.327 0.0000000000
53779  26.118  -33.022  84.792 0.0000000000
52658  26.990  -33.145  85.037 0.0000000000
124518  26.340  -32.927  85.677 0.0000000000
48470  12.122  -38.060  89.748 0.0000000000
136058  12.595  -38.899  91.773 0.0000000000
123727  11.955  -39.039  91.842 0.0000000000
47408  12.545  -39.218  92.384 0.0000000000
45331  11.291  -40.680  94.950 0.0000000000
127036  11.077  -40.800  95.637 0.0000000000
126063  9.421  -40.842  95.912 0.0000000000
47366  8.154  -37.487  98.002 0.0000000000
47367  7.587  -38.008  98.106 0.0000000000
47368  6.941  -38.389  98.291 0.0000000000
139697  6.380  -38.791  98.621 0.0000000000
46401  5.938  -39.365  99.079 0.0000000000
47352  6.119  -37.713  100.134 0.0000000000
146447  23.554  -29.092  81.024 0.0000000000
56864  22.855  -29.806  80.411 0.0000000000
55879  22.085  -29.813  80.735 0.0000000000
54904  21.565  -31.028  82.800 0.0000000000
54891  20.839  -31.808  83.046 0.0000000000
52694  17.046  -33.031  84.166 0.0000000000
125490  17.686  -32.977  84.121 0.0000000000
52680  17.441  -33.371  84.722 0.0000000000
52644  17.895  -33.590  86.647 0.0000000000
64887  26.311  -21.907  74.509 0.0000000000
63973  25.968  -22.902  74.212 0.0000000000
60828  28.257  -25.407  77.295 0.0000000000
60827  29.284  -25.386  77.531 0.0000000000
61935  30.686  -24.618  77.594 0.0000000000
61953  30.592  -24.476  77.096 0.0000000000
140619  31.148  -24.518  77.001 0.0000000000
76476  48.066  -9.945  59.853 0.0000000000
48319  2.199  -37.516  104.351 0.0000000000
65882  34.641  -20.608  71.003 0.0000000000
64948  32.303  -21.712  70.481 0.0000000000
63042  31.925  -23.048  70.524 0.0000000000
60963  31.484  -24.648  70.991 0.0000000000
60943  31.378  -25.531  71.237 0.0000000000
59920  30.931  -26.250  71.703 0.0000000000
50644  15.698  -35.229  88.412 0.0000000000
131634  15.086  -35.969  87.991 0.0000000000
49570  14.512  -36.692  88.129 0.0000000000
49590  13.907  -36.484  87.306 0.0000000000
49571  13.553  -36.973  87.959 0.0000000000
49554  12.434  -37.131  88.849 0.0000000000
51636  12.047  -34.812  87.450 0.0000000000
51637  11.574  -34.324  88.032 0.0000000000
50657  12.102  -35.677  87.435 0.0000000000
49573  11.768  -36.142  87.964 0.0000000000
121613  11.704  -36.649  88.607 0.0000000000
48485  11.681  -37.298  89.262 0.0000000000
49539  10.458  -37.241  90.390 0.0000000000
51608  10.228  -35.063  90.253 0.0000000000
145558  10.281  -36.375  90.366 0.0000000000
49507  9.547  -35.911  92.026 0.0000000000
57753  19.510  -28.198  83.321 0.0000000000
56802  17.842  -28.629  84.420 0.0000000000
145782  16.979  -31.312  83.042 0.0000000000
54880  15.931  -31.346  83.664 0.0000000000
54894  16.035  -32.085  83.622 0.0000000000
52695  16.379  -33.075  84.161 0.0000000000
51635  15.990  -34.840  87.572 0.0000000000
63943  26.427  -22.340  79.701 0.0000000000
60803  25.914  -25.473  79.226 0.0000000000
60804  25.847  -25.446  78.469 0.0000000000
60817  25.907  -25.485  77.815 0.0000000000
59821  26.257  -25.817  77.773 0.0000000000
132327  27.585  -26.045  77.647 0.0000000000
140751  27.020  -27.731  77.835 0.0000000000
129738  28.314  -28.148  77.574 0.0000000000
58771  28.024  -27.183  77.508 0.0000000000
59819  28.558  -26.013  77.615 0.0000000000
59802  30.140  -25.962  78.395 0.0000000000
140448  30.828  -26.122  78.699 0.0000000000
59800  31.270  -26.874  78.759 0.0000000000
136068  31.507  -25.869  79.139 0.0000000000
74669  44.800  -11.878  62.073 0.0000000000
73701  44.246  -13.013  62.171 0.0000000000
142326  44.458  -13.243  60.887 0.0000000000
124719  43.930  -15.650  62.156 0.0000000000
69750  44.473  -15.560  61.903 0.0000000000
70759  44.879  -15.033  61.631 0.0000000000
70758  45.458  -15.134  61.513 0.0000000000
67836  39.498  -18.308  64.976 0.0000000000
147166  38.643  -18.445  66.506 0.0000000000
132395  40.095  -20.465  68.640 0.0000000000
64032  40.595  -22.773  69.165 0.0000000000
142376  34.654  -20.923  68.358 0.0000000000
64984  35.147  -21.828  67.727 0.0000000000
63074  36.183  -23.073  67.612 0.0000000000
63075  35.258  -23.251  67.959 0.0000000000
62081  38.567  -24.466  69.340 0.0000000000
62067  39.035  -24.738  69.901 0.0000000000
52737  27.237  -32.874  79.454 0.0000000000
52736  27.962  -33.037  79.484 0.0000000000
52726  28.107  -33.395  80.140 0.0000000000
52703  29.076  -32.741  82.410 0.0000000000
139251  29.695  -32.437  82.629 0.0000000000
122843  39.703  -15.970  65.880 0.0000000000
69705  38.821  -16.375  65.612 0.0000000000
121819  38.824  -16.787  65.015 0.0000000000
49536  14.727  -36.781  90.282 0.0000000000
47429  13.329  -38.035  90.817 0.0000000000
51591  9.868  -34.084  92.175 0.0000000000
49508  9.033  -36.600  92.463 0.0000000000
50591  9.682  -34.791  93.533 0.0000000000
46446  8.643  -38.800  93.803 0.0000000000
46431  8.379  -39.179  94.517 0.0000000000
123349  8.898  -40.960  96.736 0.0000000000
45321  8.107  -40.302  96.571 0.0000000000
123932  9.274  -41.634  99.044 0.0000000000
45279  9.382  -41.711  99.925 0.0000000000
145876  2.418  -37.810  103.732 0.0000000000
48335  6.025  -37.156  102.673 0.0000000000
48327  4.171  -37.490  102.652 0.0000000000
62934  26.637  -23.691  80.879 0.0000000000
131657  27.195  -32.403  79.257 0.0000000000
54936  26.827  -32.075  79.308 0.0000000000
137962  26.683  -33.230  79.793 0.0000000000
52728  26.260  -33.428  80.383 0.0000000000
52739  24.982  -33.059  79.974 0.0000000000
52729  25.456  -33.301  80.428 0.0000000000
127514  25.934  -33.417  81.056 0.0000000000
125223  26.014  -33.565  81.808 0.0000000000
52690  25.676  -33.241  83.035 0.0000000000
136756  23.385  -31.532  80.762 0.0000000000
126064  23.989  -32.612  81.816 0.0000000000
53780  25.282  -32.797  84.486 0.0000000000
56832  19.596  -29.557  82.205 0.0000000000
54907  18.926  -31.347  82.305 0.0000000000
53798  21.138  -32.266  83.698 0.0000000000
52693  18.262  -32.931  83.772 0.0000000000
52692  18.979  -33.040  83.292 0.0000000000
52659  19.239  -33.159  85.055 0.0000000000
53786  19.671  -33.040  83.834 0.0000000000
53764  21.654  -32.752  85.105 0.0000000000
66910  40.628  -19.233  65.529 0.0000000000
144347  41.080  -19.568  66.032 0.0000000000
66876  42.117  -19.688  67.185 0.0000000000
64962  41.856  -21.099  69.583 0.0000000000
137293  30.440  -21.185  72.826 0.0000000000
63019  30.238  -22.879  71.726 0.0000000000
146062  29.307  -23.545  71.890 0.0000000000
63020  29.806  -23.594  71.691 0.0000000000
62051  29.945  -24.622  71.565 0.0000000000
60944  30.468  -25.551  71.542 0.0000000000
135338  25.610  -24.613  76.939 0.0000000000
62987  25.572  -23.846  76.748 0.0000000000
63963  25.600  -23.013  76.410 0.0000000000
63969  25.571  -23.003  75.647 0.0000000000
62999  26.236  -23.846  74.326 0.0000000000
61937  27.976  -24.980  76.904 0.0000000000
61978  27.187  -24.813  75.734 0.0000000000
61976  28.816  -24.895  75.992 0.0000000000
61977  28.194  -24.711  75.787 0.0000000000
60862  27.033  -25.017  74.842 0.0000000000
61999  26.594  -24.538  74.550 0.0000000000
62015  26.860  -24.194  73.874 0.0000000000
62014  27.436  -24.573  73.423 0.0000000000
62013  27.938  -25.072  72.890 0.0000000000
60923  28.629  -25.527  72.510 0.0000000000
59887  29.115  -26.377  73.609 0.0000000000
60898  28.954  -26.118  72.922 0.0000000000
59902  31.183  -26.899  72.414 0.0000000000
58813  33.291  -27.264  73.488 0.0000000000
58801  34.131  -27.339  74.510 0.0000000000
58792  33.007  -27.107  74.899 0.0000000000
58791  33.837  -27.321  75.102 0.0000000000
58790  34.695  -27.400  75.102 0.0000000000
53841  29.224  -32.590  79.555 0.0000000000
53831  29.820  -32.453  80.082 0.0000000000
126369  30.374  -31.701  79.874 0.0000000000
53822  30.348  -32.129  81.483 0.0000000000
146008  30.544  -31.847  81.073 0.0000000000
54924  31.103  -31.116  80.102 0.0000000000
55872  31.698  -30.620  80.571 0.0000000000
55826  32.388  -30.357  84.041 0.0000000000
55834  32.316  -30.352  83.202 0.0000000000
55853  32.468  -29.953  81.761 0.0000000000
56844  32.644  -29.436  81.024 0.0000000000
57793  32.839  -28.610  80.665 0.0000000000
74676  45.933  -11.081  61.163 0.0000000000
75606  46.943  -9.962  61.119 0.0000000000
75612  47.316  -10.305  60.280 0.0000000000
71763  46.560  -14.066  59.716 0.0000000000
122611  47.195  -12.779  59.461 0.0000000000
71761  47.879  -14.122  59.146 0.0000000000
75621  48.607  -10.594  59.529 0.0000000000
136580  49.798  -13.163  58.477 0.0000000000
74700  50.695  -11.719  58.628 0.0000000000
50627  10.345  -35.928  90.100 0.0000000000
52735  28.705  -33.040  79.803 0.0000000000
54925  30.726  -31.562  80.701 0.0000000000
55841  32.226  -30.449  82.392 0.0000000000
56871  32.033  -29.265  79.653 0.0000000000
57818  27.519  -27.882  77.679 0.0000000000
58706  20.584  -27.255  83.315 0.0000000000
58804  31.959  -27.249  73.838 0.0000000000
61920  30.699  -24.855  78.152 0.0000000000
73700  44.408  -12.432  61.706 0.0000000000
139130  35.134  -27.259  74.696 0.0000000000
144197  11.807  -32.020  87.934 0.0000000000
146234  31.811  -30.977  82.256 0.0000000000
