#!ascii label  , from subject sub-07 vox2ras=TkReg
1031
70312  16.796  -16.992  14.302 0.2500000000
70327  17.302  -16.781  13.717 0.2500000000
69332  18.223  -17.312  13.527 0.7500000000
136733  16.817  -13.656  13.612 0.2500000000
73235  17.135  -14.084  13.114 0.1250000000
73246  17.084  -13.180  13.072 0.3750000000
72284  17.083  -14.948  13.197 0.2500000000
70328  16.655  -16.220  13.844 0.2500000000
70343  18.112  -16.098  12.407 0.7500000000
71297  17.374  -16.141  13.178 0.3750000000
70326  18.237  -16.668  13.064 0.8750000000
146688  18.751  -17.896  13.261 0.8750000000
72300  17.447  -14.582  12.478 0.3750000000
71324  17.902  -14.930  11.891 0.8750000000
71313  17.536  -15.449  12.610 0.7500000000
70349  20.202  -16.128  11.531 1.0000000000
70351  18.738  -15.956  11.770 1.0000000000
137113  18.116  -15.562  11.945 0.8750000000
69339  19.943  -17.564  12.232 1.0000000000
70342  18.851  -16.631  12.195 0.8750000000
69338  20.777  -17.289  12.270 1.0000000000
74208  16.634  -12.349  12.859 0.2500000000
73245  17.457  -13.709  12.404 0.7500000000
72315  18.473  -14.263  11.496 0.8750000000
72316  17.789  -14.197  11.957 0.7500000000
71321  20.416  -15.359  11.351 1.0000000000
71322  19.494  -15.526  11.385 1.0000000000
72314  19.154  -14.746  11.260 1.0000000000
71311  21.365  -15.894  11.986 1.0000000000
71312  20.826  -15.854  11.586 1.0000000000
70340  20.805  -16.496  11.807 1.0000000000
70341  20.120  -16.902  11.786 1.0000000000
73236  16.345  -12.844  13.812 0.1250000000
74207  17.355  -12.781  12.092 0.6250000000
73259  18.534  -13.252  11.017 1.0000000000
122859  17.876  -12.802  11.319 0.8750000000
130848  19.226  -13.980  11.065 1.0000000000
72298  22.374  -14.136  12.297 1.0000000000
72299  21.609  -14.462  11.715 1.0000000000
72313  19.900  -14.611  11.094 1.0000000000
139848  20.383  -14.030  11.096 1.0000000000
71310  21.912  -15.091  12.305 1.0000000000
71320  21.188  -15.239  11.643 1.0000000000
72282  23.722  -14.446  13.772 1.0000000000
71296  21.903  -15.933  12.755 1.0000000000
77779  15.622  -8.510  12.396 0.2500000000
75157  16.212  -11.525  12.612 0.3750000000
74220  16.815  -11.918  11.826 0.5000000000
74218  18.104  -12.300  10.709 1.0000000000
124461  17.130  -11.470  11.005 0.6250000000
73274  18.738  -12.536  10.527 1.0000000000
74217  19.792  -12.909  10.657 1.0000000000
73258  19.233  -13.154  10.703 1.0000000000
73234  23.000  -13.431  12.831 1.0000000000
73244  21.960  -13.676  11.677 1.0000000000
130318  21.009  -12.328  11.210 1.0000000000
74195  23.583  -12.683  13.044 1.0000000000
72283  22.915  -14.321  13.350 1.0000000000
74194  24.420  -12.805  13.455 1.0000000000
73233  23.674  -13.578  13.437 1.0000000000
135752  16.181  -8.666  11.542 0.5000000000
76936  16.096  -9.391  11.853 0.3750000000
76084  16.045  -10.190  12.208 0.5000000000
76096  16.586  -10.174  11.170 0.5000000000
75179  17.717  -10.858  9.640 0.8750000000
74230  18.469  -11.728  10.075 1.0000000000
144396  18.588  -10.434  9.412 1.0000000000
75177  19.371  -11.584  9.925 1.0000000000
75156  22.444  -11.847  11.809 1.0000000000
75154  25.820  -11.770  13.305 1.0000000000
75142  24.330  -11.778  13.294 1.0000000000
74193  25.443  -13.145  13.369 0.8750000000
77791  15.944  -7.773  11.702 0.5000000000
76949  16.592  -9.383  10.907 0.5000000000
76960  17.186  -9.342  10.238 0.6250000000
76959  17.700  -9.228  9.751 0.6250000000
76118  17.914  -10.059  9.414 1.0000000000
147163  17.349  -10.592  9.890 0.7500000000
76104  19.673  -10.319  9.993 1.0000000000
76933  24.698  -9.619  12.642 1.0000000000
76934  23.799  -9.655  12.481 1.0000000000
76082  22.698  -10.610  11.922 1.0000000000
76094  21.470  -10.927  11.272 1.0000000000
76080  25.409  -10.375  12.905 1.0000000000
74204  23.777  -11.138  12.737 1.0000000000
75155  22.981  -11.214  12.071 1.0000000000
141656  26.387  -10.449  12.112 0.8750000000
76079  25.977  -11.110  12.989 1.0000000000
75153  26.197  -12.026  12.509 0.8750000000
77801  16.696  -8.267  10.805 0.5000000000
77809  17.832  -8.172  9.471 0.8750000000
77788  21.453  -8.667  11.372 1.0000000000
76958  19.501  -9.337  9.858 1.0000000000
129139  24.848  -8.927  12.646 1.0000000000
77787  22.387  -8.839  11.984 1.0000000000
76095  20.655  -10.534  10.745 1.0000000000
77776  24.442  -8.029  12.996 1.0000000000
76945  26.832  -9.948  11.177 1.0000000000
76931  26.354  -9.868  11.895 1.0000000000
77775  25.433  -8.562  12.534 1.0000000000
78649  16.892  -7.414  10.061 0.5000000000
78657  17.855  -7.261  9.088 0.8750000000
77808  18.445  -8.051  9.337 1.0000000000
121331  20.956  -6.789  10.876 1.0000000000
138465  21.259  -7.621  11.227 1.0000000000
77790  19.741  -7.759  10.269 1.0000000000
79458  25.768  -6.573  11.626 1.0000000000
131768  25.024  -7.049  11.988 1.0000000000
126494  26.626  -7.268  11.375 1.0000000000
78632  26.098  -7.333  11.920 1.0000000000
77786  25.328  -7.766  12.590 1.0000000000
77797  26.803  -8.425  10.586 1.0000000000
78641  26.563  -7.871  11.625 1.0000000000
138980  26.585  -9.154  10.357 0.8750000000
138519  19.288  -3.469  10.054 1.0000000000
121527  18.149  -2.966  9.662 0.3750000000
121329  20.573  -3.534  10.381 0.8750000000
121385  21.132  -5.440  10.598 1.0000000000
80309  25.164  -6.062  11.450 1.0000000000
138466  23.373  -5.974  11.866 1.0000000000
82955  21.205  -2.133  10.803 0.8750000000
121373  21.465  -3.042  10.757 1.0000000000
138487  21.775  -3.953  11.070 1.0000000000
82077  22.422  -3.478  11.375 1.0000000000
121193  22.024  -5.378  11.156 1.0000000000
121459  24.834  -5.429  11.864 1.0000000000
121188  24.484  -4.887  12.097 1.0000000000
80317  25.586  -5.454  11.590 1.0000000000
128597  20.016  -1.472  10.197 0.7500000000
82954  22.128  -2.642  11.269 1.0000000000
132001  25.141  -3.906  11.843 1.0000000000
81187  24.400  -4.204  11.961 1.0000000000
138863  22.673  -2.146  11.419 1.0000000000
132538  23.104  -2.980  11.564 1.0000000000
82075  24.303  -3.271  11.749 1.0000000000
137939  18.745  2.908  11.481 0.1250000000
88182  19.054  3.437  12.079 0.1250000000
87354  20.351  3.009  10.385 0.2500000000
88187  19.133  3.774  10.436 0.1250000000
88198  21.013  3.412  9.422 0.3750000000
88211  21.254  3.566  8.525 0.5000000000
88199  20.272  3.997  8.978 0.2500000000
88224  21.168  3.594  7.555 0.3750000000
89044  18.970  4.471  10.426 0.2500000000
88188  19.443  4.434  9.580 0.2500000000
89052  19.302  5.184  8.757 0.2500000000
88212  20.215  4.261  8.002 0.2500000000
89074  19.629  4.834  7.311 0.2500000000
88225  20.216  4.151  7.101 0.3750000000
89051  19.707  4.607  8.658 0.2500000000
88246  19.643  3.610  5.757 0.3750000000
88236  19.155  4.430  6.043 0.2500000000
70297  16.589  -16.609  14.298 0.1250000000
145691  16.975  -15.664  13.333 0.2500000000
72285  16.823  -14.455  13.688 0.1250000000
128168  22.358  -16.108  13.496 1.0000000000
76968  18.785  -8.833  9.393 0.8750000000
121791  23.602  -7.293  12.999 1.0000000000
69300  16.776  -17.398  14.756 0.1250000000
68376  18.159  -18.051  13.805 0.6250000000
68375  18.788  -18.574  13.445 0.7500000000
73224  16.658  -13.778  13.905 0.1250000000
68374  19.432  -18.915  13.350 1.0000000000
71282  16.525  -15.829  14.012 0.1250000000
69329  20.524  -18.062  12.736 1.0000000000
138066  21.398  -17.167  12.904 1.0000000000
71281  22.937  -16.002  14.109 1.0000000000
75158  15.641  -11.019  13.211 0.3750000000
76937  15.489  -9.496  12.775 0.2500000000
73243  26.013  -13.684  12.925 0.8750000000
75164  26.414  -11.628  11.541 0.8750000000
74202  25.954  -12.657  13.074 0.8750000000
145216  26.239  -10.645  10.074 0.8750000000
121395  17.346  -3.388  9.554 0.1250000000
138512  16.991  -3.835  9.669 0.1250000000
79476  16.868  -6.391  9.742 0.3750000000
121442  18.494  -6.385  9.227 0.6250000000
78647  26.873  -7.719  10.993 1.0000000000
76956  26.660  -9.929  10.602 0.8750000000
82078  19.214  -2.673  9.978 0.5000000000
136651  20.306  -2.448  10.306 0.8750000000
121343  17.806  -3.577  9.119 0.3750000000
121503  19.115  -4.748  9.790 0.8750000000
123115  26.445  -6.065  10.907 1.0000000000
80322  26.519  -5.498  10.432 1.0000000000
81193  26.570  -4.753  10.418 1.0000000000
81194  25.932  -4.097  11.343 1.0000000000
128684  21.029  -1.269  10.851 0.8750000000
84819  22.795  -0.718  11.329 1.0000000000
83914  24.418  -1.646  11.419 1.0000000000
82074  25.399  -3.234  11.585 1.0000000000
133614  18.944  3.219  12.948 0.1250000000
86517  18.608  2.207  11.668 0.1250000000
87353  21.395  2.333  10.164 0.6250000000
144085  21.706  2.919  7.069 0.5000000000
130893  18.797  3.715  11.032 0.2500000000
88245  20.771  3.067  5.961 0.5000000000
89041  18.917  4.744  10.822 0.2500000000
138677  18.974  5.123  10.357 0.2500000000
88234  21.016  3.414  6.731 0.5000000000
87425  19.485  3.050  4.951 0.5000000000
89903  18.944  5.827  9.857 0.1250000000
89063  19.429  5.016  7.977 0.2500000000
89096  19.013  4.890  6.074 0.2500000000
88257  18.163  3.717  4.411 0.3750000000
143667  18.640  4.509  4.784 0.2500000000
89912  19.017  5.985  8.750 0.1250000000
69315  17.482  -17.488  14.141 0.3750000000
71298  16.719  -15.359  13.758 0.1250000000
69331  19.019  -17.368  12.681 0.8750000000
69330  19.563  -18.206  12.944 1.0000000000
71323  18.600  -15.200  11.555 1.0000000000
70350  19.468  -16.421  11.679 1.0000000000
70339  21.361  -16.592  12.431 1.0000000000
74219  17.392  -12.144  11.140 0.8750000000
73257  19.838  -13.692  10.855 1.0000000000
73256  21.060  -13.835  11.471 1.0000000000
125508  20.473  -13.180  11.019 1.0000000000
71294  23.305  -15.173  14.074 1.0000000000
130772  15.938  -10.829  12.562 0.3750000000
75168  16.625  -10.971  11.693 0.5000000000
74231  17.592  -11.546  10.369 0.8750000000
74229  19.308  -12.347  10.311 1.0000000000
74216  20.137  -12.182  10.434 1.0000000000
147391  22.129  -13.032  11.706 1.0000000000
74215  21.401  -13.076  11.479 1.0000000000
131406  21.856  -12.420  11.612 1.0000000000
127245  23.296  -12.019  12.338 1.0000000000
74203  25.212  -12.164  13.494 1.0000000000
75167  17.147  -10.852  10.412 0.6250000000
76106  17.453  -10.192  9.751 0.6250000000
127244  19.363  -10.958  9.734 1.0000000000
136166  19.185  -9.839  9.478 1.0000000000
76083  22.214  -11.111  11.694 1.0000000000
75166  20.823  -11.502  10.820 1.0000000000
75176  20.021  -11.251  10.150 1.0000000000
144308  24.525  -11.083  13.281 1.0000000000
76078  26.385  -10.957  12.388 0.8750000000
74201  26.192  -13.403  12.192 0.8750000000
76967  19.081  -9.068  9.397 1.0000000000
76957  20.193  -9.593  10.565 1.0000000000
76932  25.600  -9.528  12.460 1.0000000000
76081  23.415  -10.486  12.310 1.0000000000
76093  22.063  -10.392  11.673 1.0000000000
76935  22.809  -9.797  11.991 1.0000000000
76103  26.543  -10.928  10.813 0.8750000000
121367  22.159  -7.806  11.876 1.0000000000
77798  19.841  -8.649  10.476 1.0000000000
140376  22.770  -8.141  12.586 1.0000000000
122814  24.071  -8.862  12.669 1.0000000000
76947  21.851  -9.602  11.625 1.0000000000
77777  23.419  -8.029  12.988 1.0000000000
77784  26.815  -8.465  11.194 1.0000000000
77785  26.651  -9.151  11.438 1.0000000000
78658  17.329  -7.265  9.386 0.6250000000
78656  18.488  -7.332  9.110 0.7500000000
78648  19.294  -7.387  9.382 1.0000000000
138461  20.375  -7.307  10.709 1.0000000000
138468  20.372  -6.507  10.184 1.0000000000
121340  21.761  -7.065  11.395 1.0000000000
138460  21.793  -6.257  11.097 1.0000000000
121417  22.609  -6.019  11.725 1.0000000000
138453  22.397  -6.805  12.035 1.0000000000
79466  26.389  -6.688  11.340 1.0000000000
121184  23.965  -6.581  12.418 1.0000000000
77778  22.833  -7.399  12.753 1.0000000000
138438  20.039  -4.492  10.273 1.0000000000
121200  18.652  -3.811  9.503 0.7500000000
138520  20.961  -6.147  10.508 1.0000000000
121196  20.115  -5.651  10.045 1.0000000000
121185  23.871  -5.413  11.939 1.0000000000
144483  21.832  -1.892  11.286 0.8750000000
138457  21.355  -4.594  10.723 1.0000000000
121699  23.608  -4.639  11.885 1.0000000000
121181  22.883  -5.188  11.670 1.0000000000
138908  22.152  -4.696  11.259 1.0000000000
80316  26.127  -5.101  11.121 1.0000000000
82076  23.399  -3.820  11.748 1.0000000000
82952  24.898  -2.424  11.635 1.0000000000
83915  23.263  -1.539  11.408 1.0000000000
87343  18.690  2.802  12.353 0.1250000000
87355  18.923  3.154  10.886 0.1250000000
130178  19.952  3.699  9.752 0.2500000000
87345  19.349  2.525  11.059 0.3750000000
87381  22.021  3.076  9.037 0.7500000000
88247  18.772  4.344  5.525 0.2500000000
69316  17.059  -17.628  14.600 0.2500000000
136592  16.987  -17.950  16.143 0.1250000000
68347  17.106  -18.452  15.216 0.1250000000
68361  17.518  -18.335  14.429 0.6250000000
68360  18.087  -18.961  13.841 0.7500000000
138485  17.281  -3.919  9.030 0.5000000000
121203  17.404  -6.457  9.214 0.6250000000
121473  19.609  -6.508  9.647 0.8750000000
122317  17.572  -5.829  9.228 0.7500000000
121533  18.069  -4.338  8.912 0.7500000000
121205  17.951  -5.270  9.085 0.8750000000
125492  18.875  -5.481  9.531 1.0000000000
83916  22.004  -1.234  11.372 1.0000000000
84830  24.503  -0.386  10.767 1.0000000000
83913  25.454  -1.710  11.408 1.0000000000
144275  18.702  1.582  11.355 0.3750000000
87368  22.167  2.315  9.563 0.7500000000
87369  21.484  2.843  9.718 0.7500000000
86530  20.786  2.107  10.811 0.5000000000
87432  18.066  2.743  3.886 0.3750000000
63658  19.528  -23.682  15.273 0.7500000000
63655  22.058  -23.252  15.320 0.7500000000
63659  18.890  -23.309  15.441 0.7500000000
64571  18.909  -22.459  15.159 0.7500000000
64560  21.126  -22.980  14.704 0.7500000000
63657  20.306  -23.584  15.021 0.7500000000
64570  19.781  -22.204  14.708 0.7500000000
64568  21.531  -22.164  14.349 0.7500000000
64569  20.725  -22.261  14.413 0.7500000000
133403  18.622  -20.558  14.424 0.7500000000
67449  18.302  -19.772  14.060 0.6250000000
66488  20.659  -20.813  14.105 0.7500000000
66493  20.075  -20.217  13.785 0.8750000000
67448  19.124  -20.125  13.783 0.8750000000
65503  21.912  -21.485  14.147 0.7500000000
66487  21.471  -20.926  13.979 0.7500000000
67454  20.417  -19.630  13.587 0.8750000000
68373  20.284  -18.882  13.293 0.8750000000
67445  22.503  -19.812  14.473 0.7500000000
139683  21.735  -20.233  14.294 0.7500000000
68359  21.919  -18.872  14.095 0.8750000000
68372  21.131  -18.526  13.302 0.8750000000
130175  23.245  -18.111  14.229 0.7500000000
68358  22.468  -18.139  14.064 0.8750000000
69327  21.960  -17.428  13.680 0.8750000000
70310  24.403  -17.163  14.251 0.8750000000
70311  23.351  -16.877  14.380 0.8750000000
71280  23.925  -16.150  14.488 0.8750000000
71293  24.359  -15.344  14.146 0.8750000000
72296  26.299  -15.663  11.165 0.3750000000
72280  25.670  -15.667  12.288 0.6250000000
123607  25.276  -15.761  13.392 0.7500000000
72281  24.615  -14.630  13.762 0.7500000000
72310  26.500  -15.174  10.864 0.5000000000
72311  26.143  -15.150  11.001 0.5000000000
73242  25.987  -14.535  11.841 0.7500000000
73271  27.532  -13.875  9.559 0.1250000000
73272  26.547  -14.445  9.604 0.3750000000
73273  26.304  -14.389  10.069 0.6250000000
73255  26.157  -14.480  10.991 0.6250000000
74214  26.400  -13.181  11.111 0.6250000000
126150  28.509  -12.858  8.598 0.1250000000
73295  26.453  -14.155  8.707 0.1250000000
74256  27.164  -12.842  7.641 0.1250000000
123732  25.837  -13.002  9.276 0.6250000000
75184  26.142  -12.102  8.796 0.6250000000
134711  26.193  -11.659  9.802 0.7500000000
74271  26.331  -12.036  6.102 0.1250000000
75201  25.634  -11.987  7.184 0.1250000000
75191  25.530  -11.709  7.514 0.5000000000
76115  25.985  -10.974  9.233 0.6250000000
76127  25.495  -10.521  8.557 0.7500000000
74255  28.162  -12.655  6.943 0.1250000000
147301  24.782  -11.617  6.898 0.5000000000
76134  24.345  -10.798  6.969 0.5000000000
76975  25.031  -10.206  8.089 0.6250000000
76966  25.411  -9.810  8.656 0.7500000000
125561  19.694  0.026  10.606 0.5000000000
84820  21.701  -0.355  11.130 0.7500000000
77814  24.503  -9.193  7.472 0.6250000000
78661  25.640  -7.593  8.661 0.6250000000
78655  26.327  -7.555  9.484 0.8750000000
77815  24.052  -8.608  6.773 0.5000000000
135524  24.679  -8.409  7.453 0.6250000000
78664  25.137  -7.689  7.796 0.6250000000
79481  26.620  -6.792  10.018 0.8750000000
147482  26.331  -4.467  10.874 0.8750000000
79482  25.954  -6.732  9.173 0.7500000000
80328  26.530  -5.034  9.771 0.8750000000
141647  26.753  -4.384  9.831 0.8750000000
82099  26.924  -3.582  9.573 0.8750000000
82090  26.859  -3.100  10.443 0.8750000000
78668  23.640  -7.580  6.079 0.3750000000
78665  24.452  -7.673  7.029 0.5000000000
135629  24.860  -6.969  7.432 0.5000000000
79488  25.678  -5.968  8.675 0.6250000000
78669  22.826  -7.346  4.799 0.2500000000
79494  24.165  -6.598  6.504 0.3750000000
79493  24.951  -6.047  7.526 0.5000000000
85698  21.359  0.445  10.877 0.6250000000
85714  22.204  0.832  10.666 0.7500000000
85697  22.493  0.081  11.027 0.7500000000
85696  23.551  -0.136  10.987 0.8750000000
83927  26.740  -1.471  10.387 0.7500000000
83926  27.234  -2.019  10.000 0.8750000000
142092  26.089  -5.295  9.099 0.6250000000
81199  26.372  -4.432  8.973 0.7500000000
80341  25.065  -5.340  6.984 0.5000000000
82984  26.547  -2.584  8.066 0.7500000000
135380  23.855  -5.913  5.539 0.2500000000
86515  21.083  1.267  10.829 0.6250000000
85713  23.212  0.518  10.553 0.8750000000
85712  24.087  0.269  10.410 0.8750000000
85711  24.872  -0.041  10.109 0.8750000000
85724  24.421  0.515  9.714 0.7500000000
84829  26.264  -0.724  10.266 0.8750000000
137626  27.278  -1.562  9.014 0.7500000000
82107  26.397  -3.435  8.459 0.5000000000
81211  24.838  -4.382  5.889 0.2500000000
82121  25.545  -4.020  6.609 0.5000000000
81208  25.363  -4.726  6.869 0.5000000000
80350  24.028  -5.179  5.299 0.2500000000
86529  21.944  1.613  10.254 0.5000000000
86552  23.341  1.523  8.649 0.7500000000
86539  23.986  1.127  8.781 0.7500000000
86564  24.324  1.088  7.559 0.7500000000
86563  24.938  1.135  7.288 0.7500000000
85751  24.495  0.851  8.205 0.7500000000
86565  23.618  1.438  7.337 0.7500000000
85750  25.242  0.679  7.744 0.7500000000
84840  26.845  -0.258  7.858 0.7500000000
85749  26.251  0.343  7.419 0.7500000000
83960  27.149  -1.287  6.799 0.5000000000
84860  27.213  -0.708  6.777 0.3750000000
84853  27.299  -0.867  7.518 0.6250000000
82120  25.754  -3.378  6.329 0.2500000000
82994  26.250  -2.590  7.073 0.3750000000
83961  26.700  -1.885  5.981 0.3750000000
87380  22.702  2.188  8.598 0.6250000000
86541  22.788  1.665  9.431 0.7500000000
87393  23.004  1.755  7.086 0.7500000000
87404  24.038  1.983  6.511 0.7500000000
87403  24.884  1.952  6.372 0.7500000000
86571  26.008  1.365  6.589 0.6250000000
121543  26.838  -0.190  4.545 0.3750000000
121451  26.851  1.560  5.416 0.3750000000
83009  25.470  -3.409  4.578 0.1250000000
125935  26.228  -1.575  4.118 0.1250000000
87394  22.735  2.086  7.627 0.6250000000
87406  22.768  2.176  6.333 0.7500000000
131671  23.495  2.219  6.273 0.6250000000
87414  24.304  2.472  5.864 0.7500000000
87412  26.450  2.194  5.497 0.3750000000
87413  25.459  2.367  5.696 0.3750000000
86572  25.284  1.447  6.782 0.7500000000
121488  26.940  0.375  3.675 0.2500000000
123955  27.195  1.035  4.684 0.3750000000
85756  26.420  0.655  6.577 0.6250000000
139632  25.293  -1.956  1.926 0.1250000000
121423  25.696  -1.872  2.906 0.1250000000
83973  24.881  -2.909  3.121 0.1250000000
87395  22.046  2.804  7.942 0.6250000000
87407  22.381  2.323  6.994 0.6250000000
87415  23.159  2.508  5.595 0.3750000000
88244  24.066  2.910  5.062 0.3750000000
88265  26.086  3.611  3.405 0.2500000000
87422  25.949  2.706  4.963 0.3750000000
87423  25.006  2.706  5.035 0.3750000000
138493  26.457  0.241  2.033 0.1250000000
121521  27.328  1.473  3.906 0.3750000000
121528  27.094  1.945  4.747 0.3750000000
121219  25.325  -1.784  0.951 0.1250000000
141817  26.654  0.309  2.928 0.1250000000
134155  20.083  2.365  4.179 0.3750000000
124615  21.792  2.562  6.226 0.3750000000
87416  22.213  2.265  5.520 0.3750000000
88255  22.396  2.912  4.216 0.3750000000
87424  22.308  2.320  4.945 0.3750000000
89111  23.858  4.034  2.978 0.3750000000
88267  23.377  3.537  3.960 0.3750000000
88254  23.195  2.947  4.766 0.3750000000
89110  25.380  4.066  3.202 0.3750000000
121242  26.232  3.024  4.161 0.3750000000
88253  24.793  3.272  4.479 0.3750000000
121438  26.477  1.637  0.613 0.1250000000
121333  26.943  1.871  3.165 0.1250000000
138522  26.650  3.018  2.383 0.2500000000
121234  25.610  -0.847  0.202 0.1250000000
88279  21.118  2.834  2.366 0.2500000000
88278  21.865  3.488  2.705 0.2500000000
88269  21.524  2.678  3.455 0.3750000000
132678  23.869  4.732  2.246 0.1250000000
88268  22.562  3.739  3.255 0.3750000000
89125  25.491  4.498  2.447 0.1250000000
145117  24.665  4.100  3.148 0.2500000000
88293  26.713  3.475  -0.165 0.1250000000
134258  25.994  4.036  2.836 0.1250000000
87431  19.670  2.277  3.445 0.3750000000
87430  20.683  2.314  3.031 0.3750000000
88287  20.634  3.488  1.332 0.2500000000
89140  23.295  5.287  1.455 0.1250000000
89141  22.196  4.729  1.122 0.1250000000
90008  24.253  5.485  1.826 0.1250000000
90018  25.368  5.519  1.194 0.1250000000
90034  21.058  5.431  -0.383 0.1250000000
90031  24.028  6.528  -0.258 0.1250000000
90021  22.494  5.640  0.004 0.1250000000
89155  26.638  4.840  -1.485 0.1250000000
138621  26.776  4.023  -0.900 0.1250000000
71279  24.931  -16.500  14.128 0.6250000000
76981  24.624  -10.099  7.466 0.6250000000
79487  26.314  -5.909  9.716 0.8750000000
81207  25.858  -4.164  7.756 0.5000000000
80342  24.378  -5.635  6.338 0.3750000000
86528  22.917  1.115  10.062 0.8750000000
85725  23.724  0.792  9.949 0.8750000000
86540  23.484  1.225  9.392 0.7500000000
85735  25.244  0.486  8.591 0.7500000000
85734  26.068  0.202  8.224 0.7500000000
84834  26.481  -0.481  9.486 0.7500000000
82113  25.929  -3.289  7.431 0.5000000000
144514  26.694  -1.982  6.677 0.5000000000
82993  27.044  -1.712  7.603 0.7500000000
88286  26.731  3.314  0.962 0.1250000000
89112  23.024  4.426  2.248 0.2500000000
90020  23.620  5.953  0.521 0.1250000000
90029  26.238  5.611  -0.592 0.1250000000
74239  25.930  -13.665  8.766 0.5000000000
74228  25.887  -13.807  9.534 0.6250000000
75175  26.319  -12.373  10.402 0.7500000000
76145  24.306  -10.261  6.435 0.3750000000
76982  24.064  -9.655  6.704 0.3750000000
77819  22.612  -7.944  4.453 0.2500000000
82973  27.057  -2.756  8.996 0.7500000000
88277  26.169  4.119  2.132 0.1250000000
78678  22.141  -7.091  3.248 0.1250000000
62706  20.399  -24.334  16.441 0.7500000000
62707  19.538  -24.404  16.561 0.7500000000
63648  18.428  -23.507  16.300 0.7500000000
62705  21.249  -24.194  16.529 0.7500000000
65506  18.955  -21.476  14.791 0.7500000000
64567  22.293  -22.028  14.505 0.6250000000
66485  23.210  -20.565  14.428 0.7500000000
67444  23.713  -19.702  14.402 0.6250000000
124707  24.087  -18.437  13.887 0.6250000000
70309  24.950  -17.496  13.159 0.5000000000
70323  25.882  -16.799  12.349 0.3750000000
71292  25.433  -16.786  12.976 0.5000000000
126347  27.033  -15.543  11.206 0.1250000000
126471  28.458  -13.564  10.466 0.1250000000
142965  28.269  -13.130  9.255 0.1250000000
137556  29.612  -12.646  8.415 0.1250000000
74254  29.343  -12.445  6.459 0.1250000000
74261  28.576  -12.266  5.542 0.1250000000
74270  27.491  -12.055  5.638 0.1250000000
83917  20.838  -0.507  10.852 0.3750000000
75217  27.051  -11.378  5.033 0.1250000000
75218  25.911  -11.510  5.513 0.1250000000
76154  24.294  -10.205  5.328 0.1250000000
76988  23.764  -9.433  5.574 0.2500000000
76989  23.387  -8.478  5.626 0.2500000000
85699  19.830  1.041  10.903 0.5000000000
145716  23.971  -5.181  4.855 0.1250000000
79500  23.414  -6.629  5.180 0.2500000000
81222  24.545  -4.402  5.009 0.1250000000
83014  24.780  -3.583  3.414 0.1250000000
83020  24.433  -3.404  2.716 0.1250000000
83024  24.775  -2.756  2.288 0.1250000000
121221  25.761  -1.422  0.286 0.1250000000
121222  25.957  -1.933  0.706 0.1250000000
86590  26.557  1.448  -0.529 0.1250000000
86595  27.341  1.841  -1.411 0.1250000000
89039  19.459  4.440  11.628 0.1250000000
88289  18.650  3.656  0.981 0.2500000000
88295  19.575  4.333  0.106 0.1250000000
89153  19.562  4.588  0.141 0.1250000000
90032  22.892  6.553  -0.443 0.1250000000
90033  21.818  6.046  -0.382 0.1250000000
90030  25.239  6.080  -0.073 0.1250000000
89158  27.490  4.235  -2.671 0.1250000000
90039  25.720  6.524  -1.202 0.1250000000
147158  24.112  -14.040  13.707 0.7500000000
137247  25.883  -8.240  8.987 0.7500000000
77806  25.687  -9.070  8.877 0.7500000000
123530  18.809  -1.805  10.055 0.3750000000
136660  26.448  -2.629  10.907 0.8750000000
70324  22.507  -16.731  14.005 0.8750000000
67456  18.843  -19.363  13.558 0.7500000000
67455  19.673  -19.560  13.489 0.8750000000
69328  21.234  -17.813  12.988 0.8750000000
134690  25.425  -14.711  13.224 0.7500000000
135286  26.593  -6.222  10.429 0.8750000000
84817  25.013  -0.982  11.192 0.8750000000
82963  26.306  -1.917  11.052 0.8750000000
87418  20.494  2.764  5.323 0.3750000000
87426  19.074  2.749  4.255 0.3750000000
88271  17.044  4.047  3.165 0.1250000000
87439  17.892  2.686  2.315 0.2500000000
64562  19.542  -23.146  14.858 0.7500000000
63647  19.129  -23.944  15.850 0.7500000000
62717  19.928  -24.059  15.717 0.7500000000
63656  21.197  -23.593  15.280 0.7500000000
128987  21.722  -23.911  15.851 0.7500000000
127043  21.912  -22.594  14.759 0.7500000000
64550  18.145  -22.579  16.000 0.7500000000
147107  19.694  -21.458  14.617 0.7500000000
65504  21.182  -21.532  14.082 0.7500000000
66489  17.833  -20.129  14.725 0.6250000000
129822  19.669  -20.833  14.365 0.7500000000
66486  22.275  -20.843  14.185 0.7500000000
67447  20.977  -20.120  13.954 0.8750000000
67453  21.059  -19.312  13.655 0.8750000000
68357  23.246  -18.807  14.414 0.7500000000
69313  23.700  -17.773  14.167 0.7500000000
69314  22.814  -17.476  14.192 0.8750000000
69312  24.482  -18.082  13.213 0.6250000000
71308  26.641  -16.096  11.569 0.2500000000
71309  25.978  -16.198  11.642 0.5000000000
129769  25.696  -16.321  12.338 0.6250000000
72279  25.794  -14.641  12.638 0.7500000000
72327  26.309  -14.841  10.645 0.5000000000
72325  27.352  -14.334  10.278 0.2500000000
72309  27.420  -14.791  10.932 0.1250000000
73285  27.264  -13.857  8.634 0.2500000000
73287  26.143  -14.305  9.150 0.3750000000
73294  27.676  -13.054  8.022 0.1250000000
74247  28.930  -12.589  7.677 0.1250000000
74248  26.919  -13.727  8.317 0.1250000000
74249  26.551  -13.423  8.322 0.5000000000
74257  26.480  -12.405  7.544 0.1250000000
74262  26.809  -12.384  6.735 0.1250000000
126372  26.365  -12.401  8.033 0.5000000000
125269  27.620  -12.486  6.513 0.1250000000
74263  26.024  -12.124  6.856 0.1250000000
75211  24.992  -11.502  6.046 0.1250000000
75192  24.902  -11.017  7.590 0.6250000000
76144  24.636  -10.954  6.365 0.1250000000
77811  25.023  -9.484  8.148 0.6250000000
129865  25.189  -8.539  8.228 0.6250000000
132955  25.487  -6.851  8.137 0.6250000000
137764  27.290  -2.107  9.371 0.7500000000
80335  25.610  -5.160  8.046 0.5000000000
83934  27.139  -1.502  9.629 0.7500000000
84835  25.701  -0.231  9.831 0.7500000000
83941  27.278  -1.283  8.357 0.6250000000
134415  27.154  -0.729  8.299 0.7500000000
82131  25.451  -3.626  5.240 0.1250000000
82132  25.123  -3.937  5.605 0.1250000000
80349  24.583  -4.924  6.107 0.2500000000
81212  24.341  -4.685  5.354 0.1250000000
86553  23.222  1.636  7.787 0.7500000000
86573  24.272  1.435  6.960 0.7500000000
84854  27.024  -0.167  7.062 0.6250000000
83967  26.890  -1.067  6.045 0.3750000000
84861  26.856  -0.125  6.223 0.3750000000
83002  26.240  -2.808  5.855 0.1250000000
137088  26.310  -2.558  5.202 0.3750000000
122874  25.674  -2.666  4.271 0.1250000000
121239  26.438  -0.769  3.610 0.1250000000
121504  26.587  2.472  4.699 0.3750000000
139167  25.536  3.075  4.516 0.3750000000
138463  27.079  0.970  3.042 0.2500000000
121934  25.687  -1.155  1.297 0.1250000000
121240  25.442  -1.617  0.851 0.1250000000
138506  24.649  -2.860  2.221 0.1250000000
121238  26.282  -0.707  2.626 0.1250000000
87417  21.419  2.357  5.324 0.3750000000
121241  26.914  2.321  4.025 0.2500000000
121499  25.861  -0.094  0.796 0.1250000000
138523  26.271  0.936  1.182 0.1250000000
139935  26.680  1.771  1.629 0.1250000000
122551  20.796  2.163  3.850 0.3750000000
122064  25.502  3.551  3.962 0.3750000000
121800  25.972  0.385  -0.136 0.1250000000
87445  26.752  2.619  1.488 0.1250000000
87448  26.668  2.499  0.208 0.1250000000
87450  26.821  2.386  -0.865 0.1250000000
131093  26.592  3.532  1.854 0.1250000000
131842  25.926  -0.700  -0.735 0.1250000000
121710  26.500  0.401  -0.935 0.1250000000
88288  19.602  3.484  1.039 0.2500000000
87438  19.961  2.528  2.150 0.2500000000
89127  21.597  3.780  1.699 0.2500000000
90007  25.079  5.297  1.953 0.1250000000
89150  25.976  5.178  0.630 0.1250000000
89138  26.462  4.197  1.084 0.1250000000
89149  26.478  4.585  -0.152 0.1250000000
88294  20.255  4.084  0.260 0.1250000000
89142  21.105  4.329  0.452 0.1250000000
89151  21.479  5.149  -0.264 0.1250000000
90019  24.665  5.805  0.936 0.1250000000
88298  27.010  3.222  -1.111 0.1250000000
89139  25.739  4.778  1.645 0.1250000000
90035  20.409  5.448  -0.203 0.1250000000
89152  20.526  4.834  -0.334 0.1250000000
62695  20.093  -24.783  17.116 0.7500000000
63646  20.801  -23.998  15.736 0.7500000000
62694  20.814  -24.528  17.165 0.7500000000
62708  18.771  -24.142  16.533 0.7500000000
136053  19.495  -24.821  17.288 0.7500000000
65498  18.088  -20.904  15.069 0.5000000000
68356  24.445  -19.080  13.837 0.6250000000
69311  25.043  -18.132  12.682 0.5000000000
75219  25.588  -11.024  4.929 0.1250000000
133449  26.484  -10.868  4.004 0.1250000000
143293  25.137  -3.906  4.407 0.1250000000
86593  26.902  1.560  -1.183 0.1250000000
87453  27.140  2.351  -1.286 0.1250000000
62696  18.878  -24.538  17.155 0.7500000000
61627  20.483  -25.181  17.633 0.6250000000
61626  21.187  -24.878  17.688 0.6250000000
63632  22.990  -24.096  16.849 0.3750000000
62704  22.147  -24.133  16.661 0.6250000000
63643  23.824  -22.941  16.514 0.2500000000
64549  23.098  -22.932  15.883 0.3750000000
135930  25.506  -17.491  12.692 0.3750000000
127706  20.476  0.224  10.784 0.3750000000
86516  19.760  1.820  11.102 0.2500000000
65497  22.936  -21.952  14.790 0.5000000000
66478  23.776  -20.954  14.565 0.5000000000
130130  24.008  -20.287  14.419 0.3750000000
62677  23.046  -24.825  18.086 0.5000000000
62692  22.542  -24.424  17.428 0.6250000000
68370  24.848  -18.767  13.033 0.5000000000
60496  20.600  -26.260  18.499 0.6250000000
63649  17.605  -22.974  17.067 0.3750000000
62697  17.644  -24.291  17.941 0.3750000000
61614  20.171  -25.963  17.898 0.6250000000
61628  19.770  -25.412  17.557 0.6250000000
61629  18.887  -25.263  17.621 0.6250000000
61612  22.685  -25.333  18.686 0.3750000000
125655  21.897  -25.495  18.658 0.5000000000
61613  21.087  -25.527  18.209 0.6250000000
64539  17.170  -22.321  17.479 0.2500000000
62676  23.940  -24.737  18.100 0.3750000000
64548  23.910  -22.371  15.988 0.2500000000
132005  23.598  -23.895  17.182 0.2500000000
67450  17.671  -19.299  14.479 0.3750000000
64557  23.973  -21.843  15.415 0.2500000000
66484  24.548  -20.382  14.624 0.3750000000
67442  25.027  -19.641  14.140 0.2500000000
69326  25.621  -17.961  12.641 0.2500000000
76924  15.052  -9.733  13.480 0.1250000000
78650  16.389  -6.957  11.006 0.2500000000
70338  26.370  -16.681  12.199 0.2500000000
121465  17.339  -4.746  8.969 0.3750000000
79469  16.548  -6.134  10.561 0.2500000000
123459  15.177  -8.912  13.201 0.1250000000
76085  15.436  -10.302  13.031 0.2500000000
68346  17.273  -18.836  14.991 0.2500000000
121434  17.073  -5.451  9.319 0.3750000000
65502  22.833  -21.368  14.449 0.5000000000
63633  18.123  -23.912  17.243 0.5000000000
62693  21.637  -24.430  17.304 0.6250000000
63645  22.630  -23.806  16.082 0.5000000000
64559  22.606  -22.503  15.080 0.5000000000
126070  25.982  -17.403  12.522 0.2500000000
65499  17.657  -21.617  16.233 0.3750000000
64563  18.234  -21.690  15.469 0.3750000000
67435  17.432  -19.660  15.210 0.2500000000
124653  24.869  -19.260  13.428 0.2500000000
62678  22.003  -24.944  18.043 0.5000000000
63644  23.377  -23.571  16.603 0.2500000000
62691  23.380  -24.372  17.529 0.2500000000
63631  24.204  -23.447  17.113 0.2500000000
64558  23.338  -22.180  15.343 0.3750000000
65496  23.552  -21.597  14.877 0.3750000000
63634  17.291  -23.497  17.793 0.3750000000
61615  19.300  -26.078  17.868 0.6250000000
61596  22.300  -25.820  19.239 0.3750000000
61597  21.445  -26.006  18.920 0.5000000000
65495  24.386  -21.250  15.111 0.2500000000
68355  25.177  -19.145  13.257 0.2500000000
76070  15.210  -10.380  13.649 0.1250000000
60478  18.330  -26.948  19.258 0.5000000000
60476  21.788  -26.379  19.630 0.2500000000
59479  21.182  -26.939  19.970 0.3750000000
60477  20.939  -26.568  19.205 0.5000000000
138229  19.453  -26.790  19.042 0.5000000000
60499  18.110  -26.318  18.921 0.5000000000
60498  18.875  -26.419  18.476 0.5000000000
61630  18.000  -25.186  17.988 0.3750000000
58410  17.139  -28.306  20.696 0.1250000000
59482  17.371  -27.417  19.665 0.3750000000
62679  17.593  -24.695  18.541 0.2500000000
57426  17.626  -29.672  21.443 0.1250000000
141800  18.278  -28.228  20.215 0.3750000000
59478  22.094  -26.826  20.334 0.2500000000
59460  20.380  -27.512  20.364 0.3750000000
59481  19.342  -27.344  19.677 0.5000000000
58401  16.729  -28.840  21.306 0.1250000000
59462  17.486  -28.003  20.108 0.3750000000
59461  19.215  -27.984  20.253 0.3750000000
59464  16.823  -27.323  20.267 0.1250000000
61599  17.306  -25.627  19.753 0.1250000000
76991  22.874  -8.583  4.386 0.1250000000
60497  19.757  -26.447  18.306 0.5000000000
144728  20.226  -26.652  18.873 0.5000000000
62698  17.436  -24.017  18.162 0.2500000000
60475  22.823  -26.380  19.827 0.2500000000
59480  20.299  -27.011  19.509 0.3750000000
132748  18.257  -27.716  19.763 0.3750000000
60479  17.453  -26.828  19.422 0.1250000000
61598  17.552  -25.836  19.387 0.1250000000
61617  17.823  -25.665  18.718 0.1250000000
61616  18.421  -25.976  18.086 0.5000000000
58400  17.247  -29.028  21.062 0.1250000000
59463  17.103  -27.713  20.074 0.2500000000
58411  16.929  -28.005  20.813 0.1250000000
61618  17.511  -25.085  19.204 0.1250000000
57427  16.825  -29.551  21.489 0.1250000000
58409  17.803  -28.578  20.604 0.3750000000
59438  20.935  -27.858  20.982 0.2500000000
59483  16.942  -27.145  19.728 0.1250000000
60480  17.239  -26.495  19.638 0.1250000000
58399  18.292  -29.130  21.128 0.2500000000
144391  20.326  -28.768  21.356 0.2500000000
66470  17.251  -20.893  16.221 0.2500000000
59459  21.469  -27.372  20.674 0.2500000000
58407  20.053  -28.244  21.023 0.2500000000
58408  18.882  -28.583  20.740 0.2500000000
58398  19.552  -29.078  21.326 0.1250000000
66471  17.139  -20.992  16.611 0.1250000000
124005  18.540  -0.922  10.368 0.1250000000
83918  19.610  -0.514  10.413 0.1250000000
83919  18.364  -0.241  10.778 0.1250000000
84821  18.594  0.141  11.009 0.1250000000
124373  19.068  0.559  10.870 0.1250000000
84795  18.321  -0.142  12.110 0.1250000000
82956  17.366  -1.301  10.716 0.1250000000
147116  18.415  0.581  11.571 0.1250000000
85700  18.363  1.047  11.490 0.1250000000
84794  18.547  0.507  12.522 0.1250000000
82079  17.807  -2.197  10.235 0.1250000000
136022  15.861  -6.281  11.716 0.1250000000
63635  17.173  -23.197  17.935 0.1250000000
65477  17.189  -21.519  16.996 0.1250000000
121202  16.893  -4.427  9.467 0.1250000000
83907  17.655  -0.636  11.249 0.1250000000
83895  19.378  -1.227  12.840 0.1250000000
85677  18.789  1.361  13.205 0.1250000000
86503  18.713  1.979  13.184 0.1250000000
68362  17.049  -18.065  14.936 0.1250000000
66479  17.518  -20.444  15.490 0.1250000000
65478  17.074  -22.016  17.709 0.1250000000
121204  16.748  -5.400  9.904 0.1250000000
67436  17.283  -19.233  15.404 0.1250000000
66480  17.217  -20.207  15.837 0.1250000000
126940  17.337  -20.054  16.804 0.1250000000
66457  17.201  -21.577  17.242 0.1250000000
137053  17.784  -0.598  11.747 0.1250000000
84806  18.324  0.227  11.952 0.1250000000
85684  18.250  0.992  12.396 0.1250000000
83876  19.840  -1.707  13.368 0.1250000000
61595  23.194  -25.732  19.267 0.1250000000
62690  24.099  -24.129  17.619 0.1250000000
136911  24.739  -23.837  17.642 0.1250000000
64538  24.728  -22.689  16.572 0.1250000000
65490  24.615  -21.893  15.877 0.1250000000
65489  25.268  -21.301  15.716 0.1250000000
65494  24.963  -20.791  15.083 0.1250000000
67433  26.362  -19.575  15.133 0.1250000000
67434  25.611  -19.918  14.891 0.1250000000
68344  27.199  -18.357  14.532 0.1250000000
68369  25.535  -18.548  12.869 0.1250000000
69310  27.406  -17.824  14.182 0.1250000000
133174  26.845  -17.721  13.374 0.1250000000
69324  26.594  -17.283  12.870 0.1250000000
59437  21.726  -27.907  21.221 0.1250000000
141969  22.450  -27.379  20.996 0.1250000000
61610  24.648  -25.177  18.722 0.1250000000
61594  24.066  -25.720  19.219 0.1250000000
62675  24.743  -24.410  18.119 0.1250000000
63630  25.227  -23.362  17.259 0.1250000000
141088  25.903  -21.564  16.248 0.1250000000
66468  26.763  -20.679  16.299 0.1250000000
71291  27.293  -16.300  12.375 0.1250000000
71290  28.275  -15.622  13.063 0.1250000000
70307  28.671  -16.713  14.182 0.1250000000
71307  27.630  -15.618  12.042 0.1250000000
61611  23.613  -25.233  18.705 0.1250000000
69325  26.189  -17.959  12.806 0.1250000000
67441  25.742  -19.348  14.165 0.1250000000
59477  22.912  -26.894  20.488 0.1250000000
58397  21.043  -28.512  21.406 0.1250000000
132747  23.669  -26.198  19.625 0.1250000000
64547  25.417  -22.047  16.341 0.1250000000
63642  25.741  -22.745  16.929 0.1250000000
66477  25.511  -20.589  15.370 0.1250000000
68345  26.594  -18.891  14.521 0.1250000000
66476  26.166  -20.264  15.661 0.1250000000
140699  27.404  -18.651  15.148 0.1250000000
68353  26.522  -18.343  13.609 0.1250000000
70321  27.952  -16.390  13.381 0.1250000000
69309  28.324  -17.384  14.640 0.1250000000
58396  21.983  -28.483  21.649 0.1250000000
62674  25.627  -24.654  18.557 0.1250000000
71289  29.321  -15.145  13.509 0.1250000000
60500  17.679  -26.268  19.281 0.1250000000
64551  17.611  -22.141  16.836 0.2500000000
64561  20.265  -22.923  14.632 0.7500000000
65505  20.323  -21.471  14.428 0.7500000000
66483  25.084  -20.244  14.833 0.1250000000
67443  24.518  -19.633  14.207 0.3750000000
67446  21.632  -19.682  14.217 0.7500000000
68354  25.853  -18.905  13.519 0.1250000000
68371  21.734  -18.167  13.586 0.8750000000
69268  17.088  -17.540  16.448 0.1250000000
70308  27.546  -17.142  13.668 0.1250000000
70322  27.110  -16.770  12.876 0.1250000000
70325  21.875  -16.650  13.288 1.0000000000
71278  29.008  -15.927  13.883 0.1250000000
71295  22.489  -15.264  13.390 1.0000000000
72297  25.875  -15.463  11.516 0.5000000000
72312  20.767  -14.612  11.351 1.0000000000
72326  26.539  -14.711  10.399 0.5000000000
73231  25.684  -13.953  13.254 0.8750000000
73232  24.813  -13.789  13.632 0.7500000000
73260  17.918  -13.488  11.714 0.7500000000
73286  26.621  -14.371  8.970 0.2500000000
74205  23.029  -12.791  12.356 1.0000000000
74206  22.606  -12.588  11.907 1.0000000000
74227  28.857  -13.086  9.906 0.1250000000
75141  25.191  -11.186  13.428 1.0000000000
75147  15.175  -10.411  13.791 0.1250000000
75165  21.611  -11.682  11.449 1.0000000000
75178  18.651  -10.951  9.564 1.0000000000
75185  18.210  -10.464  9.415 1.0000000000
75210  25.375  -11.941  6.502 0.1250000000
75220  27.318  -10.713  4.186 0.1250000000
76066  24.477  -10.450  12.981 1.0000000000
76092  26.541  -10.618  11.652 0.8750000000
76105  19.039  -10.432  9.458 1.0000000000
76107  17.070  -10.177  10.284 0.5000000000
76116  25.944  -9.828  9.603 0.7500000000
76117  18.640  -9.827  9.342 1.0000000000
76126  25.722  -11.350  8.309 0.5000000000
76153  24.885  -10.815  5.052 0.1250000000
76944  26.910  -9.186  10.889 1.0000000000
76946  23.218  -8.898  12.412 1.0000000000
76948  21.025  -9.615  11.142 1.0000000000
76969  18.287  -9.047  9.511 0.6250000000
76996  22.698  -8.390  3.339 0.1250000000
77774  26.097  -8.118  12.223 1.0000000000
77789  20.402  -8.114  10.990 1.0000000000
77799  19.321  -8.377  9.636 1.0000000000
77800  17.308  -8.277  9.930 0.5000000000
77805  26.375  -8.519  9.743 1.0000000000
77807  18.954  -8.132  9.341 0.8750000000
78633  24.435  -7.346  12.817 1.0000000000
78642  15.516  -7.021  11.739 0.2500000000
78654  26.772  -7.614  10.285 1.0000000000
78674  22.255  -7.092  3.711 0.1250000000
79459  24.812  -6.407  11.699 1.0000000000
79467  26.023  -5.960  11.330 1.0000000000
79475  26.791  -6.882  10.808 1.0000000000
79501  22.427  -6.678  3.979 0.1250000000
79507  23.555  -5.893  4.557 0.1250000000
80360  24.161  -4.830  4.914 0.1250000000
81186  25.335  -4.720  11.899 1.0000000000
82091  26.206  -3.270  11.059 0.8750000000
82945  17.257  -1.105  11.302 0.1250000000
82951  25.815  -2.520  11.365 0.8750000000
82953  23.789  -2.359  11.495 1.0000000000
82962  26.880  -2.304  10.471 0.8750000000
82972  27.230  -2.671  9.843 0.8750000000
82983  27.195  -2.002  8.587 0.7500000000
83025  25.296  -2.400  1.404 0.1250000000
83928  25.943  -1.141  10.951 1.0000000000
83935  26.814  -0.968  9.812 0.7500000000
83968  26.537  -1.747  5.159 0.2500000000
83979  25.110  -2.280  1.467 0.1250000000
84818  23.953  -0.897  11.215 1.0000000000
84839  27.112  -0.925  9.075 0.7500000000
84867  26.768  -0.667  5.278 0.3750000000
85722  25.918  0.023  9.046 0.7500000000
85723  25.135  0.276  9.385 0.7500000000
85736  24.595  0.788  9.025 0.7500000000
85757  25.692  0.915  7.101 0.7500000000
85761  26.837  0.601  5.656 0.3750000000
86594  27.677  1.725  -1.366 0.1250000000
87402  25.870  1.922  6.268 0.6250000000
87405  23.400  1.758  6.849 0.7500000000
87433  17.106  3.359  3.079 0.1250000000
87440  17.337  3.093  2.451 0.2500000000
87446  17.861  3.189  1.689 0.2500000000
88226  19.489  4.706  6.570 0.2500000000
88235  19.950  3.867  6.426 0.3750000000
88256  21.562  2.253  4.404 0.3750000000
88266  24.547  3.774  3.779 0.3750000000
88270  17.455  3.503  3.559 0.3750000000
88276  26.353  3.588  2.687 0.1250000000
88280  18.690  2.830  1.699 0.2500000000
89045  19.132  5.183  9.669 0.2500000000
89113  22.295  4.061  2.284 0.2500000000
89117  17.102  4.268  3.000 0.1250000000
89126  24.696  4.605  2.581 0.1250000000
89131  17.075  4.169  2.700 0.1250000000
89156  19.950  4.991  -0.358 0.1250000000
89159  27.125  4.052  -1.748 0.1250000000
90023  20.358  5.539  0.330 0.1250000000
90024  19.702  5.010  -0.054 0.1250000000
90041  20.664  5.384  -0.345 0.1250000000
121189  22.689  -4.304  11.555 1.0000000000
121190  22.995  -6.577  12.571 1.0000000000
121201  17.870  -6.723  9.043 0.6250000000
121228  25.624  -1.349  0.503 0.1250000000
121229  25.737  -1.011  -0.200 0.1250000000
121230  26.011  -1.087  -0.395 0.1250000000
121235  25.860  -0.446  -0.703 0.1250000000
121346  26.838  1.324  2.272 0.1250000000
121357  19.987  -7.019  9.941 1.0000000000
121368  24.280  -6.035  11.678 1.0000000000
121393  26.524  2.824  3.219 0.2500000000
121621  21.711  2.095  4.914 0.3750000000
123019  18.618  2.401  2.785 0.3750000000
123446  23.804  1.233  7.975 0.7500000000
124067  26.632  -3.971  10.544 0.8750000000
124446  18.982  5.015  5.689 0.2500000000
124744  20.883  2.159  4.647 0.3750000000
124903  26.667  -0.339  8.676 0.7500000000
125141  17.511  2.771  3.181 0.3750000000
125148  18.280  -24.626  17.586 0.7500000000
128991  24.880  -4.100  4.782 0.1250000000
129215  26.150  -8.958  12.084 1.0000000000
129222  21.402  -10.229  11.330 1.0000000000
130671  19.245  5.603  8.104 0.1250000000
134051  17.639  -21.101  15.678 0.5000000000
134078  23.971  3.357  4.431 0.3750000000
134467  26.096  -10.398  12.512 0.8750000000
135699  20.622  -8.952  10.915 1.0000000000
138470  26.788  2.231  2.409 0.1250000000
138518  20.412  -6.858  10.402 1.0000000000
138839  17.073  3.727  2.583 0.1250000000
139981  26.133  -11.879  8.174 0.5000000000
140636  16.909  -17.912  15.087 0.1250000000
141083  26.260  -1.488  0.124 0.1250000000
141222  22.583  -13.295  12.021 1.0000000000
141229  25.415  -0.555  10.581 0.8750000000
143492  26.460  1.510  6.082 0.6250000000
144407  22.391  -14.666  12.878 1.0000000000
145397  19.480  -17.054  11.974 1.0000000000
146967  26.476  -8.491  11.729 1.0000000000
147360  24.065  0.934  9.379 0.7500000000
147518  17.404  3.564  1.978 0.2500000000
