#!ascii label  , from subject sub-07 vox2ras=TkReg
2192
23445  35.461  -64.393  20.463 0.6000000238
127403  34.364  -65.144  21.470 0.5000000000
26921  35.368  -60.978  21.021 0.6999999881
26155  35.830  -61.676  20.575 0.6000000238
142188  35.962  -61.017  20.452 0.6000000238
27887  36.134  -59.708  20.153 0.6000000238
25286  34.547  -62.322  21.631 0.6999999881
26143  35.196  -61.923  21.071 0.6000000238
25301  35.647  -62.346  20.657 0.5000000000
25300  36.249  -62.301  20.278 0.5000000000
26167  36.489  -61.491  19.986 0.5000000000
26934  36.261  -60.550  19.975 0.6000000238
27900  36.654  -58.953  19.840 0.6000000238
24400  34.407  -63.335  21.679 0.5000000000
23446  34.870  -64.788  20.915 0.5000000000
132264  35.834  -62.971  20.432 0.6000000238
27899  37.028  -59.323  19.176 0.6000000238
21494  34.390  -66.661  21.895 0.5000000000
21484  34.294  -66.771  22.681 0.5000000000
126462  36.447  -57.191  22.113 0.6000000238
30764  36.928  -56.976  21.580 0.6999999881
27869  34.261  -59.997  22.224 0.6000000238
27875  34.822  -59.750  21.695 0.6999999881
125206  35.552  -58.452  21.902 0.6000000238
28830  35.901  -58.687  21.121 0.6000000238
28845  36.519  -58.270  20.604 0.6000000238
26916  34.183  -60.809  22.105 0.6000000238
26144  34.651  -61.367  21.587 0.6999999881
29796  36.975  -57.395  20.787 0.6000000238
24387  33.793  -63.514  22.274 0.5000000000
26134  34.044  -61.714  22.332 0.5000000000
28844  37.267  -57.934  19.866 0.6000000238
22452  33.962  -64.761  22.010 0.5000000000
28864  37.822  -58.177  18.904 0.6000000238
22441  33.525  -65.380  22.628 0.5000000000
29814  38.169  -57.173  19.368 0.6000000238
30784  39.564  -55.772  19.241 0.6999999881
30792  39.006  -56.676  18.632 0.6000000238
32769  40.121  -55.118  19.166 0.6999999881
29822  39.598  -57.227  17.751 0.6000000238
30791  40.133  -56.362  18.217 0.6000000238
30798  42.029  -56.949  16.540 0.6000000238
30799  40.734  -56.979  17.273 0.6000000238
32797  40.204  -54.657  15.817 0.5000000000
34476  38.468  -52.608  15.905 0.6999999881
142941  39.381  -54.239  16.115 0.6000000238
34477  37.230  -52.369  16.147 0.8000000119
33669  37.641  -53.394  16.329 0.6999999881
30752  37.081  -56.525  22.439 0.6000000238
30751  37.643  -55.780  22.656 0.6999999881
127757  35.278  -58.321  22.795 0.6999999881
29785  35.869  -57.706  22.355 0.6000000238
125021  37.757  -56.092  22.101 0.6999999881
145346  33.930  -60.438  22.476 0.6000000238
28813  34.597  -58.822  23.237 0.6000000238
31772  38.107  -56.082  21.466 0.8000000119
143554  33.315  -60.895  23.596 0.5000000000
137547  33.316  -60.061  23.815 0.5000000000
30776  38.479  -55.802  20.886 0.8000000119
29815  37.686  -56.970  20.274 0.6000000238
25257  33.007  -62.613  23.570 0.5000000000
25274  33.527  -62.275  22.959 0.5000000000
31783  38.744  -55.296  20.618 0.8000000119
30785  38.298  -56.522  20.002 0.6000000238
23411  32.966  -64.869  23.276 0.5000000000
32757  38.934  -54.720  20.413 0.8000000119
32770  39.178  -54.304  19.854 0.8000000119
140487  38.736  -56.367  19.500 0.6999999881
131805  40.273  -54.497  18.820 0.6999999881
145358  39.697  -54.643  19.428 0.6999999881
33647  40.970  -54.283  17.783 0.6999999881
33648  40.140  -53.630  18.276 0.6999999881
31796  40.582  -55.583  18.514 0.6999999881
33655  41.320  -53.820  16.629 0.6000000238
32778  41.484  -55.083  17.664 0.6000000238
31795  41.225  -55.505  17.977 0.6000000238
33666  41.458  -53.361  15.903 0.6999999881
32785  42.326  -55.018  16.123 0.6999999881
32786  42.044  -55.210  16.880 0.6000000238
33678  40.826  -53.202  15.368 0.6999999881
32803  41.666  -54.722  15.733 0.6000000238
33668  38.941  -53.482  16.049 0.8000000119
34475  39.809  -52.873  15.550 0.8000000119
32804  40.913  -54.188  15.759 0.6000000238
35349  39.146  -51.245  15.031 0.8999999762
34478  36.304  -52.160  16.085 0.6999999881
35350  37.915  -50.985  15.023 0.8000000119
33670  36.347  -52.926  16.389 0.6999999881
31751  37.574  -55.370  23.400 0.6000000238
138603  37.844  -55.162  22.733 0.6999999881
33594  37.232  -53.532  23.405 0.6999999881
30744  36.731  -56.550  23.362 0.6000000238
33603  37.555  -53.836  22.458 0.6000000238
30715  36.420  -56.454  25.262 0.4000000060
141163  35.610  -57.520  23.884 0.6000000238
29775  36.124  -57.109  23.634 0.6000000238
32733  37.896  -54.651  22.316 0.6999999881
29764  35.328  -57.616  24.609 0.6000000238
32747  38.185  -54.765  21.625 0.8000000119
27843  33.384  -59.743  24.561 0.4000000060
27842  33.928  -58.907  24.828 0.5000000000
27861  33.873  -59.355  23.735 0.6000000238
33615  38.032  -54.052  21.159 0.8000000119
26102  32.809  -61.424  24.526 0.5000000000
33628  37.987  -53.317  20.828 0.8000000119
25258  32.878  -62.206  24.192 0.4000000060
33640  38.871  -53.415  19.557 0.8000000119
129981  32.578  -63.749  24.135 0.5000000000
34450  39.315  -53.066  18.655 0.8000000119
142554  40.177  -52.023  17.720 0.8000000119
34458  40.046  -52.777  17.867 0.6999999881
33639  39.518  -53.948  19.088 0.8000000119
35331  41.656  -51.918  16.222 0.8000000119
128482  41.552  -51.458  15.410 0.8999999762
137866  41.639  -52.325  15.568 0.8999999762
34468  41.055  -52.372  17.089 0.6999999881
35347  41.457  -51.912  14.911 0.8999999762
33665  41.723  -54.419  16.158 0.6999999881
33677  41.268  -53.671  15.754 0.6000000238
34488  39.484  -51.998  15.433 0.8999999762
35348  40.550  -51.502  14.803 0.8999999762
36172  35.781  -50.750  16.334 0.8000000119
35333  34.857  -51.257  16.551 0.8000000119
35343  35.723  -51.573  16.035 0.8000000119
34479  34.921  -52.068  16.197 0.8000000119
36170  37.233  -50.564  15.515 0.8000000119
35342  36.779  -51.642  15.921 0.6999999881
144826  37.401  -54.144  23.714 0.6999999881
34404  36.776  -52.582  23.474 0.6000000238
33581  37.318  -53.777  24.415 0.5000000000
34414  36.722  -52.154  22.921 0.6999999881
30714  36.897  -55.915  25.636 0.4000000060
31737  36.898  -55.858  24.777 0.5000000000
31736  37.393  -55.306  24.309 0.6000000238
33616  37.608  -53.304  21.597 0.6999999881
30716  35.920  -57.065  24.971 0.5000000000
34424  37.301  -52.457  21.701 0.6999999881
29729  36.306  -57.516  26.535 0.5000000000
28800  34.621  -58.199  24.669 0.6000000238
27807  35.077  -59.047  26.929 0.4000000060
28762  34.684  -58.665  26.293 0.4000000060
35311  38.108  -50.905  20.087 0.8000000119
34437  38.325  -52.865  20.199 0.8000000119
27809  33.682  -59.828  26.337 0.4000000060
34451  38.735  -52.334  19.276 0.8000000119
35297  38.120  -51.879  20.078 0.8000000119
33627  38.539  -53.916  20.427 0.8000000119
25237  32.632  -62.223  24.875 0.3000000119
129306  39.930  -49.843  17.865 0.8000000119
36146  39.691  -50.449  18.210 0.8000000119
35320  39.084  -51.582  18.816 0.8000000119
141824  40.529  -49.835  17.077 0.8000000119
35319  39.775  -51.297  18.071 0.8000000119
36979  41.503  -49.605  15.541 0.8999999762
124849  41.346  -50.989  16.243 0.8999999762
36988  41.455  -49.793  14.716 0.8999999762
36169  41.447  -50.425  15.411 0.8999999762
37754  41.362  -49.303  14.212 0.8999999762
36177  41.238  -50.735  14.601 0.8999999762
36178  40.132  -50.706  14.451 0.8999999762
36161  35.376  -50.502  17.062 0.8000000119
35334  34.089  -51.480  17.163 0.8000000119
36179  38.857  -50.530  14.690 0.8999999762
36171  36.634  -50.238  16.108 0.8000000119
36180  37.916  -50.349  14.924 0.8000000119
34394  37.113  -52.696  24.716 0.6000000238
33582  36.937  -52.950  24.070 0.6000000238
35259  36.598  -51.259  24.230 0.6000000238
33570  37.491  -53.278  25.308 0.6000000238
32686  38.209  -54.267  26.564 0.4000000060
124215  37.630  -54.711  26.050 0.4000000060
32699  37.538  -54.245  25.306 0.4000000060
32712  37.448  -54.653  24.664 0.5000000000
34425  37.013  -51.966  22.222 0.6999999881
31708  37.380  -55.517  26.179 0.4000000060
35289  37.352  -51.739  21.450 0.6999999881
29728  36.717  -56.966  26.516 0.5000000000
30696  37.068  -56.251  26.394 0.4000000060
35298  37.739  -51.428  20.747 0.6999999881
126169  37.501  -56.860  27.070 0.5000000000
140676  38.142  -49.220  20.412 0.8000000119
36119  37.787  -50.559  20.774 0.8000000119
36960  39.714  -49.177  18.296 0.8000000119
36134  38.567  -50.319  19.464 0.8000000119
37736  40.371  -48.851  16.886 0.8000000119
37744  41.316  -48.950  15.792 0.8999999762
36972  40.939  -49.435  16.478 0.8999999762
38692  41.326  -48.382  14.887 0.8999999762
36182  40.745  -50.020  14.075 0.8999999762
36992  40.088  -49.485  14.086 1.0000000000
36982  36.120  -49.992  16.782 0.8000000119
36989  39.218  -48.990  14.404 1.0000000000
36981  36.950  -49.411  16.549 0.8000000119
36980  37.533  -49.667  15.591 0.8000000119
136029  37.539  -48.917  16.222 0.8000000119
36058  36.973  -50.982  24.893 0.6000000238
36876  37.134  -49.860  24.035 0.6000000238
34382  37.413  -52.363  25.387 0.6000000238
36891  37.067  -49.699  23.345 0.6999999881
131282  38.800  -53.879  26.832 0.4000000060
33556  38.370  -53.458  26.370 0.4000000060
34366  37.862  -52.926  25.912 0.4000000060
31707  38.099  -55.231  26.807 0.4000000060
36093  37.141  -50.182  22.275 0.6999999881
30680  39.384  -56.181  27.293 0.5000000000
32671  39.596  -54.833  27.198 0.4000000060
36106  37.470  -50.335  21.491 0.8000000119
36949  38.712  -49.272  19.700 0.8000000119
36932  37.786  -48.727  21.085 0.8000000119
38680  39.480  -47.860  18.679 0.8000000119
36948  39.373  -48.870  19.099 0.8000000119
137537  39.786  -47.639  16.758 0.8000000119
124854  39.886  -48.808  17.775 0.8000000119
37745  40.404  -48.298  16.195 0.8999999762
133604  41.365  -48.461  13.954 0.8999999762
39747  41.081  -46.642  14.522 0.8999999762
123640  41.110  -48.197  13.447 1.0000000000
37756  40.293  -48.693  13.735 1.0000000000
134632  40.206  -47.808  13.590 1.0000000000
36974  35.796  -49.815  17.508 0.8000000119
37752  38.937  -48.118  14.421 1.0000000000
37746  37.475  -48.168  16.095 0.8000000119
37753  38.123  -48.792  15.255 0.8000000119
146383  38.275  -50.683  25.477 0.6000000238
34383  36.902  -51.801  24.864 0.6000000238
36071  37.391  -50.115  24.723 0.6000000238
36902  37.184  -49.451  22.601 0.6999999881
37667  37.533  -48.250  23.376 0.6999999881
135334  39.748  -52.792  26.354 0.4000000060
34365  38.481  -52.666  26.172 0.5000000000
35233  37.910  -52.089  25.861 0.5000000000
137450  37.412  -48.710  22.019 0.8000000119
37680  37.571  -48.081  22.581 0.8000000119
32684  39.455  -54.005  27.030 0.4000000060
33569  41.682  -53.966  25.793 0.4000000060
33553  40.874  -53.659  26.363 0.4000000060
128818  39.042  -47.851  20.382 0.8000000119
37705  38.645  -48.486  20.396 0.8000000119
38670  39.254  -47.700  19.608 0.8000000119
38686  39.760  -48.188  17.543 0.8000000119
38693  40.507  -47.422  15.514 0.8999999762
39741  39.350  -46.118  16.539 0.8000000119
38696  41.403  -47.475  14.102 1.0000000000
38698  41.181  -47.217  13.546 1.0000000000
40795  41.307  -45.919  13.911 1.0000000000
38702  41.080  -46.578  13.183 1.0000000000
39754  37.975  -46.207  14.714 1.0000000000
127898  37.128  -47.672  16.572 0.8999999762
127818  36.717  -48.493  17.615 0.8999999762
38694  37.334  -47.192  15.908 1.0000000000
37737  36.876  -47.702  17.152 1.0000000000
40803  38.044  -45.406  14.346 1.0000000000
42950  38.111  -43.989  13.970 1.0000000000
141532  37.563  -45.205  14.886 1.0000000000
41810  37.291  -44.952  15.340 1.0000000000
132505  38.576  -43.161  13.607 1.0000000000
144449  37.864  -43.307  14.538 1.0000000000
36874  37.914  -49.332  24.828 0.6999999881
37653  37.870  -48.551  24.498 0.6999999881
146766  37.854  -47.922  24.225 0.6999999881
36859  39.405  -49.651  25.267 0.6000000238
36860  38.607  -49.445  25.194 0.6000000238
37654  37.612  -48.426  24.026 0.6999999881
125798  38.949  -51.077  25.680 0.6000000238
34381  39.862  -52.166  25.993 0.5000000000
128645  37.661  -46.765  22.926 0.8000000119
124425  41.316  -53.062  25.721 0.4000000060
37692  37.852  -47.980  21.760 0.8000000119
38654  38.724  -47.273  20.859 0.8000000119
133682  38.913  -47.306  20.192 0.8000000119
133417  39.135  -47.261  18.867 0.8000000119
39708  38.784  -46.766  19.507 0.8000000119
39730  39.015  -46.305  17.434 0.6999999881
39720  39.369  -47.241  17.830 0.8000000119
39740  40.042  -46.423  15.684 0.8999999762
41803  39.198  -44.713  16.532 0.8000000119
141185  40.602  -45.941  14.925 0.8999999762
40789  39.729  -45.503  15.844 1.0000000000
133464  40.758  -45.244  14.622 1.0000000000
39751  41.392  -45.930  13.153 1.0000000000
41809  40.875  -44.475  14.205 1.0000000000
42957  41.208  -43.713  13.884 1.0000000000
39758  40.848  -46.113  12.908 1.0000000000
42956  41.275  -43.544  12.821 1.0000000000
137419  40.831  -44.770  12.871 1.0000000000
42962  40.222  -43.324  12.784 1.0000000000
41818  38.504  -44.628  13.716 1.0000000000
39742  37.032  -46.339  16.186 1.0000000000
38687  36.812  -46.963  17.356 1.0000000000
44033  39.741  -42.945  12.836 1.0000000000
40791  37.118  -45.665  15.796 1.0000000000
40792  36.772  -45.638  16.469 1.0000000000
41811  37.123  -44.059  15.913 1.0000000000
44030  37.892  -42.494  14.409 1.0000000000
42951  37.279  -42.953  15.504 1.0000000000
38606  38.331  -47.855  24.602 0.6999999881
38607  37.950  -47.231  24.166 0.6999999881
36873  40.743  -49.296  24.708 0.5000000000
37652  39.745  -48.224  24.902 0.6999999881
39653  37.735  -46.750  23.604 0.6999999881
36055  39.630  -50.455  25.414 0.6000000238
139420  40.654  -51.304  25.353 0.5000000000
36054  40.417  -50.659  25.239 0.5000000000
39672  38.040  -46.401  22.229 0.8000000119
39671  38.444  -46.499  21.285 0.8000000119
134934  38.357  -45.758  20.782 0.6999999881
40751  38.516  -45.801  19.905 0.8000000119
40770  38.556  -45.791  18.988 0.8000000119
40790  38.918  -45.502  16.958 0.6999999881
40780  38.546  -45.549  18.000 0.6999999881
137270  39.493  -43.902  16.224 0.8999999762
43984  38.771  -42.472  17.239 0.8000000119
45161  38.949  -41.623  16.777 0.8000000119
46272  38.933  -40.749  17.334 0.8000000119
41802  40.044  -44.572  15.459 0.8999999762
44003  39.256  -42.513  16.360 0.8000000119
42949  40.286  -43.671  15.072 1.0000000000
44002  39.919  -42.727  15.304 0.8999999762
45160  39.629  -41.822  15.669 0.8999999762
46290  39.476  -40.920  16.161 0.8000000119
129304  40.618  -42.160  14.244 0.8999999762
135356  41.693  -42.607  12.715 1.0000000000
42961  41.292  -43.223  12.348 1.0000000000
41824  39.614  -44.549  13.286 1.0000000000
135823  40.579  -42.420  12.045 1.0000000000
44029  38.996  -42.272  13.099 1.0000000000
42939  36.518  -43.147  16.451 1.0000000000
129860  40.645  -40.905  11.975 1.0000000000
45184  38.756  -41.390  13.389 1.0000000000
46308  39.329  -40.734  13.118 1.0000000000
47256  38.471  -39.668  13.628 1.0000000000
45174  36.895  -40.783  14.890 1.0000000000
38604  40.500  -47.892  24.680 0.6999999881
128776  39.908  -47.457  24.751 0.6999999881
39635  39.503  -46.701  24.733 0.6999999881
128343  38.589  -46.965  24.430 0.6999999881
39637  38.037  -46.400  24.164 0.6999999881
124397  41.043  -48.470  24.545 0.6000000238
40682  37.853  -45.880  23.703 0.6999999881
36070  40.858  -50.199  24.695 0.5000000000
40700  37.789  -45.290  23.171 0.6999999881
36069  41.531  -50.608  24.267 0.5000000000
40708  37.810  -45.438  22.476 0.8000000119
41727  37.794  -44.673  21.859 0.6999999881
41739  38.246  -44.847  20.329 0.6999999881
40733  38.090  -45.052  21.122 0.6999999881
41757  38.376  -44.963  19.399 0.6999999881
127871  38.258  -44.219  18.799 0.6999999881
136721  38.861  -44.001  17.116 0.6999999881
134827  38.493  -44.065  17.940 0.6999999881
45145  38.583  -41.656  17.711 0.8000000119
45129  38.595  -41.012  18.347 0.8000000119
46255  39.287  -40.138  18.199 0.8000000119
47233  39.882  -39.685  17.581 0.8000000119
123790  39.641  -40.046  16.641 0.8000000119
45173  40.304  -41.153  14.599 1.0000000000
46301  40.144  -40.185  15.150 0.8999999762
47245  40.438  -39.362  15.567 0.8000000119
47252  41.043  -39.513  14.074 1.0000000000
44027  41.716  -42.855  12.258 1.0000000000
45183  41.690  -41.652  12.725 1.0000000000
44032  41.549  -42.598  11.855 1.0000000000
45186  41.427  -41.624  11.753 1.0000000000
46315  40.137  -40.024  12.610 1.0000000000
44019  36.497  -42.010  16.147 1.0000000000
42920  35.822  -43.457  17.662 1.0000000000
47264  39.174  -38.727  13.307 1.0000000000
46309  37.847  -40.482  14.103 1.0000000000
47257  36.866  -39.379  13.782 1.0000000000
39634  40.565  -46.991  24.763 0.6999999881
133046  40.259  -46.047  24.986 0.6999999881
40680  38.967  -45.287  24.418 0.6000000238
40681  38.288  -45.109  23.735 0.6000000238
41706  37.943  -44.663  23.214 0.6000000238
143511  37.704  -44.056  22.305 0.6999999881
42867  37.998  -43.461  20.858 0.6999999881
42842  37.803  -43.761  21.622 0.6999999881
42891  38.099  -43.306  20.102 0.6999999881
42890  38.263  -43.306  19.300 0.6999999881
45112  38.446  -41.543  19.311 0.8000000119
42904  38.449  -43.316  18.463 0.6999999881
132535  38.424  -41.805  18.477 0.8000000119
47213  41.473  -39.614  17.867 0.8000000119
47232  40.911  -39.403  17.561 0.8000000119
147227  41.151  -38.696  15.685 0.8000000119
48284  42.227  -38.159  14.792 0.8000000119
47262  41.292  -39.812  12.506 1.0000000000
128955  41.731  -38.875  13.153 1.0000000000
48290  42.078  -38.202  13.705 0.6999999881
48300  41.221  -38.766  12.549 1.0000000000
48296  41.733  -38.299  12.894 0.8999999762
48301  40.237  -38.203  12.752 1.0000000000
49369  39.343  -37.378  13.409 1.0000000000
43986  35.074  -42.699  17.587 1.0000000000
47265  37.430  -38.529  13.509 1.0000000000
45175  36.204  -40.976  15.716 1.0000000000
45162  35.553  -41.376  16.237 1.0000000000
43985  35.803  -42.804  17.116 1.0000000000
46310  36.252  -39.859  14.240 1.0000000000
145777  39.451  -45.852  24.798 0.6999999881
42841  38.098  -43.288  22.299 0.6000000238
43929  38.020  -42.931  21.378 0.6999999881
45093  38.379  -41.864  20.273 0.6999999881
43941  38.396  -42.186  21.042 0.6999999881
43963  38.226  -42.475  19.773 0.6999999881
45111  38.912  -41.029  20.124 0.8000000119
47192  39.950  -39.857  19.052 0.6999999881
47190  41.267  -39.710  18.720 0.6999999881
47231  42.181  -38.963  16.804 0.6999999881
48276  43.140  -38.459  15.772 0.6999999881
48283  42.836  -37.982  15.390 0.6999999881
49361  42.168  -37.357  14.429 0.8000000119
48289  42.313  -37.828  14.435 0.6999999881
49366  41.247  -37.470  13.369 0.8999999762
142091  39.664  -36.867  13.675 1.0000000000
50447  39.175  -36.061  14.254 1.0000000000
44005  35.024  -42.050  16.725 1.0000000000
125724  37.423  -36.945  13.441 1.0000000000
45176  34.943  -40.580  15.267 1.0000000000
47258  35.436  -39.024  13.672 1.0000000000
41688  40.515  -44.550  24.418 0.6000000238
41689  39.579  -44.547  24.294 0.6000000238
41704  39.197  -43.853  23.866 0.6000000238
42824  39.725  -43.201  23.814 0.6000000238
42825  38.665  -43.428  23.225 0.6000000238
43906  39.673  -42.373  22.824 0.6000000238
43927  39.290  -42.092  22.105 0.6000000238
45074  38.952  -41.785  21.409 0.6000000238
143283  38.749  -41.604  20.750 0.6000000238
46214  39.807  -40.680  20.454 0.6999999881
46232  41.536  -40.325  19.126 0.6999999881
46254  42.029  -40.144  17.976 0.6999999881
47212  42.627  -39.649  17.033 0.6999999881
47230  43.679  -39.267  16.025 0.6999999881
47243  44.085  -38.888  15.887 0.6999999881
49356  43.851  -38.329  15.808 0.6999999881
50341  46.614  -36.630  23.471 0.3000000119
49358  42.501  -37.476  15.087 0.6999999881
49357  43.328  -38.000  15.564 0.6999999881
51351  46.987  -35.086  23.045 0.3000000119
50442  41.803  -36.615  15.064 0.8000000119
39693  33.259  -46.269  20.716 0.8999999762
50450  40.319  -36.592  14.271 1.0000000000
138159  33.694  -44.785  19.948 1.0000000000
43973  34.469  -42.854  17.919 1.0000000000
42892  34.670  -43.867  19.089 1.0000000000
49367  37.522  -36.344  13.786 1.0000000000
48298  34.573  -37.750  13.922 1.0000000000
47266  36.047  -38.287  13.691 1.0000000000
46311  34.851  -39.492  13.914 1.0000000000
47259  34.441  -38.831  13.537 1.0000000000
42812  41.001  -43.788  24.251 0.6000000238
42823  40.503  -43.179  23.909 0.6000000238
42840  41.534  -42.932  23.078 0.6000000238
146818  41.066  -42.506  22.779 0.6000000238
43904  41.616  -42.718  22.168 0.6000000238
43926  40.936  -42.114  22.068 0.6999999881
45071  41.351  -41.784  21.109 0.6999999881
45072  40.474  -41.488  21.561 0.6000000238
46192  40.948  -41.083  20.874 0.6999999881
43934  47.234  -43.268  20.120 0.3000000119
43935  45.886  -43.416  20.086 0.3000000119
45091  41.267  -40.813  20.044 0.6999999881
46271  43.685  -40.644  16.502 0.6999999881
49246  46.378  -37.504  23.615 0.3000000119
131389  45.999  -36.982  23.956 0.4000000060
51338  46.471  -35.674  23.516 0.4000000060
51339  45.792  -35.380  24.018 0.4000000060
138366  32.295  -47.033  21.455 0.6999999881
39675  31.616  -46.932  21.318 0.6999999881
55493  45.050  -31.559  23.453 0.3000000119
52373  46.337  -34.774  23.552 0.3000000119
49354  42.375  -37.160  16.164 0.6999999881
40736  32.712  -45.693  20.406 0.8999999762
54538  45.779  -32.075  22.986 0.3000000119
53390  46.188  -33.856  23.535 0.3000000119
50446  40.707  -36.183  15.004 0.8000000119
40755  33.015  -45.053  19.961 0.8999999762
53359  45.433  -33.450  24.097 0.3000000119
52374  45.671  -34.454  24.104 0.3000000119
137727  39.611  -35.841  14.943 0.8000000119
50448  38.635  -35.834  14.625 1.0000000000
43987  34.129  -42.363  17.040 1.0000000000
49365  36.413  -36.764  13.986 1.0000000000
45163  34.526  -41.178  15.673 1.0000000000
44006  34.155  -41.813  16.075 1.0000000000
48297  35.606  -37.378  13.955 1.0000000000
46303  34.164  -39.823  14.122 1.0000000000
48294  33.823  -37.890  14.061 1.0000000000
46313  33.437  -38.414  13.983 1.0000000000
47254  33.464  -38.386  14.561 1.0000000000
146965  42.358  -42.899  20.326 0.6999999881
43940  42.039  -42.464  20.122 0.6999999881
42863  46.262  -44.228  18.905 0.3000000119
42864  45.074  -44.458  18.174 0.4000000060
45090  41.675  -41.671  20.058 0.6999999881
45110  42.086  -41.410  19.071 0.6999999881
46231  42.519  -41.182  17.988 0.6999999881
43922  45.572  -42.637  20.930 0.4000000060
46253  42.894  -41.094  16.826 0.6999999881
45067  45.926  -41.956  21.787 0.3000000119
43923  44.802  -42.709  20.397 0.5000000000
45126  44.341  -41.179  16.932 0.6999999881
47211  44.419  -40.090  17.033 0.6999999881
45048  45.479  -41.379  22.346 0.5000000000
48274  44.312  -39.121  16.515 0.6999999881
47125  45.859  -39.175  23.447 0.4000000060
46165  43.847  -40.169  22.935 0.6000000238
48168  44.352  -38.844  23.700 0.5000000000
49336  44.051  -38.442  17.205 0.6999999881
48166  46.138  -38.333  23.611 0.3000000119
49353  43.419  -37.823  16.272 0.6999999881
144607  42.557  -33.057  25.485 0.4000000060
49235  44.801  -37.358  24.307 0.4000000060
50416  42.448  -36.986  17.337 0.6999999881
39676  30.913  -46.934  21.248 0.6999999881
55464  43.578  -31.313  24.959 0.4000000060
50318  45.349  -36.838  24.250 0.4000000060
50319  44.530  -36.701  24.480 0.4000000060
137931  31.115  -47.434  21.436 0.6000000238
56423  44.452  -30.789  23.570 0.3000000119
54505  44.739  -32.126  24.114 0.3000000119
54506  44.121  -32.299  24.737 0.4000000060
52347  44.988  -35.133  24.385 0.4000000060
51319  44.280  -35.853  24.537 0.4000000060
126876  41.325  -36.227  16.202 0.6999999881
50417  41.677  -35.999  18.151 0.6999999881
39694  32.295  -46.394  20.953 0.6999999881
53361  43.727  -33.503  24.976 0.4000000060
51320  43.336  -35.785  24.698 0.4000000060
50434  40.248  -35.260  16.496 0.8000000119
54517  45.331  -32.482  23.753 0.3000000119
127549  44.888  -34.220  24.540 0.3000000119
52348  43.999  -34.885  24.702 0.4000000060
51433  39.693  -35.225  16.368 0.8000000119
43974  33.727  -42.857  17.760 1.0000000000
50444  39.218  -35.545  15.730 0.8999999762
49363  37.975  -35.999  14.811 1.0000000000
125275  33.336  -39.277  14.087 1.0000000000
47253  34.130  -38.143  14.682 1.0000000000
48293  34.688  -37.681  14.162 1.0000000000
48292  35.770  -37.408  14.292 1.0000000000
47250  33.139  -38.846  14.623 1.0000000000
46304  32.625  -39.490  14.591 1.0000000000
140568  33.110  -38.740  15.010 1.0000000000
46293  32.538  -39.370  15.256 1.0000000000
43903  42.345  -43.099  21.206 0.6000000238
42851  42.783  -43.403  19.841 0.6000000238
43939  42.669  -43.162  19.245 0.6000000238
43961  43.114  -43.415  18.327 0.6999999881
41738  43.592  -44.559  18.227 0.5000000000
42889  43.665  -44.090  17.930 0.6000000238
43971  43.264  -42.566  17.780 0.6999999881
43936  45.062  -43.518  19.395 0.5000000000
43937  44.345  -43.484  18.337 0.4000000060
45109  42.810  -42.073  18.057 0.6999999881
45128  43.351  -41.965  17.069 0.6999999881
43924  44.378  -42.617  19.780 0.6000000238
45127  43.843  -42.234  17.147 0.6999999881
45069  44.408  -41.965  21.110 0.6000000238
143179  44.122  -41.819  16.813 0.6999999881
45049  44.587  -41.406  22.137 0.6000000238
46176  44.120  -40.748  22.565 0.6000000238
47189  44.321  -39.769  18.265 0.6999999881
48226  43.709  -38.994  19.268 0.6999999881
46164  44.554  -40.160  23.129 0.5000000000
46166  43.387  -39.727  22.947 0.6000000238
47155  42.963  -39.394  21.234 0.6000000238
48260  43.552  -38.214  18.433 0.6000000238
53344  40.955  -33.637  25.417 0.4000000060
49247  45.531  -37.679  24.017 0.4000000060
48169  43.491  -39.058  23.395 0.4000000060
47128  42.737  -39.155  22.922 0.5000000000
54486  42.044  -32.381  25.598 0.4000000060
134353  42.910  -38.575  23.449 0.5000000000
49337  43.368  -37.666  17.525 0.6999999881
139725  43.178  -33.319  25.232 0.4000000060
52335  41.525  -34.154  25.262 0.5000000000
49236  43.865  -37.456  24.317 0.4000000060
49237  43.021  -37.120  24.348 0.4000000060
134174  42.353  -36.741  18.490 0.6999999881
40737  31.865  -45.787  20.431 0.8999999762
39695  31.408  -46.319  20.932 0.6999999881
146235  44.725  -33.506  24.536 0.4000000060
51422  40.212  -34.908  17.472 0.6999999881
51421  40.920  -35.265  17.828 0.6999999881
126508  43.002  -35.083  24.794 0.4000000060
41779  32.399  -44.490  18.637 0.8999999762
134982  38.606  -35.917  15.446 0.8999999762
42921  32.949  -43.132  17.510 0.8999999762
45164  33.374  -41.205  15.090 1.0000000000
43988  33.210  -42.590  16.804 1.0000000000
49360  37.536  -36.840  15.362 1.0000000000
123063  33.322  -42.025  15.832 1.0000000000
146802  35.960  -38.647  15.974 1.0000000000
44020  32.551  -41.462  14.978 1.0000000000
44007  32.477  -42.440  15.750 1.0000000000
47248  35.063  -38.902  15.888 1.0000000000
45130  33.974  -41.121  18.529 0.8999999762
46275  34.273  -40.323  17.026 1.0000000000
46292  33.407  -39.331  15.757 1.0000000000
124023  31.760  -39.951  15.336 1.0000000000
121968  32.145  -39.735  15.022 1.0000000000
131474  33.315  -40.335  16.563 1.0000000000
46276  32.316  -40.502  16.454 1.0000000000
46277  31.320  -40.300  16.115 0.8999999762
45147  32.686  -41.136  17.779 1.0000000000
45148  31.906  -41.048  17.454 0.8999999762
43959  43.919  -43.756  17.581 0.6000000238
43960  43.835  -42.960  18.164 0.6999999881
45108  44.205  -42.506  17.758 0.6999999881
43938  44.204  -42.967  18.251 0.6999999881
46211  44.131  -41.454  19.010 0.6999999881
45070  44.093  -42.041  20.207 0.6000000238
46191  43.824  -41.305  20.505 0.6000000238
131714  44.426  -40.812  17.933 0.6999999881
132263  43.413  -40.632  21.438 0.6999999881
46212  43.459  -40.352  20.640 0.6000000238
47177  43.351  -39.492  20.284 0.6000000238
143207  42.956  -38.763  20.527 0.6000000238
122238  41.181  -32.145  25.606 0.3000000119
46177  43.414  -40.368  22.302 0.6000000238
46178  43.065  -39.963  21.736 0.6000000238
48227  42.808  -38.035  19.761 0.6000000238
52337  40.269  -33.769  25.043 0.4000000060
53362  39.617  -33.292  24.878 0.4000000060
48178  42.207  -38.840  22.442 0.6000000238
48203  42.351  -38.675  21.558 0.6000000238
48179  41.732  -38.257  22.240 0.5000000000
129014  42.780  -37.391  18.937 0.6000000238
49251  41.928  -37.533  23.578 0.4000000060
50403  42.235  -36.515  19.517 0.6000000238
52352  40.431  -34.368  24.559 0.5000000000
50322  41.930  -36.297  24.315 0.4000000060
49238  42.294  -37.044  24.112 0.4000000060
50404  41.809  -35.676  19.096 0.6000000238
52351  41.123  -34.811  24.901 0.5000000000
51321  42.395  -35.724  24.727 0.4000000060
51406  41.175  -34.981  18.674 0.6000000238
51322  41.538  -35.522  24.572 0.4000000060
141743  41.230  -35.892  23.886 0.4000000060
41762  31.859  -45.040  19.143 0.8999999762
50436  38.974  -35.987  17.315 0.8999999762
51423  39.754  -34.988  17.109 0.8000000119
41780  31.486  -44.599  18.425 0.8999999762
42909  31.863  -44.146  17.742 0.8999999762
42923  31.545  -43.809  16.895 0.8999999762
43989  32.558  -43.021  16.640 0.8999999762
48287  36.314  -38.022  15.353 1.0000000000
46291  34.608  -39.676  16.409 1.0000000000
44021  31.878  -41.587  15.105 1.0000000000
46305  31.728  -40.068  15.001 0.8999999762
45132  32.498  -41.248  18.501 1.0000000000
45133  31.600  -41.207  18.394 1.0000000000
45149  30.989  -40.780  17.224 0.8999999762
46241  31.320  -41.044  19.027 1.0000000000
139768  30.500  -40.809  18.742 0.8999999762
45088  44.186  -42.163  19.167 0.6999999881
135457  41.524  -30.463  25.529 0.3000000119
54487  40.418  -32.398  25.550 0.3000000119
123643  39.168  -33.334  24.225 0.3000000119
49286  41.897  -37.899  21.372 0.6000000238
52353  39.647  -33.761  24.129 0.5000000000
143665  39.107  -33.556  23.595 0.4000000060
49287  41.620  -37.411  21.997 0.5000000000
147088  41.579  -37.080  23.263 0.5000000000
49305  42.015  -36.941  21.185 0.5000000000
50388  42.191  -36.604  20.401 0.5000000000
52375  40.086  -34.393  23.546 0.5000000000
50358  41.315  -36.373  23.213 0.5000000000
122405  41.905  -36.143  20.961 0.5000000000
129135  41.319  -35.764  22.320 0.5000000000
51340  40.680  -35.145  23.597 0.5000000000
51352  40.881  -35.485  23.056 0.5000000000
51408  39.853  -34.827  18.008 0.6999999881
52400  40.155  -34.026  21.345 0.5000000000
127503  40.796  -34.598  22.014 0.5000000000
50418  39.418  -35.259  17.649 0.6000000238
49355  38.717  -36.958  16.962 0.8999999762
48285  37.962  -37.591  16.491 0.8999999762
49359  38.372  -36.739  16.040 0.8999999762
48279  37.654  -38.463  16.990 0.8999999762
46258  34.630  -40.735  18.201 0.8999999762
46274  35.385  -40.376  17.642 0.8999999762
47235  35.638  -39.821  16.883 0.8999999762
47247  36.223  -39.323  16.762 1.0000000000
44022  31.128  -41.524  15.297 0.8999999762
128107  31.688  -42.555  15.659 0.8999999762
46295  30.739  -40.503  15.506 0.8999999762
45115  33.077  -41.233  19.207 0.8000000119
46240  32.823  -40.942  19.559 0.6999999881
44023  30.361  -41.396  15.425 0.8999999762
45150  30.129  -40.563  16.889 0.8999999762
142771  30.000  -40.472  15.902 0.8999999762
56386  40.930  -30.911  25.681 0.3000000119
53346  39.503  -32.597  25.275 0.3000000119
122862  38.927  -31.921  25.407 0.4000000060
54488  38.223  -31.968  25.204 0.3000000119
126521  38.904  -32.971  24.654 0.3000000119
53363  38.115  -32.883  24.448 0.4000000060
53391  38.789  -33.820  23.020 0.4000000060
52390  39.172  -33.736  22.137 0.5000000000
52391  38.677  -33.925  22.233 0.4000000060
51362  41.397  -35.311  21.223 0.5000000000
51377  41.721  -35.642  20.151 0.5000000000
52401  39.585  -34.047  20.924 0.5000000000
51396  41.239  -34.820  19.505 0.5000000000
52411  40.278  -34.170  20.428 0.5000000000
51397  40.574  -34.449  19.138 0.5000000000
52412  39.864  -34.239  20.215 0.5000000000
51398  39.917  -34.538  19.002 0.5000000000
50389  39.370  -35.064  19.656 0.5000000000
50406  38.944  -36.100  19.285 0.6000000238
50419  39.042  -36.076  18.270 0.6000000238
48242  38.180  -38.014  19.411 0.6999999881
48261  38.405  -38.043  18.422 0.6999999881
131891  38.394  -37.390  16.771 0.6999999881
128551  37.942  -38.682  18.964 0.6999999881
48262  37.873  -38.899  18.057 0.8000000119
44008  30.873  -42.463  15.710 0.8999999762
46273  36.428  -39.995  17.718 0.8999999762
47234  37.075  -39.232  17.406 0.8999999762
45114  33.851  -41.246  19.243 0.6999999881
45165  29.470  -40.963  15.747 0.8999999762
46279  29.402  -40.524  16.527 0.8999999762
123721  30.775  -40.438  19.235 1.0000000000
54508  37.653  -32.334  24.849 0.3000000119
53393  37.762  -33.444  24.012 0.4000000060
55488  37.036  -31.945  25.089 0.3000000119
51341  38.206  -34.146  23.016 0.4000000060
52354  36.938  -33.808  24.237 0.3000000119
51354  38.203  -34.665  22.515 0.4000000060
51342  37.583  -34.973  23.248 0.4000000060
52377  37.454  -34.187  23.679 0.4000000060
51363  39.048  -34.550  21.172 0.4000000060
50360  37.775  -35.884  22.845 0.4000000060
50371  38.860  -35.897  21.100 0.4000000060
139672  38.491  -36.668  21.607 0.4000000060
49306  38.466  -37.158  20.014 0.5000000000
50390  38.844  -36.059  20.256 0.5000000000
48243  37.754  -38.874  19.782 0.6000000238
138889  37.150  -39.580  18.230 0.8000000119
46257  35.394  -40.677  18.790 0.6999999881
46239  33.590  -41.002  19.748 0.6999999881
46259  29.743  -40.629  17.892 0.8999999762
46280  28.798  -40.368  17.141 0.8999999762
47197  30.267  -39.672  19.361 0.8999999762
47198  29.409  -39.650  19.049 0.8000000119
47215  29.069  -40.155  18.298 0.8000000119
49327  29.756  -37.661  19.338 0.6999999881
50410  29.016  -37.042  19.008 0.8000000119
55489  36.223  -31.804  25.079 0.3000000119
53365  36.304  -33.329  24.477 0.3000000119
52378  36.716  -34.486  24.053 0.3000000119
52355  36.181  -34.260  24.314 0.4000000060
50343  37.081  -35.897  23.431 0.4000000060
134740  36.419  -35.633  23.700 0.4000000060
50361  37.112  -36.845  22.854 0.5000000000
49289  37.520  -38.188  21.721 0.5000000000
49268  36.685  -37.640  22.411 0.5000000000
48204  37.785  -38.295  21.161 0.5000000000
48205  37.142  -38.801  21.329 0.5000000000
48229  37.501  -38.922  20.610 0.5000000000
47193  37.283  -39.528  20.019 0.6000000238
46236  36.159  -40.326  19.343 0.6999999881
46215  35.775  -40.109  20.080 0.6999999881
46217  34.050  -40.488  20.264 0.6999999881
47182  33.666  -39.665  20.367 0.6999999881
47183  32.831  -39.601  20.031 0.6999999881
134844  32.854  -38.085  19.939 0.6999999881
47196  31.171  -39.637  19.538 0.8000000119
49326  31.269  -37.998  19.476 0.6999999881
55470  36.940  -31.288  25.315 0.3000000119
55471  36.145  -30.934  25.345 0.3000000119
54511  35.089  -32.617  24.423 0.4000000060
54510  35.886  -32.563  24.685 0.3000000119
53366  35.555  -33.873  24.374 0.4000000060
51344  35.708  -35.580  23.724 0.4000000060
141559  36.286  -37.084  22.817 0.4000000060
50345  35.210  -36.105  23.188 0.3000000119
49269  35.859  -37.485  22.345 0.5000000000
48206  36.424  -38.755  21.547 0.6000000238
49270  35.099  -37.101  21.964 0.3000000119
48182  35.371  -37.818  21.716 0.5000000000
49290  34.720  -37.458  21.369 0.4000000060
47179  36.231  -39.624  20.637 0.6999999881
47180  35.416  -39.683  20.615 0.6999999881
48230  35.067  -38.966  20.909 0.6000000238
46216  34.910  -40.383  20.240 0.6999999881
46237  35.205  -40.649  19.591 0.6999999881
48231  34.145  -38.644  20.590 0.6999999881
49308  33.475  -37.899  20.280 0.6000000238
131627  34.947  -33.389  24.241 0.3000000119
51345  34.931  -35.370  23.541 0.3000000119
51355  34.544  -35.707  22.789 0.3000000119
53394  34.318  -33.696  23.515 0.3000000119
51356  34.087  -35.172  22.327 0.3000000119
52393  33.679  -34.481  21.844 0.3000000119
51364  34.330  -35.876  21.872 0.3000000119
51365  34.058  -35.228  21.341 0.4000000060
49307  34.151  -37.533  20.743 0.5000000000
50372  34.433  -36.733  21.369 0.5000000000
50373  34.161  -35.991  20.866 0.5000000000
49323  33.597  -37.172  20.207 0.6000000238
49324  32.959  -37.290  19.819 0.6000000238
57360  35.650  -29.668  25.231 0.4000000060
141664  34.894  -31.177  24.524 0.3000000119
136153  34.672  -31.909  24.110 0.3000000119
56426  34.408  -31.057  23.575 0.3000000119
54518  34.488  -32.738  23.809 0.3000000119
55494  34.200  -31.961  23.228 0.3000000119
54539  33.960  -32.821  22.886 0.3000000119
54540  33.549  -32.921  22.029 0.3000000119
53435  33.575  -33.601  21.264 0.3000000119
52403  33.891  -34.537  20.776 0.4000000060
50407  33.471  -36.576  19.827 0.6000000238
124935  34.071  -35.291  20.355 0.4000000060
52413  34.074  -34.627  19.843 0.4000000060
51399  33.372  -35.870  19.391 0.5000000000
50408  32.759  -36.506  19.456 0.6000000238
50422  29.572  -36.170  18.645 0.6999999881
57377  34.918  -29.679  24.724 0.4000000060
56412  34.622  -30.361  24.271 0.3000000119
143949  34.364  -30.220  23.461 0.3000000119
129118  34.086  -31.261  22.608 0.3000000119
131560  33.725  -32.029  22.185 0.3000000119
54567  33.589  -32.553  21.271 0.4000000060
123791  33.733  -33.034  20.375 0.4000000060
53452  34.098  -33.859  18.938 0.4000000060
51409  33.348  -35.076  18.875 0.4000000060
51400  32.456  -35.806  18.917 0.5000000000
52453  33.630  -34.252  18.600 0.4000000060
133201  32.273  -37.069  19.505 0.6000000238
138646  32.480  -35.111  18.526 0.4000000060
50421  30.470  -36.151  18.684 0.6999999881
51410  31.722  -35.377  18.420 0.4000000060
51424  31.182  -34.974  17.953 0.4000000060
51411  30.873  -35.547  18.279 0.6000000238
51425  30.437  -35.092  17.781 0.5000000000
51413  29.238  -35.534  18.144 0.6000000238
132472  28.679  -36.141  18.542 0.6999999881
137795  28.433  -35.477  18.025 0.6999999881
58350  35.329  -28.355  24.986 0.3000000119
57378  34.426  -29.507  23.922 0.3000000119
56431  34.174  -30.492  22.575 0.3000000119
140963  34.081  -30.882  22.173 0.3000000119
55520  33.719  -31.686  21.228 0.3000000119
54579  33.725  -32.147  20.509 0.4000000060
138591  33.826  -32.564  19.874 0.3000000119
54583  33.861  -32.468  19.357 0.3000000119
53475  33.900  -33.095  18.884 0.3000000119
53483  33.521  -32.596  18.292 0.3000000119
52455  31.989  -34.760  18.102 0.4000000060
53477  33.100  -33.890  17.991 0.3000000119
53484  33.141  -33.142  17.793 0.3000000119
52459  32.318  -34.161  17.737 0.3000000119
53486  31.678  -33.707  17.310 0.3000000119
141990  30.749  -34.646  17.548 0.3000000119
53487  30.699  -33.981  17.185 0.4000000060
52461  30.125  -34.623  17.311 0.5000000000
138675  28.950  -35.007  17.626 0.5000000000
146974  28.246  -34.946  17.607 0.5000000000
136497  34.236  -28.209  23.591 0.3000000119
142950  34.228  -28.901  23.217 0.3000000119
57401  34.059  -28.955  22.224 0.3000000119
136590  34.027  -29.784  21.691 0.3000000119
55532  33.879  -31.419  20.523 0.3000000119
55552  33.725  -31.805  18.454 0.3000000119
55566  33.468  -31.894  17.905 0.3000000119
54618  32.606  -32.703  17.308 0.3000000119
53489  31.063  -33.156  16.868 0.3000000119
52471  29.791  -34.013  16.867 0.4000000060
52463  28.542  -34.463  17.229 0.5000000000
130907  28.046  -33.908  16.759 0.5000000000
139498  27.613  -34.542  17.298 0.5000000000
59402  34.095  -27.642  23.176 0.3000000119
58380  34.038  -28.240  22.733 0.3000000119
56466  33.999  -30.330  20.873 0.3000000119
127541  34.096  -30.866  20.375 0.3000000119
133271  34.173  -31.044  19.792 0.3000000119
135661  34.047  -31.202  18.508 0.3000000119
55567  33.281  -31.490  17.234 0.3000000119
53490  30.207  -33.314  16.609 0.4000000060
53491  29.378  -33.356  16.363 0.4000000060
53492  28.499  -33.368  16.192 0.4000000060
53500  28.093  -32.771  15.508 0.4000000060
52473  27.152  -33.989  16.715 0.5000000000
53493  27.508  -33.397  16.089 0.4000000060
60387  34.987  -26.271  24.545 0.3000000119
128280  34.602  -26.724  23.976 0.3000000119
135184  34.072  -28.871  21.176 0.3000000119
141705  34.160  -29.564  20.599 0.3000000119
142390  34.434  -29.395  19.852 0.3000000119
56487  34.280  -30.604  19.012 0.3000000119
56503  34.243  -30.662  18.065 0.3000000119
54622  32.118  -32.202  16.817 0.3000000119
55576  32.519  -31.451  16.484 0.3000000119
54623  31.380  -32.447  16.563 0.3000000119
54625  29.851  -32.775  15.926 0.4000000060
53499  29.024  -32.831  15.680 0.3000000119
60397  34.619  -26.134  23.665 0.3000000119
128476  34.239  -26.864  23.154 0.3000000119
60416  34.236  -26.707  22.123 0.3000000119
58387  34.131  -28.183  21.782 0.3000000119
131937  34.483  -28.055  20.811 0.3000000119
133268  34.437  -28.760  20.238 0.3000000119
58416  34.965  -27.916  19.760 0.3000000119
57443  34.536  -29.650  19.167 0.3000000119
57458  34.483  -29.910  18.321 0.3000000119
133447  34.826  -29.022  18.442 0.3000000119
56504  33.921  -30.669  17.218 0.3000000119
127596  34.433  -26.062  22.746 0.3000000119
59429  34.315  -27.378  21.461 0.3000000119
122035  34.392  -25.907  21.858 0.3000000119
60436  34.407  -26.549  21.217 0.3000000119
59450  34.645  -27.196  20.555 0.3000000119
57472  34.261  -29.914  16.960 0.3000000119
56516  33.257  -30.780  16.518 0.3000000119
61547  34.349  -25.291  22.544 0.3000000119
63521  34.338  -23.726  22.365 0.3000000119
60449  34.599  -26.387  20.474 0.3000000119
136197  34.463  -25.683  20.955 0.4000000060
60467  34.895  -26.752  19.651 0.3000000119
58429  35.149  -28.277  18.795 0.3000000119
143927  35.123  -28.476  18.232 0.3000000119
61588  34.670  -25.713  20.038 0.4000000060
139980  34.510  -24.863  20.950 0.4000000060
61607  34.865  -25.894  19.145 0.4000000060
63547  34.553  -23.484  21.479 0.3000000119
122659  34.689  -24.787  20.123 0.4000000060
38701  38.668  -46.694  14.262 1.0000000000
39753  38.796  -46.042  13.918 1.0000000000
133078  37.914  -47.885  15.362 0.8999999762
137010  31.635  -40.386  19.437 0.6999999881
132396  30.480  -37.980  19.443 0.8000000119
137691  30.422  -37.316  19.278 0.8000000119
126281  30.956  -36.785  19.097 0.6999999881
123580  35.260  -60.036  21.168 0.6000000238
27888  35.709  -59.497  20.793 0.6000000238
126212  37.534  -56.685  21.068 0.6000000238
24388  33.240  -63.234  22.893 0.5000000000
126225  32.816  -63.993  23.354 0.5000000000
29776  35.668  -57.613  23.187 0.6000000238
34487  40.811  -52.409  15.004 0.8999999762
30733  36.461  -56.605  24.312 0.5000000000
27824  33.512  -59.661  25.447 0.4000000060
28782  34.476  -58.403  25.476 0.5000000000
26874  32.624  -60.882  25.431 0.4000000060
34438  37.665  -52.433  20.884 0.6999999881
36160  40.460  -50.559  17.288 0.8999999762
36083  36.769  -50.451  23.644 0.6999999881
29747  36.117  -57.079  25.862 0.5000000000
28760  36.145  -58.143  26.823 0.5000000000
133849  37.718  -49.694  20.882 0.8000000119
26077  32.548  -61.489  25.945 0.4000000060
36147  39.149  -50.782  18.841 0.8000000119
36903  36.900  -50.075  22.954 0.6999999881
31690  38.988  -55.423  27.226 0.4000000060
36973  36.488  -49.257  17.236 0.8000000119
36861  38.043  -50.063  25.225 0.6000000238
33554  40.027  -53.436  26.652 0.4000000060
31688  40.247  -55.250  27.093 0.4000000060
38638  38.303  -47.220  21.617 0.8000000119
39752  39.975  -46.730  13.571 1.0000000000
34380  41.040  -52.390  25.537 0.5000000000
35246  39.312  -51.768  25.894 0.5000000000
39748  37.430  -46.334  15.492 1.0000000000
37633  39.969  -49.074  25.077 0.6999999881
41817  41.164  -44.366  13.331 1.0000000000
39759  39.951  -45.811  13.318 1.0000000000
44018  37.167  -41.752  15.330 1.0000000000
45185  37.870  -41.526  14.230 1.0000000000
42918  38.689  -43.282  17.627 0.8000000119
47263  40.791  -39.362  12.465 1.0000000000
48277  41.792  -38.578  16.144 0.8000000119
47255  41.442  -39.777  12.704 1.0000000000
46306  41.796  -40.892  12.033 1.0000000000
46233  39.707  -40.343  19.762 0.6999999881
49362  41.550  -37.016  14.260 0.8000000119
50451  38.423  -36.011  13.933 1.0000000000
49371  36.523  -36.836  13.752 1.0000000000
43905  40.426  -42.327  22.854 0.6000000238
46193  40.108  -40.995  21.085 0.6999999881
47135  46.376  -39.763  23.031 0.4000000060
40735  33.666  -45.481  20.324 1.0000000000
41778  33.141  -44.027  18.663 1.0000000000
48167  45.270  -38.594  23.794 0.4000000060
47249  33.723  -38.692  15.311 1.0000000000
46174  45.936  -40.639  22.801 0.4000000060
47126  44.946  -39.404  23.485 0.5000000000
46175  45.002  -40.818  22.836 0.5000000000
52334  42.403  -33.834  25.251 0.4000000060
52349  43.224  -34.197  24.946 0.4000000060
49250  42.782  -37.818  23.877 0.5000000000
46242  29.947  -40.324  18.863 0.8000000119
52389  39.909  -33.989  22.272 0.5000000000
52410  41.072  -34.664  20.332 0.5000000000
50405  39.426  -35.191  18.620 0.5000000000
49338  38.810  -37.120  17.867 0.6999999881
49322  38.683  -37.134  18.871 0.6000000238
126588  38.286  -37.684  20.896 0.5000000000
48228  37.966  -38.163  20.328 0.5000000000
49267  37.456  -37.659  22.210 0.5000000000
48245  31.652  -38.736  19.616 0.6999999881
49325  32.160  -37.860  19.622 0.6999999881
50420  31.401  -36.056  18.739 0.6000000238
55531  33.912  -31.765  19.905 0.3000000119
122973  42.312  -56.249  16.650 0.5000000000
30815  42.584  -55.941  15.631 0.5000000000
32796  42.244  -55.106  15.697 0.5000000000
28883  41.821  -59.226  15.376 0.5000000000
29837  42.182  -57.428  15.513 0.5000000000
27921  40.817  -59.570  16.495 0.5000000000
29829  41.390  -57.782  16.466 0.5000000000
28875  39.604  -58.927  17.368 0.5000000000
27910  38.527  -59.567  18.088 0.4000000060
29830  39.215  -58.065  17.789 0.5000000000
144466  37.836  -59.741  18.512 0.4000000060
28863  38.497  -58.574  18.199 0.5000000000
130619  36.839  -60.772  19.359 0.5000000000
141278  34.627  -49.784  21.693 0.6999999881
36095  34.125  -50.131  22.147 0.6999999881
36933  35.401  -49.429  20.569 0.8000000119
37721  36.122  -48.722  19.086 0.8000000119
131250  35.550  -49.851  19.735 0.8000000119
38681  36.765  -47.673  18.066 0.8999999762
36904  33.583  -49.559  22.380 0.6999999881
37722  35.973  -48.288  19.725 0.8999999762
136764  35.643  -47.892  20.282 0.8999999762
38671  36.279  -47.967  18.926 0.8999999762
140817  36.695  -46.902  18.077 0.8999999762
37695  33.399  -48.168  21.973 0.6000000238
37694  34.357  -48.253  21.507 0.8000000119
38672  35.805  -47.369  19.631 0.8999999762
39722  36.330  -46.365  18.504 0.8999999762
40781  36.531  -45.431  17.352 0.8999999762
131237  36.569  -44.955  16.763 0.8999999762
40698  43.395  -45.467  23.897 0.5000000000
40676  42.711  -45.116  24.223 0.5000000000
41687  41.475  -44.536  24.382 0.5000000000
39632  42.302  -46.691  24.192 0.6000000238
134717  41.777  -46.057  24.619 0.5000000000
40678  41.003  -45.414  24.660 0.5000000000
38603  41.271  -47.672  24.496 0.6000000238
37696  32.480  -48.191  22.164 0.6000000238
38656  34.537  -47.401  21.031 0.8999999762
38655  35.266  -47.283  20.489 0.8999999762
38640  35.159  -48.009  20.881 0.8999999762
39709  35.846  -46.498  19.260 0.8999999762
40772  36.039  -45.084  18.824 0.8999999762
41792  36.348  -44.353  17.437 0.8999999762
41719  43.631  -43.879  22.431 0.5000000000
42839  42.201  -43.213  22.488 0.5000000000
41701  44.351  -44.335  22.707 0.5000000000
41703  42.610  -43.968  23.788 0.5000000000
42821  42.086  -43.439  23.459 0.5000000000
40707  45.053  -44.679  22.339 0.5000000000
41685  43.048  -44.598  23.935 0.5000000000
39673  33.882  -46.816  20.962 0.8999999762
38641  33.676  -47.490  21.450 0.6999999881
39691  34.654  -46.662  20.599 0.8999999762
135047  35.427  -45.788  19.685 0.8999999762
40753  35.521  -45.086  19.362 0.8999999762
41793  35.867  -44.038  18.140 0.8999999762
42850  43.477  -43.978  20.564 0.5000000000
41718  44.327  -44.263  21.408 0.5000000000
41717  45.058  -44.830  20.420 0.5000000000
40734  34.659  -45.804  20.220 0.8999999762
41759  34.902  -44.561  19.560 0.8999999762
42905  35.132  -43.416  18.353 0.8999999762
142571  42.946  -43.524  20.547 0.5000000000
146858  43.478  -44.576  19.022 0.5000000000
137346  43.084  -44.064  19.329 0.5000000000
41737  44.294  -45.348  18.436 0.5000000000
42887  44.291  -45.065  17.459 0.4000000060
40738  30.469  -45.638  20.654 0.6000000238
40739  29.737  -45.501  20.929 0.6000000238
40758  30.819  -45.256  19.943 0.8000000119
41741  30.129  -44.941  20.288 0.6999999881
41742  29.176  -44.648  20.553 0.6999999881
41766  28.115  -43.890  20.280 0.6999999881
42868  27.169  -43.575  20.320 0.6999999881
41764  30.432  -44.694  19.399 0.8000000119
41763  31.115  -45.003  19.131 0.8000000119
136162  29.770  -44.417  19.788 0.6999999881
41765  29.092  -43.920  19.624 0.6999999881
42895  27.473  -43.227  19.580 0.6999999881
130477  28.319  -43.388  19.190 0.6999999881
43976  27.094  -42.358  18.276 0.6999999881
124146  30.209  -43.971  17.569 0.8000000119
42911  29.337  -43.468  17.973 0.8000000119
42910  31.094  -44.282  17.559 0.8000000119
43975  27.665  -42.485  17.896 0.6999999881
126693  28.424  -42.999  18.138 0.6999999881
43990  29.073  -42.459  16.760 0.8000000119
42942  30.520  -43.146  16.245 0.8000000119
43991  28.099  -42.179  17.103 0.6999999881
45151  28.256  -41.312  16.671 0.8000000119
46282  27.070  -40.741  17.864 0.6000000238
44009  30.087  -42.200  15.835 0.8000000119
44010  29.391  -41.750  16.125 0.8000000119
47237  27.338  -40.020  17.957 0.6000000238
47217  26.882  -39.248  18.315 0.6000000238
132120  26.684  -38.249  18.570 0.6000000238
46281  28.291  -40.690  16.854 0.8000000119
47216  27.791  -39.379  18.334 0.6000000238
48264  27.533  -38.505  18.656 0.6000000238
45166  28.891  -40.965  16.206 0.8000000119
133021  26.483  -37.299  18.635 0.6000000238
47236  28.130  -40.124  17.788 0.6999999881
49339  28.181  -37.777  18.979 0.6000000238
51414  27.784  -36.005  18.409 0.6999999881
50424  27.120  -36.629  18.698 0.6000000238
49340  27.334  -37.531  18.807 0.6000000238
142053  27.632  -35.305  17.831 0.6000000238
47199  28.598  -39.548  18.605 0.6999999881
49328  28.961  -38.166  19.275 0.6999999881
26166  37.195  -61.621  19.303 0.4000000060
134826  37.312  -60.020  18.896 0.5000000000
139986  37.219  -58.690  19.232 0.5000000000
123728  40.228  -58.061  17.269 0.5000000000
141628  40.447  -57.495  17.278 0.5000000000
39743  36.769  -46.282  16.885 0.8999999762
42886  45.204  -45.343  17.376 0.3000000119
41781  30.679  -44.514  18.429 0.8000000119
28874  41.143  -58.731  16.438 0.5000000000
37693  35.076  -48.781  21.127 0.8000000119
40699  42.562  -45.853  24.218 0.5000000000
41782  29.804  -44.127  18.763 0.8000000119
42894  29.019  -43.559  18.763 0.6999999881
42943  29.774  -42.827  16.407 0.8000000119
45153  26.933  -41.420  17.943 0.6999999881
45152  27.622  -41.290  17.269 0.6999999881
34379  41.628  -52.462  24.992 0.4000000060
124714  42.554  -51.857  23.903 0.4000000060
36082  42.087  -50.656  23.822 0.4000000060
35257  42.037  -51.261  24.093 0.4000000060
36889  41.905  -50.040  23.802 0.5000000000
35277  43.467  -51.164  22.527 0.4000000060
35276  44.033  -51.573  21.939 0.4000000060
37649  41.807  -48.378  24.151 0.5000000000
38602  42.031  -47.492  24.164 0.5000000000
36900  43.553  -49.568  22.637 0.5000000000
36091  43.402  -50.340  22.458 0.4000000060
128227  42.462  -50.319  23.418 0.4000000060
138407  44.134  -51.091  21.356 0.4000000060
36105  43.770  -50.785  21.841 0.4000000060
36092  42.987  -50.719  23.038 0.4000000060
35288  44.416  -51.528  21.259 0.4000000060
38620  42.758  -47.347  23.757 0.5000000000
37664  43.105  -49.135  23.236 0.5000000000
36915  44.613  -49.752  21.648 0.4000000060
36103  44.843  -50.359  20.948 0.4000000060
36130  48.940  -50.207  19.080 0.4000000060
36115  46.732  -50.292  19.839 0.4000000060
36117  45.184  -50.847  20.286 0.4000000060
36132  47.144  -50.702  19.239 0.4000000060
127756  43.206  -48.181  23.477 0.5000000000
37679  43.832  -48.776  22.986 0.4000000060
41786  53.292  -44.380  17.343 0.3000000119
126326  44.231  -49.321  22.383 0.4000000060
136546  53.216  -45.760  17.812 0.3000000119
36930  46.409  -49.886  20.574 0.4000000060
135518  54.115  -46.118  17.483 0.3000000119
38685  53.044  -47.221  17.812 0.3000000119
38678  52.384  -47.321  18.214 0.3000000119
37729  50.914  -48.756  18.840 0.3000000119
36944  50.129  -49.049  19.323 0.4000000060
36946  48.517  -49.794  19.664 0.4000000060
37727  52.285  -48.229  18.033 0.3000000119
37728  51.596  -48.482  18.400 0.3000000119
36959  49.765  -49.888  18.875 0.4000000060
38619  43.552  -47.243  23.508 0.4000000060
146252  44.829  -47.742  23.152 0.4000000060
37690  46.009  -48.964  22.101 0.4000000060
37678  44.697  -48.545  22.814 0.4000000060
41788  51.308  -44.542  17.417 0.3000000119
137436  52.678  -44.979  17.729 0.3000000119
40764  52.307  -45.684  18.100 0.3000000119
39718  51.328  -46.303  18.664 0.3000000119
38668  50.283  -47.283  19.509 0.4000000060
144983  49.473  -48.831  19.721 0.4000000060
125486  48.133  -49.392  20.297 0.4000000060
39728  52.761  -46.521  18.065 0.3000000119
38679  51.625  -47.066  18.653 0.3000000119
38667  51.141  -47.778  18.953 0.3000000119
39652  43.053  -46.511  23.779 0.4000000060
40777  49.490  -45.431  17.969 0.3000000119
40746  49.250  -45.653  19.166 0.3000000119
39687  49.097  -46.821  20.309 0.4000000060
39688  48.503  -46.177  20.463 0.4000000060
38637  47.611  -47.649  21.579 0.4000000060
38628  46.872  -47.767  22.130 0.4000000060
40766  50.481  -45.485  18.514 0.3000000119
40745  49.872  -45.538  18.789 0.3000000119
39707  49.579  -46.514  19.801 0.4000000060
38636  48.356  -47.658  21.042 0.4000000060
147221  47.147  -48.147  21.749 0.4000000060
41774  50.634  -45.241  18.045 0.3000000119
39706  50.188  -46.072  19.365 0.3000000119
38652  49.515  -47.504  20.019 0.4000000060
38653  48.930  -47.681  20.522 0.4000000060
37688  47.358  -48.507  21.406 0.4000000060
40765  51.342  -45.680  18.380 0.3000000119
39719  50.723  -45.861  18.861 0.3000000119
37703  49.209  -48.319  20.118 0.4000000060
36912  47.710  -48.957  20.870 0.4000000060
40714  45.883  -45.205  20.616 0.4000000060
40713  46.366  -45.424  20.087 0.4000000060
40696  45.229  -45.454  23.056 0.4000000060
39650  44.825  -46.252  23.385 0.4000000060
40730  47.697  -45.557  19.866 0.3000000119
40712  47.290  -45.604  20.663 0.4000000060
39662  46.147  -46.420  22.733 0.4000000060
128474  48.123  -45.592  19.275 0.4000000060
39689  47.961  -46.035  20.959 0.4000000060
39669  47.566  -46.564  21.630 0.4000000060
38617  45.347  -47.063  23.141 0.4000000060
140678  26.822  -41.918  18.130 0.6000000238
43978  25.863  -41.851  18.914 0.6000000238
141098  26.154  -39.549  18.282 0.5000000000
46261  26.232  -40.812  18.178 0.5000000000
48265  26.042  -38.865  18.419 0.5000000000
49341  25.838  -37.964  18.432 0.5000000000
143974  26.371  -36.547  18.496 0.5000000000
51415  26.800  -35.809  18.218 0.5000000000
51426  26.842  -35.018  17.561 0.4000000060
57485  33.998  -29.658  16.234 0.3000000119
58453  34.188  -28.865  15.965 0.3000000119
58465  32.944  -29.042  14.890 0.3000000119
60494  34.993  -26.542  18.792 0.3000000119
139730  35.339  -28.011  18.085 0.3000000119
57484  34.531  -29.149  16.792 0.3000000119
58452  34.867  -28.265  16.535 0.3000000119
58464  33.565  -28.404  15.160 0.3000000119
57500  32.248  -29.111  14.464 0.3000000119
58470  32.642  -28.245  14.209 0.3000000119
62669  35.130  -25.189  18.791 0.3000000119
61606  35.124  -25.947  18.253 0.3000000119
59502  35.287  -27.839  17.285 0.3000000119
59511  35.286  -27.098  17.074 0.3000000119
59524  34.810  -27.437  15.928 0.3000000119
60510  35.050  -26.557  15.874 0.3000000119
59525  34.074  -27.562  15.185 0.3000000119
59531  33.301  -27.527  14.422 0.3000000119
59532  32.464  -27.184  13.565 0.3000000119
144881  34.864  -25.223  19.479 0.3000000119
138855  35.320  -24.507  18.575 0.3000000119
60504  35.282  -26.507  17.565 0.3000000119
62685  35.706  -24.887  17.113 0.3000000119
60509  35.383  -26.305  16.684 0.3000000119
136448  35.798  -24.812  16.354 0.3000000119
61636  35.369  -25.861  15.958 0.3000000119
60521  34.459  -26.789  15.170 0.3000000119
60530  33.168  -26.666  13.709 0.3000000119
63609  34.982  -22.991  19.768 0.3000000119
63608  35.258  -23.673  18.945 0.3000000119
63615  35.409  -24.122  17.819 0.3000000119
62702  35.477  -24.198  16.767 0.3000000119
62713  35.550  -24.312  15.874 0.3000000119
61642  35.587  -25.112  15.602 0.3000000119
62714  35.260  -24.410  14.939 0.3000000119
64512  35.183  -22.624  18.974 0.3000000119
130304  35.213  -23.083  18.097 0.3000000119
64530  35.192  -22.502  17.421 0.3000000119
63653  35.175  -23.656  15.394 0.3000000119
65436  35.113  -21.726  19.001 0.3000000119
146107  35.295  -21.779  17.625 0.3000000119
65469  35.304  -21.223  17.411 0.3000000119
65482  35.218  -21.814  16.836 0.3000000119
65458  35.221  -21.198  18.215 0.3000000119
67377  35.243  -19.634  18.020 0.3000000119
140218  34.927  -19.564  18.624 0.3000000119
35309  45.624  -51.211  19.653 0.4000000060
34393  42.468  -52.746  24.455 0.4000000060
34392  43.286  -52.493  23.676 0.4000000060
34436  44.825  -51.817  20.804 0.4000000060
34411  44.347  -52.407  22.434 0.4000000060
36143  49.330  -50.598  18.415 0.4000000060
36145  47.584  -51.116  18.683 0.4000000060
35308  46.179  -51.573  19.190 0.4000000060
40775  54.648  -45.405  17.237 0.3000000119
39726  54.316  -47.043  17.253 0.3000000119
38684  53.620  -47.549  17.356 0.3000000119
135788  52.794  -48.760  17.422 0.3000000119
37735  52.019  -49.004  17.737 0.3000000119
36958  50.564  -49.579  18.568 0.3000000119
41787  52.282  -44.174  17.372 0.3000000119
126911  50.053  -45.231  17.200 0.3000000119
131720  51.281  -44.328  16.509 0.3000000119
40732  45.291  -45.694  18.706 0.4000000060
136311  45.724  -45.962  18.304 0.4000000060
40731  46.647  -45.667  18.978 0.4000000060
40778  48.319  -45.926  17.142 0.3000000119
40767  48.671  -45.541  18.069 0.3000000119
43964  26.899  -42.710  19.052 0.6000000238
64480  34.771  -22.415  20.469 0.3000000119
64513  34.929  -22.137  19.701 0.3000000119
65437  34.879  -21.387  19.707 0.3000000119
66433  34.987  -20.871  19.123 0.3000000119
67361  34.610  -19.967  19.348 0.3000000119
42914  53.908  -43.672  16.501 0.3000000119
125050  41.184  -51.752  25.148 0.4000000060
37650  41.392  -49.028  24.379 0.5000000000
125485  46.050  -49.450  21.376 0.4000000060
39649  45.554  -46.110  23.131 0.4000000060
60529  34.008  -26.265  14.240 0.3000000119
63639  35.203  -23.570  16.269 0.3000000119
64543  35.013  -22.767  16.566 0.3000000119
67378  34.704  -19.031  19.084 0.3000000119
33568  41.990  -53.309  25.188 0.3000000119
33671  35.252  -52.849  16.288 0.6000000238
33672  34.449  -52.669  16.602 0.6999999881
126499  34.009  -53.472  17.110 0.6999999881
34403  44.029  -52.756  23.176 0.3000000119
26850  34.148  -60.180  27.095 0.3000000119
145376  34.814  -59.677  27.170 0.3000000119
133748  33.211  -52.424  18.801 0.6999999881
32698  41.787  -54.924  25.908 0.3000000119
34461  33.244  -52.279  17.981 0.6999999881
33659  33.165  -52.973  17.717 0.6999999881
142627  42.804  -54.340  24.932 0.3000000119
33579  43.272  -53.384  24.257 0.3000000119
34469  33.686  -52.277  17.162 0.6999999881
33593  43.885  -53.897  23.981 0.3000000119
33613  45.751  -53.442  21.582 0.3000000119
33602  44.992  -53.821  22.968 0.3000000119
140069  44.589  -53.068  22.869 0.3000000119
33638  46.623  -53.024  19.495 0.3000000119
34434  46.061  -52.520  19.940 0.3000000119
34422  45.214  -52.550  21.168 0.3000000119
28748  36.646  -58.605  27.211 0.3000000119
29713  39.135  -56.990  27.495 0.4000000060
34452  34.271  -51.515  19.235 0.6999999881
31721  42.337  -55.335  25.399 0.3000000119
31706  40.773  -55.754  26.819 0.3000000119
35312  33.658  -51.853  18.548 0.6999999881
34460  33.660  -51.763  17.731 0.6999999881
32711  42.843  -54.899  24.921 0.3000000119
32722  44.420  -54.362  23.528 0.3000000119
32731  45.390  -54.461  22.637 0.3000000119
34423  44.596  -52.150  21.580 0.3000000119
33637  47.081  -53.612  18.980 0.3000000119
29715  37.651  -57.668  27.361 0.4000000060
34439  34.377  -51.703  20.333 0.6999999881
30713  41.812  -56.669  25.873 0.3000000119
30693  41.316  -56.225  26.430 0.3000000119
31734  43.303  -55.262  24.378 0.3000000119
31735  42.807  -55.732  24.819 0.3000000119
36136  34.721  -50.885  19.006 0.6999999881
31749  44.331  -55.343  23.473 0.3000000119
35321  34.246  -51.285  18.183 0.6999999881
34457  46.691  -52.027  18.603 0.3000000119
34435  45.327  -52.168  20.282 0.3000000119
34456  47.338  -52.538  18.031 0.3000000119
36120  35.180  -50.571  19.755 0.6999999881
30712  42.323  -56.207  25.336 0.3000000119
36135  35.264  -50.196  18.827 0.6999999881
30750  44.712  -56.610  22.801 0.3000000119
31750  43.765  -55.719  23.852 0.3000000119
36148  35.212  -50.283  17.876 0.6999999881
35330  47.698  -52.121  17.859 0.3000000119
29762  43.308  -56.947  24.057 0.3000000119
36950  36.076  -49.092  18.533 0.6999999881
35317  48.022  -51.542  18.166 0.3000000119
41753  46.784  -46.102  17.187 0.3000000119
32799  36.735  -53.925  16.642 0.5000000000
128077  33.534  -54.916  17.099 0.6999999881
32788  34.974  -54.310  16.885 0.6000000238
129295  34.608  -55.086  17.229 0.6000000238
33657  35.697  -53.682  16.599 0.6000000238
145596  32.848  -52.909  18.965 0.6999999881
33641  33.342  -52.770  19.670 0.6999999881
27796  37.207  -59.222  27.312 0.3000000119
34440  33.830  -52.466  20.488 0.6999999881
28746  38.222  -58.170  27.456 0.4000000060
35290  34.402  -51.390  21.306 0.6999999881
29726  40.426  -57.532  26.833 0.4000000060
29727  39.679  -57.514  27.281 0.4000000060
36108  35.093  -50.093  21.056 0.6999999881
29746  41.712  -57.549  25.775 0.3000000119
28778  42.132  -58.022  25.106 0.3000000119
28798  42.373  -58.522  24.389 0.3000000119
144781  42.195  -53.865  25.346 0.3000000119
142079  35.302  -50.193  20.382 0.6999999881
32789  34.096  -54.373  17.184 0.6000000238
125794  42.756  -57.612  24.433 0.3000000119
28758  40.470  -58.320  26.530 0.3000000119
29836  42.169  -56.792  15.291 0.5000000000
141968  39.576  -55.755  15.961 0.5000000000
30807  39.226  -56.415  15.854 0.5000000000
30817  42.288  -56.132  15.122 0.4000000060
26951  33.421  -60.897  18.981 0.4000000060
25302  32.380  -62.476  20.072 0.5000000000
30818  40.546  -56.287  15.240 0.4000000060
31821  41.578  -55.880  14.990 0.5000000000
128346  39.269  -55.041  16.360 0.5000000000
23435  31.022  -63.783  21.055 0.4000000060
23436  30.352  -64.493  21.241 0.4000000060
136273  32.598  -61.734  19.862 0.5000000000
31802  37.123  -54.818  16.867 0.4000000060
23437  29.542  -64.529  21.808 0.4000000060
22464  29.816  -65.833  21.231 0.4000000060
25287  31.290  -62.947  21.136 0.4000000060
26936  32.243  -61.005  20.302 0.5000000000
26156  32.099  -61.832  20.497 0.4000000060
127912  33.102  -60.072  19.056 0.5000000000
28877  33.216  -58.493  17.571 0.4000000060
32787  36.131  -54.593  17.042 0.5000000000
143930  34.246  -56.529  17.074 0.4000000060
29832  33.490  -57.690  17.350 0.4000000060
31804  35.022  -55.792  16.909 0.4000000060
22454  29.319  -65.359  21.843 0.4000000060
23440  25.481  -65.037  20.903 0.4000000060
25288  30.551  -62.442  21.425 0.4000000060
25292  26.525  -62.656  20.387 0.4000000060
26937  31.555  -60.373  20.520 0.5000000000
26145  31.269  -61.931  20.934 0.4000000060
25291  27.245  -62.183  20.577 0.4000000060
27901  32.198  -59.475  19.455 0.5000000000
27892  28.027  -59.967  20.161 0.4000000060
26941  27.287  -60.947  19.817 0.4000000060
27913  32.678  -59.259  18.669 0.5000000000
28865  31.733  -57.931  18.215 0.5000000000
28831  28.385  -59.281  20.882 0.4000000060
27870  27.905  -59.388  21.382 0.4000000060
136606  32.728  -58.732  18.084 0.5000000000
29833  32.685  -56.965  17.619 0.6000000238
30801  33.478  -56.520  17.297 0.5000000000
23439  26.544  -64.839  21.430 0.4000000060
144777  26.147  -64.096  20.752 0.4000000060
24402  29.275  -63.670  21.969 0.4000000060
24404  27.120  -63.280  21.225 0.4000000060
26938  30.515  -59.868  20.334 0.5000000000
26146  30.121  -61.370  21.175 0.4000000060
25290  28.012  -62.506  21.628 0.4000000060
137872  31.113  -59.033  19.250 0.5000000000
26940  27.978  -60.448  20.108 0.4000000060
26157  27.717  -61.013  19.988 0.4000000060
28854  31.638  -58.586  18.735 0.5000000000
134657  31.899  -57.212  17.895 0.5000000000
28818  28.843  -58.601  21.573 0.4000000060
30802  32.454  -56.019  17.429 0.6000000238
31806  32.878  -55.443  17.111 0.6000000238
146735  26.982  -64.210  21.425 0.4000000060
126758  29.724  -62.047  21.566 0.4000000060
23438  27.784  -64.171  21.824 0.4000000060
26939  28.779  -60.234  20.035 0.4000000060
28866  30.570  -58.176  18.175 0.5000000000
26953  28.642  -59.720  19.506 0.4000000060
28847  28.613  -59.609  19.700 0.4000000060
29824  30.957  -57.474  18.018 0.5000000000
29797  29.311  -58.203  20.947 0.4000000060
32790  33.179  -53.982  17.515 0.6000000238
31807  31.974  -55.077  17.246 0.6000000238
30803  31.767  -55.862  17.746 0.6000000238
23427  28.185  -64.994  22.211 0.4000000060
24403  28.302  -63.477  21.895 0.4000000060
26147  29.082  -61.386  21.268 0.4000000060
26148  28.051  -61.556  20.854 0.4000000060
27902  29.979  -59.364  19.077 0.5000000000
132982  29.807  -60.434  20.516 0.5000000000
135784  29.266  -59.769  19.563 0.5000000000
27903  29.363  -59.019  18.477 0.5000000000
28856  28.761  -59.161  18.901 0.5000000000
30793  30.731  -57.031  18.222 0.5000000000
28867  29.706  -58.625  18.438 0.5000000000
29816  29.603  -57.821  18.918 0.5000000000
29808  29.111  -58.409  19.446 0.4000000060
134840  31.264  -56.053  18.315 0.6000000238
29807  29.963  -57.586  20.341 0.5000000000
29786  29.987  -57.545  21.765 0.4000000060
33650  32.378  -53.431  17.945 0.6000000238
31808  31.639  -54.539  17.776 0.6000000238
31792  31.213  -55.393  18.722 0.6000000238
30787  30.216  -57.432  18.509 0.5000000000
32781  31.565  -54.675  18.498 0.6000000238
135164  31.148  -55.660  19.344 0.6000000238
30779  30.425  -57.112  19.424 0.5000000000
33642  32.477  -53.440  18.606 0.6000000238
34416  32.329  -52.507  22.378 0.5000000000
34428  32.866  -53.013  22.001 0.6000000238
32734  31.865  -54.264  22.052 0.5000000000
33617  33.124  -53.375  21.356 0.6000000238
32758  32.347  -54.419  21.346 0.6000000238
31773  31.899  -55.008  21.465 0.5000000000
31775  30.804  -56.174  22.024 0.5000000000
30778  30.978  -56.324  19.929 0.5000000000
134540  30.716  -56.900  20.509 0.5000000000
30766  30.578  -56.930  21.467 0.5000000000
30753  30.235  -56.783  22.176 0.5000000000
34415  33.134  -52.209  22.221 0.5000000000
35281  32.540  -51.677  22.501 0.5000000000
36109  34.613  -50.578  21.527 0.6000000238
34427  33.565  -52.653  21.473 0.6000000238
32759  32.208  -54.832  20.461 0.6000000238
30765  31.120  -56.314  21.130 0.5000000000
33629  33.364  -53.185  20.583 0.6000000238
33630  32.745  -53.945  20.664 0.6000000238
30808  38.090  -56.390  16.402 0.4000000060
31803  36.557  -55.444  16.938 0.4000000060
32798  38.470  -54.240  16.422 0.5000000000
126320  38.171  -54.994  16.837 0.4000000060
32771  32.273  -54.278  19.336 0.6000000238
132047  41.662  -56.920  15.045 0.5000000000
29849  38.296  -58.050  15.641 0.5000000000
30819  40.188  -57.178  15.310 0.5000000000
144711  32.605  -60.132  19.562 0.5000000000
24401  30.659  -63.215  21.505 0.4000000060
124606  29.789  -62.901  21.802 0.4000000060
26158  26.778  -61.881  19.969 0.4000000060
27893  27.516  -60.458  20.162 0.4000000060
124230  28.851  -62.913  21.952 0.4000000060
26924  29.255  -60.821  20.727 0.4000000060
32772  31.529  -55.075  19.375 0.6000000238
24415  25.562  -63.647  20.095 0.3000000119
26942  26.688  -61.035  19.996 0.3000000119
131550  25.929  -63.042  20.161 0.3000000119
26926  26.914  -60.510  20.356 0.3000000119
143838  26.459  -61.606  20.126 0.3000000119
26927  26.010  -60.483  20.855 0.3000000119
142450  25.748  -61.102  20.557 0.3000000119
22440  33.976  -66.102  22.275 0.5000000000
22442  28.722  -65.592  22.189 0.4000000060
22453  29.852  -65.067  21.395 0.4000000060
23412  32.654  -64.538  24.011 0.5000000000
23424  34.027  -64.025  22.001 0.5000000000
23425  33.396  -64.260  22.576 0.5000000000
23426  28.927  -64.967  22.127 0.4000000060
23433  35.002  -64.127  20.885 0.6000000238
23434  34.503  -64.254  21.435 0.5000000000
24371  32.654  -62.922  24.316 0.4000000060
24389  28.721  -64.314  22.078 0.4000000060
24399  34.878  -63.634  21.116 0.5000000000
24405  26.247  -63.323  20.459 0.4000000060
24412  35.410  -63.622  20.654 0.6000000238
24413  32.153  -63.046  20.156 0.5000000000
25220  32.550  -62.239  25.662 0.4000000060
25273  33.934  -62.733  22.286 0.5000000000
25285  35.135  -62.874  21.025 0.6000000238
25289  28.893  -62.158  21.710 0.4000000060
25304  25.995  -62.419  20.205 0.3000000119
25314  36.984  -62.418  19.740 0.5000000000
26089  32.550  -61.631  25.328 0.4000000060
26121  33.247  -61.834  23.669 0.5000000000
26135  33.572  -61.531  23.044 0.5000000000
26149  27.261  -61.392  19.908 0.4000000060
26159  25.453  -61.788  20.434 0.3000000119
26864  32.728  -60.916  26.115 0.4000000060
26873  33.112  -60.348  25.880 0.4000000060
26917  33.721  -60.886  22.713 0.5000000000
26922  34.722  -60.476  21.595 0.6999999881
26923  30.861  -60.840  20.819 0.5000000000
26925  28.437  -60.868  20.365 0.4000000060
26935  35.751  -60.310  20.568 0.6000000238
26950  36.635  -59.893  19.516 0.5000000000
26952  32.797  -60.840  19.578 0.5000000000
26960  38.007  -60.313  18.420 0.4000000060
27797  36.366  -59.416  27.310 0.3000000119
27798  35.535  -59.587  27.286 0.3000000119
27808  34.362  -59.364  26.672 0.4000000060
27823  34.009  -59.049  25.887 0.4000000060
27862  33.682  -60.112  22.991 0.6000000238
27868  34.828  -59.130  22.277 0.6999999881
27874  35.316  -59.240  21.470 0.6000000238
27876  27.297  -59.956  20.768 0.4000000060
27889  32.201  -60.189  20.021 0.5000000000
27890  31.331  -59.579  19.993 0.5000000000
27891  28.981  -59.306  18.751 0.5000000000
27911  37.639  -59.129  18.633 0.5000000000
27914  29.140  -58.988  18.527 0.5000000000
27922  39.589  -59.916  17.319 0.5000000000
28745  39.017  -57.862  27.465 0.4000000060
28747  37.439  -58.395  27.366 0.3000000119
28749  35.843  -58.841  27.110 0.3000000119
28757  41.089  -57.958  26.263 0.3000000119
28761  35.414  -58.410  26.590 0.5000000000
28781  35.088  -58.085  25.904 0.5000000000
28812  35.041  -58.074  23.769 0.6000000238
28819  28.394  -58.856  21.830 0.4000000060
28829  36.266  -57.775  21.476 0.6000000238
28846  28.766  -58.952  20.167 0.4000000060
28855  30.223  -58.801  18.531 0.5000000000
28873  41.989  -58.403  15.341 0.5000000000
28878  32.631  -57.856  17.808 0.6000000238
29712  39.938  -56.808  27.249 0.4000000060
29714  38.304  -57.294  27.472 0.4000000060
29716  36.911  -57.723  27.034 0.5000000000
29725  41.213  -57.101  26.385 0.3000000119
29730  35.722  -57.758  26.262 0.5000000000
29745  42.296  -57.119  25.226 0.3000000119
29748  35.495  -57.564  25.478 0.5000000000
29749  34.930  -57.908  25.225 0.6000000238
29763  35.915  -57.209  24.280 0.4000000060
29773  43.824  -57.196  23.341 0.3000000119
29774  43.300  -57.677  23.720 0.3000000119
29784  36.289  -57.095  22.826 0.6000000238
29817  29.278  -58.573  18.658 0.5000000000
29823  38.624  -57.622  18.396 0.6000000238
29825  29.722  -58.077  18.413 0.5000000000
29834  31.424  -56.685  17.993 0.6000000238
29838  38.558  -57.160  15.724 0.5000000000
30679  40.136  -56.020  27.141 0.3000000119
30681  38.412  -56.267  27.223 0.5000000000
30694  40.647  -56.578  26.826 0.3000000119
30695  37.676  -56.014  26.757 0.4000000060
30731  43.292  -56.121  24.268 0.3000000119
30732  42.792  -56.615  24.681 0.3000000119
30742  44.232  -56.341  23.330 0.3000000119
30743  37.295  -56.062  23.152 0.6000000238
30763  37.502  -56.467  21.739 0.6999999881
30777  38.182  -56.317  20.669 0.6000000238
30786  30.778  -56.360  18.823 0.5000000000
30790  41.400  -56.195  17.621 0.6000000238
30797  42.605  -56.146  16.057 0.5000000000
30806  42.505  -56.547  15.733 0.5000000000
30816  42.471  -56.184  15.350 0.5000000000
31689  39.681  -55.542  27.238 0.4000000060
31705  41.326  -55.391  26.434 0.3000000119
31722  41.840  -55.800  25.923 0.3000000119
31723  37.319  -55.169  25.279 0.5000000000
31752  37.165  -55.991  23.890 0.6000000238
31759  45.469  -55.351  22.578 0.3000000119
31761  38.065  -55.443  22.065 0.6999999881
31771  38.376  -55.395  21.288 0.8000000119
31774  31.360  -55.596  21.732 0.5000000000
31784  31.563  -55.612  20.519 0.5000000000
31791  39.346  -55.138  19.920 0.8000000119
31800  42.474  -55.658  16.332 0.6000000238
31801  41.903  -55.675  17.304 0.6000000238
31805  34.120  -55.830  17.172 0.6000000238
31812  42.514  -55.463  15.706 0.6999999881
31813  41.132  -55.145  15.431 0.6000000238
31814  40.409  -55.451  15.541 0.4000000060
31815  38.660  -55.701  16.544 0.5000000000
31819  42.468  -55.714  15.420 0.4000000060
31820  42.153  -55.450  15.298 0.5000000000
32685  38.843  -54.567  27.083 0.4000000060
32697  42.350  -54.437  25.349 0.3000000119
32710  43.264  -54.315  24.504 0.3000000119
32723  43.809  -54.807  23.938 0.3000000119
32724  37.614  -54.492  23.135 0.6999999881
32732  44.966  -54.879  23.101 0.3000000119
32745  45.898  -54.520  22.039 0.3000000119
32746  38.499  -54.721  20.937 0.8000000119
32768  46.971  -53.859  19.949 0.3000000119
32777  41.675  -54.633  16.851 0.6000000238
32779  40.864  -55.033  18.502 0.6000000238
32780  31.855  -53.934  18.150 0.6000000238
32791  32.090  -54.200  17.528 0.6000000238
33555  39.143  -53.233  26.570 0.4000000060
33557  37.799  -53.814  25.944 0.4000000060
33580  42.661  -53.752  24.897 0.3000000119
33592  44.312  -53.504  23.404 0.3000000119
33601  45.489  -53.802  22.344 0.3000000119
33612  46.244  -53.561  21.004 0.3000000119
33614  45.056  -52.989  22.183 0.3000000119
33618  32.547  -53.752  21.713 0.6000000238
33625  46.458  -53.312  20.348 0.3000000119
33626  45.864  -52.895  20.733 0.3000000119
33646  46.837  -52.766  18.656 0.3000000119
33649  32.833  -52.866  18.292 0.6000000238
33656  40.945  -53.271  17.342 0.6999999881
33658  34.836  -53.430  16.548 0.6000000238
33667  40.050  -53.766  15.712 0.5000000000
33676  41.550  -54.377  15.955 0.5000000000
34363  40.504  -52.758  26.095 0.5000000000
34364  39.171  -52.419  26.193 0.5000000000
34395  36.637  -52.181  24.209 0.6000000238
34412  43.735  -51.970  22.849 0.4000000060
34413  37.122  -52.852  22.527 0.6000000238
34426  34.070  -52.050  21.143 0.6000000238
34448  46.309  -52.228  19.185 0.3000000119
34449  45.657  -51.811  19.633 0.3000000119
34453  33.800  -52.141  19.504 0.6999999881
34459  39.422  -52.198  18.382 0.8000000119
34467  41.567  -52.792  16.350 0.6999999881
34480  34.265  -51.892  16.589 0.8000000119
34486  41.394  -52.761  15.254 0.6000000238
35232  38.607  -51.886  25.953 0.5000000000
35244  41.079  -50.955  24.941 0.5000000000
35245  39.933  -51.320  25.646 0.5000000000
35247  38.073  -51.329  25.665 0.6000000238
35248  37.397  -51.540  25.387 0.6000000238
35258  41.559  -51.408  24.593 0.4000000060
35268  43.128  -51.541  23.292 0.4000000060
35269  36.530  -51.814  23.556 0.6000000238
35278  36.759  -51.484  22.850 0.6999999881
35279  33.985  -50.976  22.001 0.6000000238
35280  33.276  -51.343  22.335 0.5000000000
35291  33.785  -51.798  21.818 0.5000000000
35296  45.159  -51.484  20.182 0.4000000060
35307  46.768  -51.379  18.833 0.4000000060
35310  38.577  -51.298  19.426 0.8000000119
35318  47.240  -51.801  18.287 0.3000000119
35329  48.423  -52.048  17.642 0.3000000119
35332  40.804  -51.509  17.124 0.8999999762
35341  37.951  -51.725  15.548 0.8000000119
36056  38.808  -50.212  25.419 0.6000000238
36057  37.609  -50.769  25.283 0.6000000238
36072  36.890  -50.542  24.364 0.6000000238
36094  36.843  -50.718  22.883 0.6999999881
36096  33.384  -50.433  22.400 0.6999999881
36104  44.246  -50.535  21.370 0.4000000060
36107  37.216  -51.070  22.081 0.6999999881
36116  45.883  -50.558  19.975 0.4000000060
36118  44.598  -51.106  20.804 0.4000000060
36121  34.997  -50.898  20.657 0.6999999881
36131  48.056  -50.450  19.171 0.4000000060
36133  46.235  -50.936  19.303 0.4000000060
36144  48.464  -50.852  18.575 0.4000000060
36149  34.775  -50.689  18.250 0.6999999881
36159  41.199  -50.109  16.326 0.8999999762
36162  34.673  -50.878  17.444 0.8000000119
36183  39.711  -50.109  14.371 1.0000000000
36858  40.165  -49.888  25.078 0.5000000000
36872  41.356  -49.765  24.267 0.5000000000
36875  37.540  -49.235  24.304 0.6999999881
36888  42.453  -49.575  23.494 0.5000000000
36890  37.357  -49.079  23.624 0.6999999881
36899  44.882  -49.183  22.277 0.4000000060
36901  42.927  -49.917  22.956 0.4000000060
36913  46.943  -49.224  21.119 0.4000000060
36914  45.383  -49.312  21.872 0.4000000060
36916  43.909  -50.025  21.976 0.4000000060
36917  37.385  -49.500  21.679 0.8000000119
36918  34.997  -49.427  21.275 0.8000000119
36919  34.579  -49.053  21.797 0.8000000119
36928  48.864  -49.068  19.995 0.4000000060
36929  47.283  -49.641  20.434 0.4000000060
36931  45.570  -50.158  20.709 0.4000000060
36945  49.297  -49.483  19.467 0.4000000060
36947  47.674  -50.061  19.809 0.4000000060
36951  35.825  -49.436  19.057 0.6999999881
36957  51.298  -49.283  18.143 0.3000000119
36961  39.288  -49.803  18.807 0.8000000119
36962  36.174  -49.144  17.902 0.8000000119
36963  35.678  -49.652  18.259 0.6999999881
36990  38.695  -49.739  14.643 0.8000000119
36991  41.267  -49.814  14.140 0.8999999762
37634  39.190  -48.860  25.152 0.6999999881
37635  38.436  -48.688  24.919 0.6999999881
37651  40.421  -48.593  24.806 0.6999999881
37663  44.104  -47.932  23.244 0.4000000060
37665  42.487  -48.757  23.675 0.5000000000
37666  41.899  -49.259  23.966 0.5000000000
37676  46.161  -48.329  22.439 0.4000000060
37677  45.474  -48.762  22.469 0.4000000060
37681  33.946  -48.859  22.210 0.6999999881
37687  47.926  -48.272  21.136 0.4000000060
37689  46.696  -48.676  21.826 0.4000000060
37691  38.529  -47.905  21.045 0.8000000119
37704  48.479  -48.508  20.613 0.4000000060
37706  35.592  -48.573  20.425 0.8999999762
37718  50.507  -48.232  19.325 0.3000000119
37719  49.862  -48.215  19.689 0.4000000060
37720  39.196  -48.356  19.786 0.8000000119
37730  39.630  -48.514  18.487 0.8000000119
37731  36.425  -48.514  18.361 0.8999999762
37734  52.924  -47.909  17.627 0.3000000119
37747  37.051  -48.527  16.854 0.8000000119
37751  41.597  -49.109  14.779 0.8999999762
37755  41.087  -49.174  13.778 0.8999999762
38586  38.960  -48.220  24.935 0.6999999881
38605  39.173  -47.557  24.731 0.6999999881
38618  44.434  -47.109  23.378 0.4000000060
38621  37.715  -47.655  23.790 0.6999999881
38629  46.157  -47.455  22.674 0.4000000060
38630  45.476  -48.010  22.862 0.4000000060
38631  37.608  -47.462  23.132 0.6999999881
38639  37.824  -47.313  22.392 0.8000000119
38642  32.786  -47.506  21.767 0.6000000238
38669  39.445  -48.232  19.203 0.8000000119
38695  36.978  -46.988  16.659 1.0000000000
38697  38.059  -47.114  14.896 0.8999999762
38699  40.920  -47.350  13.398 1.0000000000
38700  39.122  -47.308  14.158 1.0000000000
39633  41.521  -46.859  24.569 0.6000000238
39636  38.692  -46.111  24.552 0.6999999881
39651  43.918  -46.357  23.608 0.4000000060
39661  46.853  -46.755  22.224 0.4000000060
39663  37.683  -46.050  23.095 0.8000000119
39668  48.237  -46.851  21.251 0.4000000060
39670  47.037  -45.791  21.479 0.4000000060
39674  33.043  -46.874  21.289 0.8999999762
39690  38.643  -46.599  20.432 0.8000000119
39692  34.031  -46.210  20.578 0.8999999762
39696  30.726  -46.297  20.985 0.6999999881
39705  50.911  -46.703  19.019 0.3000000119
39710  35.329  -46.538  20.049 0.8999999762
39717  51.976  -46.407  18.392 0.3000000119
39721  38.832  -46.513  18.455 0.8000000119
39727  53.526  -46.731  17.682 0.3000000119
39729  39.595  -46.868  16.656 0.8000000119
39731  36.642  -46.258  17.709 0.8999999762
39746  41.335  -46.571  13.572 1.0000000000
39757  41.278  -46.011  12.854 1.0000000000
40677  41.997  -45.257  24.426 0.5000000000
40679  39.944  -45.265  24.674 0.6999999881
40697  44.441  -45.251  23.422 0.5000000000
40705  46.494  -45.618  21.734 0.4000000060
40706  45.782  -45.310  22.147 0.4000000060
40715  38.142  -45.646  21.648 0.8000000119
40729  48.856  -45.856  19.673 0.3000000119
40747  47.976  -45.711  18.289 0.3000000119
40748  47.138  -46.068  17.908 0.4000000060
40749  45.969  -46.209  17.500 0.3000000119
40752  35.995  -45.726  19.039 0.8999999762
40754  34.348  -44.955  20.003 0.8999999762
40756  32.238  -45.347  19.832 0.8999999762
40757  31.489  -45.401  19.800 0.8999999762
40771  36.359  -45.609  18.286 0.8999999762
40776  53.814  -45.224  17.521 0.3000000119
40796  37.498  -45.632  15.163 1.0000000000
40801  41.314  -45.188  13.433 1.0000000000
40802  39.044  -45.265  13.553 1.0000000000
40806  41.186  -45.510  12.917 1.0000000000
40807  40.938  -45.582  12.752 1.0000000000
40808  40.122  -45.178  13.107 1.0000000000
41686  42.333  -44.516  24.232 0.5000000000
41690  38.869  -44.596  24.011 0.6000000238
41702  43.748  -44.517  23.419 0.5000000000
41705  38.423  -44.269  23.520 0.6000000238
41720  37.890  -44.011  22.926 0.6999999881
41721  37.738  -44.669  22.679 0.8000000119
41725  43.927  -44.766  19.524 0.5000000000
41726  43.788  -45.036  18.251 0.5000000000
41740  38.040  -44.291  21.033 0.6999999881
41756  43.903  -44.996  17.660 0.4000000060
41758  38.140  -44.097  19.705 0.6999999881
41760  34.144  -44.345  19.583 1.0000000000
41761  33.271  -44.505  19.325 0.8999999762
41773  51.774  -45.019  17.884 0.3000000119
41775  38.436  -44.733  18.178 0.6999999881
41776  36.230  -44.780  18.206 0.8999999762
41777  35.529  -44.351  18.867 0.8999999762
41791  38.643  -44.771  17.455 0.6999999881
41804  36.877  -44.965  16.122 1.0000000000
41816  41.038  -44.528  13.146 1.0000000000
41819  37.741  -44.732  14.511 1.0000000000
41823  40.086  -43.853  12.854 1.0000000000
42811  41.866  -43.821  24.137 0.6000000238
42813  40.087  -43.805  24.173 0.6000000238
42820  42.785  -43.665  22.953 0.5000000000
42822  41.323  -43.273  23.783 0.6000000238
42838  42.900  -43.511  21.759 0.5000000000
42865  44.336  -44.311  17.910 0.5000000000
42866  43.051  -43.925  18.644 0.6000000238
42888  43.891  -44.451  17.595 0.5000000000
42893  33.861  -43.846  18.992 1.0000000000
42906  34.237  -43.295  18.492 1.0000000000
42907  33.436  -43.447  18.288 1.0000000000
42908  32.633  -43.753  18.038 0.8999999762
42912  27.660  -42.842  18.690 0.6999999881
42916  52.112  -43.690  16.685 0.3000000119
42919  36.269  -43.613  17.076 1.0000000000
42922  32.226  -43.594  17.121 0.8999999762
42924  30.832  -43.787  16.825 0.8000000119
42925  29.557  -43.270  17.102 0.8000000119
42926  28.891  -42.893  17.402 0.8000000119
42937  39.559  -43.230  16.019 0.8999999762
42938  39.071  -43.250  16.796 0.8000000119
42940  31.998  -43.297  16.244 0.8999999762
42941  31.306  -43.318  16.222 0.8999999762
42958  39.137  -43.787  13.233 1.0000000000
43888  40.823  -42.748  23.383 0.6000000238
43889  40.072  -42.672  23.467 0.6000000238
43890  39.359  -42.876  23.335 0.6000000238
43907  38.898  -42.694  22.644 0.6000000238
43925  41.770  -42.509  21.205 0.6999999881
43928  38.552  -42.464  21.823 0.6999999881
43942  38.137  -42.666  20.579 0.6999999881
43962  38.365  -42.482  18.911 0.8000000119
43972  38.523  -42.509  18.081 0.8000000119
43977  26.502  -42.179  18.658 0.6000000238
43992  27.284  -41.988  17.624 0.6999999881
44004  35.893  -42.185  16.691 1.0000000000
44011  28.714  -41.700  16.527 0.8000000119
44017  40.814  -43.028  14.022 1.0000000000
44024  29.809  -41.296  15.611 0.8999999762
44028  41.548  -43.184  12.902 1.0000000000
45050  43.821  -41.217  21.563 0.6000000238
45051  40.052  -41.886  22.245 0.6000000238
45068  45.132  -42.014  21.620 0.5000000000
45073  39.678  -41.512  21.597 0.6999999881
45089  42.549  -42.516  18.889 0.6999999881
45092  39.351  -41.243  20.916 0.6999999881
45113  34.613  -41.079  19.114 0.6999999881
45116  32.250  -41.160  19.077 0.6999999881
45131  33.267  -41.240  18.591 0.8000000119
45134  30.675  -41.043  18.186 0.8999999762
45135  26.330  -41.564  18.374 0.6000000238
45143  43.854  -41.872  16.759 0.6999999881
45144  43.626  -41.530  16.657 0.6999999881
45146  33.290  -40.952  17.631 1.0000000000
45177  33.414  -40.294  14.433 1.0000000000
45178  32.388  -40.327  14.633 1.0000000000
45179  31.939  -40.720  14.806 1.0000000000
45180  31.315  -40.584  15.074 0.8999999762
45181  30.006  -40.769  15.537 0.8999999762
45182  41.874  -42.149  11.979 1.0000000000
45187  39.974  -41.606  12.456 1.0000000000
46163  45.470  -40.001  23.177 0.4000000060
46213  40.566  -40.322  19.883 0.6999999881
46218  33.239  -40.437  20.052 0.6999999881
46230  44.352  -41.880  17.376 0.6999999881
46234  39.052  -40.609  19.146 0.6999999881
46235  36.909  -39.924  19.487 0.6000000238
46238  34.377  -40.926  19.760 0.6999999881
46256  36.768  -40.071  18.742 0.8000000119
46260  26.568  -40.090  18.092 0.5000000000
46270  44.051  -41.230  16.555 0.6999999881
46278  30.720  -40.315  15.995 0.8999999762
46294  31.325  -40.231  15.448 0.8999999762
46296  29.444  -40.710  15.955 0.8999999762
46302  35.536  -40.243  14.631 1.0000000000
46307  41.371  -40.510  13.225 1.0000000000
46312  33.896  -39.095  13.658 1.0000000000
46314  41.224  -40.510  11.937 1.0000000000
47127  44.062  -39.602  23.339 0.6000000238
47136  42.597  -39.371  22.115 0.5000000000
47156  36.574  -39.226  21.115 0.5000000000
47157  35.883  -39.207  21.128 0.6000000238
47176  43.916  -40.169  19.361 0.6999999881
47178  36.969  -39.413  20.681 0.5000000000
47181  34.547  -39.661  20.541 0.6999999881
47191  40.715  -39.801  19.258 0.6999999881
47194  36.608  -39.872  20.062 0.6999999881
47195  32.048  -39.551  19.652 0.6999999881
47210  44.232  -40.673  16.595 0.6999999881
47214  40.724  -39.593  18.604 0.8000000119
47218  25.496  -39.349  18.336 0.5000000000
47229  44.140  -40.023  16.301 0.6999999881
47244  40.527  -39.305  16.663 0.8000000119
47246  36.744  -38.597  16.516 1.0000000000
47251  41.531  -38.715  14.420 0.8000000119
47260  33.906  -38.354  13.655 1.0000000000
47261  33.700  -38.058  13.855 1.0000000000
47267  34.675  -38.077  13.582 1.0000000000
48170  42.099  -38.379  23.141 0.5000000000
48180  36.966  -38.291  21.957 0.5000000000
48181  36.182  -38.157  21.988 0.5000000000
48207  35.613  -38.540  21.450 0.5000000000
48208  34.816  -38.146  21.122 0.6000000238
48232  33.228  -38.766  20.206 0.6000000238
48244  32.458  -38.735  19.835 0.6999999881
48246  30.761  -38.793  19.521 0.8000000119
48247  29.770  -38.735  19.392 0.6999999881
48248  28.978  -39.004  19.141 0.8000000119
48259  44.250  -39.041  17.744 0.6999999881
48263  28.308  -38.743  18.847 0.6999999881
48275  43.675  -38.408  15.779 0.6999999881
48278  38.361  -37.895  17.387 0.6999999881
48286  37.173  -37.791  15.950 1.0000000000
48288  35.314  -38.136  14.960 1.0000000000
48291  36.675  -37.034  14.723 1.0000000000
48295  42.040  -37.748  13.707 0.8999999762
48299  33.967  -37.962  13.795 1.0000000000
48302  38.660  -37.598  13.385 1.0000000000
48303  37.778  -37.758  13.394 1.0000000000
48304  35.606  -37.517  13.775 1.0000000000
49239  41.717  -36.756  23.778 0.4000000060
49245  46.977  -37.322  23.207 0.3000000119
49248  44.605  -38.051  24.064 0.4000000060
49249  43.679  -38.301  23.821 0.5000000000
49265  41.613  -37.659  22.854 0.5000000000
49266  37.967  -36.804  22.250 0.4000000060
49288  38.135  -37.575  21.622 0.5000000000
49304  42.309  -37.457  20.563 0.6000000238
49321  42.472  -37.165  19.849 0.6000000238
49352  44.031  -38.378  16.283 0.6999999881
49364  37.223  -36.341  14.204 1.0000000000
49368  40.808  -37.809  12.762 0.8999999762
49370  38.157  -36.808  13.484 1.0000000000
50320  43.615  -36.596  24.568 0.4000000060
50321  42.726  -36.470  24.506 0.4000000060
50342  45.918  -36.249  23.964 0.4000000060
50344  36.197  -36.377  23.362 0.4000000060
50359  38.427  -35.511  21.942 0.4000000060
50362  35.535  -36.803  22.733 0.3000000119
50363  34.802  -36.386  22.350 0.3000000119
50370  41.690  -36.369  21.727 0.5000000000
50391  33.953  -36.678  20.442 0.6000000238
50409  31.906  -36.569  19.191 0.6000000238
50423  28.018  -36.820  18.817 0.6000000238
50433  41.498  -36.261  17.184 0.6999999881
50435  39.353  -35.392  16.751 0.8000000119
50443  40.789  -35.903  15.696 0.8000000119
50445  38.869  -35.983  16.344 0.8999999762
50449  37.883  -35.928  14.130 1.0000000000
50452  38.487  -36.539  13.639 1.0000000000
51318  45.162  -36.020  24.304 0.4000000060
51323  40.809  -35.084  24.219 0.5000000000
51337  47.147  -35.948  23.038 0.3000000119
51343  36.211  -35.022  24.060 0.4000000060
51353  40.405  -34.704  22.926 0.5000000000
51378  39.499  -34.473  20.340 0.5000000000
51379  39.164  -35.183  20.489 0.5000000000
51380  33.912  -35.980  19.975 0.6000000238
51407  40.402  -34.672  18.341 0.6000000238
51412  30.049  -35.574  18.209 0.6000000238
51434  40.020  -35.480  15.704 0.8000000119
52336  40.818  -34.225  25.136 0.4000000060
52350  42.131  -34.836  25.038 0.4000000060
52356  35.435  -34.747  24.118 0.4000000060
52376  39.379  -33.878  23.042 0.5000000000
52379  34.636  -34.628  23.657 0.3000000119
52392  34.021  -34.480  22.862 0.3000000119
52399  40.743  -34.485  21.047 0.5000000000
52402  39.033  -33.828  21.575 0.5000000000
52434  40.640  -34.371  19.787 0.5000000000
52435  40.131  -34.247  19.683 0.5000000000
52436  34.002  -34.521  19.163 0.4000000060
52454  32.843  -34.537  18.316 0.4000000060
52460  31.437  -34.396  17.615 0.3000000119
52462  29.374  -34.546  17.215 0.5000000000
52472  28.943  -33.938  16.776 0.5000000000
53343  41.775  -33.351  25.533 0.4000000060
53345  40.310  -33.139  25.370 0.4000000060
53360  44.224  -33.157  24.742 0.4000000060
53364  37.260  -33.033  24.447 0.3000000119
53367  34.934  -34.110  24.142 0.3000000119
53392  38.579  -33.393  23.926 0.3000000119
53422  33.674  -33.668  22.424 0.3000000119
53440  33.984  -33.363  19.457 0.3000000119
53476  33.623  -33.506  18.429 0.3000000119
53485  32.516  -33.465  17.494 0.3000000119
54485  43.208  -32.371  25.368 0.4000000060
54507  38.561  -32.427  24.978 0.4000000060
54509  36.736  -32.492  24.741 0.3000000119
54604  33.777  -32.320  18.852 0.3000000119
54617  33.121  -32.319  17.603 0.3000000119
54619  31.926  -32.969  17.035 0.3000000119
54624  30.613  -32.627  16.298 0.3000000119
55467  40.680  -31.598  25.658 0.3000000119
55498  45.559  -31.302  22.544 0.3000000119
55499  33.919  -31.216  21.827 0.3000000119
55519  33.877  -30.991  21.068 0.3000000119
55539  33.938  -31.589  19.154 0.3000000119
55568  32.705  -32.010  17.123 0.3000000119
55577  31.655  -31.795  16.196 0.3000000119
56450  34.009  -30.605  21.690 0.3000000119
56475  34.363  -30.233  19.968 0.3000000119
57394  34.223  -29.654  22.841 0.3000000119
57495  33.462  -29.354  15.544 0.3000000119
58369  34.420  -28.754  23.965 0.3000000119
58463  34.341  -28.132  15.746 0.3000000119
59385  34.457  -27.443  23.965 0.3000000119
59418  34.080  -27.507  22.399 0.3000000119
59492  35.176  -27.380  18.746 0.3000000119
59501  35.279  -27.293  17.830 0.3000000119
59512  35.177  -26.999  16.438 0.3000000119
60493  35.160  -26.734  18.234 0.3000000119
60522  33.816  -26.967  14.584 0.3000000119
61494  35.431  -25.561  24.852 0.3000000119
61516  34.486  -25.403  23.357 0.3000000119
61572  34.376  -25.087  21.732 0.3000000119
61624  35.484  -25.686  17.347 0.3000000119
61635  35.685  -25.402  16.498 0.3000000119
62604  34.271  -24.504  22.458 0.3000000119
62632  34.393  -24.287  21.630 0.3000000119
62659  35.071  -24.539  19.313 0.3000000119
62668  35.480  -25.048  17.985 0.3000000119
63625  35.187  -23.377  17.161 0.3000000119
63640  34.951  -23.033  15.851 0.3000000119
64521  35.242  -22.152  18.230 0.3000000119
66432  35.040  -20.270  18.482 0.3000000119
66452  35.274  -20.406  17.581 0.3000000119
68290  34.772  -18.252  18.745 0.3000000119
122377  34.126  -34.098  19.388 0.4000000060
122457  39.783  -31.798  25.630 0.3000000119
122944  40.535  -51.943  25.643 0.5000000000
123160  34.369  -35.115  23.108 0.3000000119
123688  38.671  -36.959  20.999 0.4000000060
123847  33.904  -35.264  19.531 0.5000000000
123937  37.418  -39.421  19.075 0.6000000238
124386  43.729  -32.926  25.051 0.4000000060
124388  34.879  -23.881  19.915 0.4000000060
124911  27.654  -40.576  17.491 0.6999999881
124928  31.579  -37.262  19.379 0.6000000238
125353  43.761  -53.208  23.707 0.3000000119
125382  41.950  -51.959  24.423 0.4000000060
125393  34.792  -51.163  19.815 0.6999999881
126142  36.154  -59.010  20.488 0.6000000238
126308  33.370  -60.662  26.605 0.3000000119
126720  34.216  -59.467  22.861 0.6000000238
127067  34.609  -24.087  20.774 0.4000000060
127302  41.493  -36.798  22.581 0.5000000000
127701  46.719  -41.720  21.591 0.3000000119
127704  42.543  -51.064  23.588 0.4000000060
127705  32.839  -53.405  19.595 0.6999999881
127751  39.786  -34.396  19.754 0.5000000000
127820  38.638  -34.275  21.848 0.4000000060
127930  35.893  -49.067  19.820 0.8999999762
128059  35.564  -55.210  17.129 0.5000000000
128535  40.186  -49.313  17.410 0.8000000119
128720  41.463  -39.103  12.720 1.0000000000
128797  36.898  -35.066  23.722 0.3000000119
129092  30.234  -57.850  18.141 0.5000000000
129603  34.405  -58.658  24.051 0.6000000238
129831  34.848  -25.886  15.101 0.3000000119
129837  35.348  -31.907  24.708 0.4000000060
130086  36.450  -50.963  15.838 0.8000000119
130311  36.688  -37.475  13.526 1.0000000000
130321  51.856  -47.805  18.526 0.3000000119
130501  34.350  -30.133  17.615 0.3000000119
130819  32.545  -44.941  19.348 0.8999999762
131042  35.172  -27.554  16.643 0.3000000119
131346  30.981  -48.080  21.519 0.6000000238
131371  39.538  -33.810  21.580 0.5000000000
131511  30.185  -63.797  21.656 0.4000000060
131977  34.989  -45.204  19.819 0.8999999762
132086  31.126  -45.764  20.469 0.6999999881
132258  38.251  -45.750  24.181 0.6999999881
132324  33.002  -60.499  24.511 0.5000000000
132575  36.098  -40.402  18.467 0.8999999762
132672  37.500  -54.656  23.932 0.5000000000
132945  38.428  -45.047  18.671 0.6999999881
133267  34.733  -28.833  19.378 0.3000000119
133429  35.630  -52.298  16.116 0.6999999881
133484  35.555  -33.165  24.475 0.4000000060
133687  44.163  -33.913  24.798 0.4000000060
133938  31.679  -61.194  20.667 0.5000000000
134389  36.612  -51.137  23.453 0.6999999881
134462  36.254  -47.144  18.707 0.8999999762
134590  40.141  -39.666  18.299 0.8000000119
134679  32.557  -62.915  25.222 0.3000000119
134770  30.176  -43.483  16.792 0.8000000119
134812  37.554  -51.030  21.320 0.6999999881
135115  42.464  -48.031  23.836 0.5000000000
135197  36.640  -44.206  16.653 1.0000000000
135657  41.024  -46.250  24.900 0.5000000000
135710  32.558  -54.760  17.134 0.6000000238
135773  40.812  -55.053  26.795 0.4000000060
135796  37.480  -44.019  14.937 1.0000000000
135997  37.501  -60.945  18.768 0.5000000000
136335  45.249  -49.784  21.267 0.4000000060
136587  33.080  -60.212  25.165 0.5000000000
136848  33.844  -31.310  17.866 0.3000000119
137105  30.016  -36.817  19.074 0.8000000119
137230  33.947  -33.914  20.107 0.4000000060
137325  35.293  -29.107  24.979 0.4000000060
137656  44.120  -45.234  17.712 0.3000000119
137735  48.711  -47.098  20.814 0.4000000060
138009  37.353  -48.798  22.887 0.6999999881
139193  38.095  -49.978  20.164 0.8000000119
139762  37.834  -54.138  21.803 0.8000000119
139851  43.004  -39.739  22.453 0.6000000238
139894  41.060  -43.841  12.901 1.0000000000
139969  29.717  -35.087  17.647 0.5000000000
140033  38.788  -55.847  20.176 0.6999999881
140158  44.766  -32.837  24.317 0.3000000119
140717  37.578  -54.255  16.600 0.4000000060
140807  32.462  -40.332  19.687 0.6999999881
140833  41.249  -46.344  13.204 1.0000000000
140945  43.690  -56.460  23.777 0.3000000119
141026  34.053  -31.247  20.140 0.3000000119
141388  37.203  -51.195  15.549 0.8000000119
141642  43.198  -44.096  23.371 0.5000000000
141666  40.345  -54.365  26.907 0.4000000060
141908  41.186  -54.545  26.451 0.3000000119
142218  27.367  -64.725  21.822 0.4000000060
142655  30.945  -37.454  19.323 0.6999999881
142671  39.218  -43.305  23.604 0.6000000238
142893  32.771  -63.297  23.602 0.5000000000
142968  30.654  -40.799  15.260 0.8999999762
142995  46.595  -43.115  20.436 0.3000000119
143074  37.221  -49.248  23.122 0.6999999881
143573  38.090  -43.988  20.400 0.6999999881
143621  31.466  -55.190  17.972 0.6000000238
143687  42.395  -38.178  20.768 0.6000000238
143709  33.987  -65.487  21.985 0.5000000000
144208  40.223  -40.028  19.549 0.6999999881
144464  34.564  -25.260  20.508 0.4000000060
144681  42.099  -36.850  15.531 0.8000000119
144690  53.245  -45.089  17.645 0.3000000119
144933  36.580  -56.483  25.934 0.4000000060
144969  40.749  -35.509  17.059 0.6999999881
145033  49.724  -45.377  17.690 0.3000000119
145144  28.953  -40.610  16.414 0.8000000119
145424  40.531  -40.734  20.530 0.6999999881
145475  34.207  -49.447  22.158 0.6999999881
145484  26.969  -61.318  19.755 0.3000000119
145929  32.116  -40.842  19.335 0.6999999881
146019  32.026  -56.511  17.697 0.5000000000
146103  39.321  -40.126  17.468 0.8000000119
146136  36.879  -36.517  13.905 1.0000000000
146333  41.582  -51.904  24.768 0.4000000060
146733  47.253  -47.213  21.959 0.4000000060
146762  38.171  -33.719  23.488 0.4000000060
147329  33.928  -40.710  17.655 0.8999999762
147394  40.845  -42.945  12.098 1.0000000000
