#!ascii label  , from subject sub-07 vox2ras=TkReg
1760
25141  27.022  -62.648  31.014 0.8999999762
24280  26.811  -63.381  30.993 0.8000000119
24279  27.401  -63.021  30.328 0.8000000119
124883  26.717  -64.716  30.294 0.6999999881
24312  27.016  -63.755  28.742 0.8000000119
24262  25.669  -63.285  32.037 0.8999999762
145407  27.713  -62.534  30.093 1.0000000000
25161  28.245  -62.110  29.083 1.0000000000
25162  27.760  -62.769  29.507 0.8999999762
136275  27.495  -63.231  28.916 0.8000000119
24325  27.414  -63.396  27.429 0.8000000119
24311  27.345  -63.273  28.178 0.8999999762
24326  26.769  -63.894  27.839 0.8000000119
23372  27.327  -64.206  26.202 0.6999999881
23373  26.721  -64.824  26.274 0.6999999881
25128  25.606  -62.422  31.984 0.8000000119
131170  26.189  -61.827  31.687 0.8999999762
139269  25.436  -61.677  31.675 0.8999999762
25130  23.561  -62.087  31.214 0.8999999762
25140  27.466  -62.138  30.581 0.8999999762
26028  28.386  -61.380  29.617 1.0000000000
25177  27.860  -62.723  28.580 0.8999999762
141021  28.620  -61.446  27.795 1.0000000000
25189  28.382  -62.070  27.236 0.8999999762
144735  27.764  -63.103  27.100 0.8999999762
24337  27.666  -63.439  26.621 0.8000000119
23385  26.992  -64.822  25.494 0.6999999881
26807  26.962  -60.616  31.109 0.8999999762
26808  26.268  -60.474  31.273 0.8999999762
25992  24.858  -61.193  31.196 0.8999999762
25993  24.164  -61.445  30.931 0.8999999762
26007  23.553  -61.348  30.412 0.8999999762
25990  27.227  -61.318  30.911 0.8999999762
26005  27.854  -61.361  30.344 0.8999999762
26048  28.684  -61.352  28.670 1.0000000000
25206  28.083  -62.754  26.654 0.8000000119
24346  27.765  -63.494  25.780 0.8000000119
23384  27.393  -64.014  25.191 0.8000000119
25239  26.785  -62.723  24.462 0.8000000119
24357  26.413  -63.649  24.174 0.8000000119
25240  25.719  -62.775  24.041 0.8000000119
26809  24.941  -60.478  30.967 0.8999999762
142011  23.438  -60.740  30.278 0.8999999762
146246  22.313  -61.390  30.035 0.8999999762
27768  27.350  -59.961  31.086 0.8999999762
26811  23.689  -60.015  30.646 0.8999999762
26817  22.558  -60.760  30.205 0.8000000119
26009  21.687  -61.679  30.000 0.8000000119
26816  27.635  -60.632  30.751 0.8999999762
27770  21.656  -59.865  30.852 0.6999999881
134645  21.703  -60.898  30.258 0.6999999881
26010  20.757  -61.214  30.344 0.6999999881
26815  28.325  -60.544  30.188 0.8999999762
26819  19.900  -60.152  30.754 0.6999999881
139643  19.109  -60.483  30.599 0.6999999881
26826  29.167  -59.994  29.044 1.0000000000
27772  19.143  -59.737  30.353 0.6000000238
26827  28.814  -60.621  29.326 1.0000000000
26841  29.029  -60.499  28.444 1.0000000000
147093  28.814  -61.024  28.128 1.0000000000
26078  28.543  -61.301  26.983 1.0000000000
25205  28.321  -61.861  26.249 0.8999999762
26852  28.713  -60.039  27.168 1.0000000000
26875  28.340  -60.410  25.981 0.8999999762
26091  28.161  -61.113  25.634 0.8000000119
131087  27.938  -61.821  25.455 0.8000000119
26104  26.841  -61.642  24.546 0.8000000119
124088  26.135  -60.977  24.431 0.8000000119
26105  25.911  -61.843  24.246 0.8000000119
26122  24.993  -61.971  23.800 0.8000000119
133544  25.127  -60.986  24.111 0.8000000119
26106  24.209  -61.350  23.661 0.8000000119
130020  26.691  -60.053  31.224 0.8999999762
26006  24.174  -60.836  30.546 0.8999999762
27755  26.040  -59.822  31.204 0.8999999762
27756  25.150  -59.707  31.000 0.8999999762
26810  24.334  -60.192  30.743 0.8999999762
27769  22.832  -59.929  30.611 0.8999999762
141615  28.029  -59.937  30.728 0.8999999762
26818  20.898  -60.309  30.751 0.6999999881
27767  28.477  -59.386  30.538 0.8999999762
27760  21.155  -58.915  31.238 0.6000000238
28717  19.970  -59.121  30.634 0.6000000238
27780  28.808  -59.796  29.804 1.0000000000
27781  18.984  -59.278  29.552 0.5000000000
143845  29.257  -59.736  28.463 1.0000000000
126633  19.435  -58.552  29.090 0.5000000000
142987  29.320  -59.060  27.953 1.0000000000
26840  29.083  -59.903  27.782 1.0000000000
27799  28.802  -59.355  27.138 1.0000000000
27810  28.489  -59.787  26.500 1.0000000000
26876  27.832  -60.379  25.375 0.8999999762
135238  26.884  -60.891  24.618 0.8000000119
27826  27.386  -59.579  25.301 0.8999999762
26891  27.199  -60.371  24.906 0.8000000119
27827  26.647  -59.248  25.059 0.8999999762
27845  26.085  -59.707  24.820 0.8000000119
28801  25.964  -58.992  24.803 0.8999999762
26894  24.772  -60.089  24.286 0.8000000119
26895  23.841  -59.873  23.842 0.8000000119
27848  23.881  -58.874  23.949 0.8000000119
27849  23.114  -59.260  23.282 0.8000000119
27757  24.210  -59.228  31.069 0.8999999762
27754  26.777  -59.318  31.340 0.8999999762
28699  27.126  -58.366  31.425 0.8999999762
28703  23.532  -58.254  31.495 0.6999999881
27759  22.072  -58.832  31.212 0.8000000119
28713  28.565  -58.536  30.769 0.8999999762
29682  27.982  -58.050  31.276 0.8999999762
28705  21.248  -58.134  31.339 0.6999999881
28715  20.807  -57.735  30.795 0.6000000238
28725  19.576  -58.829  30.058 0.6000000238
129815  21.651  -57.302  31.031 0.6999999881
29690  21.235  -57.010  30.072 0.6000000238
28724  19.995  -58.076  29.485 0.5000000000
28731  29.384  -58.463  28.554 1.0000000000
30651  21.091  -56.947  28.969 0.5000000000
28732  19.822  -57.909  28.573 0.5000000000
132598  29.299  -58.154  27.785 1.0000000000
28750  28.954  -58.528  27.067 1.0000000000
29731  28.613  -57.989  26.309 1.0000000000
28763  28.445  -58.906  26.310 1.0000000000
28783  27.830  -58.774  25.677 0.8999999762
131781  28.806  -57.267  26.576 1.0000000000
29750  28.267  -57.167  25.965 0.8999999762
123634  28.011  -57.959  25.751 0.8999999762
146018  27.150  -58.854  25.323 0.8999999762
28784  27.289  -58.171  25.395 0.8999999762
28785  26.583  -58.525  25.095 0.8999999762
29765  25.166  -57.748  24.587 0.8999999762
28803  24.518  -58.361  24.305 0.8999999762
29752  26.583  -57.667  25.076 0.8999999762
29753  25.889  -57.549  24.781 0.8999999762
28804  23.968  -58.098  23.968 0.8999999762
139982  24.860  -56.997  24.534 0.8999999762
146185  26.373  -58.592  31.464 0.8999999762
28701  25.063  -58.793  31.338 0.8999999762
28702  24.369  -58.141  31.584 0.8999999762
123183  25.081  -57.965  31.601 0.8999999762
29665  23.741  -57.381  31.694 1.0000000000
145461  23.079  -57.573  31.609 0.8000000119
29663  27.295  -57.282  31.592 0.8999999762
145740  21.958  -57.932  31.464 0.6999999881
28723  29.015  -58.881  30.015 0.8999999762
29681  28.667  -57.650  30.928 0.8999999762
29683  22.424  -56.694  31.006 0.6999999881
30642  21.927  -56.518  30.215 0.6999999881
28722  29.334  -58.267  29.410 1.0000000000
30665  21.294  -56.249  28.472 0.5000000000
123551  20.738  -56.263  28.098 0.5000000000
29698  29.388  -57.649  28.582 1.0000000000
29717  29.319  -57.477  27.706 1.0000000000
30697  29.098  -55.976  26.909 1.0000000000
30683  29.181  -56.879  27.192 1.0000000000
30698  28.716  -56.568  26.439 1.0000000000
30717  28.128  -56.316  25.818 0.8999999762
30718  27.443  -56.508  25.424 0.8999999762
31726  26.916  -56.081  24.928 0.8999999762
128104  26.643  -54.817  21.216 0.6999999881
32751  25.760  -54.892  20.763 0.8000000119
31785  24.940  -55.307  20.622 0.8000000119
32761  24.957  -54.674  20.321 0.8000000119
30639  28.166  -57.240  31.340 0.8999999762
136014  27.024  -56.234  31.976 1.0000000000
30618  26.326  -56.871  31.843 1.0000000000
129365  24.667  -57.120  31.710 1.0000000000
30621  23.918  -56.629  31.560 0.6999999881
30622  23.120  -56.801  31.476 0.6999999881
28712  29.152  -58.014  30.311 0.8999999762
30638  28.758  -56.745  31.095 0.8999999762
30650  21.626  -56.408  29.223 0.6000000238
30664  29.416  -56.888  28.908 1.0000000000
29689  29.398  -57.314  29.728 0.8999999762
30637  29.253  -56.581  30.405 0.8999999762
31680  20.867  -55.636  28.209 0.4000000060
121757  29.420  -56.891  28.079 1.0000000000
31710  28.741  -55.779  26.153 1.0000000000
142096  28.270  -55.599  25.619 1.0000000000
31724  28.850  -54.938  25.598 1.0000000000
32753  22.931  -55.130  22.038 0.8999999762
33608  29.152  -53.857  22.008 0.6000000238
32750  27.355  -54.403  21.390 0.6000000238
33622  26.492  -53.995  20.783 0.8000000119
32760  25.559  -54.124  20.281 0.8000000119
31786  24.168  -55.087  20.682 0.8999999762
30617  27.952  -56.494  31.597 0.8999999762
30640  23.607  -56.050  31.127 0.8000000119
143869  22.942  -56.207  30.989 0.6999999881
30641  22.560  -56.044  30.331 0.6999999881
31665  22.104  -55.151  29.158 0.6000000238
32664  20.878  -54.600  28.529 0.4000000060
31678  29.433  -56.210  28.614 1.0000000000
30648  29.417  -56.367  29.558 0.8999999762
31691  29.432  -55.322  27.360 1.0000000000
31709  29.292  -55.188  26.482 1.0000000000
32700  29.233  -53.901  25.219 1.0000000000
33584  28.673  -53.622  24.606 1.0000000000
32727  23.256  -54.823  23.154 0.8999999762
33599  23.230  -53.313  22.938 0.8999999762
32740  22.999  -54.288  22.616 0.8999999762
33635  23.852  -53.649  20.386 0.8999999762
32752  23.030  -54.284  21.758 0.8999999762
34418  30.417  -52.610  22.470 0.6000000238
33607  29.845  -53.209  22.306 0.6000000238
32749  28.202  -54.104  21.573 0.6000000238
33621  27.427  -53.532  21.066 0.8000000119
33631  26.869  -53.035  20.349 0.8000000119
32762  24.338  -54.272  20.243 0.8999999762
129649  26.188  -55.981  32.149 0.8999999762
30620  24.568  -55.881  31.479 0.6999999881
31635  26.840  -55.446  31.931 0.8999999762
123285  26.056  -55.253  31.769 0.8999999762
31652  23.118  -55.591  30.552 0.6000000238
131018  29.001  -56.039  30.885 1.0000000000
31650  28.890  -55.306  30.922 1.0000000000
30616  28.515  -55.877  31.370 1.0000000000
32627  23.165  -54.879  30.137 0.6000000238
31664  22.638  -55.380  29.838 0.6000000238
146055  22.246  -54.328  29.207 0.5000000000
31663  29.440  -55.545  29.253 1.0000000000
31649  29.321  -55.659  30.252 1.0000000000
142832  29.486  -54.982  29.785 1.0000000000
137464  29.483  -55.419  28.288 1.0000000000
32662  29.664  -54.641  27.919 1.0000000000
32672  29.725  -54.545  26.966 1.0000000000
33558  30.081  -53.778  26.522 1.0000000000
128878  29.769  -53.649  25.817 1.0000000000
33571  29.582  -53.160  25.425 1.0000000000
33585  28.007  -53.821  24.221 1.0000000000
33595  27.608  -53.192  23.737 1.0000000000
33586  27.113  -53.941  23.864 1.0000000000
32725  26.103  -53.976  23.573 1.0000000000
32726  25.363  -54.379  23.703 0.8999999762
146648  25.945  -54.537  23.824 0.8999999762
133103  23.759  -54.684  23.532 0.8999999762
33609  23.005  -53.473  22.201 0.8999999762
33634  24.631  -53.608  19.985 0.8999999762
130150  31.934  -51.174  22.607 0.6000000238
35283  30.877  -51.936  22.570 0.6000000238
144574  29.653  -52.459  22.178 0.6000000238
141269  29.000  -52.828  21.807 0.6000000238
33632  25.990  -53.385  20.109 0.8000000119
32608  27.411  -54.735  31.664 0.8999999762
122700  25.914  -54.548  31.443 0.6999999881
31651  23.873  -55.169  30.769 0.6000000238
32625  24.464  -54.453  30.863 0.6000000238
32624  28.697  -54.342  30.896 0.8999999762
32648  23.122  -54.243  29.835 0.6000000238
33517  22.714  -53.905  29.470 0.5000000000
32647  29.575  -54.665  28.951 1.0000000000
133496  29.534  -54.288  29.823 0.8999999762
33530  29.854  -54.082  28.411 1.0000000000
33539  30.148  -53.841  27.561 1.0000000000
34368  30.189  -52.939  25.987 1.0000000000
124358  29.606  -52.403  25.364 1.0000000000
35260  29.209  -51.879  24.698 1.0000000000
33583  29.101  -52.881  24.754 1.0000000000
34405  28.064  -52.526  23.671 1.0000000000
33596  26.697  -53.236  23.382 1.0000000000
140674  25.823  -53.228  23.295 1.0000000000
34408  24.191  -52.258  23.269 0.8999999762
33598  23.985  -53.184  23.431 0.8999999762
34419  23.294  -52.696  22.459 0.8999999762
34445  23.446  -52.413  20.826 0.8999999762
36098  31.555  -50.289  22.440 0.6000000238
139991  30.489  -51.284  22.249 0.6000000238
34429  29.072  -51.832  21.643 0.6000000238
140269  28.268  -51.555  21.074 0.6999999881
34441  27.155  -52.200  20.037 0.6999999881
34442  26.367  -52.542  19.825 0.6999999881
34443  25.303  -52.893  19.833 0.8000000119
123912  24.832  -52.095  19.952 0.8999999762
36097  32.551  -50.775  22.551 0.6000000238
35301  26.716  -51.761  19.720 0.6999999881
122733  25.892  -52.024  19.608 0.8000000119
35302  25.378  -51.226  19.843 0.8999999762
33497  24.049  -53.557  30.525 0.6000000238
125272  28.072  -54.286  31.394 0.8999999762
33480  26.627  -53.478  31.668 0.6999999881
32623  29.243  -54.772  30.397 0.8999999762
33496  28.992  -53.302  30.637 0.8000000119
33515  29.816  -53.827  29.184 1.0000000000
33495  29.623  -53.520  30.004 0.8000000119
34343  30.680  -52.588  28.609 0.8999999762
33514  30.164  -52.999  29.456 0.8000000119
124902  30.487  -53.086  27.827 1.0000000000
33538  30.489  -53.078  26.964 1.0000000000
34367  30.509  -52.144  26.563 1.0000000000
139030  30.031  -52.091  25.834 1.0000000000
35249  29.628  -51.571  25.387 1.0000000000
35270  27.982  -51.775  23.503 1.0000000000
129540  27.309  -52.522  23.290 1.0000000000
34406  26.202  -52.467  22.999 1.0000000000
35272  25.154  -51.922  22.947 0.8999999762
135623  23.808  -51.931  23.013 0.8999999762
34409  23.580  -52.519  23.098 0.8999999762
36112  23.214  -51.027  21.619 0.8999999762
133787  29.721  -50.934  21.668 0.6000000238
35299  28.024  -51.046  20.567 0.6999999881
35303  24.205  -51.386  20.295 0.8999999762
37682  33.066  -48.879  22.345 0.6000000238
36905  32.554  -49.708  22.453 0.6000000238
144209  27.391  -50.637  20.071 0.6999999881
35313  26.164  -50.803  19.746 0.6999999881
33481  25.788  -53.694  31.395 0.6999999881
33482  24.815  -53.618  31.056 0.6000000238
34304  28.420  -52.618  31.071 0.8000000119
33479  27.434  -53.742  31.595 0.8000000119
123226  26.215  -52.724  31.657 0.6999999881
34306  25.208  -52.845  31.344 0.6999999881
34317  29.709  -52.680  30.258 0.6999999881
34318  29.087  -52.460  30.714 0.8000000119
34331  30.607  -52.246  29.583 0.6999999881
35208  31.104  -51.793  29.097 0.6999999881
140183  31.080  -51.879  28.165 0.8000000119
36034  31.171  -51.017  27.096 0.8000000119
36047  30.827  -50.399  26.663 0.8000000119
124366  30.309  -50.821  26.121 0.8999999762
34384  30.174  -51.449  25.961 0.8999999762
36073  29.154  -50.997  24.876 1.0000000000
125528  28.655  -51.341  24.188 1.0000000000
147320  27.040  -51.876  23.054 1.0000000000
36086  26.513  -50.766  22.766 1.0000000000
36075  27.796  -50.234  23.782 1.0000000000
141550  27.256  -51.021  23.317 1.0000000000
132556  25.512  -50.922  22.592 1.0000000000
35273  24.309  -51.419  22.790 0.8999999762
36088  23.741  -50.745  22.424 0.8999999762
35274  23.648  -51.425  22.539 0.8999999762
35285  23.375  -51.477  22.121 0.8999999762
36906  31.564  -49.256  22.237 0.6000000238
36099  30.580  -50.505  22.095 0.6000000238
139937  29.192  -50.316  21.059 0.6000000238
36111  28.534  -50.323  20.649 0.6999999881
36126  23.568  -50.812  20.840 0.8999999762
36125  24.442  -50.560  20.229 0.8999999762
36936  27.592  -49.427  20.202 0.6999999881
127144  27.169  -50.153  19.971 0.6999999881
36124  25.497  -50.189  19.868 0.8999999762
133378  24.579  -49.810  20.124 0.8999999762
138550  27.806  -52.281  31.337 0.6999999881
126893  27.112  -52.358  31.565 0.6000000238
35173  26.403  -51.642  31.547 0.6000000238
34307  24.457  -52.805  30.789 0.6000000238
124401  29.532  -51.905  30.623 0.6999999881
35172  27.491  -51.577  31.401 0.6000000238
34332  30.237  -52.029  30.204 0.6999999881
35193  31.243  -50.970  29.289 0.6999999881
145007  31.275  -51.315  28.594 0.6999999881
36847  31.234  -49.559  27.034 0.8000000119
36863  29.921  -49.481  25.739 0.8000000119
36060  29.723  -50.745  25.537 0.8000000119
36074  28.464  -50.407  24.485 1.0000000000
36061  29.068  -50.211  25.108 0.8000000119
36892  27.452  -49.434  23.556 1.0000000000
36085  27.109  -50.124  23.005 1.0000000000
140037  25.360  -50.112  22.540 1.0000000000
36893  26.677  -49.405  22.982 1.0000000000
132510  26.253  -50.114  22.583 1.0000000000
36895  24.775  -49.633  22.492 1.0000000000
135834  24.215  -49.108  22.397 1.0000000000
36896  23.801  -49.859  22.309 1.0000000000
136466  23.391  -50.267  22.088 0.8999999762
36110  29.899  -49.881  21.319 0.6000000238
140154  23.270  -50.323  21.289 0.8999999762
37683  32.252  -48.879  22.301 0.6000000238
36921  30.229  -49.153  21.376 0.6000000238
36923  29.144  -49.714  20.723 0.6999999881
140324  23.215  -49.722  21.285 0.8999999762
36935  28.349  -49.733  20.421 0.6999999881
36937  26.730  -49.440  19.869 0.6999999881
36938  25.240  -49.268  19.866 0.8999999762
142354  25.704  -51.440  31.357 0.5000000000
35171  28.181  -51.910  31.202 0.6000000238
144538  27.646  -50.944  31.389 0.5000000000
35181  30.082  -51.301  30.534 0.6999999881
35182  29.271  -51.164  30.928 0.6999999881
36003  30.493  -50.750  30.363 0.6999999881
36813  31.271  -50.102  29.175 0.6999999881
36014  30.915  -50.493  29.881 0.6999999881
36834  31.546  -49.496  27.713 0.6999999881
36848  30.551  -49.525  26.364 0.8000000119
36862  30.346  -48.864  25.943 0.8000000119
135608  29.758  -48.884  25.533 0.8000000119
36864  29.211  -49.371  25.237 0.8000000119
37639  29.297  -48.374  25.295 0.8000000119
121624  27.785  -47.978  24.950 0.8999999762
136997  27.649  -48.747  24.243 1.0000000000
38590  28.525  -47.946  25.173 0.8000000119
37668  26.867  -48.717  23.677 1.0000000000
37669  26.066  -48.726  23.077 1.0000000000
36894  25.772  -49.447  22.639 1.0000000000
130784  23.432  -48.906  22.206 1.0000000000
36908  23.253  -49.520  21.929 0.8999999762
132878  23.260  -50.135  21.751 0.8999999762
36924  23.026  -49.217  21.574 0.8999999762
37684  22.924  -48.401  21.817 0.8999999762
36940  23.237  -49.001  20.841 0.8999999762
36920  30.849  -48.807  21.703 0.6000000238
36922  29.681  -49.145  20.926 0.6000000238
135301  27.668  -48.738  20.384 0.6999999881
37709  26.034  -48.735  19.763 0.8000000119
37711  23.844  -48.383  20.373 0.8999999762
38643  31.812  -47.601  21.763 0.6000000238
38657  28.115  -48.338  20.721 0.6999999881
37708  26.971  -48.764  20.054 0.6999999881
38661  24.552  -47.780  20.234 0.8000000119
37712  22.995  -48.082  20.822 0.8999999762
143650  26.439  -48.253  20.124 0.6999999881
38662  23.524  -47.707  20.568 0.8999999762
35996  28.310  -51.145  31.245 0.5000000000
146267  27.158  -50.213  31.222 0.5000000000
36004  29.828  -50.541  30.690 0.6999999881
136218  28.116  -49.575  31.020 0.5000000000
36801  30.374  -50.084  30.307 0.6999999881
37600  31.366  -49.091  29.019 0.6999999881
36814  30.813  -49.646  29.697 0.6999999881
126675  31.638  -48.944  28.190 0.6999999881
134313  31.691  -48.217  26.806 0.6999999881
37622  31.109  -48.748  26.532 0.6999999881
38588  30.593  -47.766  25.523 0.8000000119
129128  29.943  -47.676  25.308 0.8000000119
38589  29.117  -47.490  25.216 0.8000000119
37656  26.896  -47.952  24.486 0.8999999762
129136  26.207  -48.062  23.778 1.0000000000
37670  25.469  -48.029  23.018 1.0000000000
133670  25.162  -48.805  22.622 1.0000000000
38609  28.213  -47.185  25.120 0.8000000119
38610  27.331  -47.235  24.798 0.8000000119
38622  25.713  -47.405  23.671 0.8999999762
38623  24.940  -47.299  23.018 1.0000000000
37671  24.346  -48.156  22.548 1.0000000000
39655  25.267  -46.715  23.727 0.8999999762
37673  22.880  -47.142  22.362 1.0000000000
37672  23.156  -47.937  22.239 1.0000000000
37685  22.462  -47.471  21.916 1.0000000000
37713  22.510  -47.504  21.182 0.8999999762
36934  29.043  -49.105  20.612 0.6999999881
38632  22.045  -47.068  21.748 0.8999999762
37697  30.201  -48.518  21.194 0.6000000238
145223  29.953  -48.164  21.030 0.6000000238
38663  22.370  -47.107  20.997 0.8999999762
38645  28.644  -47.743  21.155 0.6999999881
38646  27.739  -47.638  21.179 0.6999999881
38647  26.980  -47.511  20.970 0.6999999881
39698  25.115  -47.154  20.346 0.6999999881
39699  24.109  -47.177  20.546 0.8000000119
126731  25.633  -46.484  20.881 0.6999999881
39700  22.677  -46.638  20.952 0.8000000119
40741  22.441  -45.871  21.223 0.8999999762
39682  24.630  -46.540  20.746 0.6999999881
36005  28.853  -50.281  31.003 0.6000000238
138793  28.877  -49.476  30.762 0.5000000000
138348  30.665  -48.752  29.612 0.6999999881
37578  30.121  -49.273  30.106 0.5000000000
37599  31.652  -48.261  28.489 0.6999999881
141730  31.875  -48.317  27.898 0.6999999881
38550  31.591  -47.367  28.625 0.6999999881
38561  31.965  -47.946  27.355 0.6999999881
38574  31.849  -47.508  26.560 0.6999999881
37636  31.431  -48.063  26.256 0.6999999881
39609  31.730  -46.884  26.020 0.6999999881
38587  31.282  -47.477  25.764 0.6999999881
39622  30.595  -47.127  25.301 0.8000000119
39623  29.744  -46.944  25.118 0.8000000119
39638  30.430  -46.349  24.841 0.8000000119
38608  28.982  -46.844  25.067 0.8000000119
39641  27.672  -46.500  24.656 0.8000000119
40686  28.986  -45.688  24.295 0.8000000119
40687  28.021  -45.733  24.304 0.8000000119
146161  26.993  -46.616  24.561 0.8000000119
39643  25.605  -46.230  24.144 0.8999999762
39656  24.380  -46.642  23.298 0.8999999762
38624  23.880  -47.279  22.699 1.0000000000
41696  27.429  -44.962  23.949 0.8000000119
135214  26.571  -45.150  24.040 0.8000000119
38625  22.197  -47.008  22.082 1.0000000000
40701  22.951  -46.046  23.264 1.0000000000
38644  30.421  -47.720  21.234 0.6000000238
39664  22.037  -46.628  22.041 1.0000000000
39679  28.250  -46.948  21.501 0.6999999881
39680  27.268  -46.763  21.403 0.6999999881
39701  22.198  -46.660  21.310 0.8999999762
39684  22.048  -46.631  21.652 1.0000000000
40720  26.476  -46.159  21.284 0.6999999881
40721  25.001  -45.748  21.127 0.8000000119
40723  23.332  -45.993  20.975 0.8000000119
37598  32.025  -47.696  27.994 0.6999999881
39581  31.745  -46.513  28.373 0.6999999881
38573  32.111  -47.099  27.387 0.6999999881
39608  31.976  -46.628  26.646 0.6999999881
40659  31.752  -46.057  26.053 0.6999999881
40683  31.495  -45.556  25.239 0.6999999881
145887  31.034  -46.043  24.942 0.6999999881
41693  30.371  -44.936  24.139 0.8000000119
40685  29.930  -45.684  24.334 0.8000000119
41695  28.480  -44.981  23.970 0.8000000119
41709  28.958  -44.290  23.634 0.8000000119
41710  28.047  -44.321  23.543 0.8000000119
137251  25.400  -45.251  23.947 0.8999999762
40690  24.781  -45.396  23.799 0.8999999762
131497  25.846  -44.784  23.856 0.8000000119
41697  25.004  -44.745  23.729 0.8999999762
39645  23.872  -46.182  23.440 0.8999999762
136274  29.735  -46.859  21.307 0.6000000238
42834  23.905  -43.509  23.247 0.8999999762
41699  23.386  -44.302  23.322 0.8999999762
134857  22.279  -46.162  22.530 1.0000000000
40716  30.092  -46.245  21.131 0.6000000238
40709  21.935  -45.763  21.994 0.8999999762
40719  27.154  -45.800  21.392 0.6999999881
41722  21.525  -44.518  21.837 0.8999999762
41730  24.169  -45.432  21.026 0.8000000119
41745  22.465  -44.897  21.172 0.8999999762
133764  22.019  -45.280  21.502 0.8000000119
39580  32.049  -46.410  27.800 0.6999999881
39593  32.092  -46.331  27.212 0.6999999881
40669  32.201  -45.093  26.080 0.6999999881
40684  30.769  -45.601  24.607 0.6999999881
132913  31.238  -44.848  24.597 0.6999999881
133168  26.636  -44.523  23.659 0.8000000119
42817  25.319  -44.128  23.560 0.8000000119
42832  25.744  -43.533  23.291 0.8000000119
43895  25.361  -42.868  22.984 0.8000000119
41712  22.721  -44.815  22.994 0.8999999762
125439  28.762  -46.320  21.485 0.6000000238
42833  24.872  -43.495  23.316 0.8000000119
135600  22.468  -44.198  22.785 0.8999999762
41713  22.123  -44.870  22.398 0.8999999762
40717  29.425  -46.229  21.354 0.6000000238
40718  28.019  -45.850  21.496 0.6999999881
41714  21.765  -44.200  22.288 0.8999999762
41729  25.600  -45.002  21.273 0.6999999881
41733  21.368  -44.183  21.557 0.8000000119
42855  23.441  -44.304  20.940 0.6999999881
42872  21.559  -43.732  20.960 0.8000000119
132076  32.499  -45.044  26.935 0.6999999881
41691  32.242  -43.828  25.103 0.6999999881
42815  31.975  -43.271  24.555 0.6999999881
41711  27.281  -44.269  23.462 0.8000000119
42831  26.671  -43.744  23.224 0.8000000119
42846  26.246  -42.914  22.945 0.8000000119
43896  24.478  -42.866  22.939 0.8000000119
135442  22.885  -43.517  23.011 0.8999999762
127150  22.355  -42.837  22.704 0.8999999762
41743  28.193  -44.758  21.152 0.6000000238
135376  21.852  -43.493  22.475 0.8999999762
41728  27.441  -45.086  21.359 0.6999999881
42852  26.091  -44.251  21.090 0.6999999881
42835  20.957  -43.135  22.313 0.8999999762
42871  24.473  -43.698  20.697 0.6999999881
123954  22.552  -43.996  21.034 0.8000000119
42857  20.492  -43.180  21.375 0.8000000119
43945  22.765  -43.063  20.576 0.6999999881
41747  21.156  -43.931  21.303 0.8000000119
43946  21.514  -42.805  20.656 0.8000000119
41663  32.331  -44.345  26.382 0.6999999881
42805  32.287  -43.570  25.756 0.6000000238
41742  29.176  -44.648  20.553 0.6000000238
43915  23.645  -41.875  22.411 0.8000000119
45042  21.855  -41.531  22.511 0.8999999762
43898  21.403  -42.711  22.545 0.8999999762
45044  20.273  -41.737  22.298 0.8999999762
42853  25.161  -44.336  20.965 0.8000000119
43916  20.107  -42.216  21.894 0.8999999762
42874  20.162  -42.761  21.128 0.8000000119
143925  23.395  -42.495  20.196 0.6999999881
45096  20.050  -41.521  20.675 0.8000000119
45097  19.379  -41.102  20.975 0.8000000119
41744  27.166  -44.225  21.036 0.6999999881
45060  22.915  -41.337  22.300 0.8000000119
42897  25.849  -43.082  20.089 0.5000000000
42870  25.532  -43.621  20.644 0.6000000238
144356  25.428  -42.620  19.821 0.6000000238
43943  25.042  -42.974  20.339 0.6999999881
46188  19.901  -40.903  22.064 0.8000000119
43967  23.915  -42.076  19.737 0.6000000238
45119  23.424  -41.467  19.535 0.6000000238
45095  21.356  -41.798  20.400 0.6999999881
46220  19.840  -40.594  20.646 0.8000000119
45078  19.662  -41.603  21.288 0.8000000119
45120  22.447  -41.051  19.787 0.6000000238
45061  22.230  -40.883  22.222 0.8000000119
46186  21.755  -40.162  21.959 0.8000000119
46187  20.577  -40.415  22.153 0.8999999762
141463  25.355  -42.126  19.424 0.6000000238
144342  19.928  -39.787  20.709 0.8000000119
46199  19.422  -40.665  21.330 0.8000000119
128506  19.735  -39.979  21.730 0.8000000119
46219  20.985  -40.864  20.192 0.6000000238
47141  22.653  -39.800  21.646 0.8000000119
47143  20.548  -39.551  21.797 0.8000000119
140729  24.722  -41.862  19.451 0.6000000238
46243  23.517  -40.804  19.146 0.6000000238
48216  19.782  -38.837  20.972 0.8000000119
46244  22.819  -40.308  19.295 0.6000000238
48233  20.148  -38.501  20.595 0.6999999881
139783  20.131  -38.496  21.029 0.8000000119
48249  21.668  -38.564  19.017 0.6000000238
48250  20.569  -38.272  19.718 0.6000000238
49329  20.706  -37.121  19.810 0.6999999881
46264  23.525  -39.981  18.920 0.6000000238
47200  22.516  -39.465  19.116 0.6000000238
48213  23.577  -38.536  20.954 0.8000000119
47142  21.687  -39.193  21.496 0.8000000119
45137  24.986  -41.013  18.726 0.6000000238
48214  22.416  -38.532  20.947 0.8000000119
45136  25.654  -41.216  18.552 0.5000000000
49298  20.641  -37.866  20.568 0.8000000119
48215  21.124  -38.453  21.000 0.8000000119
47219  25.024  -39.832  18.394 0.6000000238
46263  24.432  -40.450  18.709 0.6000000238
144189  21.000  -36.641  19.710 0.6000000238
122731  25.799  -40.050  18.268 0.5000000000
47220  24.205  -39.532  18.600 0.6000000238
48268  23.822  -38.688  18.440 0.6000000238
48270  21.198  -37.741  19.114 0.6000000238
48267  24.490  -38.269  18.255 0.6000000238
135095  23.096  -38.158  18.375 0.6000000238
50427  22.739  -36.835  18.113 0.6000000238
49345  21.782  -36.956  18.673 0.6000000238
49296  23.019  -37.827  20.634 0.8000000119
49297  21.779  -37.796  20.620 0.8000000119
50381  23.548  -37.085  20.462 0.8000000119
50393  22.843  -36.356  20.182 0.6999999881
50382  22.317  -37.052  20.428 0.6999999881
130787  24.738  -39.049  18.351 0.6000000238
145159  20.946  -36.231  19.306 0.6000000238
51401  20.240  -35.299  19.098 0.6000000238
50395  21.049  -36.492  19.825 0.6999999881
49342  25.014  -37.734  18.229 0.5000000000
51432  21.125  -35.345  18.312 0.6000000238
49343  24.301  -37.592  18.117 0.5000000000
138151  22.868  -37.511  18.234 0.6000000238
50440  22.116  -36.166  18.203 0.6000000238
50425  25.618  -36.976  18.363 0.5000000000
50392  24.054  -36.368  20.212 0.6999999881
51388  22.020  -35.646  19.867 0.6000000238
52444  20.145  -34.614  19.227 0.6000000238
50394  21.609  -36.351  20.071 0.6000000238
52456  19.877  -34.183  18.867 0.6000000238
52443  21.115  -34.294  19.461 0.6000000238
50437  24.741  -36.182  17.714 0.5000000000
51430  23.433  -35.599  17.308 0.6000000238
52468  22.662  -34.804  17.145 0.6000000238
51431  22.315  -35.517  17.659 0.6000000238
121583  20.069  -34.456  18.531 0.6000000238
53462  20.204  -33.886  19.085 0.6000000238
51429  24.505  -35.552  17.281 0.6000000238
52467  23.830  -34.907  16.823 0.6000000238
51416  25.875  -36.112  18.174 0.5000000000
52466  25.362  -35.142  17.166 0.5000000000
51427  26.044  -35.399  17.693 0.4000000060
52474  26.336  -34.210  16.633 0.5000000000
51387  23.328  -35.641  19.895 0.6000000238
52442  22.618  -34.242  19.309 0.6000000238
52478  21.761  -33.940  17.120 0.6000000238
52470  20.663  -33.813  17.733 0.6000000238
53461  21.495  -33.656  18.981 0.6000000238
52477  23.120  -34.006  16.585 0.6000000238
53496  22.827  -33.183  16.311 0.6000000238
141876  24.708  -34.888  16.779 0.5000000000
52476  24.343  -34.269  16.315 0.6000000238
53495  25.857  -33.823  16.268 0.5000000000
52464  26.815  -34.471  17.087 0.4000000060
53494  26.597  -33.622  16.239 0.4000000060
53498  21.416  -32.679  17.075 0.6000000238
54620  21.412  -32.785  17.710 0.5000000000
53460  23.050  -33.548  18.791 0.5000000000
139658  23.733  -34.073  19.249 0.5000000000
140857  21.239  -33.224  17.093 0.6000000238
131614  21.695  -32.236  17.079 0.5000000000
54626  23.809  -33.304  15.880 0.6000000238
131179  25.015  -33.719  15.957 0.5000000000
53503  25.898  -33.156  15.822 0.4000000060
54587  23.619  -32.676  18.459 0.4000000060
53497  22.042  -32.739  16.664 0.6000000238
54628  22.090  -31.959  16.732 0.5000000000
53504  24.788  -32.805  15.706 0.4000000060
54635  23.799  -32.257  15.617 0.6000000238
54636  23.277  -31.703  15.833 0.6000000238
55579  22.703  -31.282  16.638 0.4000000060
54633  26.589  -32.455  15.422 0.4000000060
54634  25.469  -32.205  15.499 0.4000000060
55574  22.835  -30.955  16.940 0.4000000060
139326  24.554  -31.964  15.501 0.4000000060
55589  23.237  -31.070  15.987 0.4000000060
53501  27.307  -32.856  15.594 0.4000000060
55588  23.884  -31.209  15.506 0.4000000060
54609  25.481  -32.361  18.154 0.4000000060
55559  23.498  -31.286  17.737 0.4000000060
55578  23.407  -30.717  16.320 0.4000000060
55586  25.886  -31.474  15.137 0.4000000060
55587  24.783  -31.249  15.222 0.4000000060
55593  25.056  -30.459  14.858 0.4000000060
56521  24.154  -30.300  15.123 0.4000000060
55558  24.955  -31.106  17.608 0.4000000060
56509  24.917  -30.487  17.131 0.4000000060
56510  24.030  -30.405  16.817 0.4000000060
55592  26.187  -30.721  14.638 0.3000000119
57499  24.255  -29.797  15.197 0.4000000060
56517  23.833  -30.002  16.014 0.4000000060
132498  25.277  -30.017  16.615 0.4000000060
57478  24.526  -29.900  16.365 0.4000000060
31778  24.362  -55.956  20.865 0.8000000119
31779  22.915  -55.947  21.564 0.8999999762
31768  22.531  -55.931  22.140 0.8999999762
30771  22.500  -56.674  21.825 0.8999999762
30745  22.515  -56.931  22.551 0.8999999762
31725  27.614  -55.805  25.339 0.8999999762
131988  28.005  -55.122  25.075 1.0000000000
32701  28.465  -54.371  24.788 1.0000000000
29766  24.304  -57.435  24.277 0.8999999762
30720  26.186  -57.103  24.840 0.8999999762
31739  26.387  -55.567  24.404 0.8999999762
32713  27.600  -54.583  24.406 1.0000000000
130426  23.781  -56.840  24.028 0.8999999762
135186  25.685  -55.748  24.297 0.8999999762
31740  24.979  -55.432  24.166 0.8999999762
32714  26.595  -54.729  24.079 1.0000000000
31743  23.187  -55.892  23.445 0.8999999762
138620  24.927  -54.831  23.892 0.8999999762
54588  22.167  -32.799  18.243 0.4000000060
54612  22.132  -31.968  17.548 0.4000000060
54611  22.886  -31.782  17.976 0.4000000060
143921  24.418  -32.932  18.658 0.4000000060
25126  26.876  -61.976  31.313 0.8999999762
25176  28.350  -62.110  28.171 1.0000000000
25129  24.669  -62.058  31.775 0.8999999762
127501  27.510  -62.210  24.928 0.8000000119
28714  27.820  -59.118  31.155 0.8999999762
27825  28.111  -59.628  25.783 0.8999999762
26103  27.543  -61.188  24.953 0.8000000119
26893  25.611  -60.266  24.547 0.8000000119
131610  24.282  -60.603  23.894 0.8000000119
29718  29.106  -57.726  27.050 1.0000000000
27846  25.360  -59.515  24.562 0.8999999762
27847  24.586  -59.247  24.279 0.8000000119
29767  23.576  -57.481  23.735 0.8999999762
29768  22.902  -57.565  22.982 0.8000000119
145337  27.820  -56.809  25.690 0.8999999762
31741  24.300  -55.772  24.145 0.8999999762
29664  26.406  -57.806  31.589 0.8999999762
30649  22.146  -55.916  29.505 0.6000000238
31679  21.487  -55.384  28.611 0.4000000060
31738  27.200  -55.337  24.677 0.8999999762
30768  24.941  -56.484  21.327 0.6999999881
130179  24.937  -54.109  19.985 0.8000000119
31634  27.708  -55.636  31.724 0.8999999762
32741  22.929  -55.272  22.655 0.8999999762
32739  28.062  -54.800  21.796 0.6000000238
136074  23.391  -55.100  21.355 0.8999999762
122852  25.204  -55.051  31.267 0.6999999881
32663  21.692  -54.444  28.876 0.4000000060
31742  23.616  -55.368  23.666 0.8999999762
131974  23.472  -53.078  20.752 0.8999999762
131443  23.904  -52.078  20.318 0.8999999762
33619  28.212  -52.297  21.243 0.6999999881
34430  27.710  -51.850  20.512 0.6999999881
32609  26.577  -54.818  31.704 0.8000000119
32607  28.286  -55.041  31.388 0.8999999762
35261  28.658  -52.212  24.064 1.0000000000
32715  25.699  -55.032  24.059 0.8999999762
33597  25.097  -53.640  23.443 0.8999999762
31753  24.391  -54.257  23.563 0.8999999762
31754  24.306  -55.050  23.862 0.8999999762
34432  23.204  -52.855  21.585 0.8999999762
144179  29.227  -54.032  30.383 0.8000000119
34321  23.808  -52.714  30.167 0.5000000000
33529  30.230  -53.432  28.501 1.0000000000
34350  30.723  -52.426  27.567 0.8999999762
36122  27.856  -50.505  20.316 0.6999999881
139163  23.649  -49.922  20.636 0.8999999762
147038  26.039  -49.496  19.692 0.8000000119
126325  28.805  -51.859  30.964 0.8000000119
35194  30.835  -51.403  29.973 0.6999999881
36033  31.426  -50.336  27.556 0.6999999881
36878  28.091  -49.550  24.288 1.0000000000
36087  24.532  -50.473  22.539 1.0000000000
35997  26.989  -50.763  31.429 0.6000000238
35183  25.083  -51.386  31.001 0.5000000000
36825  31.566  -49.779  28.399 0.6999999881
36877  28.615  -49.696  24.822 0.8999999762
36007  26.562  -50.084  30.930 0.5000000000
37610  31.606  -48.744  27.388 0.6999999881
37637  30.857  -48.228  25.851 0.8000000119
37699  22.791  -48.287  21.353 0.8999999762
36802  29.607  -49.763  30.605 0.6000000238
36803  28.407  -48.835  30.640 0.5000000000
39654  25.974  -46.890  24.162 0.8999999762
39640  28.546  -46.380  24.682 0.8000000119
40688  26.999  -45.843  24.343 0.8000000119
41732  21.802  -45.026  21.705 0.8999999762
139307  29.302  -48.968  30.411 0.5000000000
39621  31.248  -46.528  25.392 0.6999999881
41694  29.451  -44.977  23.954 0.8000000119
40689  25.998  -45.617  24.209 0.8999999762
41698  24.163  -44.889  23.556 0.8999999762
135381  24.861  -45.010  21.091 0.8000000119
41731  23.312  -45.185  21.002 0.8000000119
40658  32.105  -45.782  26.769 0.6999999881
41677  31.990  -44.616  25.195 0.6999999881
42830  27.631  -43.673  23.168 0.8000000119
42848  20.436  -43.054  21.907 0.8999999762
41676  32.243  -44.289  25.701 0.6999999881
43897  23.464  -42.734  22.791 0.8999999762
41647  32.359  -44.337  27.053 0.6000000238
45094  22.733  -42.086  20.139 0.6999999881
46169  21.437  -40.844  22.305 0.8999999762
47202  20.368  -39.129  20.350 0.6999999881
46245  21.826  -40.176  19.624 0.6000000238
47201  21.249  -39.258  19.597 0.6000000238
49299  20.291  -38.213  20.548 0.8000000119
49346  21.003  -37.104  19.422 0.6000000238
50383  21.157  -37.102  20.278 0.6999999881
49344  23.726  -37.892  18.198 0.6000000238
52469  21.299  -34.637  17.696 0.6000000238
50438  24.008  -36.293  17.611 0.6000000238
53482  20.702  -33.492  17.994 0.6000000238
133352  24.523  -32.425  18.395 0.4000000060
55560  22.671  -31.242  17.443 0.4000000060
55573  25.641  -31.131  17.455 0.4000000060
56529  24.487  -29.818  14.906 0.4000000060
31755  22.673  -56.059  22.813 0.8999999762
16900  22.617  -71.497  32.163 0.4000000060
138179  21.179  -70.879  33.114 0.4000000060
134608  20.389  -71.309  33.274 0.4000000060
18629  24.047  -69.911  31.662 0.4000000060
131951  21.102  -70.158  33.088 0.4000000060
17744  20.396  -70.406  33.222 0.4000000060
18627  25.035  -69.154  30.945 0.3000000119
18614  22.913  -69.696  32.392 0.4000000060
19492  25.392  -68.607  30.322 0.4000000060
20442  25.157  -67.063  28.442 0.4000000060
21408  24.358  -66.489  27.875 0.4000000060
22369  24.496  -65.783  27.016 0.4000000060
18600  21.528  -69.517  32.936 0.5000000000
18601  20.626  -69.634  33.053 0.4000000060
19452  23.938  -68.601  32.305 0.4000000060
19453  23.108  -68.832  32.496 0.4000000060
20408  25.912  -67.864  30.213 0.5000000000
20423  25.717  -67.543  29.229 0.4000000060
21407  25.042  -66.060  28.299 0.4000000060
22354  24.637  -65.814  27.698 0.5000000000
22384  26.354  -65.554  25.785 0.5000000000
138799  26.619  -65.354  24.974 0.6000000238
21440  26.104  -66.140  24.853 0.5000000000
22429  25.729  -66.027  23.989 0.6000000238
23414  24.750  -64.952  23.033 0.4000000060
19442  21.726  -68.627  32.860 0.5000000000
19444  20.085  -69.054  32.822 0.5000000000
19456  19.542  -68.403  32.513 0.5000000000
19457  18.752  -68.627  32.462 0.5000000000
20383  24.321  -67.837  32.280 0.6000000238
136616  23.378  -67.909  32.646 0.6000000238
20397  25.074  -67.953  31.791 0.5000000000
21364  25.631  -66.565  31.567 0.6000000238
146127  25.920  -67.714  30.849 0.5000000000
20422  26.230  -67.019  29.719 0.5000000000
21406  25.723  -65.723  28.669 0.4000000060
22368  25.241  -65.254  27.540 0.6000000238
23356  25.967  -64.935  26.853 0.6000000238
23398  26.807  -64.498  24.570 0.6000000238
24372  25.537  -63.659  23.713 0.6000000238
25259  24.844  -62.881  23.565 0.6000000238
22412  26.292  -65.357  24.268 0.6000000238
137273  25.384  -64.427  23.482 0.6000000238
24373  24.607  -63.801  23.254 0.6000000238
24374  23.733  -63.500  22.817 0.6000000238
20378  21.943  -67.873  32.829 0.5000000000
139365  20.773  -67.702  32.575 0.5000000000
20386  20.094  -67.716  32.325 0.5000000000
19472  18.416  -67.927  32.148 0.5000000000
20382  24.882  -67.009  31.967 0.6000000238
141507  22.624  -67.664  32.775 0.6000000238
21377  26.383  -66.306  30.282 0.6000000238
22312  25.889  -65.739  31.545 0.6000000238
21392  26.247  -66.139  29.401 0.5000000000
21363  26.131  -66.369  31.091 0.6000000238
22353  25.658  -65.004  28.328 0.6000000238
22367  25.998  -64.573  27.738 0.6000000238
24356  27.095  -63.633  24.613 0.6000000238
25260  24.096  -62.989  23.229 0.6000000238
25261  23.386  -62.599  22.918 0.6999999881
21351  21.626  -66.536  32.495 0.6000000238
20387  19.259  -67.723  32.171 0.5000000000
20398  18.828  -67.109  31.691 0.5000000000
123853  23.912  -67.068  32.420 0.6000000238
128100  23.044  -67.075  32.721 0.6000000238
20384  22.198  -67.141  32.719 0.6000000238
21366  19.389  -66.403  31.454 0.5000000000
20410  17.666  -66.880  30.919 0.5000000000
21348  24.349  -66.234  32.254 0.6000000238
23337  26.410  -64.460  28.658 0.6000000238
26124  23.359  -61.626  23.231 0.6999999881
21352  20.711  -66.955  32.241 0.6000000238
21353  19.786  -67.080  31.852 0.6000000238
21349  23.437  -66.322  32.447 0.6000000238
22302  21.007  -65.904  32.152 0.6000000238
21365  20.175  -66.232  31.773 0.6000000238
22315  19.736  -65.611  31.265 0.6000000238
21379  18.296  -66.287  30.631 0.6000000238
22299  23.795  -65.549  32.342 0.6000000238
21395  17.308  -66.574  29.641 0.5000000000
136545  25.223  -66.013  32.016 0.6000000238
21394  17.963  -65.934  29.720 0.6000000238
26125  22.634  -61.023  23.015 0.6999999881
22301  21.954  -65.525  32.391 0.6000000238
22314  20.461  -65.342  31.628 0.6000000238
23276  23.991  -64.631  32.374 0.6000000238
23278  22.607  -64.886  32.273 0.6000000238
22313  21.222  -64.952  31.959 0.6000000238
22321  20.088  -64.931  31.056 0.6000000238
22323  18.673  -65.491  30.186 0.6000000238
22298  24.713  -65.360  32.296 0.6000000238
22338  18.977  -64.778  29.805 0.6000000238
22297  25.481  -65.115  31.975 0.6000000238
23302  26.985  -63.849  30.270 0.6000000238
27863  22.582  -59.858  22.757 0.6999999881
28822  22.388  -58.463  22.047 0.6999999881
23275  24.966  -64.485  32.304 0.6000000238
23291  21.588  -64.111  31.442 0.6999999881
23292  20.712  -64.527  31.279 0.6999999881
23288  25.612  -64.200  31.919 0.6000000238
29791  22.343  -57.718  21.983 0.6999999881
23289  22.858  -63.764  31.811 0.6999999881
24249  24.454  -63.753  32.323 0.6999999881
24250  23.546  -63.735  32.148 0.6999999881
129185  22.296  -63.405  31.275 0.6999999881
23303  20.936  -63.778  30.820 0.6999999881
23304  20.177  -64.263  30.472 0.6000000238
130282  20.459  -63.423  30.239 0.6999999881
23305  19.854  -63.756  29.801 0.5000000000
30770  23.157  -56.786  21.360 0.8000000119
24263  24.026  -62.898  32.017 0.6999999881
24264  23.108  -63.018  31.632 0.6999999881
24281  21.916  -62.766  30.612 0.6999999881
24282  21.168  -63.054  30.470 0.6999999881
23338  18.251  -64.227  29.039 0.5000000000
25144  21.478  -62.319  30.180 0.6999999881
25145  20.622  -62.646  30.037 0.6000000238
25163  19.789  -62.615  29.707 0.6000000238
43914  24.969  -42.251  22.648 0.6999999881
41708  29.945  -44.165  23.665 0.6999999881
42829  28.530  -43.642  23.292 0.6999999881
42845  27.184  -42.986  22.854 0.6999999881
41707  30.906  -44.197  24.049 0.6000000238
42827  30.629  -43.523  23.633 0.6000000238
43912  26.775  -42.235  22.616 0.6999999881
45058  25.754  -41.536  22.278 0.6999999881
45059  24.560  -41.583  22.347 0.6999999881
46184  23.809  -41.091  22.132 0.6999999881
42826  31.361  -43.474  24.046 0.6000000238
43894  29.947  -42.736  22.985 0.6000000238
42844  28.145  -42.974  22.897 0.6999999881
45056  27.321  -41.565  22.284 0.6999999881
45077  25.271  -41.170  22.113 0.6999999881
46198  24.601  -40.774  21.948 0.6999999881
47162  23.032  -39.205  21.306 0.6999999881
134651  31.106  -42.987  23.624 0.6000000238
43908  30.445  -42.229  22.863 0.6000000238
45054  29.167  -41.582  22.381 0.6000000238
45055  28.252  -41.570  22.317 0.6999999881
45057  26.426  -41.579  22.285 0.6999999881
46197  25.448  -40.368  21.683 0.6999999881
47160  24.555  -39.911  21.604 0.6999999881
126283  24.058  -39.184  21.327 0.6999999881
43885  31.651  -42.738  23.989 0.6000000238
45052  30.939  -41.662  22.915 0.6000000238
145001  29.516  -40.943  22.346 0.5000000000
129296  28.776  -40.900  22.193 0.6000000238
46195  27.252  -40.363  21.648 0.5000000000
47159  25.921  -39.738  21.413 0.6999999881
144813  25.244  -38.446  21.236 0.6999999881
49295  24.102  -37.817  20.746 0.6999999881
54631  29.539  -32.290  15.163 0.3000000119
136824  28.751  -32.366  15.053 0.3000000119
55585  27.051  -31.708  14.832 0.3000000119
16040  21.308  -71.818  32.938 0.4000000060
16879  20.474  -72.232  33.168 0.3000000119
16880  19.604  -71.798  33.295 0.4000000060
17766  23.816  -70.483  31.289 0.3000000119
17745  19.415  -70.741  33.289 0.4000000060
140460  24.922  -69.140  30.102 0.4000000060
18602  19.747  -69.808  33.129 0.4000000060
19531  24.897  -67.908  28.803 0.4000000060
20443  24.192  -67.352  28.137 0.4000000060
21429  23.917  -66.398  26.631 0.4000000060
142109  25.767  -66.176  25.616 0.5000000000
21472  24.912  -66.490  23.494 0.4000000060
18617  18.433  -69.343  32.643 0.4000000060
135858  24.000  -64.293  22.742 0.5000000000
19459  17.156  -68.996  32.030 0.5000000000
131552  22.857  -62.714  22.280 0.6000000238
19473  17.487  -68.119  31.870 0.5000000000
20399  17.921  -67.364  31.576 0.5000000000
20411  16.520  -67.489  30.458 0.5000000000
25262  22.806  -61.850  22.644 0.6000000238
20424  17.043  -66.960  30.390 0.5000000000
142468  17.089  -66.669  28.856 0.4000000060
26918  22.361  -60.298  22.342 0.6999999881
22339  18.366  -65.168  29.488 0.5000000000
28837  22.503  -58.070  21.879 0.6999999881
133183  18.562  -64.606  29.376 0.5000000000
146011  23.027  -57.746  21.470 0.8000000119
30769  23.993  -56.829  21.132 0.6999999881
23339  17.733  -64.604  28.380 0.5000000000
129231  18.877  -62.671  29.351 0.6000000238
132587  31.126  -48.130  29.090 0.6000000238
42814  32.302  -43.030  25.064 0.6000000238
45040  31.569  -41.424  23.370 0.5000000000
46180  30.139  -40.548  22.498 0.5000000000
47140  28.837  -39.638  21.903 0.5000000000
46194  27.920  -39.870  21.681 0.5000000000
140610  26.797  -38.453  21.282 0.5000000000
138965  25.876  -37.991  21.236 0.5000000000
134532  25.134  -36.318  20.356 0.5000000000
55581  31.072  -31.504  15.408 0.3000000119
55582  30.137  -31.658  14.771 0.3000000119
55591  27.865  -31.382  14.456 0.3000000119
128219  26.615  -64.221  30.927 0.6000000238
144956  26.564  -64.829  30.911 0.6000000238
22320  26.527  -65.492  29.912 0.6000000238
25143  22.342  -61.972  30.165 0.8000000119
26123  24.119  -62.223  23.416 0.6999999881
26107  23.464  -60.780  23.524 0.6999999881
28814  22.781  -58.410  22.668 0.6999999881
133454  29.296  -43.663  23.419 0.6999999881
46185  23.019  -40.527  21.940 0.6999999881
50380  24.637  -37.083  20.587 0.6000000238
55584  28.045  -32.118  14.819 0.3000000119
29800  22.493  -57.378  21.803 0.8000000119
29799  23.944  -57.746  21.354 0.6999999881
43911  27.724  -42.268  22.581 0.6999999881
17755  22.688  -70.629  32.416 0.4000000060
18613  23.664  -69.417  32.123 0.4000000060
18628  24.429  -69.874  31.141 0.3000000119
19471  25.019  -68.640  31.559 0.5000000000
18616  19.230  -69.195  32.783 0.5000000000
123756  25.278  -66.642  25.136 0.3000000119
22431  24.319  -65.951  22.693 0.4000000060
123564  16.807  -69.814  32.287 0.5000000000
24299  19.472  -63.277  29.423 0.6000000238
45076  26.033  -41.010  21.912 0.6999999881
47161  23.574  -39.857  21.606 0.6999999881
42843  29.147  -42.952  23.082 0.6999999881
43909  29.602  -42.234  22.664 0.6000000238
43910  28.677  -42.280  22.601 0.6999999881
45075  26.894  -40.967  21.859 0.6999999881
45053  30.149  -41.450  22.550 0.6000000238
46181  29.345  -40.232  22.227 0.5000000000
46183  27.853  -40.795  21.985 0.6000000238
46196  26.467  -40.266  21.547 0.6999999881
143528  25.324  -39.611  21.463 0.6999999881
131209  24.521  -38.482  21.098 0.6999999881
46179  30.996  -40.824  22.890 0.5000000000
125716  30.042  -39.882  22.442 0.5000000000
46182  28.549  -40.292  21.978 0.5000000000
47158  26.583  -39.401  21.403 0.5000000000
48211  25.804  -38.950  21.334 0.5000000000
50379  25.731  -37.081  20.798 0.5000000000
49294  25.043  -37.812  20.976 0.6999999881
46168  31.616  -40.597  23.521 0.5000000000
48209  28.372  -38.943  21.600 0.5000000000
48210  27.710  -38.491  21.316 0.5000000000
50378  26.597  -36.759  20.694 0.5000000000
28836  22.828  -58.507  21.590 0.6000000238
28835  23.459  -58.546  21.416 0.6000000238
30757  26.362  -56.620  22.253 0.5000000000
132442  24.769  -58.033  21.643 0.6000000238
31764  29.472  -55.631  22.474 0.5000000000
130424  27.767  -56.116  22.454 0.5000000000
30767  25.891  -56.226  21.680 0.6000000238
26820  18.566  -60.489  30.226 0.5000000000
31777  25.356  -55.735  21.007 0.6000000238
134137  30.218  -55.267  22.556 0.5000000000
31765  28.392  -55.488  22.287 0.5000000000
135862  30.809  -54.090  22.492 0.5000000000
27782  18.522  -59.948  29.833 0.4000000060
27789  18.444  -59.711  28.967 0.4000000060
27788  18.955  -58.984  28.546 0.4000000060
32737  29.757  -54.717  22.496 0.5000000000
33605  31.368  -53.761  22.409 0.5000000000
125549  30.160  -54.007  22.446 0.5000000000
28733  19.313  -58.367  28.307 0.4000000060
35282  31.743  -51.898  22.581 0.5000000000
34417  31.391  -52.796  22.519 0.5000000000
29719  19.360  -57.791  27.998 0.4000000060
33516  23.348  -53.501  29.850 0.4000000060
143299  22.783  -53.231  29.420 0.4000000060
33518  22.134  -53.554  29.117 0.4000000060
33531  21.299  -53.633  28.861 0.3000000119
136562  26.756  -49.420  30.800 0.4000000060
36805  26.019  -49.454  30.585 0.4000000060
34320  24.290  -51.895  30.492 0.4000000060
127444  23.583  -51.900  29.966 0.4000000060
140209  26.572  -48.889  30.617 0.4000000060
35185  23.939  -51.304  30.133 0.4000000060
34333  23.160  -52.626  29.664 0.4000000060
36009  23.928  -50.643  30.094 0.4000000060
34334  22.433  -52.670  29.390 0.4000000060
34335  21.643  -52.810  29.121 0.4000000060
125675  25.791  -50.162  30.693 0.4000000060
36806  25.201  -49.832  30.531 0.4000000060
123685  25.146  -50.551  30.717 0.4000000060
36804  27.397  -48.945  30.748 0.4000000060
133217  25.265  -49.115  30.505 0.4000000060
36008  24.510  -50.233  30.373 0.4000000060
36807  24.466  -49.370  30.342 0.4000000060
36808  23.600  -49.401  30.019 0.4000000060
126616  22.812  -51.740  29.677 0.4000000060
36016  22.559  -50.264  29.721 0.4000000060
35197  21.894  -51.934  29.543 0.4000000060
37579  29.862  -48.420  30.052 0.4000000060
37582  26.846  -48.224  30.431 0.4000000060
38531  26.315  -47.615  30.158 0.4000000060
136596  25.895  -48.489  30.375 0.4000000060
130779  30.415  -47.911  29.646 0.5000000000
38539  29.694  -47.599  30.071 0.4000000060
37580  28.901  -48.048  30.367 0.4000000060
38529  28.120  -47.307  30.435 0.4000000060
39557  25.887  -47.018  30.130 0.4000000060
38532  25.439  -47.748  30.099 0.4000000060
37583  24.908  -48.490  30.232 0.4000000060
37584  24.028  -48.608  30.070 0.4000000060
38534  23.642  -47.863  29.845 0.4000000060
36815  22.876  -49.498  29.728 0.4000000060
38551  30.816  -47.303  29.277 0.5000000000
137383  29.701  -46.914  29.999 0.5000000000
38528  29.036  -47.053  30.348 0.4000000060
39554  28.348  -46.412  30.405 0.4000000060
39555  27.469  -46.720  30.300 0.4000000060
39556  26.683  -46.904  30.113 0.4000000060
38533  24.522  -47.836  30.004 0.4000000060
39563  30.247  -46.532  29.528 0.5000000000
40610  27.017  -46.103  30.285 0.4000000060
39565  26.261  -46.255  30.277 0.4000000060
40615  29.890  -45.745  29.470 0.4000000060
40617  28.354  -45.461  29.974 0.4000000060
40609  27.713  -45.958  30.370 0.4000000060
40619  26.570  -45.441  30.199 0.4000000060
41615  29.307  -44.599  29.155 0.4000000060
41635  29.015  -44.040  28.848 0.4000000060
42748  28.366  -43.903  28.790 0.4000000060
42726  27.772  -43.981  28.965 0.4000000060
42749  27.221  -43.414  28.726 0.4000000060
40632  31.867  -45.804  28.001 0.5000000000
128614  30.907  -45.152  28.585 0.5000000000
41634  29.796  -44.208  28.856 0.4000000060
125200  28.011  -43.375  28.618 0.4000000060
43842  26.607  -42.770  28.505 0.3000000119
40644  32.140  -45.715  27.415 0.5000000000
40635  30.082  -44.980  29.125 0.5000000000
40616  29.229  -45.241  29.535 0.4000000060
146330  27.948  -44.923  29.709 0.4000000060
40618  27.428  -45.258  30.037 0.4000000060
41617  26.789  -44.716  29.700 0.4000000060
139822  28.435  -44.573  29.293 0.4000000060
42727  26.998  -44.037  29.199 0.4000000060
41632  31.369  -44.605  28.130 0.5000000000
42746  30.457  -43.536  28.391 0.5000000000
42747  29.624  -43.531  28.543 0.4000000060
43840  28.474  -42.625  28.336 0.4000000060
43841  27.539  -42.700  28.452 0.3000000119
42771  32.053  -43.667  27.141 0.5000000000
42745  31.168  -43.766  28.125 0.5000000000
42773  30.067  -42.803  28.083 0.4000000060
128407  29.217  -42.924  28.299 0.4000000060
44999  27.902  -41.937  28.169 0.4000000060
142512  26.224  -42.072  28.296 0.3000000119
43862  31.460  -42.395  26.899 0.5000000000
135512  32.226  -43.051  26.202 0.4000000060
43882  32.323  -42.595  25.594 0.5000000000
43864  30.001  -42.012  27.464 0.3000000119
44998  28.617  -41.897  27.938 0.4000000060
45014  27.401  -41.370  27.792 0.3000000119
45000  27.048  -41.989  28.299 0.3000000119
45015  26.046  -40.932  27.492 0.3000000119
45001  25.713  -41.583  27.914 0.3000000119
43875  32.034  -42.377  26.302 0.4000000060
45030  32.188  -41.899  25.790 0.4000000060
128048  32.342  -41.877  25.154 0.4000000060
130656  32.276  -41.845  24.509 0.4000000060
43891  32.006  -41.976  23.874 0.4000000060
46134  29.373  -40.761  26.844 0.3000000119
45012  29.153  -41.471  27.394 0.3000000119
45013  28.245  -41.345  27.629 0.3000000119
133015  26.901  -40.811  27.448 0.3000000119
138120  26.542  -41.458  27.866 0.3000000119
45016  25.213  -41.029  27.555 0.3000000119
45017  24.387  -41.093  27.601 0.3000000119
139844  30.836  -41.747  27.011 0.3000000119
46138  25.553  -40.419  27.129 0.3000000119
46140  23.919  -40.495  27.273 0.3000000119
43876  31.559  -41.500  26.238 0.3000000119
45034  31.922  -40.669  24.988 0.3000000119
45039  32.084  -41.155  23.969 0.4000000060
130395  31.257  -40.060  23.221 0.4000000060
127781  30.696  -39.957  22.787 0.4000000060
47139  29.636  -39.443  22.173 0.4000000060
130464  27.411  -39.148  21.482 0.4000000060
46133  30.167  -40.593  26.542 0.3000000119
45011  30.038  -41.271  26.984 0.3000000119
45031  30.769  -41.089  26.606 0.3000000119
46152  30.993  -40.517  26.023 0.3000000119
124614  31.444  -40.178  25.266 0.3000000119
46167  31.847  -40.414  23.918 0.3000000119
47129  31.619  -39.752  23.698 0.4000000060
48183  31.319  -38.403  23.281 0.3000000119
47137  31.218  -39.232  23.111 0.4000000060
48184  30.833  -38.496  22.739 0.4000000060
48186  29.150  -38.339  21.662 0.4000000060
48187  28.390  -38.093  21.264 0.4000000060
49292  27.579  -37.801  21.047 0.4000000060
49293  26.675  -37.487  20.993 0.4000000060
146450  31.604  -40.839  25.583 0.3000000119
49271  31.031  -37.751  22.902 0.3000000119
49272  30.472  -37.930  22.462 0.3000000119
49274  29.104  -37.555  21.438 0.4000000060
49291  28.356  -37.318  21.027 0.4000000060
50377  27.519  -36.902  20.730 0.4000000060
51383  27.478  -35.466  20.292 0.4000000060
51384  26.549  -35.485  20.208 0.4000000060
51385  25.597  -35.566  20.068 0.4000000060
51386  24.536  -35.624  19.931 0.5000000000
125572  30.513  -37.222  22.475 0.3000000119
50366  29.839  -36.888  21.821 0.3000000119
50367  29.056  -36.869  21.219 0.4000000060
143696  29.018  -36.457  21.052 0.4000000060
51369  27.974  -36.089  20.570 0.4000000060
52441  25.433  -34.332  19.327 0.3000000119
52420  25.037  -34.933  19.629 0.3000000119
52421  23.796  -34.802  19.625 0.4000000060
133102  25.035  -33.815  19.055 0.3000000119
53459  24.273  -33.490  18.938 0.3000000119
50364  31.039  -36.905  23.081 0.3000000119
50374  30.194  -36.153  21.765 0.3000000119
50375  29.528  -36.335  21.342 0.3000000119
51368  29.009  -35.986  20.876 0.3000000119
51382  28.474  -35.428  20.424 0.3000000119
52417  28.006  -34.853  20.037 0.3000000119
52440  26.766  -34.295  19.461 0.3000000119
141614  26.098  -34.233  19.273 0.3000000119
53458  25.705  -33.778  18.949 0.3000000119
53457  26.473  -33.763  18.965 0.3000000119
51357  30.836  -35.566  22.709 0.3000000119
51367  30.014  -35.597  21.334 0.3000000119
51381  29.476  -35.219  20.724 0.3000000119
52416  28.995  -34.758  20.196 0.3000000119
52438  28.526  -34.220  19.771 0.3000000119
52439  27.624  -34.274  19.604 0.3000000119
53478  27.675  -33.221  18.768 0.3000000119
53480  26.047  -33.156  18.560 0.3000000119
53479  26.935  -33.187  18.604 0.3000000119
55557  26.114  -31.840  17.701 0.3000000119
55572  26.508  -31.227  17.367 0.3000000119
40634  30.613  -45.803  29.060 0.5000000000
40633  31.346  -45.864  28.540 0.5000000000
27881  22.587  -58.954  21.866 0.6000000238
27880  23.010  -59.427  21.413 0.5000000000
29789  26.554  -57.399  22.380 0.5000000000
139999  25.255  -58.617  21.683 0.5000000000
31762  30.862  -55.313  22.357 0.5000000000
124249  29.137  -57.425  22.434 0.5000000000
30756  27.219  -56.786  22.443 0.5000000000
26030  20.187  -61.921  30.010 0.6000000238
26031  19.063  -61.848  30.051 0.6000000238
26011  19.553  -61.090  30.541 0.6000000238
26032  18.228  -61.231  30.039 0.5000000000
26033  17.657  -61.449  29.504 0.5000000000
26828  17.873  -60.628  29.398 0.5000000000
133154  17.361  -61.020  28.349 0.5000000000
26842  18.071  -60.207  28.096 0.4000000060
27800  18.576  -59.469  27.853 0.4000000060
28751  18.847  -58.664  27.699 0.4000000060
135853  20.248  -55.095  28.153 0.3000000119
130125  21.777  -50.371  29.576 0.4000000060
36816  22.114  -49.626  29.679 0.4000000060
39566  25.438  -46.276  30.316 0.4000000060
37588  23.211  -48.668  29.752 0.4000000060
38540  22.776  -47.831  29.515 0.4000000060
39558  24.961  -47.052  30.354 0.4000000060
39559  24.073  -47.073  30.196 0.4000000060
130291  25.871  -45.623  30.244 0.4000000060
132520  23.649  -46.293  29.977 0.4000000060
42750  26.409  -43.485  28.932 0.4000000060
140698  25.839  -42.974  28.647 0.4000000060
128140  25.982  -44.890  29.975 0.4000000060
136957  26.186  -44.159  29.445 0.4000000060
43843  25.445  -42.316  28.346 0.3000000119
45002  24.876  -41.680  27.962 0.3000000119
43844  24.510  -42.344  28.402 0.3000000119
32748  31.454  -54.945  22.123 0.5000000000
31681  20.101  -55.827  27.841 0.4000000060
37589  22.346  -48.752  29.550 0.4000000060
39567  24.522  -46.264  30.284 0.4000000060
143647  19.664  -57.048  28.021 0.4000000060
31766  27.320  -55.278  21.864 0.5000000000
143663  32.360  -42.358  24.962 0.5000000000
37581  27.796  -48.133  30.436 0.4000000060
47138  30.423  -39.255  22.568 0.4000000060
51371  26.104  -36.213  20.454 0.4000000060
51370  27.020  -36.147  20.468 0.4000000060
30758  25.594  -56.933  22.092 0.6000000238
125438  28.228  -57.027  22.472 0.5000000000
30754  29.669  -56.623  22.406 0.5000000000
35195  23.415  -51.111  29.882 0.4000000060
36015  23.308  -50.246  29.871 0.4000000060
35196  22.886  -50.874  29.728 0.4000000060
129162  22.223  -51.052  29.653 0.4000000060
38538  30.185  -47.251  29.733 0.5000000000
39564  29.292  -46.165  30.014 0.4000000060
127787  31.516  -45.293  28.157 0.5000000000
41633  30.580  -44.297  28.580 0.5000000000
42772  31.483  -43.211  27.499 0.5000000000
41648  31.826  -44.090  27.621 0.5000000000
43863  30.835  -42.508  27.545 0.4000000060
143035  32.031  -41.332  25.411 0.3000000119
45036  32.197  -41.244  24.697 0.4000000060
46160  31.970  -40.578  24.323 0.3000000119
48185  29.934  -38.593  22.211 0.4000000060
49273  29.820  -37.742  22.025 0.4000000060
47117  30.931  -39.772  25.574 0.3000000119
50376  28.484  -36.604  20.871 0.4000000060
52418  27.057  -34.841  19.982 0.3000000119
52419  26.086  -34.832  19.728 0.4000000060
50365  30.631  -36.329  22.430 0.3000000119
51366  30.582  -35.579  22.026 0.3000000119
52415  29.887  -34.461  20.646 0.3000000119
55556  27.030  -31.906  17.676 0.3000000119
39568  23.281  -47.084  29.745 0.4000000060
22340  17.836  -65.509  28.894 0.4000000060
22355  18.050  -64.884  28.921 0.4000000060
22356  17.812  -65.440  27.865 0.4000000060
23357  17.566  -64.893  27.515 0.3000000119
24391  22.865  -63.632  21.705 0.5000000000
24313  17.455  -63.650  28.640 0.5000000000
142418  16.723  -63.311  27.895 0.3000000119
121681  22.495  -62.077  22.043 0.5000000000
123819  22.535  -60.981  21.439 0.5000000000
25293  22.695  -62.347  21.472 0.5000000000
128477  18.001  -62.020  29.659 0.5000000000
25165  17.178  -62.020  29.150 0.4000000060
26136  22.197  -60.840  22.006 0.5000000000
26151  22.754  -61.807  21.042 0.5000000000
26944  23.794  -60.891  20.705 0.3000000119
26930  22.564  -60.111  21.804 0.5000000000
26929  23.009  -60.440  21.206 0.4000000060
123619  23.701  -60.098  21.137 0.4000000060
26943  24.826  -61.154  20.638 0.3000000119
26927  26.010  -60.483  20.855 0.3000000119
27878  25.288  -59.513  21.415 0.3000000119
28832  27.189  -59.324  21.777 0.3000000119
27877  26.481  -59.852  21.240 0.3000000119
28833  26.142  -58.989  21.825 0.4000000060
28834  24.422  -58.635  21.489 0.4000000060
26853  18.207  -60.051  26.996 0.3000000119
142525  29.754  -57.308  22.256 0.4000000060
124670  28.699  -58.250  22.304 0.4000000060
28821  26.905  -58.443  22.253 0.4000000060
27811  18.480  -59.311  27.177 0.3000000119
30684  19.462  -56.430  27.769 0.3000000119
34336  21.057  -52.029  29.304 0.3000000119
35198  21.402  -51.167  29.466 0.3000000119
36017  20.974  -50.425  29.273 0.3000000119
36817  21.351  -49.709  29.432 0.3000000119
141264  22.048  -47.968  29.242 0.3000000119
39569  22.886  -46.380  29.507 0.3000000119
38541  22.234  -47.364  29.228 0.3000000119
38542  21.581  -47.372  29.091 0.3000000119
38543  20.743  -47.246  28.964 0.3000000119
40620  25.092  -45.342  30.022 0.3000000119
40622  23.170  -45.452  29.604 0.3000000119
134525  22.455  -45.809  29.310 0.3000000119
41618  25.337  -44.362  29.645 0.3000000119
139839  23.753  -44.672  29.663 0.3000000119
41620  22.989  -44.479  29.553 0.3000000119
40623  22.386  -45.030  29.393 0.3000000119
42730  23.635  -43.782  29.494 0.3000000119
42728  25.576  -43.592  29.178 0.3000000119
42751  25.014  -43.010  28.776 0.3000000119
42729  24.617  -43.745  29.436 0.3000000119
42753  23.161  -43.044  28.985 0.3000000119
24390  23.324  -64.111  22.179 0.5000000000
29788  27.772  -57.803  22.445 0.4000000060
28764  18.332  -58.759  26.914 0.3000000119
40621  24.085  -45.442  29.934 0.3000000119
41619  24.515  -44.635  29.711 0.3000000119
25178  16.879  -62.687  28.516 0.3000000119
26049  16.847  -61.878  28.278 0.3000000119
26854  17.758  -60.738  27.200 0.3000000119
17758  17.433  -70.439  32.748 0.4000000060
18619  15.963  -70.024  31.950 0.4000000060
18630  16.355  -69.270  31.726 0.4000000060
18649  14.497  -69.330  30.766 0.4000000060
19513  15.178  -68.083  29.903 0.3000000119
19474  16.694  -68.467  31.482 0.4000000060
19494  15.558  -68.424  30.549 0.4000000060
20412  15.940  -67.791  30.136 0.4000000060
21453  25.275  -66.651  24.319 0.3000000119
19493  16.285  -68.107  30.822 0.4000000060
20426  15.703  -67.618  29.355 0.3000000119
20445  16.297  -67.222  28.549 0.3000000119
20425  16.526  -67.174  29.629 0.4000000060
21420  17.304  -66.948  27.126 0.3000000119
20456  16.643  -67.287  27.459 0.3000000119
21431  17.629  -66.742  26.287 0.3000000119
21410  17.153  -66.762  27.966 0.3000000119
21419  17.660  -66.251  27.359 0.3000000119
17767  15.091  -70.063  31.715 0.4000000060
18631  15.579  -69.470  31.452 0.4000000060
139276  17.744  -65.902  26.798 0.3000000119
17757  18.155  -69.988  32.781 0.3000000119
125544  17.625  -67.546  25.367 0.3000000119
16899  23.218  -71.012  31.771 0.3000000119
16901  22.004  -71.217  32.734 0.4000000060
17754  23.441  -70.236  31.957 0.4000000060
17756  21.810  -70.390  32.882 0.4000000060
18599  22.331  -69.139  32.722 0.4000000060
18603  18.867  -69.924  33.068 0.3000000119
18612  24.464  -69.198  31.741 0.4000000060
18615  22.265  -69.882  32.712 0.4000000060
18618  17.653  -69.556  32.468 0.4000000060
18648  15.212  -69.048  30.928 0.4000000060
19441  22.515  -68.331  32.761 0.6000000238
19443  20.931  -68.869  32.925 0.4000000060
19454  21.201  -68.123  32.801 0.5000000000
19455  20.437  -68.317  32.676 0.5000000000
19458  17.966  -68.742  32.303 0.5000000000
19470  25.577  -68.275  31.041 0.5000000000
19475  15.949  -68.811  31.154 0.4000000060
19495  14.800  -68.694  30.344 0.4000000060
19511  24.596  -68.699  29.331 0.4000000060
20385  21.410  -67.386  32.645 0.5000000000
20395  26.143  -67.125  30.701 0.5000000000
20396  25.661  -67.386  31.363 0.5000000000
20400  17.029  -67.563  31.156 0.4000000060
20409  18.288  -66.806  31.245 0.5000000000
21350  22.532  -66.359  32.570 0.6000000238
21367  18.760  -66.481  31.219 0.5000000000
21378  19.030  -65.864  30.909 0.6000000238
21380  17.640  -66.513  30.255 0.5000000000
21393  25.887  -66.676  28.867 0.4000000060
21409  17.687  -66.102  28.301 0.4000000060
21417  23.989  -66.283  27.272 0.4000000060
21428  24.868  -66.291  26.094 0.5000000000
22300  22.939  -65.614  32.403 0.6000000238
22311  26.430  -65.490  30.835 0.6000000238
22322  19.459  -65.025  30.517 0.6000000238
22337  26.220  -65.264  29.077 0.5000000000
22385  25.428  -65.648  26.520 0.5000000000
22430  25.189  -65.770  23.345 0.4000000060
23277  23.112  -64.382  32.169 0.6000000238
23279  21.934  -64.678  32.074 0.6000000238
23287  26.150  -64.781  31.396 0.6000000238
23290  22.398  -64.173  31.857 0.6999999881
23321  26.857  -64.194  29.477 0.6999999881
23322  19.118  -64.075  29.412 0.5000000000
23354  27.207  -63.894  27.033 0.6999999881
23355  26.663  -64.379  27.025 0.6000000238
23399  26.143  -64.488  23.860 0.6000000238
23413  25.708  -65.224  23.602 0.6000000238
24248  25.161  -63.741  32.240 0.6000000238
24261  26.188  -63.751  31.495 0.6000000238
24265  21.593  -63.432  30.905 0.6999999881
24283  20.067  -63.149  29.796 0.6000000238
24298  27.315  -63.503  29.553 0.6000000238
24300  18.555  -63.439  29.126 0.5000000000
24314  17.063  -64.149  27.740 0.3000000119
24375  23.211  -63.299  22.392 0.6000000238
25116  24.974  -62.987  32.322 0.8000000119
25127  26.386  -62.739  31.610 0.8999999762
25131  22.673  -62.474  30.905 0.6999999881
25142  22.997  -61.778  30.415 0.8999999762
25164  17.706  -62.755  29.118 0.5000000000
25190  27.883  -62.783  27.632 0.8999999762
25221  27.980  -62.673  25.706 0.8000000119
25238  27.539  -63.159  25.007 0.8000000119
25275  22.740  -62.824  21.745 0.5000000000
25991  26.565  -61.198  31.311 0.8999999762
26008  22.918  -61.369  30.120 0.8999999762
26012  18.821  -61.019  30.487 0.6000000238
26029  27.963  -62.082  29.885 1.0000000000
26090  28.456  -61.064  26.291 0.8999999762
26150  22.964  -61.138  20.898 0.5000000000
26865  28.566  -60.540  26.751 1.0000000000
26892  26.432  -60.330  24.710 0.8000000119
26896  22.928  -60.251  23.292 0.6999999881
26909  22.491  -60.502  22.835 0.6999999881
26928  24.735  -60.352  20.914 0.3000000119
27758  23.198  -59.096  31.027 0.6999999881
27771  20.625  -59.438  30.973 0.6000000238
27779  29.325  -59.191  29.055 1.0000000000
27844  26.757  -59.831  24.941 0.8000000119
27871  22.433  -59.489  22.125 0.6999999881
27879  24.040  -59.409  21.297 0.4000000060
28700  25.721  -58.301  31.534 0.8999999762
28704  22.691  -58.161  31.473 0.8000000119
28716  20.625  -58.539  30.989 0.6999999881
28786  25.907  -58.199  24.803 0.8999999762
28802  25.248  -58.688  24.545 0.8999999762
28805  23.401  -58.289  23.446 0.8000000119
28820  27.926  -58.781  22.176 0.3000000119
29666  22.457  -57.390  31.413 0.6999999881
29680  29.137  -57.279  30.554 0.8999999762
29691  20.544  -57.522  29.898 0.5000000000
29699  20.446  -57.423  28.802 0.5000000000
29751  27.461  -57.292  25.493 0.8999999762
29777  22.387  -57.685  22.197 0.6999999881
29787  29.443  -58.012  22.126 0.4000000060
29790  25.667  -57.946  22.058 0.5000000000
29798  24.733  -57.296  21.614 0.6000000238
30619  25.451  -56.504  31.868 0.8999999762
30666  20.727  -56.793  28.367 0.5000000000
30667  20.228  -56.617  28.004 0.4000000060
30682  29.392  -56.132  27.708 1.0000000000
30719  26.777  -56.842  25.076 0.8999999762
30734  26.113  -56.399  24.596 0.8999999762
30735  25.552  -57.014  24.667 0.8999999762
30736  24.321  -56.561  24.290 0.8999999762
30737  23.696  -56.149  23.925 0.8999999762
30738  23.141  -56.675  23.402 0.8999999762
30755  28.810  -56.399  22.483 0.5000000000
31763  30.257  -55.971  22.395 0.5000000000
31767  26.771  -56.022  22.153 0.5000000000
31776  26.298  -55.503  21.392 0.6999999881
32610  25.229  -54.290  31.157 0.6999999881
32626  23.642  -54.287  30.342 0.6000000238
32649  22.659  -54.647  29.584 0.5000000000
32687  29.579  -54.380  26.050 1.0000000000
32716  23.072  -55.443  23.182 0.8999999762
32735  31.173  -54.531  22.372 0.5000000000
32736  30.529  -54.666  22.534 0.5000000000
32738  28.855  -54.764  22.111 0.5000000000
32763  23.579  -54.337  20.865 0.8999999762
33478  28.258  -53.541  31.205 0.8999999762
33604  32.093  -53.362  22.244 0.5000000000
33606  30.690  -53.420  22.494 0.5000000000
33620  28.204  -53.207  21.427 0.6000000238
33623  23.240  -53.603  21.240 0.8999999762
33633  25.268  -53.646  19.948 0.8000000119
34305  27.706  -52.934  31.460 0.6999999881
34319  24.858  -52.186  31.062 0.5000000000
34396  28.341  -53.023  24.208 1.0000000000
34407  24.996  -52.761  23.310 0.8999999762
34431  27.577  -52.669  20.694 0.6999999881
34444  24.140  -52.854  20.134 0.8999999762
35174  25.521  -52.025  31.443 0.6000000238
35184  24.475  -50.998  30.437 0.4000000060
35207  31.414  -50.627  28.488 0.6999999881
35219  31.293  -51.176  27.831 0.8000000119
35220  30.936  -51.680  27.275 0.8000000119
35234  30.662  -51.268  26.591 0.8000000119
35271  26.293  -51.541  22.747 1.0000000000
35284  30.014  -51.831  22.258 0.6000000238
35292  28.732  -50.958  21.155 0.6000000238
35293  23.327  -52.014  21.746 0.8999999762
35300  27.366  -51.292  20.080 0.6999999881
35304  23.426  -51.618  20.899 0.8999999762
35998  25.932  -50.812  31.175 0.5000000000
36006  27.292  -49.737  31.059 0.5000000000
36059  30.128  -50.177  25.983 0.8000000119
36084  28.075  -50.910  23.855 1.0000000000
36100  23.327  -50.862  22.092 0.8999999762
36123  26.867  -50.941  19.794 0.6999999881
36907  30.720  -49.595  21.968 0.6000000238
36939  24.168  -49.143  20.199 0.8999999762
36952  26.462  -50.174  19.796 0.6999999881
37638  30.135  -48.299  25.533 0.8000000119
37655  28.478  -48.811  24.808 0.8999999762
37698  28.922  -48.450  20.781 0.6999999881
37700  22.427  -47.509  21.578 0.8999999762
37707  28.326  -48.971  20.473 0.6999999881
37710  24.931  -48.501  20.004 0.8999999762
38530  27.174  -47.477  30.245 0.4000000060
38611  26.634  -47.109  24.466 0.8999999762
38648  22.140  -47.055  21.365 0.8999999762
38658  27.189  -48.168  20.504 0.6999999881
38659  26.408  -47.686  20.456 0.6999999881
38660  25.636  -47.884  20.109 0.8000000119
39582  31.115  -46.572  28.928 0.5000000000
39639  29.446  -46.334  24.671 0.8000000119
39642  26.356  -46.382  24.380 0.8999999762
39644  24.749  -46.078  23.814 0.8999999762
39657  23.380  -46.625  22.999 1.0000000000
39658  22.511  -46.608  22.553 1.0000000000
39677  30.274  -46.978  21.272 0.6000000238
39678  29.090  -47.005  21.383 0.6000000238
39681  26.411  -46.996  20.922 0.6999999881
39683  23.626  -46.628  20.796 0.8000000119
39697  25.818  -47.240  20.431 0.6999999881
40691  23.972  -45.648  23.559 0.8999999762
40702  22.446  -45.518  22.807 1.0000000000
40722  24.155  -46.084  20.991 0.8000000119
40724  22.135  -45.943  21.641 0.8999999762
40740  28.935  -45.494  21.301 0.6000000238
41616  27.563  -44.568  29.459 0.4000000060
41631  32.055  -44.995  27.590 0.5000000000
41692  31.756  -44.064  24.554 0.6999999881
41746  21.702  -44.499  21.380 0.8000000119
42731  22.697  -43.736  29.358 0.3000000119
42790  32.242  -43.680  26.554 0.4000000060
42816  26.038  -44.139  23.526 0.8000000119
42818  24.430  -44.149  23.538 0.8999999762
42828  29.921  -43.324  23.327 0.6000000238
42847  21.097  -43.742  22.055 0.8999999762
42854  24.270  -44.632  20.937 0.8000000119
42856  20.898  -43.702  21.376 0.8000000119
42869  26.415  -43.619  20.552 0.6999999881
42873  20.703  -43.350  21.088 0.8000000119
42896  26.627  -43.135  19.803 0.5000000000
43839  29.249  -42.272  27.928 0.4000000060
43861  31.918  -43.058  26.775 0.5000000000
43884  32.162  -42.516  24.508 0.4000000060
43892  31.261  -42.287  23.322 0.6000000238
43893  30.565  -42.855  23.274 0.6000000238
43899  20.604  -42.498  22.372 0.8999999762
43913  25.826  -42.160  22.606 0.6999999881
43930  20.038  -42.420  21.405 0.8000000119
43944  24.028  -42.840  20.354 0.6999999881
43947  20.409  -42.472  20.842 0.8000000119
43948  19.836  -42.018  21.071 0.8000000119
43965  26.063  -42.567  19.351 0.6000000238
43966  24.767  -42.394  19.876 0.6000000238
45041  22.711  -42.122  22.531 0.8999999762
45043  21.034  -41.995  22.709 0.8999999762
45062  19.803  -41.501  21.747 0.8000000119
45117  25.175  -41.523  19.058 0.6000000238
45118  24.303  -41.323  19.115 0.6000000238
46170  20.775  -41.256  22.405 0.8999999762
46221  19.312  -40.148  20.998 0.8000000119
46246  20.769  -39.964  20.208 0.6000000238
46262  25.366  -40.554  18.447 0.6000000238
47120  31.786  -39.978  24.100 0.3000000119
47144  19.844  -39.158  21.382 0.8000000119
47163  19.451  -39.627  21.119 0.8000000119
47184  19.587  -39.251  20.943 0.8000000119
47221  23.419  -39.271  18.736 0.6000000238
47222  22.805  -38.699  18.663 0.6000000238
48188  20.510  -38.904  21.403 0.8000000119
48212  24.919  -39.083  21.362 0.6999999881
48266  25.259  -38.575  18.311 0.5000000000
48269  22.159  -37.975  18.520 0.6000000238
49309  20.583  -37.318  20.119 0.6000000238
49310  20.336  -37.746  20.130 0.6999999881
49330  20.605  -37.552  19.670 0.6000000238
50426  23.637  -37.087  17.923 0.6000000238
50439  23.088  -36.288  17.743 0.6000000238
50441  21.233  -35.976  18.735 0.6000000238
51417  20.174  -35.264  18.971 0.6000000238
51428  25.308  -35.798  17.667 0.5000000000
52422  22.362  -34.935  19.683 0.6000000238
52423  21.204  -34.988  19.595 0.6000000238
52465  26.138  -34.786  17.081 0.4000000060
52475  25.409  -34.460  16.512 0.5000000000
53456  27.272  -33.739  19.111 0.3000000119
53481  25.094  -33.130  18.722 0.4000000060
53488  20.936  -33.426  17.583 0.6000000238
53502  26.802  -33.131  15.810 0.4000000060
54608  26.538  -32.529  18.117 0.3000000119
54610  23.800  -31.875  18.174 0.4000000060
54613  20.841  -33.408  18.472 0.6000000238
54621  21.297  -32.833  17.330 0.6000000238
54627  22.860  -32.374  16.046 0.6000000238
54630  30.370  -32.180  15.555 0.3000000119
54632  27.439  -32.402  15.220 0.3000000119
55575  22.186  -31.614  17.121 0.4000000060
56490  24.221  -30.918  17.456 0.4000000060
56491  23.353  -30.828  17.186 0.4000000060
56511  23.471  -30.581  16.622 0.4000000060
56522  23.812  -30.325  15.555 0.4000000060
122107  23.485  -54.056  23.244 0.8999999762
122570  19.854  -34.695  18.955 0.6000000238
122955  20.937  -35.609  19.525 0.6999999881
123492  31.211  -51.187  22.487 0.6000000238
123506  26.631  -54.170  31.626 0.8000000119
123550  29.206  -39.007  21.849 0.4000000060
123759  22.296  -60.814  22.529 0.6999999881
123867  25.112  -56.272  24.412 0.8999999762
124600  24.557  -31.649  17.917 0.4000000060
125377  24.641  -36.907  17.999 0.5000000000
125554  18.915  -57.128  27.708 0.3000000119
125806  25.842  -59.125  31.327 0.8999999762
125811  20.213  -58.278  30.425 0.6000000238
125865  20.217  -33.891  18.322 0.6000000238
127028  21.783  -55.868  28.875 0.6000000238
128223  21.023  -61.993  29.973 0.8000000119
128517  24.586  -34.246  19.329 0.3000000119
129391  25.517  -55.757  31.834 0.8999999762
129917  23.490  -43.556  20.708 0.6999999881
130575  23.087  -47.168  20.770 0.8999999762
131482  22.619  -59.123  22.518 0.6999999881
132056  20.092  -57.244  28.303 0.4000000060
132261  26.551  -64.816  29.504 0.6000000238
132793  22.263  -57.180  22.013 0.8999999762
132821  25.392  -68.298  29.616 0.4000000060
132909  25.242  -36.403  17.975 0.5000000000
133068  23.937  -49.988  30.127 0.4000000060
133088  22.390  -56.564  22.229 0.8999999762
133548  31.628  -48.431  22.023 0.6000000238
133557  23.264  -45.205  23.318 0.8999999762
133644  22.309  -61.312  22.346 0.6000000238
133971  23.514  -52.007  22.543 0.8999999762
134085  27.781  -50.366  31.267 0.5000000000
134215  27.709  -50.118  20.177 0.6999999881
134294  23.608  -55.890  21.091 0.8999999762
134329  29.568  -50.015  25.520 0.8000000119
134388  29.605  -47.739  21.112 0.6000000238
134795  28.756  -43.418  28.554 0.4000000060
134856  25.277  -41.731  22.421 0.6999999881
135111  26.550  -45.131  21.376 0.6999999881
135464  25.362  -31.640  17.741 0.4000000060
135846  25.602  -57.428  31.705 1.0000000000
135893  22.656  -47.050  29.406 0.3000000119
136063  25.855  -45.702  21.298 0.6999999881
137805  25.304  -45.729  24.066 0.8999999762
138317  32.021  -47.024  28.095 0.6999999881
138622  23.294  -65.025  32.325 0.6000000238
138698  27.130  -39.832  21.476 0.5000000000
138830  24.240  -42.279  22.598 0.8000000119
138953  27.038  -53.042  31.716 0.6000000238
138954  24.589  -68.440  32.019 0.4000000060
139021  26.293  -51.400  19.675 0.6999999881
139895  29.567  -48.550  20.911 0.6000000238
140604  22.412  -61.490  21.733 0.5000000000
140805  22.760  -31.628  16.245 0.5000000000
140825  28.786  -60.688  27.587 1.0000000000
140978  21.027  -35.959  19.387 0.6000000238
140988  28.279  -58.391  25.939 1.0000000000
141328  17.281  -61.392  29.009 0.5000000000
141339  26.285  -47.495  24.170 0.8999999762
141860  21.855  -42.276  22.626 0.8999999762
142052  20.931  -43.727  21.656 0.8000000119
142160  25.611  -60.257  31.136 0.8999999762
142805  25.721  -60.979  31.383 0.8999999762
143201  19.879  -41.942  21.559 0.8000000119
143381  19.558  -64.376  29.949 0.6000000238
143537  30.901  -43.100  28.051 0.5000000000
144006  21.734  -32.248  17.260 0.5000000000
144302  28.403  -59.919  30.352 0.8999999762
144360  18.982  -68.167  32.334 0.5000000000
144583  23.990  -29.979  15.035 0.4000000060
144611  30.135  -43.879  28.630 0.4000000060
145169  23.934  -40.449  21.834 0.6999999881
145264  26.018  -42.529  28.467 0.3000000119
145435  20.128  -33.847  18.663 0.6000000238
145501  23.778  -56.372  21.070 0.8000000119
145517  30.204  -52.503  29.900 0.6999999881
145651  22.197  -33.420  16.723 0.6000000238
145801  23.913  -60.517  30.506 0.8999999762
145874  24.135  -44.170  29.655 0.3000000119
146322  27.973  -63.136  26.172 0.8000000119
146642  25.166  -68.741  29.854 0.4000000060
146790  24.538  -55.128  31.041 0.6999999881
146819  17.580  -66.119  29.066 0.4000000060
146952  25.156  -65.479  28.135 0.4000000060
146955  23.507  -57.270  21.309 0.6999999881
147358  22.802  -47.500  20.875 0.8999999762
147386  28.540  -57.679  22.477 0.5000000000
147485  25.924  -66.872  31.221 0.6000000238
