#!ascii label  , from subject sub-07 vox2ras=TkReg
1288
143762  17.012  -93.090  19.092 0.5000000000
9317  18.196  -81.168  18.227 0.6000000238
145547  17.739  -80.326  17.936 0.6000000238
9318  16.350  -81.191  18.635 0.6000000238
125283  17.795  -79.105  17.349 0.6999999881
9974  16.978  -79.984  18.059 0.6000000238
10660  17.952  -78.769  17.495 0.6999999881
10661  17.274  -78.993  17.730 0.6000000238
5413  18.785  -86.747  23.160 0.5000000000
4909  20.452  -88.617  20.492 0.6000000238
145338  20.079  -88.453  21.124 0.6000000238
141957  19.007  -87.137  22.442 0.5000000000
4923  20.106  -88.740  18.787 0.5000000000
140984  20.057  -88.616  19.718 0.4000000060
4897  19.531  -88.060  21.330 0.5000000000
5430  19.608  -87.654  22.160 0.6000000238
7828  17.812  -83.229  25.102 0.5000000000
3393  18.833  -91.065  16.303 0.4000000060
8564  17.418  -83.239  23.573 0.5000000000
7829  16.285  -83.384  24.459 0.5000000000
133435  17.566  -83.180  22.878 0.6000000238
8615  17.717  -82.849  20.420 0.6000000238
121998  18.666  -82.039  18.493 0.6000000238
9316  19.087  -80.799  18.052 0.6999999881
125914  17.312  -82.398  19.434 0.6000000238
9972  19.241  -79.637  18.054 0.6999999881
9954  20.966  -80.175  19.293 0.6000000238
139754  21.444  -80.756  19.826 0.6000000238
9940  20.473  -79.757  19.627 0.6000000238
9956  19.758  -79.171  18.689 0.6999999881
9925  21.181  -80.549  21.146 0.6999999881
9958  16.420  -79.592  18.280 0.6000000238
5387  20.281  -86.919  24.474 0.5000000000
130467  19.607  -87.354  23.075 0.6000000238
5412  19.523  -86.901  23.905 0.5000000000
4896  20.807  -88.525  21.370 0.6999999881
4933  20.068  -89.045  17.734 0.4000000060
7849  18.782  -83.137  23.853 0.5000000000
7827  18.020  -83.163  24.203 0.5000000000
2435  18.117  -92.480  17.984 0.5000000000
8563  18.036  -83.203  23.497 0.5000000000
7895  19.295  -83.690  20.772 0.6999999881
142879  18.312  -83.399  22.056 0.6000000238
134548  19.244  -83.368  19.656 0.6999999881
7896  18.583  -83.231  20.533 0.6000000238
8596  18.060  -83.145  21.338 0.6000000238
8652  19.167  -82.852  18.703 0.6999999881
8633  18.329  -82.797  19.435 0.6000000238
128817  19.704  -81.824  18.023 0.6999999881
9298  21.462  -80.918  19.147 0.6000000238
9315  20.713  -80.977  18.002 0.6000000238
9971  20.219  -79.915  18.467 0.6000000238
9274  22.372  -81.452  21.240 0.6000000238
9275  21.663  -80.914  20.713 0.6999999881
10626  17.431  -79.026  19.490 0.6999999881
10647  15.852  -79.465  18.702 0.5000000000
10623  20.078  -79.509  20.141 0.6999999881
10644  19.290  -78.750  18.985 0.6999999881
125903  16.717  -79.089  18.408 0.6000000238
5410  21.975  -87.545  24.032 0.5000000000
5978  20.465  -86.450  25.053 0.5000000000
4882  21.938  -88.314  22.657 0.6999999881
5411  20.417  -87.457  23.815 0.6000000238
4921  21.923  -89.047  19.937 0.5000000000
4908  21.355  -88.749  20.655 0.6999999881
4895  21.751  -88.595  21.700 0.6999999881
5429  21.054  -88.345  22.361 0.6000000238
131888  20.380  -87.839  22.793 0.6000000238
4401  20.836  -89.313  17.334 0.4000000060
4932  20.908  -89.069  18.339 0.4000000060
4922  20.942  -88.846  19.553 0.5000000000
7848  19.586  -83.457  23.717 0.5000000000
7879  19.506  -83.923  21.814 0.5000000000
7865  19.532  -83.780  22.845 0.5000000000
7866  18.892  -83.572  22.386 0.5000000000
141926  19.882  -83.894  19.213 0.6000000238
7880  18.774  -83.510  21.492 0.5000000000
122725  19.889  -83.199  18.108 0.6999999881
7928  21.932  -83.005  17.973 0.6000000238
8659  21.180  -82.778  17.889 0.6999999881
8649  22.510  -82.544  18.560 0.6000000238
8650  21.700  -82.134  18.265 0.6000000238
8651  20.542  -82.297  17.894 0.6999999881
8612  24.307  -82.722  20.487 0.6999999881
144672  22.572  -82.205  19.067 0.6000000238
9314  21.309  -81.280  18.455 0.6000000238
8593  24.767  -82.670  21.599 0.6000000238
8613  23.456  -82.390  20.111 0.6999999881
8595  22.886  -82.006  20.656 0.6999999881
8562  24.421  -82.057  23.239 0.6000000238
8576  24.015  -82.378  22.246 0.6000000238
10611  15.978  -78.880  20.503 0.6000000238
9273  23.100  -82.067  21.780 0.6999999881
10625  18.414  -79.051  19.987 0.6999999881
10627  16.104  -79.061  19.360 0.6000000238
9236  24.834  -81.596  24.078 0.6999999881
9259  23.396  -81.948  22.980 0.6000000238
9260  22.517  -81.591  22.406 0.8000000119
9913  21.711  -80.971  21.947 0.6999999881
9914  20.966  -80.292  22.030 0.6999999881
10607  19.757  -79.599  21.222 0.6999999881
5386  21.234  -87.140  24.542 0.6000000238
4894  22.646  -88.668  21.775 0.6999999881
4881  22.833  -88.287  22.632 0.6999999881
4869  21.354  -87.885  23.465 0.6000000238
4376  22.826  -89.257  20.218 0.5000000000
4907  22.274  -88.910  20.915 0.6999999881
4400  21.729  -89.191  17.762 0.4000000060
4386  21.756  -89.182  18.883 0.5000000000
7224  20.894  -84.312  24.020 0.5000000000
7210  20.777  -84.335  24.834 0.5000000000
7847  20.231  -83.937  23.421 0.5000000000
7260  19.939  -84.107  20.944 0.6000000238
7291  20.580  -84.356  18.166 0.6000000238
7283  20.372  -84.460  18.833 0.6999999881
143460  19.757  -83.853  20.133 0.6999999881
7297  20.867  -84.032  17.856 0.6999999881
7284  20.068  -83.919  18.402 0.6999999881
127057  22.684  -83.301  17.955 0.6000000238
7939  21.370  -83.616  17.711 0.6000000238
145137  20.942  -83.473  17.795 0.6999999881
7893  25.598  -83.192  19.929 0.6999999881
7894  24.749  -83.092  19.812 0.6999999881
7913  23.445  -83.035  18.578 0.6999999881
12112  16.123  -78.023  21.423 0.6000000238
8610  26.153  -82.923  20.757 0.6000000238
8611  25.196  -83.000  20.724 0.6999999881
8631  23.132  -82.455  19.213 0.6999999881
9233  26.937  -81.054  23.194 0.6000000238
9258  26.678  -81.618  23.020 0.6000000238
8573  26.367  -82.232  22.329 0.6000000238
8592  25.801  -82.662  21.559 0.6000000238
10610  16.664  -79.078  21.287 0.6000000238
9235  26.030  -81.542  23.650 0.6000000238
136438  25.578  -82.431  22.247 0.6000000238
127031  19.899  -79.509  23.217 0.6999999881
10587  18.662  -79.286  22.426 0.6000000238
10609  17.416  -79.360  21.141 0.6999999881
127422  16.637  -79.135  20.317 0.6000000238
9912  26.846  -80.459  23.108 0.5000000000
9213  25.931  -81.005  24.208 0.6000000238
9215  24.196  -81.245  24.661 0.8000000119
9217  22.440  -81.226  24.312 0.8000000119
9883  21.535  -80.745  24.031 0.8000000119
9898  21.315  -80.565  22.996 0.8000000119
10585  20.229  -79.821  22.155 0.6999999881
10608  18.600  -79.520  21.559 0.6999999881
9237  23.337  -81.565  24.039 0.8000000119
9239  21.978  -81.225  23.195 0.8000000119
4868  22.342  -87.944  23.397 0.6999999881
5409  22.580  -87.374  23.740 0.6999999881
6630  22.171  -86.397  24.283 0.6999999881
133833  21.122  -86.343  25.136 0.6000000238
4906  23.222  -89.074  21.175 0.6999999881
6631  21.853  -85.732  24.478 0.6000000238
4375  23.863  -89.374  20.403 0.6000000238
7209  21.362  -84.950  24.609 0.5000000000
7223  21.406  -84.881  23.631 0.5000000000
14532  15.950  -73.346  22.159 0.6000000238
7242  21.335  -84.930  22.664 0.5000000000
15369  15.751  -72.764  20.908 0.5000000000
7259  20.697  -84.571  22.136 0.5000000000
14554  17.753  -74.028  19.646 0.6000000238
141193  21.397  -85.254  19.035 0.6999999881
7270  21.151  -84.767  20.588 0.6000000238
7290  21.153  -84.783  17.807 0.6999999881
7282  20.940  -84.847  19.449 0.6999999881
13717  17.649  -75.612  20.386 0.6000000238
7927  23.328  -83.494  17.839 0.6999999881
7938  22.041  -83.832  17.446 0.6000000238
7910  25.959  -83.369  19.139 0.6999999881
141558  24.689  -83.406  18.436 0.6999999881
7926  24.007  -83.440  18.134 0.6999999881
12097  17.264  -77.932  22.182 0.6000000238
12872  17.239  -77.097  21.724 0.6000000238
137972  24.341  -83.236  18.957 0.6999999881
12096  18.004  -77.922  22.680 0.6000000238
12111  16.628  -77.621  21.638 0.6000000238
9271  28.254  -81.706  21.485 0.6000000238
8591  26.733  -82.505  21.547 0.6000000238
11327  19.152  -78.557  23.656 0.6999999881
11342  18.458  -78.784  22.764 0.6000000238
11343  17.549  -78.767  22.233 0.6000000238
9257  27.397  -81.348  22.583 0.6000000238
9867  22.293  -80.069  25.690 0.6000000238
9869  20.807  -79.574  25.127 0.6000000238
10568  20.334  -79.744  24.022 0.6999999881
10569  19.215  -79.086  23.140 0.6000000238
129737  17.882  -79.261  22.055 0.6000000238
9865  23.962  -80.038  25.529 0.6000000238
9884  20.992  -80.047  24.635 0.8000000119
9881  23.722  -80.631  25.303 0.6000000238
9882  22.791  -80.707  25.253 0.6999999881
145377  20.970  -80.215  23.764 0.8000000119
4880  23.697  -87.917  22.668 0.6999999881
5408  23.148  -87.162  23.434 0.6999999881
6001  22.730  -86.701  23.762 0.6999999881
4905  24.195  -88.811  21.348 0.6999999881
4893  23.497  -88.519  21.982 0.6999999881
6648  22.421  -85.893  23.768 0.6000000238
6649  21.830  -85.370  23.975 0.6000000238
15358  16.788  -73.386  22.847 0.6000000238
14527  16.074  -73.970  23.311 0.6000000238
15367  17.600  -72.931  22.354 0.6000000238
6665  21.963  -85.325  23.216 0.6000000238
15377  17.798  -73.224  21.008 0.5000000000
6695  21.713  -85.117  20.050 0.6999999881
142909  18.472  -73.680  19.743 0.4000000060
15387  17.450  -73.565  20.061 0.5000000000
6713  21.827  -85.181  17.289 0.6999999881
6705  21.651  -85.375  18.125 0.8000000119
13728  19.078  -74.849  19.755 0.5000000000
7295  22.282  -84.848  16.939 0.6000000238
138157  20.914  -84.931  18.460 0.6999999881
13716  18.562  -75.499  20.386 0.6000000238
7937  22.806  -83.952  17.224 0.6999999881
12858  18.782  -76.773  22.615 0.6999999881
12883  18.833  -76.116  21.347 0.6000000238
7909  26.855  -83.300  19.091 0.6999999881
140278  26.284  -83.480  18.437 0.6999999881
12082  19.410  -77.585  23.788 0.5000000000
12871  17.950  -77.001  22.046 0.6000000238
9297  28.889  -82.139  20.145 0.6000000238
8609  27.425  -83.015  19.907 0.6000000238
7892  26.515  -83.136  19.942 0.6999999881
12083  18.690  -77.820  23.267 0.6999999881
8608  28.307  -82.258  20.784 0.6000000238
121697  27.056  -82.779  20.718 0.6000000238
11298  20.679  -78.790  25.268 0.5000000000
11326  19.716  -78.474  24.333 0.6000000238
9272  27.749  -81.692  22.006 0.6000000238
11295  23.106  -79.078  25.645 0.6000000238
10543  21.870  -79.372  25.738 0.5000000000
122613  19.662  -79.129  24.178 0.6999999881
10541  23.869  -79.434  25.409 0.6000000238
5426  24.317  -86.939  22.460 0.6999999881
6016  23.749  -86.563  22.825 0.6999999881
6647  23.114  -86.234  23.206 0.6000000238
6664  22.704  -85.612  22.891 0.6000000238
15348  16.834  -73.789  23.848 0.4000000060
13694  16.311  -74.524  24.179 0.5000000000
6680  22.735  -85.416  21.881 0.6000000238
15356  18.273  -72.810  22.901 0.5000000000
13695  15.566  -74.728  23.734 0.6000000238
142311  23.153  -85.533  20.334 0.6999999881
124138  22.285  -85.522  19.440 0.6999999881
6681  21.987  -85.217  22.270 0.6000000238
15376  19.022  -73.286  20.790 0.5000000000
6712  22.288  -85.710  17.328 0.6999999881
13714  20.476  -75.163  20.238 0.4000000060
7934  26.061  -83.578  16.534 0.6999999881
7946  24.367  -84.048  16.635 0.6999999881
7293  23.886  -84.999  15.967 0.6999999881
13715  19.823  -75.530  20.319 0.6000000238
8658  27.808  -83.160  17.731 0.6999999881
7933  26.950  -83.465  17.077 0.6999999881
123810  24.566  -83.537  17.622 0.6999999881
7294  23.245  -84.698  16.586 0.6999999881
12869  21.041  -75.679  21.724 0.5000000000
12870  19.964  -76.021  21.412 0.5000000000
8630  27.858  -83.082  18.924 0.6000000238
7924  27.005  -83.475  18.139 0.6999999881
125750  26.158  -83.533  17.570 0.6999999881
7925  25.435  -83.470  18.223 0.6999999881
12857  19.818  -76.394  22.980 0.5000000000
9284  29.368  -81.396  20.291 0.5000000000
8629  28.764  -82.487  19.227 0.6000000238
122316  28.237  -82.711  19.980 0.6000000238
6033  24.691  -86.681  21.737 0.6999999881
6015  24.119  -86.277  22.160 0.6999999881
14513  16.910  -74.162  24.636 0.4000000060
6678  24.294  -86.065  21.360 0.6999999881
13660  16.617  -75.120  24.966 0.4000000060
6679  23.540  -85.643  21.407 0.6999999881
13677  15.982  -75.408  24.384 0.6000000238
6711  22.846  -86.112  17.569 0.8000000119
6703  23.284  -85.764  19.483 0.6999999881
129141  23.683  -85.936  15.803 0.6000000238
6715  22.812  -86.040  16.748 0.6000000238
11300  15.418  -78.338  25.600 0.6000000238
7945  25.249  -83.884  16.151 0.6999999881
126793  24.657  -84.499  15.923 0.6999999881
6721  22.966  -85.863  16.205 0.6000000238
8657  28.587  -82.799  17.312 0.6000000238
10529  14.624  -79.597  26.399 0.5000000000
8628  29.375  -82.232  18.514 0.6000000238
8648  28.583  -82.680  18.241 0.6999999881
138237  30.094  -81.520  18.547 0.5000000000
6702  24.262  -85.918  19.622 0.6999999881
12820  16.653  -76.004  25.601 0.4000000060
6710  23.439  -86.131  18.480 0.8000000119
12838  16.270  -76.105  24.953 0.5000000000
6096  24.214  -86.354  16.001 0.8000000119
11299  16.510  -77.561  25.953 0.4000000060
12049  16.804  -76.791  26.125 0.4000000060
6073  23.580  -86.418  17.340 0.6999999881
11277  15.841  -78.705  26.243 0.4000000060
12051  15.807  -77.558  25.333 0.5000000000
7932  27.834  -83.265  16.749 0.6000000238
7944  25.990  -84.095  15.633 0.6000000238
7302  25.255  -84.715  15.461 0.6999999881
10527  16.318  -79.116  26.857 0.4000000060
8663  28.690  -82.929  16.387 0.6000000238
9851  15.005  -79.978  27.077 0.4000000060
10545  15.017  -78.959  26.007 0.6000000238
9313  29.794  -82.046  17.740 0.6000000238
9970  30.800  -80.860  17.775 0.5000000000
10659  31.089  -79.898  18.571 0.5000000000
12807  16.878  -75.889  26.352 0.4000000060
133775  24.444  -86.250  18.626 0.8000000119
122067  17.198  -76.698  26.840 0.4000000060
124320  24.719  -86.507  17.650 0.6999999881
11275  17.489  -78.183  26.863 0.4000000060
7308  25.263  -85.682  15.166 0.6000000238
6720  24.663  -86.033  15.603 0.6999999881
126046  26.967  -83.719  15.973 0.6000000238
7956  26.607  -84.362  15.104 0.6000000238
10514  17.403  -79.153  27.958 0.4000000060
10516  15.810  -79.723  27.356 0.4000000060
8656  29.456  -82.391  16.956 0.6000000238
9841  15.315  -80.253  27.855 0.4000000060
9312  30.322  -81.539  17.577 0.4000000060
129742  17.443  -76.457  27.630 0.4000000060
6081  25.100  -86.577  16.630 0.6999999881
12012  17.777  -77.491  27.271 0.4000000060
142810  25.853  -85.888  14.970 0.6999999881
6095  24.976  -86.331  15.768 0.6000000238
11256  17.777  -78.433  27.543 0.4000000060
7943  27.996  -83.511  15.708 0.6000000238
7955  27.407  -84.268  14.960 0.6000000238
10505  16.901  -79.720  28.451 0.4000000060
9329  30.168  -81.929  16.447 0.6000000238
9825  15.839  -80.718  29.493 0.3000000119
9322  30.615  -81.380  16.924 0.4000000060
9980  31.219  -80.893  16.841 0.4000000060
9990  31.496  -80.929  16.428 0.4000000060
11241  17.962  -78.715  28.414 0.4000000060
10504  17.604  -79.364  28.839 0.4000000060
8673  28.822  -83.121  15.413 0.6000000238
8661  30.225  -82.017  15.706 0.6000000238
8671  30.402  -82.333  14.976 0.6000000238
9327  31.501  -81.164  16.025 0.4000000060
9336  31.713  -81.468  15.435 0.5000000000
10675  32.788  -80.291  16.503 0.4000000060
11194  14.758  -78.661  31.571 0.3000000119
9988  32.465  -80.564  16.118 0.4000000060
12755  18.191  -76.345  30.892 0.4000000060
11938  15.256  -77.115  32.868 0.3000000119
124287  14.218  -77.052  29.394 0.4000000060
13585  18.549  -75.645  30.843 0.4000000060
12723  17.801  -76.139  32.086 0.4000000060
12712  15.445  -76.500  33.283 0.3000000119
12711  16.069  -76.507  33.185 0.3000000119
12748  14.251  -76.934  31.276 0.3000000119
11962  14.588  -77.655  31.740 0.3000000119
12756  14.272  -76.980  30.336 0.3000000119
13552  18.206  -75.535  32.122 0.4000000060
13553  17.429  -75.671  32.532 0.4000000060
137758  17.239  -76.410  32.464 0.4000000060
12726  14.326  -76.334  32.686 0.3000000119
12727  13.975  -76.294  31.946 0.3000000119
14449  12.188  -74.131  26.389 0.4000000060
16153  11.003  -73.048  25.923 0.3000000119
16991  10.690  -71.634  25.054 0.3000000119
12749  13.792  -76.161  31.024 0.3000000119
133189  14.042  -76.222  29.952 0.3000000119
122622  17.101  -74.194  32.861 0.4000000060
13554  16.586  -75.942  32.973 0.4000000060
13529  15.116  -75.690  33.585 0.3000000119
136464  14.365  -75.705  33.225 0.3000000119
13555  13.884  -75.649  32.573 0.3000000119
14436  13.013  -74.885  27.962 0.3000000119
13579  13.342  -75.319  31.314 0.3000000119
16139  11.565  -72.626  26.604 0.3000000119
142088  13.499  -75.622  30.510 0.3000000119
16977  11.882  -71.886  26.889 0.4000000060
16978  11.083  -72.177  25.985 0.3000000119
128485  11.249  -71.208  25.872 0.3000000119
125973  11.197  -71.031  24.390 0.3000000119
14356  16.200  -74.413  33.178 0.4000000060
14357  15.315  -74.710  33.458 0.4000000060
14382  13.986  -74.914  33.005 0.3000000119
15294  12.289  -73.566  27.320 0.4000000060
138899  13.180  -74.189  32.003 0.3000000119
15276  12.580  -73.923  28.263 0.3000000119
16138  12.080  -72.720  27.257 0.4000000060
16120  12.388  -72.944  28.104 0.4000000060
17842  11.606  -70.728  25.013 0.3000000119
15206  15.531  -73.823  33.036 0.4000000060
139113  14.946  -73.333  32.787 0.4000000060
15218  14.188  -73.312  32.522 0.4000000060
15241  13.324  -73.348  31.962 0.4000000060
14397  12.852  -74.008  31.347 0.3000000119
124232  12.660  -73.196  29.986 0.3000000119
128615  12.549  -73.146  29.029 0.3000000119
123583  12.768  -72.290  28.699 0.3000000119
139284  12.697  -71.103  27.921 0.5000000000
132666  12.546  -71.990  27.818 0.4000000060
136813  11.955  -70.996  27.028 0.4000000060
18706  12.201  -70.380  24.186 0.3000000119
16067  14.777  -72.498  32.536 0.4000000060
16068  13.896  -72.525  32.151 0.4000000060
16089  13.098  -72.299  30.870 0.3000000119
17780  13.271  -70.954  29.722 0.3000000119
17795  13.203  -70.176  29.207 0.3000000119
18666  12.804  -69.383  28.564 0.3000000119
15242  12.815  -73.083  31.001 0.3000000119
16095  12.882  -72.547  30.365 0.3000000119
129233  13.137  -70.973  28.766 0.3000000119
17811  12.700  -70.194  28.345 0.3000000119
19537  12.352  -68.870  27.624 0.3000000119
16106  12.818  -72.431  29.604 0.3000000119
17826  12.002  -70.114  27.479 0.3000000119
17827  11.696  -70.282  26.445 0.3000000119
19576  12.906  -70.057  23.587 0.3000000119
16064  17.325  -72.095  32.915 0.3000000119
16902  16.423  -71.726  32.770 0.3000000119
16904  14.937  -71.461  32.363 0.3000000119
17768  14.559  -70.690  31.931 0.3000000119
18650  13.914  -69.716  30.488 0.3000000119
19515  13.792  -68.736  29.384 0.3000000119
16918  14.205  -71.300  32.031 0.3000000119
18633  13.717  -70.322  30.874 0.3000000119
17794  13.470  -70.221  30.136 0.3000000119
18665  13.518  -69.412  29.530 0.3000000119
19536  13.168  -68.348  27.785 0.3000000119
19550  12.714  -68.753  26.567 0.3000000119
19551  12.153  -69.224  26.661 0.3000000119
18697  11.889  -69.926  25.906 0.3000000119
135974  13.250  -69.545  24.916 0.3000000119
16882  17.803  -71.283  33.037 0.3000000119
17759  16.387  -70.657  32.526 0.3000000119
17760  15.444  -70.683  32.208 0.3000000119
18632  14.263  -70.027  31.300 0.3000000119
19496  14.103  -69.023  30.082 0.3000000119
20448  14.017  -67.913  27.706 0.3000000119
19561  13.595  -68.659  25.991 0.3000000119
126905  14.008  -69.378  24.558 0.3000000119
125527  13.436  -69.763  23.035 0.3000000119
19514  14.430  -68.420  29.639 0.3000000119
19535  13.978  -68.198  28.737 0.3000000119
19560  14.587  -68.609  25.567 0.3000000119
19574  14.881  -69.174  24.114 0.3000000119
146325  13.606  -69.889  23.666 0.3000000119
19575  14.059  -69.578  23.398 0.3000000119
20447  14.764  -67.723  28.276 0.3000000119
20458  14.794  -67.767  27.434 0.3000000119
19549  14.234  -68.040  26.732 0.3000000119
20426  15.703  -67.618  29.355 0.3000000119
20457  15.665  -67.573  27.717 0.3000000119
20468  15.389  -67.969  26.542 0.3000000119
19559  15.593  -68.440  25.248 0.3000000119
19573  15.939  -68.677  23.983 0.3000000119
19603  15.483  -68.739  22.967 0.3000000119
2862  17.312  -92.734  18.619 0.5000000000
2873  18.212  -92.013  17.311 0.5000000000
3394  18.289  -91.430  16.772 0.4000000060
9973  18.302  -78.987  17.382 0.6999999881
10645  18.257  -78.689  18.430 0.6999999881
4415  20.026  -89.347  16.871 0.4000000060
2872  18.686  -92.374  17.392 0.5000000000
8632  22.002  -81.814  18.995 0.6000000238
143347  20.164  -84.274  21.719 0.5000000000
8614  22.678  -82.053  19.656 0.6000000238
6704  22.564  -85.837  18.372 0.8000000119
126177  21.875  -85.186  21.202 0.6999999881
141907  22.771  -85.481  16.435 0.6000000238
9953  29.939  -81.116  19.614 0.5000000000
7935  25.286  -83.566  17.087 0.6999999881
10528  15.424  -79.345  26.666 0.4000000060
9952  30.511  -80.652  19.034 0.5000000000
8662  29.478  -82.485  15.994 0.6000000238
9969  31.459  -80.295  17.364 0.4000000060
7307  26.945  -85.099  14.672 0.6000000238
7954  28.379  -84.109  14.713 0.6000000238
9811  17.169  -79.836  30.157 0.3000000119
9328  30.911  -81.418  16.281 0.4000000060
9337  30.951  -81.669  15.533 0.4000000060
13578  18.238  -75.921  31.518 0.4000000060
15217  15.649  -72.966  32.742 0.3000000119
139663  16.921  -71.199  32.897 0.3000000119
6093  27.761  -86.144  15.932 0.5000000000
142422  26.723  -86.208  15.535 0.5000000000
6080  26.471  -86.421  17.261 0.6999999881
123977  25.905  -86.413  18.066 0.6999999881
6061  25.231  -86.253  19.781 0.6000000238
6103  27.041  -86.001  15.032 0.5000000000
6094  25.919  -86.384  15.873 0.6000000238
4891  25.313  -87.748  21.242 0.6000000238
4892  24.273  -88.088  22.087 0.6000000238
6071  27.062  -86.526  18.600 0.6999999881
6048  26.303  -87.174  20.126 0.6000000238
6032  25.310  -87.041  21.263 0.6000000238
6060  26.069  -86.652  19.762 0.6999999881
6049  25.719  -86.802  20.540 0.6000000238
5442  24.727  -87.428  21.865 0.6000000238
6728  27.618  -85.586  14.808 0.5000000000
5465  26.883  -87.474  19.671 0.6999999881
5453  26.360  -87.790  20.238 0.6999999881
4904  25.789  -88.107  20.688 0.6000000238
125455  25.068  -88.622  20.975 0.6000000238
6058  27.476  -87.041  19.109 0.6000000238
6059  26.755  -86.908  19.467 0.6999999881
5454  25.816  -87.415  20.718 0.6000000238
6070  27.936  -86.731  18.301 0.6000000238
6727  28.542  -85.352  14.507 0.5000000000
6729  26.557  -85.764  14.889 0.5000000000
5474  28.045  -87.365  18.494 0.6999999881
4919  26.851  -88.243  19.713 0.6000000238
144284  24.496  -89.082  20.759 0.6000000238
7312  30.457  -84.910  13.832 0.5000000000
7313  28.558  -84.931  14.246 0.5000000000
7958  31.777  -84.087  13.856 0.5000000000
7960  29.741  -84.211  14.145 0.5000000000
7950  31.984  -83.218  14.471 0.4000000060
8634  15.919  -82.019  19.295 0.4000000060
9300  17.286  -81.459  18.510 0.4000000060
128462  16.660  -82.007  19.023 0.4000000060
124964  16.576  -82.248  19.693 0.5000000000
131110  16.917  -82.436  20.478 0.5000000000
8598  16.511  -82.539  21.456 0.5000000000
7952  30.034  -83.249  14.537 0.5000000000
8597  17.321  -82.714  21.365 0.5000000000
7830  15.256  -83.552  24.427 0.6000000238
7951  30.968  -83.146  14.468 0.4000000060
8577  17.718  -83.133  22.146 0.5000000000
128017  16.908  -83.110  22.901 0.5000000000
7850  15.810  -83.365  23.695 0.5000000000
8616  15.471  -82.529  20.125 0.5000000000
134350  16.164  -82.316  20.399 0.5000000000
8600  14.920  -83.015  20.776 0.5000000000
8580  15.861  -82.829  22.068 0.5000000000
7868  15.071  -83.002  21.767 0.5000000000
8579  16.506  -82.855  22.314 0.5000000000
7867  15.206  -83.175  22.700 0.5000000000
7851  15.067  -83.369  23.520 0.5000000000
8566  16.083  -83.161  22.923 0.5000000000
8668  33.347  -82.838  14.910 0.4000000060
8669  32.361  -82.225  14.912 0.4000000060
140179  33.094  -81.871  15.122 0.4000000060
10628  15.318  -79.132  19.605 0.5000000000
7881  14.237  -83.192  21.488 0.5000000000
7953  29.216  -83.568  14.674 0.5000000000
8670  31.300  -82.215  14.905 0.4000000060
11360  16.080  -78.508  21.159 0.5000000000
11372  14.327  -78.616  20.345 0.5000000000
136264  13.760  -78.093  20.349 0.5000000000
10629  14.530  -79.232  19.846 0.5000000000
9335  32.523  -81.186  15.513 0.4000000060
12113  15.460  -77.900  20.962 0.5000000000
12123  14.591  -77.760  20.525 0.5000000000
135602  15.083  -77.032  20.541 0.5000000000
136136  14.447  -76.770  20.345 0.5000000000
12125  13.081  -77.229  20.071 0.5000000000
11373  12.934  -78.363  20.187 0.4000000060
12897  15.384  -76.213  20.213 0.5000000000
12899  13.152  -76.055  20.083 0.6000000238
12126  12.247  -77.411  19.904 0.6000000238
12885  16.893  -76.445  20.833 0.5000000000
13731  15.265  -74.863  19.818 0.5000000000
12898  13.958  -75.888  20.091 0.5000000000
13733  13.282  -74.828  20.404 0.6000000238
12900  12.392  -76.360  20.005 0.6000000238
130508  11.320  -77.445  19.877 0.6000000238
130867  10.625  -78.538  19.944 0.5000000000
141834  9.811  -78.166  19.934 0.5000000000
132302  8.320  -78.821  20.318 0.5000000000
12895  16.995  -75.226  19.969 0.5000000000
13730  16.244  -74.473  19.778 0.5000000000
14556  15.429  -73.411  20.047 0.5000000000
14557  14.016  -74.076  20.735 0.5000000000
14544  13.770  -73.557  21.142 0.6000000238
13735  11.459  -74.875  20.850 0.6000000238
12127  10.607  -76.508  20.098 0.6000000238
11375  10.261  -77.493  19.881 0.6000000238
11376  9.176  -77.428  20.339 0.5000000000
147002  9.037  -79.286  23.073 0.5000000000
10636  6.993  -79.096  20.538 0.5000000000
13729  17.993  -74.745  19.692 0.5000000000
14555  16.585  -73.635  19.978 0.5000000000
14543  15.037  -72.786  20.586 0.6000000238
122744  14.253  -73.026  21.017 0.6000000238
14535  12.678  -74.184  21.665 0.6000000238
13718  11.807  -74.476  21.305 0.6000000238
14536  11.691  -74.499  21.735 0.6000000238
13736  10.430  -75.039  21.031 0.6000000238
13720  10.138  -75.049  21.581 0.6000000238
12128  9.622  -76.462  20.412 0.6000000238
12129  9.016  -76.557  20.941 0.5000000000
11378  7.958  -78.253  20.815 0.5000000000
11361  8.056  -78.163  21.319 0.5000000000
11348  8.193  -78.126  21.834 0.5000000000
11349  7.519  -78.402  21.615 0.5000000000
10591  7.751  -78.710  22.241 0.5000000000
14533  14.988  -72.982  21.422 0.6000000238
13703  14.299  -73.897  22.164 0.6000000238
13704  13.044  -74.853  22.595 0.6000000238
12098  12.715  -76.434  22.912 0.6000000238
13705  12.187  -74.711  22.284 0.6000000238
12875  11.129  -75.566  22.415 0.6000000238
12099  11.903  -76.602  22.659 0.6000000238
12877  9.524  -75.942  21.954 0.5000000000
12101  10.052  -76.682  22.405 0.5000000000
12102  9.180  -76.745  21.651 0.5000000000
11346  9.792  -77.600  22.546 0.5000000000
11332  10.347  -78.611  23.039 0.6000000238
11347  8.948  -77.585  22.137 0.5000000000
125019  9.578  -79.050  23.120 0.5000000000
10573  10.508  -79.688  23.411 0.5000000000
9240  9.982  -81.295  24.279 0.5000000000
12861  13.462  -75.962  23.292 0.6000000238
12086  13.383  -77.206  23.443 0.6000000238
12087  12.586  -77.481  23.136 0.6000000238
11345  10.728  -77.683  22.763 0.6000000238
10572  11.423  -79.638  23.493 0.6000000238
122959  11.157  -80.341  23.837 0.5000000000
12085  14.149  -76.956  23.787 0.6000000238
11344  11.696  -77.649  22.909 0.6000000238
9900  11.941  -80.099  23.939 0.6000000238
9887  11.582  -80.625  24.423 0.5000000000
11314  15.061  -77.964  24.906 0.6000000238
12070  14.623  -77.558  24.299 0.6000000238
11315  14.341  -78.311  24.568 0.6000000238
11316  13.628  -78.649  24.239 0.6000000238
11330  12.380  -78.463  23.349 0.6000000238
9886  12.272  -80.336  24.646 0.5000000000
11301  14.683  -78.642  25.271 0.6000000238
10557  13.954  -78.980  24.959 0.6000000238
10546  14.281  -79.284  25.681 0.6000000238
10559  12.622  -79.754  24.217 0.6000000238
9870  13.931  -79.943  26.033 0.6000000238
9854  12.744  -80.607  26.203 0.5000000000
9852  14.204  -80.152  26.815 0.4000000060
6050  24.858  -86.288  20.756 0.6000000238
6072  25.491  -86.338  18.882 0.6999999881
7306  27.853  -85.050  14.491 0.5000000000
7961  29.018  -84.411  14.317 0.5000000000
7311  31.500  -84.875  13.500 0.5000000000
7959  30.695  -84.087  14.012 0.5000000000
7852  14.324  -83.242  23.077 0.6000000238
13734  12.361  -74.433  20.915 0.6000000238
14545  13.064  -73.923  21.186 0.6000000238
13708  9.576  -75.456  21.593 0.6000000238
136945  9.468  -76.872  22.089 0.5000000000
11328  13.969  -77.893  23.897 0.6000000238
11329  13.202  -78.182  23.612 0.6000000238
9885  12.946  -80.007  24.957 0.6000000238
9872  12.526  -80.501  25.426 0.6000000238
2413  17.394  -93.182  19.466 0.4000000060
2844  19.545  -92.691  20.535 0.5000000000
2843  20.439  -92.162  20.161 0.5000000000
2397  18.821  -93.081  20.379 0.4000000060
132273  18.702  -92.965  19.605 0.4000000060
130782  19.194  -92.889  18.812 0.4000000060
2412  18.234  -93.003  19.021 0.4000000060
2842  21.407  -91.934  19.919 0.5000000000
3355  20.945  -91.637  20.779 0.5000000000
2410  19.806  -92.985  18.946 0.5000000000
2420  19.409  -92.946  17.860 0.5000000000
2421  18.473  -92.687  18.262 0.4000000060
2853  21.891  -92.685  19.405 0.5000000000
2409  21.353  -93.529  18.812 0.5000000000
136839  20.118  -93.460  18.046 0.5000000000
134791  20.061  -93.631  17.272 0.5000000000
2434  19.025  -92.636  17.596 0.4000000060
136575  19.769  -93.205  16.778 0.4000000060
2408  22.237  -93.748  19.081 0.5000000000
2419  20.893  -94.164  18.079 0.5000000000
2015  21.363  -94.821  17.706 0.5000000000
2016  20.671  -94.268  17.307 0.5000000000
2432  20.308  -93.901  16.913 0.5000000000
3392  19.311  -91.937  16.480 0.4000000060
4385  23.237  -89.471  19.331 0.5000000000
137973  22.466  -89.286  19.344 0.4000000060
4399  22.607  -89.361  18.287 0.4000000060
4413  22.360  -89.420  17.250 0.4000000060
4414  21.577  -89.486  16.944 0.4000000060
4428  21.399  -89.967  16.516 0.4000000060
2026  21.189  -94.656  17.277 0.5000000000
143211  21.223  -90.389  16.279 0.4000000060
3932  20.594  -90.738  16.072 0.4000000060
3933  19.683  -90.823  16.090 0.4000000060
2036  21.219  -94.471  16.847 0.4000000060
127398  20.923  -93.760  16.261 0.5000000000
2892  19.892  -92.428  16.172 0.4000000060
2454  19.927  -93.147  16.473 0.4000000060
4398  23.498  -89.688  18.376 0.4000000060
139029  22.733  -89.781  16.906 0.4000000060
3920  21.923  -90.329  16.353 0.4000000060
143304  22.250  -94.910  17.343 0.4000000060
132782  21.021  -91.595  15.850 0.4000000060
3407  20.228  -91.548  15.935 0.4000000060
2041  22.388  -94.140  16.153 0.4000000060
144136  21.222  -92.241  15.794 0.4000000060
144011  20.803  -93.135  15.988 0.4000000060
4384  24.152  -89.622  19.311 0.4000000060
3892  24.329  -89.989  18.340 0.4000000060
4412  23.675  -90.045  17.700 0.4000000060
3391  23.335  -91.194  16.414 0.4000000060
3930  22.390  -91.031  16.211 0.4000000060
3406  22.869  -91.920  15.929 0.4000000060
2453  22.824  -93.367  15.913 0.4000000060
2889  23.297  -92.621  15.925 0.4000000060
128953  21.836  -91.910  15.920 0.4000000060
4374  24.850  -89.259  20.142 0.5000000000
4383  25.711  -89.229  19.739 0.5000000000
121761  25.048  -89.688  19.113 0.5000000000
134721  24.064  -91.098  16.953 0.4000000060
3390  24.420  -91.780  16.491 0.4000000060
3404  24.957  -92.321  16.372 0.4000000060
2888  24.293  -92.574  16.206 0.4000000060
3890  26.218  -90.323  17.997 0.4000000060
4382  26.535  -89.096  19.454 0.5000000000
3902  25.571  -90.838  17.395 0.4000000060
3918  24.990  -91.353  16.964 0.4000000060
4411  27.028  -90.147  17.619 0.5000000000
3901  26.509  -90.789  17.056 0.4000000060
3917  26.016  -91.437  16.698 0.4000000060
4381  27.263  -88.825  19.078 0.6000000238
5464  27.436  -87.838  19.190 0.6000000238
4410  27.795  -89.877  17.211 0.5000000000
3900  27.343  -90.665  16.712 0.4000000060
13702  15.268  -74.001  22.725 0.5000000000
12860  14.484  -75.958  23.747 0.5000000000
12068  15.900  -76.797  24.956 0.5000000000
12859  15.127  -76.394  24.180 0.5000000000
13696  13.883  -74.919  23.033 0.5000000000
2854  20.941  -92.633  19.350 0.5000000000
2411  19.308  -92.885  19.684 0.5000000000
122056  23.038  -89.661  17.490 0.4000000060
3904  23.364  -90.272  16.994 0.4000000060
132683  21.909  -93.560  15.887 0.4000000060
3891  25.259  -90.257  18.202 0.4000000060
3405  23.821  -92.108  16.123 0.4000000060
4397  25.954  -89.777  18.896 0.5000000000
3389  25.528  -91.947  16.415 0.4000000060
4396  26.787  -89.651  18.596 0.5000000000
4395  27.510  -89.366  18.178 0.6000000238
3916  26.904  -91.357  16.350 0.5000000000
4394  28.154  -88.899  17.714 0.5000000000
6718  34.893  -85.710  16.832 0.3000000119
6097  33.263  -86.068  15.820 0.3000000119
6723  33.705  -85.364  15.154 0.3000000119
6722  34.508  -85.344  16.133 0.3000000119
6706  35.471  -85.236  17.657 0.3000000119
7292  36.155  -84.823  17.353 0.3000000119
6089  32.731  -86.696  15.970 0.3000000119
5489  32.362  -87.627  16.175 0.4000000060
5497  31.880  -86.847  15.397 0.4000000060
6088  33.737  -86.764  16.698 0.3000000119
6100  31.442  -86.383  14.803 0.4000000060
6098  32.756  -85.900  14.345 0.4000000060
6726  29.579  -85.531  14.536 0.4000000060
6102  28.771  -85.673  14.813 0.4000000060
6087  34.455  -86.411  17.141 0.3000000119
6731  33.288  -85.203  13.688 0.3000000119
6733  32.086  -85.475  13.331 0.4000000060
7303  35.657  -84.447  16.164 0.3000000119
7305  33.690  -84.639  14.292 0.3000000119
4956  30.973  -88.813  16.139 0.4000000060
5492  30.400  -87.896  16.421 0.4000000060
5481  29.174  -87.317  17.418 0.4000000060
6078  29.178  -86.681  17.186 0.4000000060
5490  31.872  -87.811  16.060 0.4000000060
5491  31.219  -87.697  16.011 0.4000000060
121774  29.622  -86.558  16.509 0.4000000060
123788  28.903  -86.253  16.388 0.4000000060
5488  33.133  -87.652  16.925 0.3000000119
5498  31.502  -86.945  15.593 0.4000000060
6101  30.006  -85.904  15.116 0.4000000060
6077  34.001  -87.134  17.387 0.3000000119
6725  30.673  -85.881  14.621 0.4000000060
125471  28.153  -85.950  15.164 0.4000000060
6066  34.497  -86.499  17.735 0.3000000119
6734  30.483  -85.433  14.158 0.4000000060
7310  32.583  -84.882  13.177 0.4000000060
126984  30.590  -89.509  16.208 0.4000000060
4945  28.897  -88.281  17.408 0.4000000060
133579  31.549  -89.628  16.244 0.4000000060
4957  30.220  -88.712  16.516 0.4000000060
4930  28.297  -88.006  18.052 0.4000000060
4942  33.117  -88.696  17.267 0.3000000119
125320  32.448  -88.757  16.417 0.4000000060
5472  33.224  -87.533  18.366 0.3000000119
6067  33.984  -87.208  18.024 0.3000000119
6079  28.346  -86.407  17.337 0.4000000060
6708  34.037  -86.121  18.367 0.3000000119
4409  28.598  -89.505  16.879 0.4000000060
4408  29.566  -89.185  16.612 0.4000000060
7957  32.885  -84.124  13.590 0.3000000119
125837  34.203  -83.345  15.135 0.3000000119
7949  33.583  -83.961  14.131 0.3000000119
141180  27.563  -86.409  17.794 0.4000000060
6069  28.611  -86.902  17.855 0.4000000060
4931  27.810  -88.363  18.520 0.4000000060
4426  28.167  -90.493  16.466 0.4000000060
5496  32.216  -86.614  15.204 0.3000000119
7300  35.343  -85.129  16.438 0.3000000119
7299  36.121  -84.820  16.794 0.3000000119
6724  32.302  -85.866  13.583 0.4000000060
6090  30.948  -86.536  15.317 0.4000000060
6105  31.507  -85.903  13.888 0.4000000060
6092  29.400  -86.054  15.577 0.4000000060
6732  32.829  -85.364  13.280 0.4000000060
123545  31.787  -88.842  16.231 0.4000000060
4944  29.696  -88.046  16.947 0.4000000060
5480  29.781  -87.125  16.843 0.4000000060
4954  32.832  -88.584  16.767 0.3000000119
6091  30.387  -86.731  16.063 0.4000000060
5479  33.419  -87.828  17.507 0.3000000119
129011  32.325  -89.604  16.506 0.4000000060
4955  32.951  -89.427  16.942 0.3000000119
5471  33.416  -87.877  17.835 0.3000000119
2802  19.481  -92.352  25.410 0.3000000119
2353  19.123  -93.141  25.075 0.3000000119
3306  19.408  -91.701  24.823 0.3000000119
2352  19.720  -93.118  25.437 0.3000000119
2812  18.981  -92.501  24.754 0.3000000119
2363  18.667  -93.441  24.588 0.3000000119
3305  19.976  -91.182  24.905 0.3000000119
3276  20.287  -91.450  26.098 0.3000000119
2793  19.893  -91.980  25.937 0.3000000119
126216  20.410  -91.159  24.201 0.3000000119
132801  19.700  -91.391  24.289 0.3000000119
2820  18.638  -92.832  24.058 0.3000000119
2845  18.991  -93.140  21.137 0.3000000119
3828  21.477  -90.581  26.248 0.3000000119
3829  20.844  -90.898  26.250 0.3000000119
3841  20.766  -91.018  25.007 0.3000000119
142405  20.957  -90.777  25.751 0.3000000119
2792  20.373  -92.045  26.382 0.3000000119
3342  19.464  -91.911  22.994 0.3000000119
2835  20.084  -92.047  21.105 0.3000000119
2836  19.380  -92.646  21.547 0.3000000119
3304  21.371  -91.068  24.241 0.3000000119
3323  19.918  -91.366  23.513 0.3000000119
3322  21.009  -91.145  23.228 0.3000000119
3339  21.976  -91.020  22.611 0.3000000119
3349  20.597  -91.554  21.672 0.3000000119
3350  19.831  -92.032  22.058 0.3000000119
3348  21.480  -91.302  21.400 0.3000000119
2407  23.055  -94.256  19.463 0.4000000060
127861  22.240  -92.051  19.943 0.4000000060
1561  23.389  -95.684  27.121 0.3000000119
1226  24.027  -96.820  27.558 0.3000000119
2339  20.777  -92.738  26.326 0.3000000119
2351  20.576  -93.235  25.638 0.3000000119
3262  22.232  -91.869  27.522 0.3000000119
134311  22.501  -92.993  27.644 0.3000000119
2325  22.844  -93.951  27.603 0.3000000119
1568  23.506  -96.534  26.334 0.3000000119
3789  22.750  -90.745  27.158 0.3000000119
2782  21.708  -92.458  27.302 0.3000000119
2326  22.299  -93.702  27.348 0.3000000119
1947  22.594  -95.180  25.611 0.3000000119
1569  22.863  -95.509  26.381 0.3000000119
3263  21.478  -91.563  27.188 0.3000000119
2791  21.009  -92.191  26.889 0.3000000119
1931  21.931  -93.737  26.902 0.3000000119
1948  22.143  -94.246  25.208 0.3000000119
2350  21.511  -93.498  25.986 0.3000000119
127013  21.343  -93.807  25.056 0.3000000119
3307  19.141  -91.897  24.002 0.3000000119
2819  18.916  -92.473  23.372 0.3000000119
3808  22.074  -90.517  26.828 0.3000000119
3341  20.293  -91.448  22.573 0.3000000119
146980  24.937  -95.559  28.077 0.3000000119
3790  22.032  -90.985  27.311 0.3000000119
2327  21.899  -93.198  27.300 0.3000000119
1938  22.253  -94.413  26.258 0.3000000119
3354  21.912  -91.573  20.603 0.3000000119
2003  27.322  -94.315  19.317 0.3000000119
2004  26.663  -94.885  19.593 0.3000000119
146947  26.148  -94.980  19.042 0.3000000119
133816  24.589  -95.152  18.676 0.4000000060
1653  23.738  -95.184  18.393 0.4000000060
1655  22.538  -95.252  17.775 0.3000000119
2025  21.830  -94.960  17.623 0.3000000119
2010  27.240  -93.761  18.331 0.3000000119
2021  26.462  -93.825  17.830 0.4000000060
2022  25.516  -93.994  17.394 0.4000000060
2032  25.015  -93.675  16.788 0.4000000060
2034  23.489  -94.441  16.732 0.3000000119
2450  25.607  -92.701  16.291 0.4000000060
2451  24.650  -92.911  16.317 0.4000000060
2452  23.706  -93.153  16.135 0.3000000119
2887  25.384  -92.445  16.295 0.3000000119
2383  29.595  -94.184  21.614 0.3000000119
125803  28.431  -94.316  20.696 0.3000000119
1635  26.443  -95.394  20.492 0.4000000060
1643  25.087  -95.393  19.475 0.4000000060
1644  24.292  -95.305  19.201 0.3000000119
1645  23.496  -95.263  18.906 0.3000000119
140585  23.161  -95.096  19.164 0.3000000119
2393  28.493  -93.976  20.315 0.3000000119
142894  28.091  -93.578  19.552 0.3000000119
2406  27.746  -93.653  18.966 0.3000000119
2417  27.955  -93.349  17.762 0.3000000119
2431  25.618  -93.490  16.799 0.4000000060
129078  28.570  -93.032  17.308 0.3000000119
130117  28.189  -93.083  16.882 0.3000000119
2429  27.323  -93.226  17.051 0.3000000119
2430  26.260  -93.375  16.869 0.4000000060
2442  25.766  -93.034  16.383 0.4000000060
128745  28.806  -92.265  16.194 0.3000000119
2878  27.509  -92.259  15.971 0.4000000060
2886  26.285  -92.309  16.076 0.4000000060
3928  28.841  -91.287  16.147 0.3000000119
3401  27.688  -91.890  15.958 0.4000000060
3402  26.901  -92.089  15.858 0.4000000060
3403  25.980  -92.212  16.134 0.4000000060
3914  29.199  -90.856  16.108 0.3000000119
3915  27.727  -91.242  16.242 0.4000000060
135719  28.498  -91.025  16.196 0.3000000119
2359  30.532  -94.270  25.051 0.3000000119
1958  29.227  -94.951  25.136 0.3000000119
1582  28.576  -95.148  24.678 0.3000000119
1598  27.190  -95.316  23.790 0.3000000119
2382  30.080  -94.054  21.886 0.3000000119
1988  29.705  -94.391  22.153 0.3000000119
1980  28.596  -95.192  22.862 0.3000000119
1612  26.446  -95.322  23.049 0.3000000119
2826  29.037  -92.709  21.626 0.3000000119
2825  30.078  -93.312  21.876 0.3000000119
1989  29.000  -94.669  21.999 0.3000000119
1623  27.563  -95.359  21.656 0.3000000119
1624  26.619  -95.564  21.480 0.3000000119
1625  25.752  -95.650  21.306 0.3000000119
140919  24.470  -95.199  20.482 0.3000000119
1999  23.775  -94.888  19.892 0.3000000119
2395  23.704  -93.678  20.208 0.3000000119
2396  22.859  -92.882  19.806 0.3000000119
131546  28.713  -93.347  20.784 0.3000000119
125512  29.360  -92.185  16.348 0.3000000119
2884  27.981  -91.926  15.905 0.3000000119
138242  30.603  -91.457  16.461 0.3000000119
3399  29.307  -91.552  16.155 0.3000000119
3927  30.530  -90.868  16.124 0.3000000119
4423  31.095  -90.305  16.207 0.3000000119
4425  29.001  -90.289  16.251 0.3000000119
2357  32.018  -93.088  25.233 0.3000000119
137531  31.232  -93.622  23.839 0.3000000119
1957  29.918  -94.619  24.408 0.3000000119
1970  29.274  -95.006  24.045 0.3000000119
2374  30.606  -93.765  22.348 0.3000000119
1979  29.193  -94.780  22.968 0.3000000119
2841  22.790  -91.980  20.596 0.3000000119
142752  32.161  -93.062  26.286 0.3000000119
2358  31.337  -93.615  25.072 0.3000000119
130168  31.896  -93.134  23.832 0.3000000119
1978  30.028  -94.451  22.969 0.3000000119
128084  31.010  -93.144  21.986 0.3000000119
2806  33.128  -92.109  24.927 0.3000000119
2807  32.555  -92.653  24.298 0.3000000119
2816  32.506  -92.669  22.987 0.3000000119
2367  31.297  -93.405  22.630 0.3000000119
2005  22.451  -94.914  18.765 0.3000000119
2014  22.018  -95.267  18.099 0.3000000119
2024  23.669  -94.709  17.212 0.3000000119
2444  24.023  -93.667  16.429 0.4000000060
3387  27.304  -91.761  16.035 0.4000000060
4422  31.917  -90.253  16.537 0.3000000119
1997  27.974  -94.200  19.991 0.3000000119
2011  26.663  -94.434  18.756 0.3000000119
1991  27.865  -94.722  20.810 0.3000000119
2012  25.887  -94.547  18.356 0.4000000060
1661  24.051  -94.900  17.875 0.4000000060
2033  24.231  -94.118  16.723 0.4000000060
2449  26.328  -92.470  16.091 0.4000000060
2832  29.559  -93.801  21.374 0.3000000119
1990  28.392  -94.742  21.394 0.3000000119
1634  27.242  -95.249  20.882 0.3000000119
1637  24.745  -95.407  20.062 0.4000000060
140014  24.073  -95.235  19.677 0.3000000119
2839  28.352  -93.399  20.029 0.3000000119
2852  28.314  -92.994  19.424 0.3000000119
2861  28.300  -93.215  18.414 0.3000000119
2428  27.852  -92.541  16.243 0.4000000060
3398  30.139  -91.311  16.189 0.3000000119
133899  27.968  -95.473  23.329 0.3000000119
137914  26.763  -95.586  22.274 0.3000000119
1613  25.999  -95.669  22.185 0.3000000119
3385  31.470  -91.028  16.689 0.3000000119
8565  16.632  -83.302  23.642 0.4000000060
1560  24.319  -95.685  27.710 0.3000000119
1562  22.585  -94.602  27.151 0.3000000119
1597  27.862  -95.299  24.257 0.3000000119
1610  28.213  -95.305  22.315 0.3000000119
1611  27.344  -95.508  22.787 0.3000000119
1626  25.095  -95.452  20.973 0.3000000119
1636  25.477  -95.486  20.370 0.3000000119
1642  25.895  -95.325  19.642 0.4000000060
1651  25.454  -95.144  18.886 0.4000000060
1652  24.961  -94.656  18.095 0.4000000060
1654  23.099  -95.342  18.185 0.3000000119
1662  23.266  -95.141  17.713 0.3000000119
1667  22.937  -94.922  17.274 0.3000000119
1668  21.654  -94.764  17.270 0.3000000119
1950  19.380  -93.628  25.072 0.3000000119
1969  30.667  -94.070  23.510 0.3000000119
1971  28.577  -95.297  23.736 0.3000000119
1998  27.317  -94.792  20.186 0.3000000119
2013  22.741  -95.290  18.434 0.3000000119
2023  24.534  -94.371  17.293 0.4000000060
2027  20.639  -94.253  16.879 0.5000000000
2035  21.944  -94.607  16.797 0.4000000060
2040  23.225  -93.957  16.246 0.4000000060
2042  21.642  -94.185  16.296 0.4000000060
2338  21.408  -92.984  26.850 0.3000000119
2340  20.056  -92.556  25.898 0.3000000119
2366  31.994  -93.102  22.590 0.3000000119
2384  29.047  -94.211  21.041 0.3000000119
2418  21.672  -94.560  18.391 0.3000000119
2422  17.624  -92.889  18.712 0.4000000060
2433  19.719  -93.339  17.064 0.5000000000
2440  28.228  -92.199  16.077 0.3000000119
2441  26.919  -92.646  16.186 0.4000000060
2443  24.838  -93.283  16.483 0.4000000060
2445  20.193  -93.660  16.662 0.5000000000
2446  19.249  -92.775  17.056 0.4000000060
2798  32.618  -92.660  25.661 0.3000000119
2840  23.526  -92.664  20.726 0.3000000119
2855  19.994  -92.741  19.547 0.5000000000
2871  29.121  -92.803  16.695 0.3000000119
2877  29.765  -91.779  16.289 0.3000000119
2879  19.475  -92.667  16.656 0.4000000060
2880  18.831  -92.053  16.887 0.5000000000
2883  29.001  -91.851  16.044 0.3000000119
2885  27.556  -92.143  15.926 0.4000000060
2890  22.373  -92.740  15.815 0.4000000060
2891  20.687  -92.482  15.885 0.4000000060
3275  20.820  -91.437  26.694 0.3000000119
3289  20.413  -91.097  25.586 0.3000000119
3290  19.829  -91.559  25.478 0.3000000119
3340  21.186  -91.204  22.211 0.3000000119
3381  17.778  -91.392  17.123 0.5000000000
3386  30.846  -91.108  16.313 0.3000000119
3388  26.512  -91.937  16.084 0.4000000060
3400  28.468  -91.737  16.077 0.3000000119
3408  19.574  -91.507  16.174 0.4000000060
3809  21.399  -90.852  26.854 0.3000000119
3827  22.312  -90.357  26.008 0.3000000119
3903  24.400  -90.584  17.501 0.4000000060
3912  31.369  -90.767  16.434 0.3000000119
3913  29.665  -91.046  16.067 0.3000000119
3919  22.650  -90.295  16.552 0.4000000060
3929  28.047  -91.515  16.136 0.4000000060
3931  21.524  -90.933  16.102 0.4000000060
4373  25.560  -88.762  20.389 0.6000000238
4424  29.969  -90.334  16.051 0.3000000119
4427  22.154  -89.800  16.670 0.4000000060
4879  24.214  -87.466  22.478 0.6000000238
4920  26.215  -88.521  20.128 0.6000000238
4927  33.219  -88.555  17.597 0.3000000119
5385  22.091  -87.017  24.305 0.6999999881
5427  23.756  -87.209  23.006 0.6999999881
5428  23.125  -87.689  23.237 0.6999999881
5443  20.245  -88.166  21.852 0.6000000238
5473  28.594  -87.477  17.870 0.4000000060
5977  21.653  -86.401  24.723 0.6000000238
5979  19.452  -86.380  24.801 0.5000000000
6000  23.346  -86.768  23.276 0.6999999881
6082  24.106  -86.551  16.659 0.8000000119
6083  23.443  -86.250  16.294 0.6000000238
6099  32.033  -86.311  14.338 0.4000000060
6104  25.425  -86.124  15.296 0.6000000238
6663  23.439  -85.893  22.497 0.6000000238
6693  23.991  -85.709  20.538 0.6999999881
6694  22.536  -85.383  20.715 0.6999999881
6716  22.465  -85.573  16.725 0.6999999881
6717  35.593  -85.343  17.061 0.3000000119
6719  34.034  -85.911  16.417 0.3000000119
6730  24.551  -85.371  15.593 0.6999999881
6735  29.413  -85.075  14.156 0.5000000000
7243  20.784  -84.472  23.074 0.5000000000
7258  21.261  -84.901  21.677 0.5000000000
7271  20.363  -84.345  20.026 0.6000000238
7286  35.931  -84.631  17.983 0.3000000119
7296  21.535  -84.472  17.540 0.6999999881
7301  25.993  -85.117  14.895 0.6000000238
7309  33.283  -84.760  13.294 0.4000000060
7864  20.130  -84.189  22.504 0.5000000000
7911  25.110  -83.383  19.117 0.6999999881
7912  23.956  -82.770  19.524 0.6999999881
7929  20.347  -83.806  18.081 0.6999999881
7936  23.721  -83.804  17.306 0.6999999881
8543  17.182  -83.259  24.384 0.5000000000
8561  25.298  -81.867  23.478 0.6000000238
8572  27.179  -81.994  22.249 0.6000000238
8574  25.877  -82.058  22.963 0.6000000238
8575  24.991  -82.343  22.667 0.6000000238
8578  17.087  -82.843  22.193 0.5000000000
8590  27.627  -82.277  21.397 0.6000000238
8594  23.731  -82.416  21.145 0.6000000238
8599  15.694  -82.629  21.143 0.5000000000
8647  29.190  -82.448  17.773 0.6000000238
8653  17.897  -82.163  18.766 0.6000000238
8672  29.603  -82.653  15.164 0.6000000238
9178  12.903  -80.716  27.011 0.5000000000
9214  25.150  -81.054  24.558 0.6000000238
9216  23.310  -81.160  24.812 0.8000000119
9234  26.432  -81.181  23.614 0.6000000238
9238  22.704  -81.577  23.379 0.8000000119
9286  22.087  -81.409  20.020 0.6000000238
9287  21.038  -80.378  20.205 0.6000000238
9296  29.461  -81.856  19.418 0.5000000000
9299  20.885  -80.332  18.667 0.6000000238
9323  30.110  -81.864  17.068 0.6000000238
9326  31.986  -80.933  15.902 0.5000000000
9831  16.352  -80.219  28.980 0.4000000060
9832  15.600  -80.513  28.662 0.4000000060
9840  16.136  -80.042  28.121 0.4000000060
9853  13.464  -80.370  26.493 0.5000000000
9866  23.180  -80.120  25.733 0.6000000238
9868  21.441  -79.853  25.366 0.6000000238
9871  13.220  -80.206  25.717 0.6000000238
9880  24.558  -80.517  25.033 0.6000000238
9888  10.868  -80.955  24.284 0.5000000000
9896  26.416  -80.767  23.716 0.5000000000
9899  20.636  -80.001  23.045 0.8000000119
9901  10.309  -80.613  23.763 0.5000000000
9911  27.478  -80.728  22.659 0.6000000238
9926  20.505  -80.047  20.904 0.6999999881
9955  20.419  -79.597  18.941 0.6000000238
9957  18.824  -78.893  18.120 0.6999999881
9959  15.442  -80.062  18.379 0.5000000000
9975  15.892  -80.390  18.424 0.6000000238
9978  32.312  -80.404  16.540 0.4000000060
9987  33.149  -80.374  16.250 0.4000000060
9989  31.918  -80.710  16.292 0.4000000060
10494  17.563  -79.454  29.598 0.4000000060
10495  17.062  -79.848  29.325 0.3000000119
10515  16.655  -79.473  27.614 0.4000000060
10542  22.696  -79.529  25.853 0.6000000238
10544  21.083  -79.250  25.438 0.6000000238
10547  13.609  -79.662  25.312 0.6000000238
10555  20.320  -79.419  24.744 0.6000000238
10556  20.089  -78.939  24.862 0.6999999881
10558  13.279  -79.358  24.600 0.6000000238
10570  12.913  -79.005  23.913 0.6000000238
10571  12.180  -79.368  23.596 0.6000000238
10586  19.383  -79.536  22.363 0.6999999881
10588  17.205  -79.115  21.783 0.6000000238
10589  16.780  -78.545  21.756 0.6000000238
10612  7.244  -78.531  21.076 0.5000000000
10624  19.464  -79.209  20.159 0.6999999881
10634  9.398  -79.466  20.168 0.5000000000
10643  20.008  -79.180  19.276 0.6999999881
10646  17.413  -78.751  18.124 0.6999999881
11240  18.215  -78.212  28.840 0.4000000060
11257  17.162  -78.832  27.126 0.4000000060
11276  16.739  -78.342  26.430 0.4000000060
11296  22.289  -78.859  25.716 0.5000000000
11297  21.461  -78.757  25.545 0.5000000000
11331  11.445  -78.738  23.124 0.6000000238
11333  9.418  -78.245  22.742 0.5000000000
11371  15.151  -78.542  20.467 0.5000000000
11377  8.571  -78.035  20.566 0.5000000000
11937  15.888  -77.132  33.027 0.3000000119
11980  14.391  -77.579  30.802 0.3000000119
12031  17.175  -77.558  26.520 0.4000000060
12050  16.347  -76.830  25.476 0.5000000000
12069  15.301  -77.097  24.597 0.5000000000
12084  14.749  -76.832  24.130 0.6000000238
12100  10.932  -76.613  22.598 0.5000000000
12103  8.697  -77.498  21.506 0.5000000000
12114  8.986  -76.825  21.315 0.5000000000
12124  13.841  -77.002  20.278 0.5000000000
12130  8.571  -77.472  20.995 0.5000000000
12713  14.799  -76.414  33.143 0.3000000119
12725  16.613  -76.819  32.809 0.3000000119
12839  15.677  -76.273  24.490 0.6000000238
12873  12.704  -75.504  22.745 0.6000000238
12874  12.025  -75.570  22.532 0.6000000238
12876  10.252  -75.679  22.239 0.5000000000
12884  17.831  -76.258  21.182 0.6000000238
12886  15.898  -77.117  20.909 0.6000000238
12887  9.197  -76.099  21.466 0.5000000000
12896  16.115  -75.775  20.054 0.5000000000
12901  10.944  -75.632  20.419 0.6000000238
12902  9.985  -75.592  20.620 0.6000000238
12903  9.381  -75.753  21.046 0.6000000238
13528  15.994  -75.276  33.453 0.4000000060
13556  13.622  -75.671  31.835 0.3000000119
13659  16.941  -75.071  25.730 0.4000000060
13706  10.681  -74.931  21.997 0.6000000238
13707  9.939  -75.302  21.904 0.5000000000
13719  10.999  -74.785  21.467 0.6000000238
13727  19.795  -74.980  19.830 0.4000000060
13732  14.352  -74.921  20.079 0.5000000000
13737  9.793  -75.246  21.192 0.6000000238
14381  16.824  -75.043  32.902 0.4000000060
14383  13.446  -74.921  32.196 0.3000000119
14396  13.112  -74.649  31.539 0.3000000119
14410  13.032  -74.852  30.658 0.3000000119
14534  13.502  -73.712  21.286 0.6000000238
14542  15.771  -72.877  20.241 0.5000000000
14546  12.463  -74.178  21.310 0.6000000238
14552  19.991  -74.491  20.052 0.4000000060
14553  19.199  -74.369  19.659 0.4000000060
14558  13.068  -73.980  21.050 0.6000000238
15219  13.738  -74.120  32.495 0.3000000119
15295  11.777  -73.320  26.541 0.4000000060
15368  16.760  -73.083  21.662 0.5000000000
15378  16.676  -73.171  20.594 0.5000000000
15386  19.375  -73.827  20.001 0.4000000060
16066  15.669  -72.078  32.657 0.3000000119
16088  13.341  -72.437  31.523 0.4000000060
16903  15.855  -71.277  32.581 0.3000000119
16905  14.285  -71.895  32.209 0.3000000119
16935  13.104  -71.776  30.242 0.3000000119
16946  13.087  -71.665  29.218 0.3000000119
17746  18.379  -70.628  33.076 0.3000000119
18681  12.216  -69.469  27.833 0.3000000119
18696  11.914  -69.474  27.070 0.3000000119
19516  13.157  -68.752  28.658 0.3000000119
19562  12.496  -69.740  25.346 0.3000000119
19587  14.935  -69.094  23.166 0.3000000119
20427  14.901  -67.927  29.128 0.3000000119
20446  15.447  -67.568  28.644 0.3000000119
123169  32.863  -83.339  14.454 0.4000000060
123527  27.207  -86.289  16.659 0.4000000060
124522  9.475  -79.986  23.416 0.5000000000
124625  14.739  -77.031  32.546 0.3000000119
125953  18.300  -83.315  22.888 0.6000000238
125983  26.169  -86.126  15.093 0.5000000000
126052  12.622  -74.406  27.233 0.4000000060
126753  23.159  -85.576  16.041 0.6000000238
126786  12.381  -75.282  20.355 0.6000000238
127163  20.739  -89.704  16.694 0.4000000060
127484  14.769  -74.865  23.361 0.5000000000
127535  21.369  -92.884  15.823 0.4000000060
128341  17.127  -74.392  19.750 0.5000000000
128744  23.968  -96.476  27.242 0.3000000119
129042  11.577  -76.518  19.966 0.6000000238
129161  13.447  -74.226  22.156 0.6000000238
129799  26.329  -86.515  19.056 0.6999999881
130386  21.167  -81.794  17.997 0.6999999881
130408  15.278  -75.631  24.002 0.6000000238
131090  21.865  -80.533  24.983 0.6999999881
132348  14.582  -73.161  20.745 0.6000000238
132626  9.182  -78.459  20.217 0.5000000000
132822  26.924  -92.283  15.916 0.4000000060
133389  27.764  -82.644  20.582 0.6000000238
133896  20.599  -84.488  21.185 0.6000000238
134287  15.844  -75.986  33.421 0.3000000119
134392  14.733  -75.940  20.130 0.5000000000
135332  24.037  -81.732  23.824 0.6999999881
135409  11.454  -74.876  22.219 0.6000000238
135839  14.609  -74.163  32.977 0.4000000060
135861  18.550  -74.299  19.436 0.6000000238
136369  19.918  -80.527  17.983 0.6000000238
136584  25.514  -81.439  24.087 0.6000000238
136917  11.771  -75.721  20.281 0.6000000238
137057  14.773  -74.092  20.304 0.5000000000
137389  22.715  -94.590  16.743 0.4000000060
137573  19.007  -83.424  23.162 0.5000000000
138746  12.950  -71.595  28.458 0.3000000119
139032  7.498  -78.713  20.530 0.5000000000
139047  24.780  -88.164  21.579 0.6000000238
139170  15.543  -83.291  23.212 0.5000000000
139440  28.523  -92.445  16.251 0.3000000119
139872  14.373  -76.852  32.074 0.3000000119
140152  20.514  -93.281  18.699 0.5000000000
140567  14.600  -75.026  33.438 0.4000000060
140658  18.391  -79.786  17.714 0.6999999881
141778  16.772  -78.984  19.018 0.6000000238
141937  33.138  -92.302  26.143 0.3000000119
142307  20.522  -79.198  25.146 0.6000000238
142379  14.450  -83.107  22.305 0.5000000000
142602  14.905  -69.573  31.259 0.3000000119
142863  17.006  -74.403  25.250 0.4000000060
142976  13.454  -68.202  26.989 0.3000000119
143064  22.296  -88.501  22.193 0.6999999881
143472  20.554  -83.341  17.895 0.6999999881
143600  20.349  -93.203  16.215 0.4000000060
143641  31.640  -93.326  23.095 0.3000000119
144344  19.630  -83.479  18.711 0.6999999881
144471  10.985  -79.228  23.225 0.6000000238
144622  18.790  -92.768  18.476 0.4000000060
145784  16.382  -71.192  32.732 0.3000000119
146077  31.214  -85.406  13.647 0.4000000060
146303  17.582  -76.725  32.068 0.4000000060
146392  19.077  -77.048  23.292 0.6999999881
146485  23.383  -79.660  25.735 0.6000000238
146515  23.621  -95.163  19.417 0.3000000119
147012  12.333  -71.527  27.472 0.4000000060
147260  16.083  -78.118  25.900 0.6000000238
