#!ascii label  , from subject sub-02 vox2ras=TkReg
1824
61626  -26.847  -16.537  92.694 0.0000000000
143061  -41.483  -2.562  75.579 0.0000000000
70826  -31.221  -7.529  82.768 0.0000000000
54480  5.120  -23.906  87.092 0.0000000000
59544  -12.852  -18.387  92.580 0.0000000000
66714  -0.100  -11.435  88.812 0.0000000000
67659  4.751  -10.756  94.276 0.0000000000
68806  -36.985  -9.058  78.145 0.0000000000
129372  4.465  -12.149  82.740 0.0000000000
54329  7.427  -23.843  95.424 0.0000000000
61701  -29.494  -16.337  84.749 0.0000000000
59576  -22.777  -17.600  90.711 0.0000000000
138410  -19.748  -18.214  93.800 0.0000000000
78978  -43.847  0.199  74.166 0.0000000000
69843  -33.750  -8.391  79.808 0.0000000000
58533  -7.819  -19.008  88.748 0.0000000000
72720  6.248  -5.054  87.864 0.0000000000
133005  1.342  -17.030  87.828 0.0000000000
60681  -0.587  -18.174  82.795 0.0000000000
53530  3.071  -24.919  82.888 0.0000000000
58420  -0.267  -19.126  98.330 0.0000000000
59484  4.423  -18.223  98.474 0.0000000000
69762  -29.335  -7.448  86.322 0.0000000000
61588  -16.773  -16.118  96.055 0.0000000000
57445  -15.033  -20.139  89.154 0.0000000000
66668  1.662  -11.264  92.318 0.0000000000
61637  4.010  -17.870  90.828 0.0000000000
71833  -40.119  -7.040  76.084 0.0000000000
58435  -3.462  -19.161  95.289 0.0000000000
132979  -5.804  -19.265  92.574 0.0000000000
138062  4.093  -12.512  85.508 0.0000000000
59689  4.990  -17.710  81.390 0.0000000000
129820  2.852  -11.131  97.801 0.0000000000
60533  6.539  -17.506  94.658 0.0000000000
143912  6.259  -23.639  90.514 0.0000000000
147454  -29.112  -15.302  92.130 0.0000000000
60591  -26.884  -18.005  89.957 0.0000000000
61659  -28.930  -17.008  88.904 0.0000000000
124646  -25.163  -17.328  91.824 0.0000000000
59592  -24.651  -18.156  89.115 0.0000000000
126353  -23.877  -17.271  93.763 0.0000000000
78017  -42.807  -0.901  74.874 0.0000000000
73888  -39.634  -4.611  73.273 0.0000000000
129468  -40.006  -2.366  73.095 0.0000000000
77036  -41.437  -1.346  71.517 0.0000000000
69809  -32.985  -7.913  81.250 0.0000000000
70823  -28.499  -7.438  82.156 0.0000000000
69820  -30.265  -8.478  80.412 0.0000000000
68782  -31.644  -9.145  79.336 0.0000000000
59650  2.775  -19.994  86.895 0.0000000000
126891  0.700  -20.842  85.583 0.0000000000
53524  3.128  -24.677  85.889 0.0000000000
51426  4.130  -26.672  82.253 0.0000000000
125248  3.451  -26.563  84.992 0.0000000000
55326  -0.238  -22.084  95.862 0.0000000000
55310  1.617  -22.418  97.170 0.0000000000
68725  -30.304  -9.564  87.037 0.0000000000
64682  -30.328  -13.644  86.796 0.0000000000
63682  -29.392  -14.553  83.868 0.0000000000
66741  -29.393  -11.664  85.413 0.0000000000
67756  -29.073  -10.452  84.750 0.0000000000
129440  -18.343  -13.984  97.250 0.0000000000
59572  -18.959  -18.551  90.166 0.0000000000
58514  -17.498  -19.363  91.073 0.0000000000
79020  -45.092  0.725  68.793 0.0000000000
79021  -46.717  0.837  67.951 0.0000000000
66666  3.259  -11.105  93.094 0.0000000000
63617  2.337  -14.160  91.709 0.0000000000
64632  4.397  -14.064  92.747 0.0000000000
70874  -38.792  -7.883  76.965 0.0000000000
67852  -35.257  -10.398  76.645 0.0000000000
67872  -36.957  -10.180  75.091 0.0000000000
68868  -38.519  -9.201  73.530 0.0000000000
62568  -3.593  -15.111  95.549 0.0000000000
62570  -4.931  -15.679  95.262 0.0000000000
125473  2.332  -9.204  88.311 0.0000000000
127298  4.472  -9.664  87.646 0.0000000000
65698  2.432  -12.392  87.770 0.0000000000
56542  2.687  -21.390  80.463 0.0000000000
59692  2.002  -18.651  82.348 0.0000000000
57598  4.788  -20.856  79.179 0.0000000000
130909  1.869  -11.895  98.182 0.0000000000
56297  6.318  -21.335  97.173 0.0000000000
147600  5.858  -17.716  97.356 0.0000000000
57368  7.191  -20.740  95.387 0.0000000000
57394  6.415  -20.534  92.930 0.0000000000
147375  7.782  -24.274  93.218 0.0000000000
62633  -30.163  -15.216  87.520 0.0000000000
61580  -20.434  -15.826  97.079 0.0000000000
60520  -21.896  -17.028  95.958 0.0000000000
142867  -21.425  -17.702  92.210 0.0000000000
79931  -44.651  1.610  72.878 0.0000000000
78051  -43.201  -0.309  70.329 0.0000000000
68786  -35.797  -8.994  79.077 0.0000000000
67832  -33.181  -10.290  77.467 0.0000000000
125729  -11.926  -19.139  88.792 0.0000000000
127550  -10.651  -19.020  90.472 0.0000000000
68726  6.223  -9.500  85.382 0.0000000000
63636  -1.134  -14.108  88.771 0.0000000000
63652  -0.508  -13.952  85.936 0.0000000000
144392  -1.143  -17.533  85.084 0.0000000000
146041  0.455  -21.882  82.313 0.0000000000
54550  4.501  -24.068  80.597 0.0000000000
134477  0.224  -15.859  97.695 0.0000000000
62537  2.425  -15.722  99.082 0.0000000000
58413  1.843  -19.302  99.061 0.0000000000
55293  4.309  -21.956  98.164 0.0000000000
70799  -30.662  -7.024  84.616 0.0000000000
69773  -28.196  -7.987  84.449 0.0000000000
150417  -14.659  -17.247  94.290 0.0000000000
59499  -18.101  -17.639  95.108 0.0000000000
58455  -16.107  -19.120  93.021 0.0000000000
57427  -13.635  -19.688  90.785 0.0000000000
69708  1.102  -8.537  89.497 0.0000000000
68687  1.165  -9.191  91.640 0.0000000000
66691  0.025  -11.436  90.500 0.0000000000
63622  0.999  -14.870  90.602 0.0000000000
61649  2.669  -17.066  89.541 0.0000000000
58545  4.970  -20.140  88.817 0.0000000000
72833  -41.158  -4.919  75.930 0.0000000000
70899  -39.560  -7.127  73.264 0.0000000000
62549  -1.280  -16.113  96.949 0.0000000000
58428  -2.005  -19.569  97.032 0.0000000000
56335  -1.254  -21.245  94.574 0.0000000000
59540  -9.367  -18.596  92.350 0.0000000000
59506  -8.193  -17.528  94.084 0.0000000000
61600  -6.752  -16.376  95.098 0.0000000000
58441  -4.338  -19.531  93.871 0.0000000000
56356  -2.257  -21.063  92.332 0.0000000000
138123  4.753  -5.993  88.295 0.0000000000
68708  4.972  -9.057  86.558 0.0000000000
64687  4.473  -12.591  84.320 0.0000000000
62650  1.662  -14.904  85.034 0.0000000000
61690  3.833  -15.582  83.688 0.0000000000
62674  6.010  -15.426  82.724 0.0000000000
67597  4.591  -9.907  96.557 0.0000000000
62535  3.893  -15.252  98.899 0.0000000000
63549  5.795  -14.936  96.723 0.0000000000
63588  6.103  -14.205  94.737 0.0000000000
61624  5.239  -17.891  92.571 0.0000000000
58506  5.279  -20.328  91.377 0.0000000000
55446  5.758  -23.251  88.776 0.0000000000
50158  8.252  -27.634  93.068 0.0000000000
51344  7.809  -26.605  90.852 0.0000000000
51371  5.507  -26.647  87.533 0.0000000000
61628  -28.086  -16.243  92.025 0.0000000000
129699  -27.696  -15.456  93.771 0.0000000000
60571  -27.243  -17.205  91.079 0.0000000000
61639  -27.930  -17.012  90.830 0.0000000000
60561  -26.202  -16.865  92.618 0.0000000000
60578  -26.254  -17.667  90.493 0.0000000000
61622  -26.410  -16.427  93.499 0.0000000000
60560  -25.671  -16.880  93.287 0.0000000000
75987  -41.621  -1.952  74.940 0.0000000000
150734  -40.588  -3.851  74.203 0.0000000000
74980  -39.400  -2.980  73.040 0.0000000000
75996  -41.153  -2.401  74.196 0.0000000000
77015  -41.617  -1.768  73.924 0.0000000000
69796  -31.868  -7.900  82.087 0.0000000000
138565  -33.169  -7.254  82.765 0.0000000000
70812  -32.504  -7.136  83.603 0.0000000000
69806  -29.692  -8.078  81.267 0.0000000000
69807  -30.978  -7.930  82.014 0.0000000000
138468  -31.622  -8.203  81.267 0.0000000000
57501  4.127  -21.340  86.701 0.0000000000
56467  2.864  -21.425  86.579 0.0000000000
53514  3.925  -24.320  86.988 0.0000000000
52455  3.623  -26.029  85.143 0.0000000000
53513  4.271  -25.193  86.828 0.0000000000
54349  0.426  -23.166  94.214 0.0000000000
146077  0.898  -23.292  95.601 0.0000000000
65701  -30.656  -12.375  87.679 0.0000000000
65711  -30.117  -12.636  86.445 0.0000000000
66726  -30.292  -11.850  86.941 0.0000000000
129723  -30.024  -10.910  86.326 0.0000000000
128223  -45.525  1.742  70.757 0.0000000000
79964  -45.923  0.791  68.246 0.0000000000
79958  -47.978  2.147  69.014 0.0000000000
67660  4.248  -10.556  93.864 0.0000000000
143802  3.611  -12.586  92.901 0.0000000000
65638  4.953  -12.812  93.875 0.0000000000
69864  -38.206  -8.322  77.379 0.0000000000
150245  -38.334  -7.570  78.545 0.0000000000
67835  -36.005  -10.077  77.169 0.0000000000
67871  -36.090  -10.535  75.372 0.0000000000
68830  -37.303  -9.392  76.437 0.0000000000
68831  -37.829  -8.861  76.039 0.0000000000
64608  -4.791  -14.022  93.646 0.0000000000
64609  -5.772  -14.323  93.575 0.0000000000
60539  -13.057  -16.965  94.171 0.0000000000
59522  -12.288  -17.874  93.238 0.0000000000
67773  5.111  -10.692  83.028 0.0000000000
66703  1.142  -10.018  87.955 0.0000000000
138011  3.262  -11.190  88.427 0.0000000000
65686  1.905  -11.838  88.237 0.0000000000
55540  4.109  -22.698  79.929 0.0000000000
56541  3.438  -21.331  79.880 0.0000000000
56558  5.004  -21.664  78.852 0.0000000000
67587  -0.047  -10.578  98.648 0.0000000000
65597  1.388  -12.720  97.765 0.0000000000
55323  6.685  -22.788  96.453 0.0000000000
57364  6.695  -20.924  96.622 0.0000000000
55339  7.562  -22.408  95.036 0.0000000000
56334  7.375  -21.811  94.370 0.0000000000
54347  7.788  -23.840  94.322 0.0000000000
62616  -29.528  -15.596  89.651 0.0000000000
61660  -29.376  -16.406  88.649 0.0000000000
62617  -29.993  -15.059  89.197 0.0000000000
134120  -30.324  -14.457  88.773 0.0000000000
59549  -22.918  -17.432  92.283 0.0000000000
59533  -22.477  -17.511  93.040 0.0000000000
126659  -21.931  -17.676  90.896 0.0000000000
59574  -20.616  -18.004  90.466 0.0000000000
78986  -44.336  0.987  73.093 0.0000000000
78036  -42.588  -0.766  73.058 0.0000000000
78050  -42.834  -0.541  71.123 0.0000000000
78046  -43.356  -0.070  71.801 0.0000000000
79000  -44.009  0.624  71.635 0.0000000000
69844  -34.446  -8.331  79.620 0.0000000000
70853  -35.361  -7.145  80.411 0.0000000000
70852  -34.542  -7.264  80.682 0.0000000000
68784  -33.162  -8.854  79.733 0.0000000000
67815  -32.869  -9.912  78.256 0.0000000000
140726  -33.558  -9.535  78.596 0.0000000000
68804  -34.311  -9.473  78.523 0.0000000000
72744  6.723  -5.751  86.220 0.0000000000
71771  6.375  -7.272  85.501 0.0000000000
70778  6.854  -7.595  86.524 0.0000000000
61658  -0.279  -15.621  87.852 0.0000000000
132607  -0.768  -15.703  87.030 0.0000000000
60626  0.725  -17.906  86.269 0.0000000000
55503  0.853  -23.363  84.516 0.0000000000
56486  0.325  -21.712  84.231 0.0000000000
55515  1.630  -23.667  82.518 0.0000000000
55528  2.559  -23.015  81.405 0.0000000000
53534  3.457  -24.694  81.391 0.0000000000
53533  4.570  -25.299  81.088 0.0000000000
60506  -0.342  -17.683  98.375 0.0000000000
137852  0.773  -17.554  98.992 0.0000000000
58414  1.027  -19.123  99.020 0.0000000000
131146  2.783  -23.168  97.175 0.0000000000
55295  2.818  -22.045  98.024 0.0000000000
53349  4.058  -23.794  97.028 0.0000000000
54302  5.234  -23.159  97.414 0.0000000000
70789  -30.083  -6.712  85.789 0.0000000000
68728  -28.622  -9.083  85.845 0.0000000000
142585  -28.485  -8.888  84.489 0.0000000000
69761  -28.937  -7.996  85.677 0.0000000000
70809  -29.140  -7.018  83.941 0.0000000000
63568  -15.949  -14.375  96.053 0.0000000000
62574  -14.755  -15.753  94.923 0.0000000000
61601  -15.418  -16.297  95.059 0.0000000000
131411  -20.270  -17.346  95.640 0.0000000000
60517  -18.889  -16.604  96.493 0.0000000000
59500  -19.012  -17.772  95.037 0.0000000000
149306  -16.446  -19.630  90.005 0.0000000000
58476  -16.632  -19.295  92.457 0.0000000000
57412  -15.973  -19.833  91.089 0.0000000000
135300  -15.060  -19.361  92.166 0.0000000000
57444  -14.307  -20.139  89.724 0.0000000000
57443  -13.500  -20.038  89.424 0.0000000000
137964  2.137  -10.078  93.173 0.0000000000
67679  1.284  -10.521  92.112 0.0000000000
67692  0.737  -10.280  91.126 0.0000000000
66678  0.963  -11.251  91.712 0.0000000000
64656  -0.069  -12.938  91.030 0.0000000000
64649  0.864  -12.949  91.571 0.0000000000
62603  3.621  -16.002  91.245 0.0000000000
62607  2.394  -16.078  90.585 0.0000000000
61647  3.617  -17.897  90.393 0.0000000000
60598  3.228  -18.584  89.676 0.0000000000
60587  4.088  -18.639  90.669 0.0000000000
71834  -40.472  -6.367  75.701 0.0000000000
130634  -41.034  -4.503  77.264 0.0000000000
146758  -40.359  -5.629  77.012 0.0000000000
69897  -39.329  -8.206  74.389 0.0000000000
69902  -39.093  -8.463  73.566 0.0000000000
70894  -39.783  -7.469  74.357 0.0000000000
71855  -40.408  -6.004  73.975 0.0000000000
63566  -1.668  -15.008  95.852 0.0000000000
59492  -3.513  -18.108  96.309 0.0000000000
59490  -2.822  -18.018  96.960 0.0000000000
58429  -2.600  -19.224  96.440 0.0000000000
57370  -1.722  -20.521  95.801 0.0000000000
56321  -1.891  -20.770  94.996 0.0000000000
58509  -9.230  -19.078  89.971 0.0000000000
58470  -9.845  -18.846  91.729 0.0000000000
58490  -9.039  -19.169  90.833 0.0000000000
58487  -6.625  -19.459  91.584 0.0000000000
58467  -7.277  -19.236  92.197 0.0000000000
58452  -7.021  -19.032  92.939 0.0000000000
60524  -7.404  -16.774  94.719 0.0000000000
59504  -6.642  -18.253  94.105 0.0000000000
59503  -5.700  -18.429  94.403 0.0000000000
58449  -4.759  -19.469  93.216 0.0000000000
56365  -2.399  -21.069  91.415 0.0000000000
71737  3.990  -6.841  88.013 0.0000000000
66719  4.495  -10.869  86.827 0.0000000000
68709  4.595  -9.259  86.954 0.0000000000
65694  5.045  -11.039  85.934 0.0000000000
66725  5.554  -10.788  85.956 0.0000000000
143154  4.199  -12.375  85.144 0.0000000000
62663  -1.175  -15.672  84.644 0.0000000000
62651  0.334  -14.687  84.824 0.0000000000
61693  0.204  -15.988  83.921 0.0000000000
59690  4.388  -18.194  81.975 0.0000000000
60663  3.047  -17.270  83.266 0.0000000000
143642  4.820  -16.388  82.634 0.0000000000
61705  5.171  -15.851  82.982 0.0000000000
60675  5.319  -16.919  81.543 0.0000000000
61742  5.787  -16.240  80.826 0.0000000000
133544  4.028  -10.932  97.163 0.0000000000
60500  3.220  -17.254  99.015 0.0000000000
62536  3.236  -15.753  99.051 0.0000000000
61567  4.153  -17.078  98.532 0.0000000000
60521  6.540  -17.664  95.625 0.0000000000
61576  5.967  -16.663  96.882 0.0000000000
62557  6.048  -15.402  96.028 0.0000000000
64592  6.141  -13.731  96.015 0.0000000000
62567  6.191  -15.763  94.749 0.0000000000
62592  5.873  -15.724  93.695 0.0000000000
145266  5.688  -17.358  93.142 0.0000000000
133424  6.777  -22.009  91.952 0.0000000000
58485  5.710  -20.598  92.327 0.0000000000
132517  5.962  -21.736  90.765 0.0000000000
57452  5.674  -21.982  89.556 0.0000000000
134072  5.873  -23.384  89.783 0.0000000000
49012  8.275  -28.445  92.595 0.0000000000
51337  8.115  -26.834  91.767 0.0000000000
134809  -29.824  -14.415  91.802 0.0000000000
59595  -27.157  -18.250  89.101 0.0000000000
59610  -28.007  -18.030  87.979 0.0000000000
60593  -28.349  -17.368  89.325 0.0000000000
61641  -29.037  -16.107  90.083 0.0000000000
59562  -24.092  -17.588  91.052 0.0000000000
59579  -25.387  -17.804  90.280 0.0000000000
59580  -26.102  -18.066  89.921 0.0000000000
60564  -24.638  -17.311  92.623 0.0000000000
78018  -43.358  -0.384  74.463 0.0000000000
74986  -38.860  -3.281  71.596 0.0000000000
76010  -40.031  -2.161  71.625 0.0000000000
77039  -40.741  -1.669  70.149 0.0000000000
77031  -41.053  -1.553  72.426 0.0000000000
77024  -42.085  -1.295  73.468 0.0000000000
69823  -33.231  -8.152  80.375 0.0000000000
70843  -34.243  -7.156  81.544 0.0000000000
70828  -33.997  -7.112  82.379 0.0000000000
71782  -34.126  -6.365  83.682 0.0000000000
69817  -27.561  -8.474  81.147 0.0000000000
69818  -28.191  -8.233  80.880 0.0000000000
69841  -29.539  -8.807  79.843 0.0000000000
68780  -29.896  -9.218  79.016 0.0000000000
68800  -30.575  -9.637  78.408 0.0000000000
68760  -31.051  -8.742  79.821 0.0000000000
68761  -31.877  -8.670  80.112 0.0000000000
60625  2.061  -18.609  87.292 0.0000000000
59652  2.149  -18.961  85.635 0.0000000000
58597  2.782  -20.091  85.861 0.0000000000
55492  1.574  -22.258  86.029 0.0000000000
54531  2.384  -24.590  84.793 0.0000000000
52459  3.557  -25.703  82.771 0.0000000000
52458  3.475  -26.200  83.501 0.0000000000
51414  3.360  -26.922  83.952 0.0000000000
56300  -0.218  -21.165  97.078 0.0000000000
56294  1.034  -21.100  97.903 0.0000000000
55311  0.859  -22.185  96.908 0.0000000000
69749  -30.022  -8.287  86.954 0.0000000000
62653  -29.962  -15.004  85.837 0.0000000000
63669  -29.561  -15.061  84.578 0.0000000000
63670  -29.823  -14.197  85.555 0.0000000000
64696  -29.331  -13.099  84.349 0.0000000000
147047  -29.208  -12.356  84.170 0.0000000000
66740  -29.193  -10.912  85.288 0.0000000000
67748  -29.050  -9.616  86.412 0.0000000000
63570  -17.365  -14.857  96.940 0.0000000000
59547  -19.125  -18.607  92.216 0.0000000000
59546  -18.505  -18.827  92.934 0.0000000000
58515  -18.330  -19.081  90.847 0.0000000000
58525  -17.430  -19.248  89.681 0.0000000000
78067  -44.768  0.120  67.286 0.0000000000
78074  -46.293  -0.157  66.592 0.0000000000
79028  -47.503  0.136  66.790 0.0000000000
79032  -48.733  -0.099  65.955 0.0000000000
66667  2.449  -11.193  92.744 0.0000000000
144613  1.713  -12.904  91.826 0.0000000000
64634  3.022  -12.936  92.308 0.0000000000
63612  3.778  -14.412  92.268 0.0000000000
62602  4.129  -16.544  91.570 0.0000000000
70875  -39.461  -7.469  76.520 0.0000000000
70872  -39.144  -7.227  77.413 0.0000000000
67891  -35.668  -11.142  74.629 0.0000000000
140426  -36.768  -10.604  73.828 0.0000000000
67913  -37.381  -10.308  72.728 0.0000000000
68841  -37.673  -9.786  74.777 0.0000000000
69877  -38.489  -8.500  75.672 0.0000000000
63590  -2.498  -14.093  94.460 0.0000000000
63591  -3.420  -14.224  94.367 0.0000000000
62569  -4.290  -15.370  95.416 0.0000000000
59493  -4.362  -17.907  95.925 0.0000000000
57439  -5.542  -20.133  89.623 0.0000000000
57406  -4.268  -20.005  91.276 0.0000000000
135578  2.956  -7.905  88.233 0.0000000000
70763  4.150  -7.835  88.368 0.0000000000
68701  3.630  -9.558  88.504 0.0000000000
65684  4.023  -11.407  87.916 0.0000000000
64667  3.016  -13.031  87.316 0.0000000000
57569  0.735  -20.480  81.770 0.0000000000
59693  0.889  -18.632  82.369 0.0000000000
58634  2.190  -19.625  81.220 0.0000000000
58633  3.285  -19.365  80.868 0.0000000000
58653  4.997  -19.737  80.159 0.0000000000
68602  -0.209  -9.162  99.237 0.0000000000
67581  1.333  -10.750  99.059 0.0000000000
136158  2.314  -11.921  98.123 0.0000000000
139720  5.080  -19.965  98.183 0.0000000000
59483  4.943  -17.709  98.271 0.0000000000
58422  6.204  -19.626  97.177 0.0000000000
58427  6.592  -19.320  96.320 0.0000000000
59495  6.779  -18.492  94.684 0.0000000000
59502  6.573  -19.068  93.662 0.0000000000
145155  7.033  -20.518  93.997 0.0000000000
135189  7.166  -22.267  92.660 0.0000000000
150486  7.093  -23.439  92.100 0.0000000000
60648  -29.389  -17.246  85.888 0.0000000000
60621  -29.058  -17.380  87.438 0.0000000000
61665  -29.509  -16.729  87.288 0.0000000000
139083  -29.812  -15.791  86.128 0.0000000000
63643  -30.368  -14.486  87.157 0.0000000000
139592  -30.504  -13.795  87.602 0.0000000000
60545  -21.132  -17.957  94.691 0.0000000000
144370  -23.127  -17.068  95.194 0.0000000000
60546  -21.938  -17.607  94.421 0.0000000000
147780  -20.197  -18.138  92.788 0.0000000000
59558  -20.324  -18.123  91.231 0.0000000000
140883  -42.381  -0.813  69.602 0.0000000000
79007  -43.754  0.182  70.170 0.0000000000
150999  -44.940  1.350  71.019 0.0000000000
132700  -36.237  -9.322  78.388 0.0000000000
69847  -37.003  -8.083  79.307 0.0000000000
69846  -36.210  -8.241  79.431 0.0000000000
67813  -31.096  -10.137  77.847 0.0000000000
67833  -34.006  -10.319  77.315 0.0000000000
67834  -35.303  -10.070  77.556 0.0000000000
58493  -12.152  -19.105  91.035 0.0000000000
58472  -11.575  -18.585  91.694 0.0000000000
124955  -10.878  -19.009  89.678 0.0000000000
124954  -10.275  -18.635  89.005 0.0000000000
70802  5.787  -8.530  84.673 0.0000000000
67763  5.457  -10.902  83.503 0.0000000000
65689  -0.914  -12.572  88.591 0.0000000000
65700  -0.165  -12.146  87.828 0.0000000000
63642  -1.161  -14.432  86.843 0.0000000000
132660  -1.155  -15.318  85.576 0.0000000000
59669  -1.322  -18.151  83.797 0.0000000000
143760  0.476  -19.726  85.016 0.0000000000
57522  0.063  -20.045  83.938 0.0000000000
57551  0.396  -20.416  82.345 0.0000000000
55530  1.404  -22.058  81.315 0.0000000000
63544  1.402  -14.380  97.883 0.0000000000
62538  1.047  -15.790  98.333 0.0000000000
139648  1.960  -17.901  99.126 0.0000000000
59478  3.174  -18.674  99.084 0.0000000000
57356  1.605  -20.583  98.332 0.0000000000
129136  3.275  -20.814  98.463 0.0000000000
57354  4.523  -20.614  98.348 0.0000000000
56290  5.057  -21.829  98.007 0.0000000000
54301  6.027  -23.037  97.156 0.0000000000
53358  6.619  -24.335  96.215 0.0000000000
70811  -31.483  -7.258  83.621 0.0000000000
70801  -32.640  -6.787  84.323 0.0000000000
70790  -31.931  -6.778  85.721 0.0000000000
62677  -28.995  -15.240  82.950 0.0000000000
68740  -27.988  -8.680  82.671 0.0000000000
138404  -29.487  -7.207  83.192 0.0000000000
135148  -13.685  -16.481  94.357 0.0000000000
60556  -13.591  -17.664  93.800 0.0000000000
134992  -19.323  -15.211  97.359 0.0000000000
61590  -18.296  -16.064  96.765 0.0000000000
61602  -17.376  -16.566  95.899 0.0000000000
59528  -18.010  -18.555  93.780 0.0000000000
59527  -17.145  -18.579  93.728 0.0000000000
60543  -16.685  -17.551  94.830 0.0000000000
59507  -14.980  -18.225  93.755 0.0000000000
58474  -14.411  -18.922  92.619 0.0000000000
138511  -13.083  -19.204  91.314 0.0000000000
58513  -13.192  -19.722  90.129 0.0000000000
79033  -49.489  0.249  65.629 0.0000000000
150186  -50.613  1.152  65.040 0.0000000000
79983  -51.697  1.944  64.308 0.0000000000
139258  1.662  -8.759  88.401 0.0000000000
68703  0.760  -9.297  88.593 0.0000000000
68694  1.073  -8.925  90.217 0.0000000000
67705  0.554  -9.622  89.808 0.0000000000
66704  -0.101  -10.933  89.590 0.0000000000
63624  -1.096  -13.346  90.063 0.0000000000
63629  -0.289  -14.849  89.327 0.0000000000
62623  1.372  -16.134  89.012 0.0000000000
63618  1.599  -14.477  91.268 0.0000000000
62608  1.480  -15.922  90.097 0.0000000000
60600  1.974  -17.205  88.507 0.0000000000
59615  2.780  -19.516  88.305 0.0000000000
59628  3.920  -20.400  87.897 0.0000000000
56431  5.459  -21.664  87.049 0.0000000000
73863  -41.330  -4.125  75.736 0.0000000000
68875  -38.346  -9.304  72.786 0.0000000000
69913  -38.548  -8.208  72.261 0.0000000000
70911  -38.665  -7.177  72.094 0.0000000000
131097  -39.514  -6.389  72.974 0.0000000000
72860  -40.386  -5.129  73.814 0.0000000000
62548  -0.747  -15.965  96.898 0.0000000000
60507  -1.060  -17.502  98.012 0.0000000000
62559  -2.008  -15.663  96.507 0.0000000000
60510  -1.587  -17.423  97.495 0.0000000000
146731  -1.365  -19.402  97.433 0.0000000000
55341  -0.702  -21.691  95.130 0.0000000000
59542  -11.048  -18.249  92.306 0.0000000000
59520  -10.533  -18.021  92.948 0.0000000000
130864  -9.637  -17.057  94.273 0.0000000000
58468  -8.134  -19.180  91.951 0.0000000000
59518  -8.809  -18.426  92.972 0.0000000000
61609  -9.183  -16.310  94.620 0.0000000000
139612  -8.849  -14.672  94.073 0.0000000000
64611  -7.695  -14.244  93.581 0.0000000000
64610  -6.782  -14.292  93.631 0.0000000000
61599  -5.905  -16.266  95.279 0.0000000000
59494  -5.002  -17.816  95.629 0.0000000000
58440  -3.770  -19.489  94.508 0.0000000000
57396  -3.558  -20.111  92.523 0.0000000000
57386  -3.267  -20.082  93.435 0.0000000000
57385  -2.539  -20.376  93.719 0.0000000000
56355  -1.506  -21.514  92.732 0.0000000000
71736  5.637  -6.246  88.478 0.0000000000
70762  5.197  -7.929  88.689 0.0000000000
70761  5.788  -8.095  88.398 0.0000000000
70760  6.069  -8.294  87.468 0.0000000000
133368  5.844  -9.455  86.073 0.0000000000
67746  6.312  -10.718  85.361 0.0000000000
65725  4.626  -12.510  83.421 0.0000000000
64679  1.002  -13.328  86.603 0.0000000000
63650  1.658  -14.022  86.191 0.0000000000
63665  3.302  -14.296  85.315 0.0000000000
60664  1.706  -17.358  83.165 0.0000000000
62659  3.212  -15.102  84.210 0.0000000000
63664  3.781  -13.821  84.361 0.0000000000
63663  4.115  -13.575  84.061 0.0000000000
63674  4.964  -14.124  83.164 0.0000000000
64707  4.952  -13.705  82.672 0.0000000000
136207  5.640  -15.320  81.782 0.0000000000
64571  2.064  -13.456  98.354 0.0000000000
138307  3.091  -13.724  98.556 0.0000000000
64569  3.784  -13.359  98.434 0.0000000000
61571  5.187  -16.896  97.845 0.0000000000
62539  5.126  -14.923  98.099 0.0000000000
141971  4.786  -12.500  97.977 0.0000000000
65604  5.895  -12.308  96.882 0.0000000000
65625  6.182  -12.486  95.543 0.0000000000
66642  5.739  -12.048  94.787 0.0000000000
136353  5.463  -14.379  93.577 0.0000000000
62597  4.762  -16.324  92.645 0.0000000000
61630  4.652  -17.968  91.734 0.0000000000
59538  5.260  -19.491  92.828 0.0000000000
59556  4.854  -19.551  92.044 0.0000000000
60586  4.536  -19.188  91.042 0.0000000000
59600  4.996  -19.879  89.931 0.0000000000
56397  5.394  -22.208  88.352 0.0000000000
129393  5.840  -23.267  87.597 0.0000000000
138206  7.863  -26.171  95.013 0.0000000000
51309  8.121  -26.988  94.215 0.0000000000
52370  8.071  -26.241  94.407 0.0000000000
53404  8.063  -25.088  93.244 0.0000000000
52391  7.589  -25.363  92.236 0.0000000000
126893  6.976  -24.613  90.486 0.0000000000
51353  7.425  -26.635  89.469 0.0000000000
53457  6.463  -24.613  89.431 0.0000000000
52432  5.993  -24.853  88.710 0.0000000000
53486  5.728  -24.392  88.181 0.0000000000
150889  5.175  -25.320  87.504 0.0000000000
51384  3.704  -27.074  86.565 0.0000000000
50268  3.263  -27.731  85.629 0.0000000000
61627  -27.458  -16.408  92.336 0.0000000000
62594  -28.112  -15.725  92.883 0.0000000000
61623  -27.269  -16.073  93.259 0.0000000000
60566  -26.883  -16.969  91.901 0.0000000000
61632  -27.663  -16.733  91.540 0.0000000000
61619  -26.894  -15.898  94.120 0.0000000000
75970  -41.935  -2.036  75.865 0.0000000000
75986  -41.184  -2.819  74.944 0.0000000000
74960  -40.599  -3.047  74.285 0.0000000000
70827  -32.183  -7.457  82.800 0.0000000000
147154  4.748  -22.064  86.578 0.0000000000
54498  4.878  -23.001  86.524 0.0000000000
127806  0.710  -23.611  93.798 0.0000000000
66654  4.604  -11.321  93.892 0.0000000000
140510  4.893  -11.988  93.977 0.0000000000
69863  -37.639  -8.727  77.787 0.0000000000
69857  -38.073  -8.175  78.220 0.0000000000
69856  -37.433  -8.425  78.663 0.0000000000
68818  -36.517  -9.528  77.632 0.0000000000
68829  -36.663  -9.749  76.775 0.0000000000
68819  -37.169  -9.241  77.273 0.0000000000
69870  -37.729  -8.821  76.901 0.0000000000
64650  -5.961  -13.229  91.473 0.0000000000
64621  -5.155  -13.806  92.834 0.0000000000
64622  -6.161  -13.952  92.871 0.0000000000
60555  -12.849  -17.573  93.677 0.0000000000
66759  4.883  -11.203  83.110 0.0000000000
67778  4.569  -11.057  82.831 0.0000000000
66713  1.153  -11.089  88.114 0.0000000000
65687  0.695  -11.717  88.154 0.0000000000
126217  4.425  -22.199  79.355 0.0000000000
65598  0.692  -12.053  97.623 0.0000000000
55322  7.223  -22.104  95.848 0.0000000000
128158  7.666  -23.306  94.908 0.0000000000
133106  7.760  -24.068  94.906 0.0000000000
63625  -29.925  -14.947  89.990 0.0000000000
63631  -30.292  -14.403  89.552 0.0000000000
59560  -22.458  -17.537  91.531 0.0000000000
78979  -44.287  0.768  73.912 0.0000000000
78027  -43.285  -0.347  73.626 0.0000000000
78037  -43.259  -0.275  72.715 0.0000000000
78985  -43.804  0.326  73.340 0.0000000000
78991  -43.827  0.509  72.466 0.0000000000
69825  -34.922  -7.721  80.033 0.0000000000
69824  -34.071  -7.820  80.195 0.0000000000
68803  -33.024  -9.389  79.072 0.0000000000
131348  -33.873  -9.042  79.250 0.0000000000
73740  6.044  -4.418  88.042 0.0000000000
72732  6.561  -5.371  87.042 0.0000000000
71758  6.970  -6.600  86.601 0.0000000000
71746  6.468  -6.232  87.576 0.0000000000
61657  0.733  -16.259  88.249 0.0000000000
129077  0.141  -16.366  87.425 0.0000000000
60613  0.430  -17.121  86.881 0.0000000000
54532  1.684  -24.470  83.634 0.0000000000
55504  0.630  -22.781  83.541 0.0000000000
54542  2.541  -24.495  82.192 0.0000000000
52466  3.821  -25.298  81.512 0.0000000000
59482  -0.001  -18.389  98.622 0.0000000000
58419  0.537  -19.561  98.505 0.0000000000
54315  3.258  -23.704  96.793 0.0000000000
69763  -29.831  -6.822  86.906 0.0000000000
126962  -30.847  -6.827  86.431 0.0000000000
69750  -30.565  -7.298  87.243 0.0000000000
60659  -29.336  -17.095  85.006 0.0000000000
70788  -29.338  -7.016  85.404 0.0000000000
63569  -16.703  -14.514  96.611 0.0000000000
62576  -16.186  -15.343  96.050 0.0000000000
62575  -15.550  -15.551  95.344 0.0000000000
130926  -16.098  -16.163  95.535 0.0000000000
59501  -19.880  -17.941  95.086 0.0000000000
59512  -19.384  -18.118  94.433 0.0000000000
57446  -15.878  -19.804  89.783 0.0000000000
57430  -16.287  -19.709  90.492 0.0000000000
148726  -15.684  -19.883  90.502 0.0000000000
57411  -15.157  -19.875  90.937 0.0000000000
57429  -15.073  -20.026  90.128 0.0000000000
127693  -14.154  -20.203  89.000 0.0000000000
67678  1.918  -10.564  92.765 0.0000000000
68677  1.501  -9.859  92.559 0.0000000000
65647  1.414  -12.146  91.931 0.0000000000
62606  3.950  -17.040  90.957 0.0000000000
61638  3.737  -17.359  90.536 0.0000000000
60588  3.611  -18.336  90.265 0.0000000000
61646  3.982  -18.298  90.729 0.0000000000
72829  -40.705  -5.562  76.318 0.0000000000
71831  -40.266  -6.263  76.549 0.0000000000
137039  -39.656  -7.752  74.952 0.0000000000
70877  -40.195  -7.133  75.149 0.0000000000
125463  -40.512  -6.267  74.787 0.0000000000
59491  -2.933  -18.605  96.577 0.0000000000
58434  -2.807  -19.559  95.722 0.0000000000
57371  -2.391  -20.228  95.433 0.0000000000
57372  -3.133  -19.986  95.065 0.0000000000
58523  -8.535  -18.949  89.360 0.0000000000
58508  -8.391  -19.217  90.250 0.0000000000
58486  -5.697  -19.529  91.856 0.0000000000
58466  -6.449  -19.261  92.366 0.0000000000
58451  -6.244  -19.046  93.045 0.0000000000
59516  -6.624  -18.634  93.388 0.0000000000
58443  -5.969  -18.759  93.668 0.0000000000
58465  -5.140  -19.467  92.528 0.0000000000
71748  3.079  -6.587  87.302 0.0000000000
65710  4.250  -11.920  85.953 0.0000000000
65695  4.626  -11.274  86.159 0.0000000000
64675  4.608  -11.785  85.530 0.0000000000
61711  -1.212  -16.852  83.593 0.0000000000
61694  -1.000  -16.090  83.939 0.0000000000
61710  -0.401  -16.748  83.463 0.0000000000
60676  4.727  -17.178  82.202 0.0000000000
60689  5.346  -17.375  81.119 0.0000000000
59704  4.981  -18.012  80.978 0.0000000000
67578  2.437  -10.464  97.778 0.0000000000
148904  3.321  -11.159  97.836 0.0000000000
59477  3.740  -17.885  98.900 0.0000000000
60499  3.849  -17.340  98.761 0.0000000000
60504  4.303  -17.563  98.491 0.0000000000
61583  6.158  -16.313  96.108 0.0000000000
61597  6.365  -16.843  95.525 0.0000000000
137926  6.180  -16.011  95.438 0.0000000000
61608  6.326  -16.590  94.659 0.0000000000
61620  6.128  -16.355  93.852 0.0000000000
60550  6.291  -17.390  93.677 0.0000000000
55412  6.420  -22.899  91.253 0.0000000000
125770  6.067  -22.240  91.049 0.0000000000
55425  5.836  -22.990  90.469 0.0000000000
143095  5.664  -22.920  89.929 0.0000000000
46892  8.304  -30.293  92.413 0.0000000000
47893  8.318  -29.397  92.415 0.0000000000
47913  8.273  -29.653  91.596 0.0000000000
62605  -29.389  -15.233  91.480 0.0000000000
60592  -27.668  -17.715  89.607 0.0000000000
61633  -28.331  -16.432  91.254 0.0000000000
61640  -28.513  -16.597  90.479 0.0000000000
62604  -28.907  -15.959  90.905 0.0000000000
62609  -29.448  -15.468  90.461 0.0000000000
60568  -24.291  -17.431  91.751 0.0000000000
59578  -24.435  -17.734  90.402 0.0000000000
59563  -24.841  -17.531  91.060 0.0000000000
135375  -26.897  -17.558  90.621 0.0000000000
59594  -26.361  -18.328  89.265 0.0000000000
60565  -25.476  -17.147  92.556 0.0000000000
136304  -25.107  -17.147  93.167 0.0000000000
78004  -43.407  -0.282  75.365 0.0000000000
72866  -39.172  -5.420  72.707 0.0000000000
72865  -38.449  -4.775  72.347 0.0000000000
73892  -38.983  -4.459  72.634 0.0000000000
74979  -39.098  -3.221  72.313 0.0000000000
76003  -39.612  -2.490  72.437 0.0000000000
76009  -39.341  -2.752  71.828 0.0000000000
145118  -40.656  -1.621  71.807 0.0000000000
77030  -40.285  -1.947  72.437 0.0000000000
77016  -42.182  -1.373  74.387 0.0000000000
78026  -42.643  -0.851  73.947 0.0000000000
70842  -33.467  -7.441  81.822 0.0000000000
70813  -33.330  -6.884  83.671 0.0000000000
70814  -33.858  -6.956  83.085 0.0000000000
69804  -27.981  -7.906  81.674 0.0000000000
69805  -28.746  -7.887  81.414 0.0000000000
69819  -29.165  -8.331  80.623 0.0000000000
69842  -30.329  -8.890  79.635 0.0000000000
69808  -32.320  -8.051  81.495 0.0000000000
148496  -31.788  -8.403  80.672 0.0000000000
69822  -32.359  -8.282  80.746 0.0000000000
68762  -32.620  -8.606  80.107 0.0000000000
59651  2.617  -19.489  85.892 0.0000000000
58582  3.070  -20.409  86.156 0.0000000000
55484  2.593  -22.723  86.525 0.0000000000
54516  2.540  -23.808  86.150 0.0000000000
54517  1.726  -23.598  85.468 0.0000000000
134229  3.061  -25.178  84.217 0.0000000000
53523  3.370  -25.605  84.603 0.0000000000
50275  3.604  -27.426  83.671 0.0000000000
50276  3.203  -27.755  84.515 0.0000000000
56310  -0.510  -21.348  96.423 0.0000000000
56309  0.156  -21.830  96.610 0.0000000000
55325  0.507  -22.540  96.175 0.0000000000
63654  -30.163  -14.352  86.349 0.0000000000
146882  -29.716  -14.827  85.179 0.0000000000
65720  -29.663  -12.518  85.652 0.0000000000
64697  -29.553  -13.290  85.208 0.0000000000
65726  -29.330  -12.422  84.908 0.0000000000
126879  -29.181  -11.542  84.544 0.0000000000
67740  -29.817  -10.084  86.691 0.0000000000
126492  -29.294  -10.308  86.238 0.0000000000
63554  -17.521  -14.017  97.025 0.0000000000
62550  -18.028  -14.736  97.183 0.0000000000
58516  -19.035  -18.632  90.903 0.0000000000
58499  -18.743  -18.940  91.576 0.0000000000
137875  -44.261  0.453  68.831 0.0000000000
79019  -44.509  0.352  68.084 0.0000000000
79965  -46.595  1.364  68.592 0.0000000000
79025  -46.195  0.401  67.361 0.0000000000
149248  -46.831  0.093  66.904 0.0000000000
79026  -47.743  0.667  67.368 0.0000000000
79022  -47.368  1.140  68.061 0.0000000000
142089  2.954  -11.981  92.594 0.0000000000
137367  4.244  -13.186  93.267 0.0000000000
64633  3.675  -13.508  92.616 0.0000000000
63615  3.917  -15.434  91.912 0.0000000000
63611  4.333  -14.864  92.390 0.0000000000
69872  -38.976  -8.000  76.093 0.0000000000
67869  -34.851  -10.805  75.978 0.0000000000
67892  -36.455  -10.652  74.508 0.0000000000
67893  -37.169  -10.259  74.282 0.0000000000
69871  -38.289  -8.366  76.494 0.0000000000
68842  -38.145  -9.163  75.231 0.0000000000
64607  -3.825  -13.755  93.697 0.0000000000
63580  -5.011  -14.965  95.042 0.0000000000
63592  -4.432  -14.398  94.402 0.0000000000
62561  -4.553  -16.155  95.684 0.0000000000
61587  -4.581  -16.884  96.081 0.0000000000
57424  -5.361  -20.052  90.404 0.0000000000
57438  -4.818  -20.349  89.856 0.0000000000
69714  2.905  -8.915  88.504 0.0000000000
69724  3.572  -8.543  88.410 0.0000000000
65685  3.007  -11.833  88.228 0.0000000000
65697  3.533  -12.201  87.405 0.0000000000
56543  1.810  -21.021  80.970 0.0000000000
58635  1.249  -19.984  81.635 0.0000000000
57567  1.848  -20.297  81.035 0.0000000000
57581  3.993  -20.812  79.664 0.0000000000
57582  3.186  -20.704  80.263 0.0000000000
58654  4.087  -20.083  80.330 0.0000000000
58632  4.614  -19.219  80.720 0.0000000000
142722  4.762  -20.309  79.771 0.0000000000
57597  5.154  -20.812  78.577 0.0000000000
67586  0.692  -10.951  98.729 0.0000000000
66588  1.485  -11.223  98.451 0.0000000000
131494  2.029  -11.136  98.206 0.0000000000
148297  5.908  -20.878  97.576 0.0000000000
57360  5.706  -20.161  97.645 0.0000000000
57359  6.283  -20.487  97.197 0.0000000000
146757  6.981  -20.636  96.087 0.0000000000
132740  6.600  -20.149  96.623 0.0000000000
57369  6.964  -20.006  95.716 0.0000000000
58433  6.943  -19.231  95.241 0.0000000000
58432  7.128  -20.097  94.661 0.0000000000
58439  6.957  -19.408  94.134 0.0000000000
57373  7.203  -20.966  94.582 0.0000000000
53405  7.628  -23.693  93.572 0.0000000000
56346  7.240  -21.969  93.402 0.0000000000
55385  7.292  -22.876  93.128 0.0000000000
55403  7.159  -22.880  92.126 0.0000000000
54380  7.322  -23.621  92.739 0.0000000000
60647  -28.932  -17.753  85.383 0.0000000000
60630  -28.896  -17.821  86.212 0.0000000000
148636  -28.468  -17.450  88.800 0.0000000000
60606  -28.592  -17.491  88.199 0.0000000000
62632  -29.719  -16.015  87.976 0.0000000000
61672  -29.601  -16.607  86.439 0.0000000000
62637  -29.794  -15.895  87.003 0.0000000000
62638  -30.113  -15.133  86.665 0.0000000000
64662  -30.554  -13.680  88.457 0.0000000000
127549  -24.484  -18.229  88.347 0.0000000000
134826  -21.119  -17.422  95.450 0.0000000000
125402  -21.840  -17.431  95.150 0.0000000000
147019  -23.808  -17.082  94.568 0.0000000000
127982  -21.620  -17.618  92.866 0.0000000000
59532  -21.927  -17.659  93.670 0.0000000000
59531  -21.124  -17.924  93.457 0.0000000000
145824  -20.826  -17.964  92.650 0.0000000000
146497  -20.046  -18.258  92.115 0.0000000000
126208  -20.909  -17.954  91.813 0.0000000000
144551  -20.244  -18.095  90.062 0.0000000000
79937  -45.197  2.003  72.628 0.0000000000
77040  -41.373  -1.394  70.524 0.0000000000
78053  -42.570  -0.697  70.250 0.0000000000
78054  -42.967  -0.395  69.565 0.0000000000
150963  -43.399  -0.132  69.855 0.0000000000
79011  -43.674  0.149  69.291 0.0000000000
78992  -44.374  1.159  72.291 0.0000000000
79001  -44.605  1.248  71.592 0.0000000000
79936  -44.810  1.584  72.210 0.0000000000
79944  -45.360  1.850  71.707 0.0000000000
70829  -34.560  -6.784  82.048 0.0000000000
68801  -31.397  -9.612  78.587 0.0000000000
68785  -34.847  -9.002  79.126 0.0000000000
67817  -34.592  -10.007  77.868 0.0000000000
68805  -35.270  -9.529  78.371 0.0000000000
68817  -35.861  -9.774  77.871 0.0000000000
58511  -11.528  -19.078  90.335 0.0000000000
126297  -11.703  -19.098  89.539 0.0000000000
71766  5.989  -6.576  84.992 0.0000000000
70791  5.969  -8.132  85.365 0.0000000000
148125  5.903  -8.835  85.259 0.0000000000
69764  5.931  -9.337  84.556 0.0000000000
68729  6.141  -10.103  84.392 0.0000000000
132719  -1.294  -13.374  88.288 0.0000000000
137115  -1.303  -14.005  87.602 0.0000000000
60614  -0.673  -17.172  85.912 0.0000000000
148984  -1.132  -15.749  86.295 0.0000000000
128744  -1.558  -16.822  85.072 0.0000000000
59655  -0.923  -18.199  84.634 0.0000000000
58598  1.840  -19.534  85.279 0.0000000000
58584  1.536  -19.243  85.339 0.0000000000
148877  0.840  -20.065  85.462 0.0000000000
55505  0.574  -22.321  82.853 0.0000000000
56470  0.176  -20.451  84.361 0.0000000000
56488  0.172  -20.553  83.139 0.0000000000
58610  -0.065  -19.623  83.148 0.0000000000
56503  0.266  -21.209  82.270 0.0000000000
56523  0.537  -21.044  81.636 0.0000000000
55518  0.655  -21.698  81.659 0.0000000000
54551  4.076  -24.119  80.757 0.0000000000
54558  3.838  -23.455  80.603 0.0000000000
52465  3.872  -26.251  82.349 0.0000000000
145924  4.295  -25.921  81.668 0.0000000000
62542  0.909  -15.202  97.781 0.0000000000
61573  0.542  -16.394  98.349 0.0000000000
59480  1.521  -18.550  99.126 0.0000000000
135865  1.463  -17.204  99.092 0.0000000000
133896  2.836  -17.894  99.086 0.0000000000
58412  2.695  -19.417  99.043 0.0000000000
56293  1.785  -21.348  98.047 0.0000000000
55294  3.563  -22.017  98.155 0.0000000000
56292  3.105  -21.410  98.279 0.0000000000
56291  3.880  -21.244  98.368 0.0000000000
136605  3.772  -20.381  98.549 0.0000000000
142256  4.616  -21.310  98.234 0.0000000000
54314  5.650  -23.796  97.076 0.0000000000
53359  6.000  -24.456  96.670 0.0000000000
54313  6.328  -23.694  96.626 0.0000000000
70800  -31.772  -7.045  84.360 0.0000000000
144927  -31.198  -6.856  85.270 0.0000000000
62671  -29.351  -15.414  83.865 0.0000000000
150116  -29.231  -14.895  83.450 0.0000000000
68733  -28.199  -8.605  83.732 0.0000000000
125016  -28.309  -9.625  83.104 0.0000000000
70798  -29.664  -6.921  84.588 0.0000000000
70810  -30.290  -7.208  83.650 0.0000000000
142138  -14.959  -16.385  94.759 0.0000000000
61614  -14.452  -16.521  94.499 0.0000000000
60540  -13.982  -17.109  94.178 0.0000000000
60557  -14.404  -17.776  94.014 0.0000000000
60529  -18.672  -17.270  95.804 0.0000000000
60516  -18.084  -16.670  96.182 0.0000000000
61589  -17.545  -16.065  96.385 0.0000000000
60528  -17.726  -17.089  95.587 0.0000000000
58498  -18.058  -19.268  91.699 0.0000000000
58478  -17.893  -19.226  92.429 0.0000000000
58456  -16.881  -19.064  93.126 0.0000000000
59526  -16.338  -18.663  93.614 0.0000000000
59509  -16.515  -18.183  94.291 0.0000000000
59508  -15.723  -18.256  94.066 0.0000000000
59525  -15.570  -18.678  93.433 0.0000000000
57410  -14.369  -19.660  91.182 0.0000000000
58494  -14.337  -19.333  91.863 0.0000000000
124281  -13.490  -19.010  92.097 0.0000000000
57409  -13.792  -19.337  91.431 0.0000000000
125134  -12.913  -19.389  90.691 0.0000000000
57458  -13.608  -20.057  88.507 0.0000000000
57457  -12.800  -19.614  88.797 0.0000000000
127430  -49.324  0.677  66.438 0.0000000000
79978  -51.100  1.552  64.880 0.0000000000
132864  -51.781  2.057  64.951 0.0000000000
70752  1.263  -7.871  89.699 0.0000000000
68702  1.208  -8.869  88.596 0.0000000000
70737  0.847  -8.058  91.818 0.0000000000
69702  0.948  -8.538  91.143 0.0000000000
66679  0.455  -11.099  91.020 0.0000000000
124729  0.928  -9.395  90.726 0.0000000000
67693  0.154  -10.453  90.201 0.0000000000
65670  -0.581  -11.889  89.973 0.0000000000
137081  -0.191  -12.224  90.683 0.0000000000
143693  0.587  -13.861  91.029 0.0000000000
63623  -0.593  -13.626  90.555 0.0000000000
141895  -0.125  -14.470  90.310 0.0000000000
62615  0.646  -15.540  89.424 0.0000000000
63628  0.555  -15.124  89.938 0.0000000000
64647  2.370  -13.308  91.899 0.0000000000
64648  1.563  -13.617  91.606 0.0000000000
144952  2.321  -14.948  91.421 0.0000000000
62614  2.569  -16.598  90.075 0.0000000000
61656  2.108  -16.841  88.961 0.0000000000
126775  2.379  -17.518  89.052 0.0000000000
60612  2.346  -18.854  88.320 0.0000000000
60599  2.606  -18.306  89.104 0.0000000000
59602  3.588  -19.245  89.352 0.0000000000
59614  3.367  -19.741  88.583 0.0000000000
58546  4.712  -20.560  87.902 0.0000000000
58562  4.941  -21.094  87.342 0.0000000000
74940  -41.384  -3.576  76.386 0.0000000000
73860  -41.215  -4.307  76.536 0.0000000000
68867  -37.952  -9.798  73.110 0.0000000000
69903  -39.485  -7.728  73.702 0.0000000000
128417  -38.709  -8.707  72.872 0.0000000000
70898  -39.143  -7.820  72.894 0.0000000000
70904  -39.253  -7.002  72.681 0.0000000000
71861  -38.875  -6.243  72.370 0.0000000000
72849  -40.752  -5.432  74.515 0.0000000000
73862  -41.237  -4.783  75.067 0.0000000000
73875  -40.781  -4.575  74.334 0.0000000000
133421  -0.813  -16.474  97.038 0.0000000000
61575  -0.966  -16.934  97.339 0.0000000000
63578  -3.049  -14.670  95.076 0.0000000000
63567  -2.761  -15.169  95.936 0.0000000000
131195  -2.932  -15.909  96.553 0.0000000000
58426  -2.459  -18.758  97.099 0.0000000000
60511  -2.369  -17.178  97.167 0.0000000000
59489  -2.103  -18.058  97.364 0.0000000000
58425  -1.800  -18.817  97.496 0.0000000000
57363  -1.215  -20.065  97.193 0.0000000000
57366  -1.543  -20.290  96.564 0.0000000000
56320  -1.237  -21.087  95.418 0.0000000000
55366  -0.673  -21.967  94.201 0.0000000000
55365  -0.025  -22.643  94.218 0.0000000000
130789  -0.296  -22.403  93.596 0.0000000000
58492  -11.148  -18.910  91.081 0.0000000000
58471  -10.678  -18.600  91.681 0.0000000000
59541  -10.180  -18.388  92.317 0.0000000000
59519  -9.671  -18.170  93.004 0.0000000000
60552  -10.042  -17.544  93.529 0.0000000000
129115  -7.588  -19.361  90.529 0.0000000000
58488  -7.467  -19.359  91.368 0.0000000000
128314  -8.132  -18.124  93.473 0.0000000000
58453  -7.931  -18.834  92.782 0.0000000000
60551  -9.037  -17.717  93.701 0.0000000000
60536  -8.766  -17.055  94.430 0.0000000000
130336  -9.043  -15.411  94.431 0.0000000000
60525  -8.239  -16.477  94.629 0.0000000000
142266  -7.591  -16.067  94.880 0.0000000000
62582  -7.565  -15.452  94.648 0.0000000000
63595  -7.389  -14.732  94.250 0.0000000000
63582  -6.772  -15.212  94.702 0.0000000000
63594  -6.366  -14.761  94.232 0.0000000000
62571  -6.372  -15.694  95.058 0.0000000000
58442  -5.134  -19.090  93.949 0.0000000000
59497  -5.405  -18.111  95.171 0.0000000000
58437  -4.926  -18.660  94.712 0.0000000000
59496  -4.619  -18.288  95.344 0.0000000000
139847  -4.470  -19.131  94.389 0.0000000000
57422  -3.705  -20.236  90.719 0.0000000000
132461  -4.133  -20.029  91.973 0.0000000000
57405  -3.574  -20.196  91.553 0.0000000000
56357  -2.916  -20.536  91.966 0.0000000000
57395  -2.717  -20.367  92.860 0.0000000000
56348  -2.101  -20.964  93.242 0.0000000000
71747  3.830  -5.896  87.620 0.0000000000
72713  5.306  -5.214  88.354 0.0000000000
69723  4.455  -8.428  88.396 0.0000000000
68710  4.447  -8.919  87.656 0.0000000000
67725  4.959  -9.466  86.461 0.0000000000
139195  4.773  -8.864  86.970 0.0000000000
69721  5.288  -8.573  87.250 0.0000000000
148290  5.349  -8.684  86.724 0.0000000000
69731  5.667  -8.579  86.522 0.0000000000
135581  5.369  -9.015  86.245 0.0000000000
65719  4.649  -12.117  84.935 0.0000000000
66733  5.884  -11.193  85.489 0.0000000000
65718  5.146  -11.864  84.812 0.0000000000
138107  4.999  -11.885  84.031 0.0000000000
139724  4.684  -12.315  83.899 0.0000000000
64680  -0.241  -13.305  86.514 0.0000000000
64669  0.400  -12.748  87.203 0.0000000000
63667  0.988  -14.246  85.391 0.0000000000
63666  2.257  -14.488  85.624 0.0000000000
63649  2.881  -14.127  86.264 0.0000000000
60679  1.150  -18.004  82.604 0.0000000000
61707  3.502  -16.467  83.540 0.0000000000
61691  2.872  -15.992  84.105 0.0000000000
62648  3.402  -14.458  84.465 0.0000000000
62658  3.845  -14.616  83.793 0.0000000000
63675  4.358  -14.251  83.602 0.0000000000
61704  5.685  -15.712  82.599 0.0000000000
62669  5.725  -15.346  83.104 0.0000000000
63681  5.758  -14.903  83.151 0.0000000000
63680  5.701  -14.651  82.822 0.0000000000
138317  5.345  -14.360  82.450 0.0000000000
62681  5.814  -15.684  81.843 0.0000000000
67613  5.279  -9.911  96.396 0.0000000000
62541  1.556  -15.068  98.398 0.0000000000
63543  1.888  -14.238  98.418 0.0000000000
133479  2.061  -14.890  98.949 0.0000000000
63538  3.228  -14.758  98.985 0.0000000000
63537  3.835  -14.307  98.728 0.0000000000
65591  3.213  -12.813  98.283 0.0000000000
59488  5.521  -18.057  97.793 0.0000000000
60509  5.373  -17.378  97.768 0.0000000000
62544  5.837  -15.905  96.761 0.0000000000
62545  5.470  -15.408  97.407 0.0000000000
63550  5.490  -14.470  97.405 0.0000000000
63541  5.194  -14.051  97.918 0.0000000000
64582  5.446  -13.593  97.419 0.0000000000
65605  5.312  -12.590  97.454 0.0000000000
136367  5.806  -13.108  97.033 0.0000000000
64599  6.175  -13.416  95.271 0.0000000000
137444  6.238  -13.017  95.943 0.0000000000
66641  6.082  -12.006  95.242 0.0000000000
64604  5.945  -13.429  94.552 0.0000000000
64616  5.442  -13.527  94.009 0.0000000000
63589  5.789  -14.080  94.210 0.0000000000
62596  5.273  -16.718  93.075 0.0000000000
62593  5.431  -15.450  93.228 0.0000000000
61625  4.784  -17.476  92.349 0.0000000000
62601  4.392  -17.059  92.012 0.0000000000
61629  5.075  -18.227  92.178 0.0000000000
59514  6.440  -19.796  93.387 0.0000000000
59515  5.855  -19.345  93.262 0.0000000000
59537  5.760  -20.109  93.023 0.0000000000
58505  5.504  -20.599  91.782 0.0000000000
59570  5.112  -20.291  92.180 0.0000000000
125801  4.740  -19.006  91.574 0.0000000000
59571  4.788  -19.727  91.636 0.0000000000
59585  4.794  -19.811  90.956 0.0000000000
58521  5.471  -20.382  90.450 0.0000000000
149330  5.652  -22.886  88.890 0.0000000000
57453  5.494  -21.894  88.728 0.0000000000
55447  5.609  -22.651  88.458 0.0000000000
146799  5.706  -22.632  87.969 0.0000000000
55457  5.756  -23.061  88.276 0.0000000000
51294  7.310  -26.518  95.215 0.0000000000
48998  8.184  -28.358  93.401 0.0000000000
50142  8.178  -27.622  93.799 0.0000000000
51321  8.215  -26.778  93.593 0.0000000000
52381  8.134  -25.930  93.714 0.0000000000
51331  8.170  -26.078  92.986 0.0000000000
50185  8.112  -27.462  91.432 0.0000000000
133115  8.051  -26.187  92.174 0.0000000000
52397  7.705  -25.882  91.411 0.0000000000
52398  7.227  -24.963  91.245 0.0000000000
52405  7.369  -25.414  90.430 0.0000000000
52411  7.091  -25.360  89.467 0.0000000000
128671  6.955  -25.861  88.826 0.0000000000
52420  6.398  -25.039  88.998 0.0000000000
51369  6.295  -25.447  88.512 0.0000000000
51370  6.095  -25.980  87.866 0.0000000000
52434  5.456  -25.681  87.643 0.0000000000
52440  5.635  -24.640  87.792 0.0000000000
52441  4.827  -25.880  87.254 0.0000000000
62599  -28.686  -15.751  91.873 0.0000000000
62600  -28.905  -15.119  92.852 0.0000000000
62595  -28.459  -15.080  93.583 0.0000000000
60579  -27.462  -17.469  90.367 0.0000000000
125258  -26.004  -17.155  91.829 0.0000000000
60569  -25.699  -17.410  91.081 0.0000000000
60570  -26.509  -17.309  91.155 0.0000000000
61621  -25.743  -16.627  93.942 0.0000000000
77002  -42.354  -1.398  75.405 0.0000000000
78003  -43.001  -0.844  75.846 0.0000000000
128800  -40.235  -4.228  73.786 0.0000000000
146168  -39.668  -3.611  73.454 0.0000000000
150830  -40.187  -3.496  73.827 0.0000000000
74972  -39.987  -2.929  73.600 0.0000000000
75995  -40.544  -2.398  73.696 0.0000000000
77022  -40.692  -1.886  73.106 0.0000000000
145211  -41.128  -2.024  73.585 0.0000000000
69797  -32.691  -7.700  82.052 0.0000000000
70840  -29.220  -7.536  81.822 0.0000000000
70841  -30.028  -7.685  81.882 0.0000000000
124560  -30.667  -8.171  81.245 0.0000000000
69821  -31.234  -8.418  80.551 0.0000000000
58581  3.877  -21.061  86.608 0.0000000000
57519  3.627  -20.856  86.506 0.0000000000
56452  4.124  -21.418  86.666 0.0000000000
55483  3.775  -22.255  86.713 0.0000000000
54499  3.381  -23.453  86.826 0.0000000000
145334  3.678  -25.265  86.074 0.0000000000
146826  4.074  -26.067  86.231 0.0000000000
55364  0.321  -23.039  94.937 0.0000000000
55340  0.241  -22.673  95.498 0.0000000000
135255  0.787  -23.544  94.639 0.0000000000
53391  1.140  -24.144  94.224 0.0000000000
132418  -30.396  -12.866  87.242 0.0000000000
64690  -30.031  -13.428  85.962 0.0000000000
126970  -29.891  -11.713  86.027 0.0000000000
66734  -29.407  -10.884  85.813 0.0000000000
66727  -30.502  -10.888  87.126 0.0000000000
64576  -19.086  -13.090  97.608 0.0000000000
58526  -18.153  -18.583  89.073 0.0000000000
79013  -45.320  1.059  69.579 0.0000000000
79953  -45.841  1.671  69.915 0.0000000000
79957  -46.532  1.822  69.308 0.0000000000
80764  -47.648  2.891  70.221 0.0000000000
66655  4.008  -11.130  93.430 0.0000000000
143062  3.640  -11.763  93.065 0.0000000000
65639  4.268  -12.135  93.535 0.0000000000
70871  -38.566  -7.710  77.824 0.0000000000
136094  -35.501  -10.564  75.900 0.0000000000
67853  -36.046  -10.234  76.267 0.0000000000
67854  -36.748  -9.946  75.909 0.0000000000
128153  -37.482  -9.589  75.607 0.0000000000
64620  -4.212  -13.457  92.910 0.0000000000
64636  -4.772  -13.130  92.256 0.0000000000
63593  -5.409  -14.618  94.316 0.0000000000
61613  -13.031  -16.065  94.453 0.0000000000
68737  5.271  -9.782  83.038 0.0000000000
68738  4.572  -9.596  82.540 0.0000000000
128695  4.706  -10.476  82.626 0.0000000000
67717  1.804  -9.462  88.135 0.0000000000
67716  3.269  -10.018  88.610 0.0000000000
66702  2.824  -10.437  88.458 0.0000000000
66712  2.200  -10.959  87.974 0.0000000000
55551  3.378  -22.060  79.807 0.0000000000
56559  4.215  -21.500  79.380 0.0000000000
66592  0.848  -11.445  98.248 0.0000000000
66591  1.368  -11.918  98.071 0.0000000000
56308  6.706  -21.793  96.568 0.0000000000
56307  7.113  -21.276  95.996 0.0000000000
56318  7.367  -21.526  95.206 0.0000000000
55363  7.481  -22.852  94.122 0.0000000000
61651  -29.222  -16.284  89.329 0.0000000000
62626  -29.656  -15.742  88.862 0.0000000000
62627  -30.115  -15.177  88.374 0.0000000000
125178  -25.270  -18.428  88.556 0.0000000000
60558  -23.355  -17.438  93.101 0.0000000000
60547  -22.894  -17.411  94.093 0.0000000000
59548  -22.085  -17.533  92.242 0.0000000000
127706  -21.655  -17.672  91.616 0.0000000000
59559  -21.124  -17.806  91.059 0.0000000000
77037  -42.123  -0.918  71.617 0.0000000000
78045  -42.602  -0.562  72.126 0.0000000000
130620  -43.578  0.061  70.964 0.0000000000
69845  -35.312  -8.288  79.497 0.0000000000
70844  -35.023  -6.738  81.240 0.0000000000
68802  -32.225  -9.553  78.812 0.0000000000
67816  -33.757  -10.003  78.043 0.0000000000
58537  -11.313  -18.911  88.121 0.0000000000
71765  6.821  -6.477  85.771 0.0000000000
136646  6.997  -7.173  86.031 0.0000000000
69751  5.818  -8.661  85.708 0.0000000000
62625  -0.785  -14.843  88.261 0.0000000000
62631  -0.976  -14.921  87.338 0.0000000000
136559  -0.639  -16.404  86.571 0.0000000000
56485  0.645  -21.973  85.262 0.0000000000
55516  1.389  -22.891  82.203 0.0000000000
127418  3.017  -23.993  81.320 0.0000000000
53537  4.238  -24.698  80.853 0.0000000000
61574  -0.221  -16.439  97.907 0.0000000000
60502  0.275  -17.830  98.726 0.0000000000
59481  0.740  -18.349  99.013 0.0000000000
55309  2.395  -22.535  97.440 0.0000000000
55308  3.197  -22.592  97.685 0.0000000000
55307  3.981  -22.600  97.872 0.0000000000
133623  4.776  -22.561  97.828 0.0000000000
54303  4.452  -23.184  97.472 0.0000000000
53348  4.893  -23.811  97.165 0.0000000000
150152  -29.955  -6.800  85.073 0.0000000000
137043  -29.279  -13.723  83.685 0.0000000000
68730  -28.712  -9.504  85.021 0.0000000000
69774  -28.531  -8.466  85.109 0.0000000000
70796  -28.508  -7.454  84.057 0.0000000000
70797  -28.798  -7.428  84.810 0.0000000000
63584  -15.626  -14.890  95.590 0.0000000000
61615  -15.209  -16.965  94.624 0.0000000000
130617  -20.292  -16.848  96.273 0.0000000000
61591  -19.811  -16.338  96.680 0.0000000000
60518  -19.555  -17.072  96.186 0.0000000000
60530  -19.484  -17.458  95.520 0.0000000000
57413  -16.724  -19.562  91.124 0.0000000000
58497  -17.238  -19.422  91.882 0.0000000000
58496  -16.365  -19.548  91.744 0.0000000000
58475  -15.841  -19.340  92.315 0.0000000000
58495  -15.570  -19.605  91.626 0.0000000000
57428  -14.361  -20.023  90.515 0.0000000000
127362  -13.790  -20.057  90.119 0.0000000000
78081  -46.386  -0.716  65.793 0.0000000000
131044  1.159  -9.828  91.688 0.0000000000
65657  0.476  -12.029  91.267 0.0000000000
63616  3.077  -14.947  91.787 0.0000000000
63621  2.789  -15.633  91.101 0.0000000000
136410  3.295  -16.523  90.583 0.0000000000
61648  3.273  -17.202  90.093 0.0000000000
61655  3.030  -17.878  89.800 0.0000000000
60597  3.885  -18.794  90.017 0.0000000000
59601  4.318  -19.474  89.583 0.0000000000
72832  -40.872  -5.576  75.367 0.0000000000
72827  -40.697  -5.119  77.149 0.0000000000
138877  -38.899  -8.826  74.127 0.0000000000
145413  -39.826  -7.166  73.823 0.0000000000
71854  -39.945  -6.584  73.598 0.0000000000
71851  -40.197  -6.825  74.242 0.0000000000
61586  -3.725  -16.555  96.311 0.0000000000
61585  -2.898  -16.622  96.814 0.0000000000
60513  -3.250  -17.333  96.646 0.0000000000
57367  -2.209  -19.946  96.208 0.0000000000
127551  -9.800  -19.064  90.606 0.0000000000
58491  -10.290  -18.989  91.151 0.0000000000
58469  -9.003  -19.084  91.688 0.0000000000
59517  -7.303  -18.411  93.401 0.0000000000
134666  -8.072  -17.022  94.471 0.0000000000
59505  -7.507  -17.931  94.043 0.0000000000
60534  -6.986  -17.498  94.500 0.0000000000
60523  -6.532  -17.136  95.071 0.0000000000
59498  -6.203  -17.841  94.867 0.0000000000
56366  -3.035  -20.597  91.047 0.0000000000
56364  -1.620  -21.597  91.678 0.0000000000
67727  4.501  -10.449  87.725 0.0000000000
142281  4.690  -10.290  86.704 0.0000000000
67734  4.981  -10.073  86.371 0.0000000000
66717  5.219  -10.489  86.186 0.0000000000
67733  5.532  -10.097  86.238 0.0000000000
65709  5.224  -11.465  85.474 0.0000000000
139084  -0.756  -14.776  84.917 0.0000000000
63668  -0.108  -14.173  85.275 0.0000000000
62662  -0.392  -15.324  84.373 0.0000000000
62661  0.912  -15.335  84.399 0.0000000000
59691  3.272  -18.529  82.317 0.0000000000
60678  2.525  -18.037  82.857 0.0000000000
60677  3.758  -17.801  82.749 0.0000000000
60662  4.160  -16.978  83.096 0.0000000000
61706  4.463  -16.067  83.179 0.0000000000
62670  4.789  -15.199  83.361 0.0000000000
61722  5.346  -16.213  82.200 0.0000000000
61721  5.787  -15.878  82.164 0.0000000000
61733  5.877  -16.110  81.494 0.0000000000
143715  5.625  -16.323  81.673 0.0000000000
61569  2.781  -16.511  99.067 0.0000000000
61568  3.532  -16.761  98.924 0.0000000000
134211  4.030  -16.211  98.836 0.0000000000
59487  6.297  -17.755  96.625 0.0000000000
60508  5.899  -17.207  97.152 0.0000000000
60512  6.263  -17.101  96.321 0.0000000000
63563  6.035  -14.558  96.114 0.0000000000
145172  6.076  -14.913  95.723 0.0000000000
138194  6.157  -15.251  95.351 0.0000000000
135860  6.193  -14.998  94.784 0.0000000000
63604  5.981  -14.872  94.045 0.0000000000
62581  6.102  -15.503  94.250 0.0000000000
56363  6.487  -21.204  92.499 0.0000000000
58464  6.102  -20.465  92.787 0.0000000000
57404  6.081  -20.764  92.402 0.0000000000
57421  5.842  -20.922  91.537 0.0000000000
58520  5.781  -20.684  90.949 0.0000000000
57436  5.877  -21.467  90.424 0.0000000000
55436  5.691  -23.027  89.327 0.0000000000
133211  5.861  -23.547  89.235 0.0000000000
135908  8.220  -26.914  92.656 0.0000000000
50172  8.219  -27.600  92.270 0.0000000000
50196  8.011  -27.549  90.697 0.0000000000
51360  6.633  -26.587  88.286 0.0000000000
59622  -26.562  -18.650  87.742 0.0000000000
150758  -27.124  -18.544  87.420 0.0000000000
59609  -27.314  -18.349  88.130 0.0000000000
60605  -27.954  -17.861  88.742 0.0000000000
60580  -28.131  -17.179  90.071 0.0000000000
61650  -28.702  -16.764  89.710 0.0000000000
59577  -23.621  -17.668  90.516 0.0000000000
142609  -24.787  -18.012  89.789 0.0000000000
59593  -25.512  -18.239  89.372 0.0000000000
59608  -26.535  -18.507  88.506 0.0000000000
60548  -24.586  -17.014  94.186 0.0000000000
60549  -25.189  -16.961  93.790 0.0000000000
60559  -24.585  -17.197  93.440 0.0000000000
145783  -24.069  -17.371  93.069 0.0000000000
60563  -23.774  -17.419  92.385 0.0000000000
59561  -23.397  -17.489  91.459 0.0000000000
128709  -43.845  0.240  74.955 0.0000000000
74971  -39.144  -3.766  72.806 0.0000000000
73899  -38.330  -3.968  72.187 0.0000000000
74985  -38.264  -3.692  71.383 0.0000000000
74993  -38.778  -3.201  70.597 0.0000000000
76018  -40.135  -2.110  70.597 0.0000000000
77035  -40.708  -1.619  71.031 0.0000000000
77023  -41.430  -1.591  73.160 0.0000000000
144735  -41.939  -1.161  72.470 0.0000000000
69810  -33.718  -7.532  80.931 0.0000000000
71786  -34.382  -6.566  82.747 0.0000000000
69840  -28.538  -8.613  80.053 0.0000000000
138241  -29.213  -9.442  78.684 0.0000000000
68799  -29.801  -9.710  78.240 0.0000000000
68781  -30.838  -9.158  79.089 0.0000000000
59632  1.740  -18.531  86.391 0.0000000000
59631  2.328  -18.933  86.319 0.0000000000
140795  2.282  -19.345  85.388 0.0000000000
57521  1.882  -20.144  85.840 0.0000000000
57520  2.788  -20.548  86.214 0.0000000000
56468  1.575  -21.027  86.228 0.0000000000
132691  3.514  -26.613  83.461 0.0000000000
126623  3.754  -26.984  83.086 0.0000000000
57362  -0.404  -20.411  97.407 0.0000000000
57358  -0.010  -20.020  98.080 0.0000000000
57361  0.291  -20.752  97.651 0.0000000000
56299  0.566  -21.445  97.269 0.0000000000
55324  1.235  -22.862  96.495 0.0000000000
54305  1.969  -23.031  96.876 0.0000000000
54316  2.451  -23.543  96.492 0.0000000000
146993  -30.957  -8.319  87.250 0.0000000000
62652  -29.700  -15.619  85.226 0.0000000000
62665  -29.520  -15.723  84.518 0.0000000000
63676  -29.520  -14.094  84.638 0.0000000000
64702  -29.043  -12.804  83.472 0.0000000000
65731  -29.023  -11.880  83.632 0.0000000000
67747  -28.830  -10.154  85.730 0.0000000000
62562  -17.043  -15.403  96.497 0.0000000000
59529  -19.490  -18.321  92.984 0.0000000000
58479  -18.470  -19.079  92.190 0.0000000000
125528  -18.163  -18.807  89.793 0.0000000000
135313  -17.663  -19.212  90.346 0.0000000000
57431  -16.968  -19.505  90.335 0.0000000000
57447  -16.667  -19.569  89.429 0.0000000000
127253  -15.945  -19.868  88.832 0.0000000000
150048  -45.002  -0.137  66.636 0.0000000000
79024  -45.292  0.479  67.773 0.0000000000
78068  -45.520  0.059  66.983 0.0000000000
78073  -45.612  -0.341  66.237 0.0000000000
78082  -47.381  -0.825  65.647 0.0000000000
78076  -47.934  -0.319  66.208 0.0000000000
124256  -48.392  0.464  66.816 0.0000000000
79966  -47.922  1.657  68.427 0.0000000000
138394  2.152  -11.841  92.324 0.0000000000
65646  2.296  -12.517  92.126 0.0000000000
64646  3.084  -13.819  92.034 0.0000000000
61631  4.252  -17.574  91.338 0.0000000000
71830  -39.723  -6.750  76.928 0.0000000000
71823  -38.800  -6.925  78.385 0.0000000000
67870  -35.320  -11.008  75.383 0.0000000000
67904  -37.294  -10.305  73.504 0.0000000000
68860  -37.816  -9.814  73.945 0.0000000000
68861  -38.360  -9.287  74.411 0.0000000000
69896  -38.771  -8.703  74.828 0.0000000000
69878  -39.207  -8.181  75.283 0.0000000000
132791  -39.675  -7.648  75.680 0.0000000000
64606  -2.995  -13.525  93.900 0.0000000000
63579  -4.003  -14.795  95.004 0.0000000000
62560  -3.676  -15.639  95.982 0.0000000000
60514  -4.055  -17.398  96.223 0.0000000000
58431  -3.886  -18.519  95.645 0.0000000000
57441  -7.022  -19.366  89.082 0.0000000000
57426  -6.913  -19.511  89.948 0.0000000000
57425  -6.149  -19.819  90.196 0.0000000000
57408  -5.969  -19.742  90.993 0.0000000000
57407  -5.108  -19.872  91.155 0.0000000000
57398  -4.785  -19.760  91.878 0.0000000000
57423  -4.505  -20.123  90.547 0.0000000000
70771  3.131  -7.326  87.837 0.0000000000
69713  3.932  -9.033  88.342 0.0000000000
68700  4.291  -9.444  88.272 0.0000000000
66711  3.830  -10.695  88.590 0.0000000000
65696  4.190  -11.693  86.722 0.0000000000
64676  3.842  -12.600  86.435 0.0000000000
59694  0.123  -18.690  82.608 0.0000000000
60680  0.045  -18.029  82.604 0.0000000000
59709  0.799  -19.343  82.226 0.0000000000
59708  1.606  -19.273  81.961 0.0000000000
59707  2.717  -19.090  81.766 0.0000000000
58655  2.782  -20.037  80.715 0.0000000000
59706  3.915  -18.812  81.462 0.0000000000
59705  4.872  -18.525  81.154 0.0000000000
59722  5.067  -18.919  80.607 0.0000000000
67582  0.599  -10.066  99.148 0.0000000000
68601  0.979  -9.003  99.571 0.0000000000
131839  1.589  -9.989  99.310 0.0000000000
67579  2.188  -10.555  98.170 0.0000000000
132532  2.331  -11.088  97.894 0.0000000000
58416  4.788  -19.056  98.306 0.0000000000
128574  5.089  -18.309  98.200 0.0000000000
58423  5.523  -19.069  97.774 0.0000000000
127355  6.210  -18.544  97.067 0.0000000000
131478  6.635  -18.497  95.927 0.0000000000
134352  6.471  -18.350  93.659 0.0000000000
58438  6.869  -20.039  93.728 0.0000000000
58448  6.585  -20.228  93.439 0.0000000000
138889  7.040  -21.147  93.804 0.0000000000
133269  6.802  -21.138  93.113 0.0000000000
56354  6.972  -21.703  92.715 0.0000000000
54394  6.752  -23.509  91.509 0.0000000000
59623  -27.728  -18.283  87.396 0.0000000000
60620  -28.808  -17.759  86.880 0.0000000000
60607  -29.292  -16.904  88.100 0.0000000000
60631  -29.302  -17.310  86.688 0.0000000000
61686  -29.596  -16.476  85.579 0.0000000000
63637  -30.417  -14.511  87.967 0.0000000000
149295  -30.580  -13.121  87.916 0.0000000000
61592  -20.729  -16.376  96.594 0.0000000000
144067  -20.566  -17.901  95.093 0.0000000000
137778  -20.251  -18.105  94.456 0.0000000000
60531  -22.422  -17.119  95.449 0.0000000000
125640  -22.460  -17.354  94.864 0.0000000000
130514  -20.747  -18.099  93.997 0.0000000000
59530  -20.344  -18.109  93.359 0.0000000000
59557  -19.459  -18.448  91.433 0.0000000000
59573  -19.736  -18.286  90.558 0.0000000000
77041  -42.073  -1.093  70.840 0.0000000000
77045  -41.931  -1.147  70.020 0.0000000000
77049  -42.042  -1.261  68.394 0.0000000000
79012  -44.520  0.623  69.717 0.0000000000
79008  -44.358  0.722  70.777 0.0000000000
79009  -45.099  1.146  70.306 0.0000000000
68787  -36.660  -8.764  78.893 0.0000000000
70854  -36.579  -7.575  79.794 0.0000000000
69826  -35.803  -7.733  79.973 0.0000000000
67851  -34.384  -10.557  76.604 0.0000000000
132941  -34.705  -10.306  77.188 0.0000000000
58473  -12.510  -18.745  91.846 0.0000000000
125139  -11.073  -18.890  88.905 0.0000000000
58510  -10.069  -18.940  89.814 0.0000000000
58524  -9.412  -18.606  89.143 0.0000000000
70792  5.779  -7.637  84.843 0.0000000000
68732  5.669  -9.995  83.654 0.0000000000
145523  4.815  -11.584  83.234 0.0000000000
65688  -0.323  -11.842  88.536 0.0000000000
138903  -1.000  -12.923  87.375 0.0000000000
64681  -1.064  -13.783  86.657 0.0000000000
61663  -1.030  -15.084  86.525 0.0000000000
61681  -1.464  -16.124  85.032 0.0000000000
61695  -1.443  -16.610  84.273 0.0000000000
59679  -1.142  -18.130  83.086 0.0000000000
59653  1.101  -18.666  85.710 0.0000000000
59654  0.049  -18.992  85.041 0.0000000000
56469  0.209  -20.840  84.781 0.0000000000
59668  -0.789  -18.807  84.203 0.0000000000
58600  -0.765  -18.819  83.482 0.0000000000
58621  -0.453  -18.780  82.901 0.0000000000
58636  0.683  -19.979  82.124 0.0000000000
56522  1.098  -21.387  81.207 0.0000000000
55543  1.999  -21.706  80.953 0.0000000000
130836  1.854  -22.579  81.583 0.0000000000
55529  2.248  -22.359  81.008 0.0000000000
55542  2.646  -22.066  80.467 0.0000000000
146600  4.130  -25.773  81.661 0.0000000000
133509  1.726  -15.724  98.937 0.0000000000
139789  0.821  -16.940  98.868 0.0000000000
61570  1.266  -16.413  98.855 0.0000000000
133277  1.972  -16.461  99.100 0.0000000000
60501  2.359  -17.191  99.091 0.0000000000
58410  3.882  -18.625  98.855 0.0000000000
57357  0.774  -20.339  98.229 0.0000000000
58418  1.316  -19.856  98.675 0.0000000000
57353  2.181  -20.056  98.763 0.0000000000
139180  2.393  -21.495  98.130 0.0000000000
57355  2.505  -20.837  98.388 0.0000000000
57352  3.023  -20.183  98.708 0.0000000000
58411  3.592  -19.459  98.825 0.0000000000
58417  4.219  -19.001  98.570 0.0000000000
56289  5.309  -20.908  98.059 0.0000000000
139379  5.717  -21.593  97.577 0.0000000000
55306  5.511  -22.393  97.517 0.0000000000
55305  6.250  -22.160  97.152 0.0000000000
54312  6.969  -23.668  96.099 0.0000000000
53357  7.161  -24.314  95.775 0.0000000000
149619  -31.994  -6.730  84.895 0.0000000000
142588  -29.396  -16.104  84.102 0.0000000000
61718  -29.076  -16.051  83.439 0.0000000000
69794  -27.744  -8.439  81.855 0.0000000000
69795  -28.024  -7.809  82.472 0.0000000000
70808  -28.478  -7.259  83.165 0.0000000000
70825  -30.255  -7.456  82.645 0.0000000000
63583  -15.054  -14.915  95.124 0.0000000000
62573  -14.110  -14.942  94.839 0.0000000000
62588  -13.845  -15.804  94.634 0.0000000000
59523  -13.225  -18.102  93.274 0.0000000000
126786  -18.794  -14.607  97.433 0.0000000000
61579  -19.084  -15.940  97.012 0.0000000000
62551  -18.535  -15.353  97.157 0.0000000000
62563  -17.771  -15.442  96.908 0.0000000000
139298  -18.913  -18.398  93.723 0.0000000000
59511  -18.453  -18.130  94.460 0.0000000000
58477  -17.287  -19.226  92.608 0.0000000000
59510  -17.446  -18.091  94.527 0.0000000000
60544  -17.369  -17.448  95.110 0.0000000000
60527  -16.864  -16.808  95.401 0.0000000000
60526  -15.993  -16.909  95.047 0.0000000000
60541  -15.149  -17.726  94.227 0.0000000000
58454  -15.321  -19.100  92.860 0.0000000000
144461  -14.847  -18.642  93.211 0.0000000000
59524  -14.151  -18.242  93.335 0.0000000000
59545  -13.640  -18.498  92.744 0.0000000000
58512  -12.401  -19.267  90.100 0.0000000000
138895  -12.345  -19.282  89.355 0.0000000000
57442  -12.841  -19.576  89.571 0.0000000000
78084  -49.057  -0.487  65.238 0.0000000000
78088  -49.304  -0.450  64.486 0.0000000000
125979  -50.167  0.625  65.156 0.0000000000
79037  -49.965  0.163  64.298 0.0000000000
80791  -52.104  2.593  64.451 0.0000000000
69715  1.730  -8.366  88.618 0.0000000000
136569  0.320  -10.687  88.577 0.0000000000
148271  0.916  -9.028  89.547 0.0000000000
67718  0.180  -9.945  88.950 0.0000000000
65679  -0.665  -12.065  89.211 0.0000000000
65680  -1.002  -12.684  89.691 0.0000000000
64661  -1.136  -13.390  89.227 0.0000000000
64657  -0.783  -12.789  90.431 0.0000000000
63630  -0.947  -14.078  89.840 0.0000000000
62624  0.182  -15.560  88.702 0.0000000000
151023  1.537  -16.739  88.545 0.0000000000
126425  1.916  -15.347  90.888 0.0000000000
134417  2.091  -17.886  88.189 0.0000000000
59629  3.088  -20.085  87.767 0.0000000000
60611  2.923  -19.041  89.002 0.0000000000
58564  3.577  -20.538  87.208 0.0000000000
57480  4.405  -21.181  86.883 0.0000000000
57479  4.880  -21.312  86.924 0.0000000000
55482  5.338  -22.220  86.631 0.0000000000
74944  -41.368  -3.263  75.620 0.0000000000
75969  -41.585  -2.735  76.317 0.0000000000
151021  -37.471  -7.940  79.132 0.0000000000
71775  -33.351  -6.394  84.358 0.0000000000
68874  -37.944  -9.715  72.330 0.0000000000
68885  -37.833  -9.436  71.448 0.0000000000
69907  -38.325  -9.022  72.161 0.0000000000
69912  -38.139  -8.513  71.546 0.0000000000
143717  -38.228  -7.697  71.619 0.0000000000
70910  -37.979  -6.924  71.292 0.0000000000
72859  -39.870  -5.746  73.367 0.0000000000
73876  -41.156  -3.821  74.879 0.0000000000
62543  -0.439  -16.219  97.212 0.0000000000
148883  -0.628  -16.595  97.304 0.0000000000
139638  -0.615  -16.981  98.022 0.0000000000
59485  -0.732  -18.314  98.245 0.0000000000
63577  -2.088  -14.566  95.133 0.0000000000
61584  -2.216  -16.297  97.037 0.0000000000
61578  -1.404  -16.738  97.185 0.0000000000
59486  -1.433  -18.180  97.824 0.0000000000
58424  -0.704  -19.628  97.695 0.0000000000
57365  -0.884  -20.752  96.872 0.0000000000
56311  -1.156  -20.944  96.186 0.0000000000
56319  -0.748  -21.412  95.838 0.0000000000
135006  -0.192  -22.380  94.997 0.0000000000
54366  0.107  -23.074  93.488 0.0000000000
59543  -11.952  -18.249  92.418 0.0000000000
59521  -11.391  -17.927  92.976 0.0000000000
60553  -10.890  -17.391  93.352 0.0000000000
61610  -10.138  -16.395  94.394 0.0000000000
58489  -8.277  -19.262  91.125 0.0000000000
59539  -8.666  -18.829  92.377 0.0000000000
62584  -9.879  -15.620  94.517 0.0000000000
63597  -9.643  -14.817  94.242 0.0000000000
62583  -8.350  -15.810  94.679 0.0000000000
63596  -8.249  -15.078  94.358 0.0000000000
64624  -8.021  -13.856  92.903 0.0000000000
63581  -5.945  -15.143  94.761 0.0000000000
137130  -5.608  -15.623  95.123 0.0000000000
145617  -6.063  -16.813  95.347 0.0000000000
60522  -5.626  -17.406  95.401 0.0000000000
61598  -5.313  -16.779  95.665 0.0000000000
60515  -4.858  -17.351  95.908 0.0000000000
57397  -4.405  -19.786  92.564 0.0000000000
57387  -4.045  -19.867  93.273 0.0000000000
57375  -3.193  -20.073  94.236 0.0000000000
57374  -2.509  -20.374  94.602 0.0000000000
56336  -1.921  -20.840  94.130 0.0000000000
56347  -1.350  -21.371  93.671 0.0000000000
138619  -0.949  -22.219  92.247 0.0000000000
55387  -0.919  -22.059  93.237 0.0000000000
71735  6.101  -5.893  88.126 0.0000000000
136901  5.067  -7.096  88.667 0.0000000000
69722  5.077  -8.519  88.012 0.0000000000
138502  5.675  -7.419  88.659 0.0000000000
137354  6.258  -7.199  88.272 0.0000000000
144255  6.354  -8.157  86.865 0.0000000000
136743  6.069  -8.127  86.186 0.0000000000
126632  5.965  -9.394  85.732 0.0000000000
67739  6.082  -10.473  85.976 0.0000000000
136463  6.418  -9.947  85.840 0.0000000000
127169  6.456  -10.210  85.133 0.0000000000
67755  6.163  -10.852  84.450 0.0000000000
66747  5.356  -11.433  83.957 0.0000000000
135878  4.682  -12.129  83.314 0.0000000000
65699  1.199  -12.270  87.768 0.0000000000
64668  1.780  -12.961  87.330 0.0000000000
63651  0.432  -13.763  85.897 0.0000000000
64678  2.301  -13.553  86.769 0.0000000000
64677  3.303  -13.473  86.627 0.0000000000
63648  3.730  -13.470  85.692 0.0000000000
60665  0.344  -17.382  82.990 0.0000000000
61709  0.939  -16.694  83.520 0.0000000000
61692  1.614  -16.030  84.048 0.0000000000
61708  2.308  -16.636  83.603 0.0000000000
62660  2.208  -15.387  84.453 0.0000000000
62649  2.819  -14.995  85.085 0.0000000000
64689  3.977  -12.997  84.758 0.0000000000
64688  4.281  -12.819  84.446 0.0000000000
62657  4.956  -14.494  83.285 0.0000000000
64695  4.429  -13.518  83.758 0.0000000000
64694  4.570  -13.108  83.627 0.0000000000
64701  4.709  -13.211  83.034 0.0000000000
65730  4.666  -12.911  83.053 0.0000000000
64714  4.857  -13.618  82.251 0.0000000000
63690  5.294  -14.500  81.962 0.0000000000
63695  5.299  -15.094  81.156 0.0000000000
62686  5.831  -15.786  81.255 0.0000000000
62687  5.313  -15.697  80.405 0.0000000000
130553  5.104  -10.527  94.806 0.0000000000
65596  1.792  -12.682  98.183 0.0000000000
63539  2.617  -14.395  98.762 0.0000000000
64570  2.474  -13.546  98.406 0.0000000000
65593  2.196  -12.712  98.246 0.0000000000
65592  2.688  -12.766  98.257 0.0000000000
137951  2.935  -11.909  98.068 0.0000000000
65590  3.628  -12.377  98.187 0.0000000000
61572  4.624  -16.582  98.286 0.0000000000
62540  4.538  -15.626  98.407 0.0000000000
61577  5.481  -16.360  97.337 0.0000000000
133116  5.159  -15.980  97.975 0.0000000000
143338  4.408  -14.801  98.486 0.0000000000
63542  4.585  -13.967  98.297 0.0000000000
64573  4.328  -12.930  98.181 0.0000000000
65595  4.163  -11.963  98.063 0.0000000000
65594  4.761  -11.696  97.841 0.0000000000
66599  5.286  -11.399  97.271 0.0000000000
66612  5.937  -11.439  96.570 0.0000000000
129197  6.103  -13.061  96.506 0.0000000000
65616  6.191  -12.319  96.218 0.0000000000
67612  5.783  -10.672  96.149 0.0000000000
66627  5.710  -11.198  95.267 0.0000000000
66653  5.195  -11.441  94.472 0.0000000000
135098  5.281  -12.227  94.328 0.0000000000
64617  4.978  -13.759  93.316 0.0000000000
63605  4.966  -14.852  92.759 0.0000000000
62598  4.403  -15.851  92.217 0.0000000000
61636  4.279  -18.253  91.157 0.0000000000
135351  5.598  -18.498  92.990 0.0000000000
60562  5.194  -18.794  92.406 0.0000000000
149787  5.480  -20.414  92.544 0.0000000000
146460  5.027  -19.323  92.399 0.0000000000
148595  4.942  -18.825  91.916 0.0000000000
148191  4.583  -18.585  91.457 0.0000000000
60577  4.283  -18.638  91.018 0.0000000000
59586  4.422  -19.181  90.479 0.0000000000
57437  5.833  -21.185  89.851 0.0000000000
58532  5.542  -20.797  89.059 0.0000000000
57465  5.283  -21.524  87.990 0.0000000000
125937  5.281  -21.558  87.470 0.0000000000
55470  5.760  -22.426  87.167 0.0000000000
54497  5.583  -23.125  86.817 0.0000000000
52360  6.995  -24.932  95.796 0.0000000000
53376  7.615  -24.701  95.273 0.0000000000
48982  7.869  -28.366  94.115 0.0000000000
50143  7.790  -27.593  94.448 0.0000000000
51310  7.787  -26.841  94.757 0.0000000000
52371  8.002  -25.484  94.955 0.0000000000
53388  8.010  -24.677  94.646 0.0000000000
53387  8.111  -25.367  94.184 0.0000000000
135984  7.982  -24.481  93.836 0.0000000000
53420  7.484  -24.486  92.602 0.0000000000
53432  7.148  -24.607  91.837 0.0000000000
53433  6.852  -24.178  91.074 0.0000000000
51352  7.695  -26.930  90.218 0.0000000000
51345  7.552  -26.182  90.034 0.0000000000
150930  6.868  -24.757  89.889 0.0000000000
133947  6.589  -24.242  90.092 0.0000000000
54422  6.135  -23.976  89.510 0.0000000000
133554  5.981  -24.441  88.964 0.0000000000
54440  5.885  -23.867  88.874 0.0000000000
53485  5.848  -24.518  88.518 0.0000000000
54457  5.804  -24.137  88.454 0.0000000000
142502  5.760  -23.987  87.890 0.0000000000
54479  5.658  -23.890  87.309 0.0000000000
53503  5.119  -24.752  87.444 0.0000000000
52448  4.627  -25.625  87.082 0.0000000000
51398  4.006  -26.366  86.495 0.0000000000
49126  3.219  -28.587  84.708 0.0000000000
52359  7.364  -25.635  95.388 0.0000000000
52433  5.831  -25.012  88.238 0.0000000000
54304  3.628  -23.198  97.356 0.0000000000
55296  2.034  -21.977  97.753 0.0000000000
55456  5.801  -23.612  88.333 0.0000000000
55517  0.978  -22.383  81.862 0.0000000000
56375  6.078  -21.409  91.779 0.0000000000
56385  5.687  -22.361  89.869 0.0000000000
56396  5.572  -22.490  88.983 0.0000000000
56412  5.475  -22.058  87.877 0.0000000000
56451  4.894  -21.502  86.684 0.0000000000
56487  0.252  -21.338  83.375 0.0000000000
57384  6.761  -20.510  93.431 0.0000000000
57568  1.085  -20.734  81.314 0.0000000000
58415  0.392  -18.919  98.748 0.0000000000
58421  -1.118  -18.953  97.967 0.0000000000
58430  -3.227  -18.891  96.027 0.0000000000
58436  -4.167  -18.844  94.965 0.0000000000
58450  -5.507  -19.176  93.157 0.0000000000
58457  -17.653  -19.061  93.151 0.0000000000
58563  4.345  -20.887  87.219 0.0000000000
58583  2.516  -19.708  85.609 0.0000000000
58596  3.414  -20.858  86.297 0.0000000000
58599  -0.283  -19.474  84.140 0.0000000000
58620  0.238  -19.480  82.584 0.0000000000
59479  2.336  -18.639  99.141 0.0000000000
59513  -21.367  -17.957  94.090 0.0000000000
59555  5.015  -20.062  92.640 0.0000000000
59613  4.194  -19.879  88.699 0.0000000000
59630  2.496  -19.463  87.322 0.0000000000
60503  4.775  -17.264  98.238 0.0000000000
60505  0.158  -17.099  98.500 0.0000000000
60532  -23.827  -16.766  95.184 0.0000000000
60535  -7.620  -17.325  94.345 0.0000000000
60542  -15.880  -17.597  94.523 0.0000000000
60641  -0.134  -18.099  85.462 0.0000000000
60642  -1.539  -17.435  84.363 0.0000000000
60653  -1.380  -17.427  83.614 0.0000000000
60666  -0.842  -17.537  83.031 0.0000000000
60697  5.704  -16.765  81.134 0.0000000000
61668  -1.344  -16.254  85.771 0.0000000000
62572  -7.051  -15.743  94.982 0.0000000000
62622  2.070  -16.574  89.545 0.0000000000
63540  2.249  -14.139  98.546 0.0000000000
63555  -18.950  -13.925  97.831 0.0000000000
63575  6.134  -14.438  95.420 0.0000000000
63653  -0.953  -14.513  86.176 0.0000000000
63684  5.753  -14.967  82.289 0.0000000000
64572  5.021  -13.257  97.976 0.0000000000
64574  1.686  -13.499  98.060 0.0000000000
64581  5.898  -13.929  96.767 0.0000000000
64637  -5.611  -13.531  92.122 0.0000000000
65631  6.092  -12.659  94.946 0.0000000000
65632  5.607  -12.777  94.428 0.0000000000
66589  4.479  -10.945  97.673 0.0000000000
66590  3.957  -11.111  97.861 0.0000000000
66613  5.390  -10.506  96.898 0.0000000000
66626  6.144  -11.667  95.812 0.0000000000
66718  4.855  -10.601  86.309 0.0000000000
66739  5.885  -11.399  84.715 0.0000000000
67580  1.988  -10.761  98.736 0.0000000000
67585  3.431  -10.711  97.324 0.0000000000
67642  4.449  -10.263  94.383 0.0000000000
67715  4.190  -10.059  88.518 0.0000000000
67726  4.662  -9.815  86.847 0.0000000000
68650  4.683  -10.065  94.932 0.0000000000
69739  5.620  -8.895  85.963 0.0000000000
70786  6.419  -7.769  85.958 0.0000000000
70824  -29.292  -7.294  82.437 0.0000000000
72712  5.846  -5.100  88.263 0.0000000000
72830  -41.021  -4.891  76.668 0.0000000000
78075  -47.081  -0.373  66.339 0.0000000000
79038  -50.556  0.887  64.486 0.0000000000
79956  -45.880  1.280  69.075 0.0000000000
124661  1.446  -17.891  87.197 0.0000000000
128779  5.106  -21.933  87.995 0.0000000000
130759  5.422  -9.503  86.236 0.0000000000
130817  5.774  -22.488  90.354 0.0000000000
131849  6.990  -23.959  92.040 0.0000000000
133508  7.330  -23.013  95.658 0.0000000000
133859  4.339  -19.772  98.450 0.0000000000
137537  -5.242  -16.132  95.334 0.0000000000
137698  -41.948  -1.240  69.222 0.0000000000
137785  -14.901  -19.571  91.541 0.0000000000
137835  6.721  -7.466  87.340 0.0000000000
138308  2.707  -15.110  99.051 0.0000000000
140185  2.159  -19.773  85.469 0.0000000000
142180  5.513  -16.969  97.384 0.0000000000
142495  5.177  -20.837  88.075 0.0000000000
142500  3.497  -11.489  98.013 0.0000000000
144212  4.418  -11.934  82.722 0.0000000000
144635  6.290  -20.290  93.100 0.0000000000
145700  5.994  -9.929  86.192 0.0000000000
146617  2.439  -20.675  80.708 0.0000000000
147264  -0.792  -14.489  85.519 0.0000000000
147995  1.282  -17.927  99.112 0.0000000000
148009  -20.240  -18.145  93.897 0.0000000000
148235  -9.589  -19.068  91.229 0.0000000000
149216  8.228  -28.105  91.859 0.0000000000
150005  -8.166  -14.526  94.013 0.0000000000
150107  -4.517  -20.600  89.512 0.0000000000
