#!ascii label  , from subject sub-02 vox2ras=TkReg
1019
53421  0.722  -24.151  92.506 0.0000000000
58641  -24.695  -19.366  81.852 0.0000000000
63734  -25.759  -14.890  78.264 0.0000000000
59634  -17.825  -17.268  87.015 0.0000000000
69937  -31.871  -8.081  68.584 0.0000000000
125379  -27.865  -11.186  72.594 0.0000000000
59639  -26.605  -18.721  87.021 0.0000000000
60645  -21.916  -16.649  85.318 0.0000000000
71871  -37.308  -6.183  71.110 0.0000000000
76026  -40.321  -2.203  69.596 0.0000000000
149663  -43.130  -0.874  66.576 0.0000000000
68745  -27.251  -9.111  81.446 0.0000000000
136126  -24.353  -11.742  75.412 0.0000000000
67828  -29.671  -10.028  77.593 0.0000000000
66827  -32.808  -11.190  75.218 0.0000000000
58588  -11.225  -19.139  85.643 0.0000000000
53361  3.689  -24.298  96.442 0.0000000000
59745  -27.376  -17.824  79.687 0.0000000000
65737  -28.248  -12.954  82.657 0.0000000000
57541  -13.604  -20.353  83.193 0.0000000000
60690  -17.045  -17.260  81.118 0.0000000000
136121  -44.323  -2.385  60.095 0.0000000000
78086  -47.671  -1.190  64.892 0.0000000000
66919  -30.978  -11.066  69.518 0.0000000000
67911  -36.298  -11.048  72.292 0.0000000000
54423  -1.075  -23.505  89.094 0.0000000000
127233  5.991  -30.147  94.355 0.0000000000
74992  -38.209  -3.878  70.592 0.0000000000
133661  -27.931  -8.904  79.483 0.0000000000
57503  -8.700  -19.946  84.932 0.0000000000
53390  1.714  -24.506  94.637 0.0000000000
133425  -25.879  -19.434  78.454 0.0000000000
58665  -27.064  -18.825  81.085 0.0000000000
128811  -16.360  -19.459  85.115 0.0000000000
58611  -15.463  -19.523  82.569 0.0000000000
60654  -17.518  -17.091  84.231 0.0000000000
59683  -23.564  -18.736  83.825 0.0000000000
60683  -21.450  -17.279  82.447 0.0000000000
59727  -22.437  -18.830  80.443 0.0000000000
58553  -16.702  -19.570  87.630 0.0000000000
134981  -14.785  -20.073  86.577 0.0000000000
75055  -37.328  -3.145  64.209 0.0000000000
134003  -42.235  -2.205  61.091 0.0000000000
78080  -45.506  -0.691  65.588 0.0000000000
143663  -25.982  -11.448  73.298 0.0000000000
132614  -29.459  -11.577  70.938 0.0000000000
66869  -34.707  -11.547  73.748 0.0000000000
56400  -5.946  -20.449  88.030 0.0000000000
129414  -4.299  -21.013  89.185 0.0000000000
56377  -3.219  -20.805  90.212 0.0000000000
55448  -2.744  -22.540  87.990 0.0000000000
46875  4.057  -30.437  93.049 0.0000000000
58605  -25.870  -19.355  84.416 0.0000000000
59684  -27.580  -18.331  83.705 0.0000000000
60630  -28.896  -17.821  86.212 0.0000000000
60589  -20.211  -17.375  89.054 0.0000000000
61670  -19.375  -15.515  86.708 0.0000000000
60619  -22.347  -17.136  87.637 0.0000000000
59637  -24.532  -18.534  86.135 0.0000000000
70928  -35.471  -7.619  69.439 0.0000000000
72900  -36.514  -5.478  68.483 0.0000000000
75008  -37.902  -3.932  67.714 0.0000000000
76068  -40.038  -2.598  66.062 0.0000000000
76081  -41.447  -2.279  64.633 0.0000000000
131347  -41.602  -1.752  67.884 0.0000000000
66790  -25.466  -11.705  79.862 0.0000000000
65800  -24.575  -13.111  76.794 0.0000000000
128217  -25.055  -10.396  78.372 0.0000000000
67844  -27.032  -9.948  76.423 0.0000000000
67865  -28.688  -10.186  75.450 0.0000000000
66844  -30.471  -11.139  74.284 0.0000000000
67847  -30.817  -10.369  76.418 0.0000000000
145611  -9.229  -18.231  87.640 0.0000000000
138745  -7.293  -20.279  85.797 0.0000000000
78103  -50.348  -0.418  61.137 0.0000000000
53359  6.000  -24.456  96.670 0.0000000000
129111  -26.121  -18.710  77.339 0.0000000000
62719  -27.033  -15.309  79.214 0.0000000000
125062  -28.211  -16.895  82.123 0.0000000000
63703  -26.938  -14.869  81.578 0.0000000000
126809  -25.708  -13.757  81.590 0.0000000000
67781  -27.586  -10.912  82.040 0.0000000000
61714  -19.863  -15.354  83.204 0.0000000000
126743  -13.042  -19.745  87.942 0.0000000000
136440  -12.446  -20.176  84.479 0.0000000000
77083  -44.116  -1.800  63.273 0.0000000000
133268  -45.767  -1.926  62.817 0.0000000000
77101  -48.568  -1.139  61.887 0.0000000000
78092  -49.557  -0.362  63.734 0.0000000000
51347  1.054  -26.253  89.918 0.0000000000
50174  2.369  -26.993  91.821 0.0000000000
67952  -31.506  -9.717  68.705 0.0000000000
124949  -32.436  -11.823  72.763 0.0000000000
66910  -33.300  -11.186  70.843 0.0000000000
68904  -34.864  -9.883  70.249 0.0000000000
68885  -37.833  -9.436  71.448 0.0000000000
54395  -0.338  -23.293  90.983 0.0000000000
50159  3.508  -27.788  93.675 0.0000000000
48969  5.139  -27.939  95.068 0.0000000000
50127  7.140  -27.415  95.074 0.0000000000
53391  1.140  -24.144  94.224 0.0000000000
58662  -24.572  -19.459  80.978 0.0000000000
58663  -25.823  -19.406  80.230 0.0000000000
130198  -26.174  -19.392  81.749 0.0000000000
58590  -17.191  -18.713  85.766 0.0000000000
59670  -17.021  -18.580  84.442 0.0000000000
59657  -17.655  -16.884  86.282 0.0000000000
58624  -23.925  -19.301  82.415 0.0000000000
59714  -23.242  -19.100  81.985 0.0000000000
58640  -23.833  -19.353  81.493 0.0000000000
58661  -23.763  -19.529  80.492 0.0000000000
59603  -18.183  -18.176  88.528 0.0000000000
58540  -17.817  -18.883  88.587 0.0000000000
58554  -17.265  -19.042  87.320 0.0000000000
58571  -16.679  -19.439  86.808 0.0000000000
124671  -41.070  -2.359  61.909 0.0000000000
62730  -25.923  -15.703  77.664 0.0000000000
62741  -24.966  -16.031  77.061 0.0000000000
66864  -27.308  -11.077  73.110 0.0000000000
66889  -27.123  -11.985  71.799 0.0000000000
66891  -29.098  -11.400  71.645 0.0000000000
56414  -5.357  -21.598  86.809 0.0000000000
143522  -5.334  -20.661  88.386 0.0000000000
55449  -4.133  -21.987  87.797 0.0000000000
142807  -3.383  -22.076  88.209 0.0000000000
55471  -3.834  -22.451  86.919 0.0000000000
59661  -26.165  -18.906  85.897 0.0000000000
59675  -27.531  -18.584  85.050 0.0000000000
59640  -27.334  -18.553  86.815 0.0000000000
59589  -21.644  -17.585  89.585 0.0000000000
60604  -21.723  -17.109  88.294 0.0000000000
59606  -22.950  -17.736  88.766 0.0000000000
127209  -25.880  -18.678  88.104 0.0000000000
59620  -24.451  -18.352  87.000 0.0000000000
59638  -25.244  -18.708  86.734 0.0000000000
59660  -25.384  -18.919  85.801 0.0000000000
70930  -36.736  -6.868  70.233 0.0000000000
71894  -35.857  -6.915  69.052 0.0000000000
71883  -36.651  -6.203  70.020 0.0000000000
74993  -38.778  -3.201  70.597 0.0000000000
73920  -38.028  -4.012  68.636 0.0000000000
75010  -39.087  -3.062  68.613 0.0000000000
75034  -39.185  -3.050  66.808 0.0000000000
140636  -39.775  -2.714  67.320 0.0000000000
76049  -41.112  -2.188  67.358 0.0000000000
77043  -40.984  -2.115  69.078 0.0000000000
67794  -25.959  -10.255  80.488 0.0000000000
66789  -25.315  -10.894  79.145 0.0000000000
139668  -25.767  -9.831  79.832 0.0000000000
68798  -28.406  -9.336  78.735 0.0000000000
68814  -26.924  -9.324  78.027 0.0000000000
67827  -27.571  -9.741  77.235 0.0000000000
67864  -27.618  -10.237  75.546 0.0000000000
130398  -29.154  -10.070  76.202 0.0000000000
67866  -29.561  -10.221  75.476 0.0000000000
67829  -30.402  -10.197  77.162 0.0000000000
58551  -11.479  -19.030  87.295 0.0000000000
58536  -10.521  -18.497  88.195 0.0000000000
58568  -10.755  -18.570  86.475 0.0000000000
58585  -8.474  -19.463  85.498 0.0000000000
79046  -51.167  0.889  62.229 0.0000000000
79992  -52.071  2.357  61.512 0.0000000000
53360  4.830  -24.969  96.522 0.0000000000
59744  -26.881  -18.410  78.982 0.0000000000
58706  -26.289  -18.907  78.315 0.0000000000
60723  -27.134  -17.482  78.791 0.0000000000
61766  -26.720  -17.221  77.926 0.0000000000
139032  -27.397  -16.915  79.464 0.0000000000
60658  -28.756  -17.581  84.496 0.0000000000
60685  -28.117  -17.350  82.784 0.0000000000
60672  -29.178  -16.799  84.030 0.0000000000
64709  -29.005  -13.531  82.991 0.0000000000
63685  -28.333  -14.616  82.273 0.0000000000
126256  -27.685  -14.074  81.952 0.0000000000
63702  -26.236  -14.595  81.283 0.0000000000
148658  -26.785  -13.156  82.131 0.0000000000
65747  -26.587  -12.429  81.802 0.0000000000
66760  -28.083  -12.060  82.498 0.0000000000
128010  -16.229  -18.598  81.594 0.0000000000
61685  -21.421  -15.982  85.924 0.0000000000
135737  -20.059  -15.331  84.923 0.0000000000
61700  -21.031  -16.034  84.930 0.0000000000
60701  -20.005  -16.222  80.281 0.0000000000
57459  -14.516  -20.113  88.193 0.0000000000
57509  -14.479  -20.337  84.848 0.0000000000
57508  -13.513  -20.148  85.029 0.0000000000
57527  -13.086  -20.378  84.101 0.0000000000
57539  -11.808  -20.396  82.835 0.0000000000
77062  -42.758  -1.552  65.490 0.0000000000
77081  -42.887  -1.825  63.904 0.0000000000
136907  -43.501  -1.288  65.297 0.0000000000
77066  -46.773  -1.215  65.047 0.0000000000
77084  -45.589  -1.716  63.676 0.0000000000
77086  -47.239  -1.571  63.593 0.0000000000
77099  -47.182  -1.746  62.227 0.0000000000
77087  -47.759  -1.527  63.037 0.0000000000
78097  -49.223  -0.731  62.235 0.0000000000
146658  -48.970  -0.687  63.934 0.0000000000
65807  -24.238  -12.571  75.951 0.0000000000
63761  -24.152  -14.240  75.493 0.0000000000
67951  -31.029  -10.306  68.189 0.0000000000
67941  -31.272  -10.506  68.984 0.0000000000
66845  -31.415  -11.190  74.382 0.0000000000
127547  -31.060  -11.354  73.626 0.0000000000
126723  -32.449  -11.580  73.516 0.0000000000
66884  -35.742  -11.284  73.046 0.0000000000
127897  -34.087  -11.606  72.408 0.0000000000
67920  -35.068  -11.114  71.322 0.0000000000
67931  -34.556  -10.554  70.702 0.0000000000
67932  -35.521  -10.556  70.805 0.0000000000
68894  -36.754  -9.668  70.527 0.0000000000
67923  -37.443  -10.191  71.877 0.0000000000
55437  -2.076  -21.994  89.414 0.0000000000
55413  -1.421  -21.901  90.780 0.0000000000
130396  -1.087  -22.203  91.371 0.0000000000
54408  -0.580  -23.710  89.693 0.0000000000
53458  -0.212  -24.414  89.494 0.0000000000
53470  -0.322  -24.576  88.623 0.0000000000
49023  2.508  -28.379  91.270 0.0000000000
50173  2.790  -27.338  92.390 0.0000000000
49013  2.992  -28.927  92.643 0.0000000000
46857  5.382  -30.144  94.101 0.0000000000
48986  4.574  -28.429  94.434 0.0000000000
47860  5.747  -29.475  94.526 0.0000000000
50128  6.281  -27.452  95.400 0.0000000000
126539  6.755  -28.856  94.805 0.0000000000
59591  -24.048  -17.896  89.726 0.0000000000
143072  -38.429  -5.446  72.154 0.0000000000
72883  -37.866  -5.053  71.111 0.0000000000
73899  -38.330  -3.968  72.187 0.0000000000
68778  -26.976  -8.995  79.805 0.0000000000
57505  -10.781  -19.408  84.887 0.0000000000
57504  -10.085  -19.397  84.843 0.0000000000
54317  1.679  -23.399  96.164 0.0000000000
53378  2.608  -24.518  95.563 0.0000000000
58683  -25.485  -19.671  79.134 0.0000000000
58684  -26.377  -19.170  79.304 0.0000000000
59730  -27.235  -18.458  80.431 0.0000000000
66749  -29.017  -10.944  83.776 0.0000000000
57530  -15.104  -20.149  84.233 0.0000000000
57543  -14.995  -19.938  83.180 0.0000000000
58601  -15.630  -19.575  83.675 0.0000000000
59680  -16.575  -18.661  83.686 0.0000000000
60667  -17.324  -16.989  83.235 0.0000000000
128817  -22.918  -18.156  84.342 0.0000000000
60669  -21.421  -17.002  83.441 0.0000000000
60684  -21.991  -17.889  82.996 0.0000000000
59712  -21.867  -18.187  80.943 0.0000000000
58680  -22.694  -19.708  78.961 0.0000000000
57461  -16.085  -20.029  87.954 0.0000000000
57471  -15.261  -20.069  87.471 0.0000000000
57472  -16.094  -19.969  87.178 0.0000000000
57510  -15.313  -20.215  85.184 0.0000000000
75042  -35.972  -3.778  64.883 0.0000000000
76110  -43.764  -2.281  60.601 0.0000000000
78061  -43.821  0.046  68.336 0.0000000000
78078  -44.045  -0.550  66.213 0.0000000000
135518  -24.995  -11.386  74.711 0.0000000000
66907  -29.144  -11.713  70.270 0.0000000000
66908  -29.744  -11.417  70.227 0.0000000000
66812  -34.052  -11.016  76.014 0.0000000000
66847  -33.430  -11.402  74.562 0.0000000000
66830  -35.050  -11.326  74.894 0.0000000000
57456  -7.178  -19.344  88.189 0.0000000000
57440  -6.293  -19.791  89.371 0.0000000000
57423  -4.505  -20.123  90.547 0.0000000000
134924  -4.036  -20.543  89.899 0.0000000000
144167  -2.892  -21.869  88.889 0.0000000000
54442  -2.028  -22.997  88.253 0.0000000000
53488  -1.231  -24.362  87.339 0.0000000000
53489  -1.950  -24.007  86.922 0.0000000000
147034  -25.414  -19.575  82.987 0.0000000000
58627  -26.363  -19.415  82.411 0.0000000000
135585  -26.498  -19.245  83.937 0.0000000000
138913  -28.301  -18.150  84.838 0.0000000000
60601  -18.751  -17.372  88.403 0.0000000000
60627  -18.082  -16.095  86.889 0.0000000000
129953  -19.818  -16.479  87.828 0.0000000000
60618  -21.530  -16.706  87.563 0.0000000000
130567  -22.173  -16.551  86.106 0.0000000000
139829  -23.700  -18.020  88.167 0.0000000000
59619  -23.652  -18.013  87.359 0.0000000000
59658  -23.137  -17.652  86.033 0.0000000000
59672  -23.718  -18.538  84.729 0.0000000000
59673  -24.421  -19.161  84.245 0.0000000000
59587  -19.741  -18.053  89.668 0.0000000000
69939  -33.424  -7.518  69.287 0.0000000000
71891  -32.754  -6.792  68.117 0.0000000000
70944  -34.951  -6.947  68.948 0.0000000000
71903  -34.960  -5.684  67.919 0.0000000000
72910  -35.539  -5.028  67.383 0.0000000000
73911  -37.632  -4.868  69.958 0.0000000000
127888  -37.334  -4.398  67.779 0.0000000000
73941  -36.420  -4.170  66.516 0.0000000000
75032  -37.570  -3.503  65.820 0.0000000000
76067  -38.813  -2.780  64.993 0.0000000000
76079  -39.804  -2.531  64.365 0.0000000000
76093  -41.194  -2.312  63.657 0.0000000000
76080  -40.861  -2.432  65.214 0.0000000000
76059  -41.244  -2.159  66.476 0.0000000000
77053  -42.155  -1.289  67.540 0.0000000000
77045  -41.931  -1.147  70.020 0.0000000000
78060  -43.140  -0.281  68.620 0.0000000000
64756  -24.747  -13.601  79.511 0.0000000000
63733  -24.775  -14.503  77.915 0.0000000000
65783  -25.034  -12.409  78.337 0.0000000000
146111  -24.742  -11.984  77.623 0.0000000000
67841  -24.560  -10.850  76.811 0.0000000000
146158  -26.571  -9.241  78.616 0.0000000000
67825  -25.324  -9.869  77.610 0.0000000000
67862  -25.381  -10.362  75.881 0.0000000000
66821  -25.861  -10.767  74.881 0.0000000000
66841  -27.642  -10.806  73.986 0.0000000000
66865  -28.110  -11.036  73.350 0.0000000000
66866  -28.974  -11.149  73.461 0.0000000000
66843  -29.492  -11.111  74.211 0.0000000000
66825  -30.876  -11.009  75.048 0.0000000000
66810  -32.202  -11.000  75.967 0.0000000000
67830  -31.820  -10.280  77.347 0.0000000000
66811  -33.161  -11.030  76.022 0.0000000000
58534  -8.682  -18.410  88.364 0.0000000000
58566  -8.699  -18.746  86.245 0.0000000000
58548  -8.570  -18.448  87.315 0.0000000000
58547  -7.881  -18.843  87.826 0.0000000000
57481  -6.522  -20.676  86.497 0.0000000000
126261  -26.481  -16.391  77.780 0.0000000000
62718  -26.483  -15.370  78.531 0.0000000000
58628  -26.966  -18.986  82.602 0.0000000000
60693  -27.814  -17.852  81.347 0.0000000000
134185  -28.022  -17.203  81.348 0.0000000000
147145  -28.191  -15.711  81.745 0.0000000000
60704  -27.781  -16.619  80.683 0.0000000000
62706  -27.011  -14.938  80.102 0.0000000000
63712  -25.573  -14.305  80.641 0.0000000000
63711  -25.034  -14.329  79.862 0.0000000000
65774  -25.235  -12.497  80.768 0.0000000000
66781  -26.465  -11.612  81.382 0.0000000000
67780  -27.457  -9.985  81.844 0.0000000000
67764  -28.578  -10.505  83.270 0.0000000000
125016  -28.309  -9.625  83.104 0.0000000000
61669  -18.345  -15.447  86.185 0.0000000000
61697  -18.531  -15.536  84.293 0.0000000000
61724  -18.473  -15.464  82.347 0.0000000000
61726  -20.392  -15.847  82.428 0.0000000000
61725  -19.497  -15.251  82.081 0.0000000000
58538  -12.228  -19.329  87.966 0.0000000000
58552  -12.274  -19.316  87.169 0.0000000000
57486  -13.974  -19.822  86.752 0.0000000000
57485  -13.210  -19.577  86.047 0.0000000000
57506  -11.703  -19.815  84.944 0.0000000000
134479  -11.020  -20.214  83.310 0.0000000000
76102  -41.579  -2.130  62.798 0.0000000000
77106  -42.758  -1.957  61.678 0.0000000000
77096  -44.291  -1.983  62.229 0.0000000000
77073  -44.473  -1.431  64.359 0.0000000000
135354  -44.959  -1.919  62.995 0.0000000000
77109  -45.492  -2.073  61.016 0.0000000000
77110  -46.451  -1.878  61.412 0.0000000000
77122  -47.437  -1.570  59.883 0.0000000000
77123  -48.481  -1.378  59.853 0.0000000000
78102  -49.598  -0.699  61.349 0.0000000000
78098  -50.093  -0.351  62.050 0.0000000000
52399  0.954  -25.289  91.478 0.0000000000
52392  1.541  -25.490  92.217 0.0000000000
51346  1.601  -26.638  90.433 0.0000000000
63747  -24.195  -14.689  76.204 0.0000000000
68901  -31.902  -9.140  69.461 0.0000000000
66880  -29.985  -11.616  72.140 0.0000000000
125887  -30.812  -11.862  71.894 0.0000000000
66893  -31.188  -11.762  71.248 0.0000000000
125192  -33.076  -11.659  73.075 0.0000000000
66882  -32.707  -11.863  72.029 0.0000000000
140292  -32.566  -11.196  70.480 0.0000000000
67929  -32.821  -10.738  70.137 0.0000000000
67943  -33.024  -9.828  69.875 0.0000000000
68902  -32.665  -8.707  69.783 0.0000000000
69924  -35.120  -8.481  69.786 0.0000000000
69919  -36.946  -8.793  70.245 0.0000000000
128179  -37.781  -7.704  71.086 0.0000000000
130789  -0.296  -22.403  93.596 0.0000000000
54382  -0.446  -22.819  92.196 0.0000000000
53435  0.076  -23.929  91.341 0.0000000000
52407  0.273  -25.005  90.051 0.0000000000
52421  0.665  -25.855  88.516 0.0000000000
125453  1.841  -25.609  92.798 0.0000000000
52382  2.510  -25.828  93.864 0.0000000000
51299  3.307  -25.863  94.987 0.0000000000
47875  3.584  -29.095  93.281 0.0000000000
50145  3.895  -27.783  94.237 0.0000000000
52361  4.320  -25.706  95.734 0.0000000000
51281  5.455  -25.936  96.052 0.0000000000
51295  6.697  -26.161  95.613 0.0000000000
45893  7.204  -30.809  94.059 0.0000000000
144898  7.334  -29.115  94.310 0.0000000000
54365  0.536  -23.649  92.951 0.0000000000
53407  1.010  -24.305  93.273 0.0000000000
58642  -25.516  -19.413  81.239 0.0000000000
59656  -17.522  -17.951  86.168 0.0000000000
58625  -24.725  -19.432  82.728 0.0000000000
59617  -18.056  -17.724  87.789 0.0000000000
59616  -17.698  -18.579  87.909 0.0000000000
59633  -17.549  -18.217  87.132 0.0000000000
58572  -17.215  -18.815  86.514 0.0000000000
124409  -40.065  -2.588  61.945 0.0000000000
145486  -25.014  -15.391  77.746 0.0000000000
66878  -27.143  -11.463  72.358 0.0000000000
124429  -27.781  -11.557  71.916 0.0000000000
66890  -28.406  -11.639  71.442 0.0000000000
144012  -28.435  -11.286  72.124 0.0000000000
55458  -4.601  -22.134  86.900 0.0000000000
56413  -4.826  -21.586  87.486 0.0000000000
129016  -26.728  -18.752  86.320 0.0000000000
128180  -22.199  -17.621  90.118 0.0000000000
150542  -22.397  -17.614  89.408 0.0000000000
59622  -26.562  -18.650  87.742 0.0000000000
125573  -25.889  -18.770  87.300 0.0000000000
130784  -25.992  -18.842  86.519 0.0000000000
126659  -21.931  -17.676  90.896 0.0000000000
70918  -37.200  -6.695  70.884 0.0000000000
130472  -36.834  -6.030  70.848 0.0000000000
76025  -39.429  -2.521  70.060 0.0000000000
75001  -38.967  -3.025  69.517 0.0000000000
76035  -39.641  -2.645  69.104 0.0000000000
76047  -39.747  -2.733  68.202 0.0000000000
76036  -40.407  -2.454  68.675 0.0000000000
67795  -26.534  -9.857  81.122 0.0000000000
68758  -26.278  -9.499  80.253 0.0000000000
68816  -29.012  -9.780  78.069 0.0000000000
68815  -28.001  -9.615  78.047 0.0000000000
124782  -28.780  -9.946  77.196 0.0000000000
67846  -29.618  -10.119  76.895 0.0000000000
58550  -10.794  -18.577  87.465 0.0000000000
136864  -51.629  1.558  61.768 0.0000000000
143651  -51.838  2.165  62.059 0.0000000000
54315  3.258  -23.704  96.793 0.0000000000
147324  4.474  -24.384  96.685 0.0000000000
52351  4.118  -25.053  96.203 0.0000000000
61701  -29.494  -16.337  84.749 0.0000000000
64708  -28.311  -13.806  82.482 0.0000000000
64716  -27.475  -13.469  82.145 0.0000000000
65748  -27.377  -12.685  82.211 0.0000000000
57554  -13.138  -20.515  82.366 0.0000000000
144305  -13.726  -20.508  82.278 0.0000000000
57528  -13.818  -20.353  84.206 0.0000000000
57540  -12.754  -20.437  82.986 0.0000000000
77120  -45.469  -2.261  59.969 0.0000000000
77056  -42.733  -1.282  66.346 0.0000000000
77057  -43.420  -1.047  66.026 0.0000000000
139470  -47.039  -1.441  64.271 0.0000000000
77076  -47.802  -1.338  64.029 0.0000000000
78091  -48.439  -1.075  63.600 0.0000000000
78087  -48.552  -0.963  64.592 0.0000000000
64785  -24.141  -13.428  75.259 0.0000000000
65818  -24.181  -12.597  74.970 0.0000000000
66918  -29.930  -11.046  69.296 0.0000000000
67940  -30.503  -10.783  68.588 0.0000000000
66826  -31.828  -11.133  75.140 0.0000000000
145296  -31.813  -11.389  73.822 0.0000000000
66846  -32.426  -11.352  74.362 0.0000000000
66897  -35.450  -11.317  72.112 0.0000000000
67921  -35.994  -10.928  71.461 0.0000000000
67933  -36.433  -10.347  70.919 0.0000000000
138723  -36.762  -10.552  71.631 0.0000000000
54424  -1.563  -22.724  89.079 0.0000000000
55427  -1.974  -21.652  90.214 0.0000000000
55426  -1.444  -22.267  89.968 0.0000000000
131801  -1.033  -23.033  89.810 0.0000000000
53459  -0.681  -24.073  89.068 0.0000000000
47895  2.686  -28.699  91.986 0.0000000000
48984  6.165  -28.874  95.027 0.0000000000
47859  6.572  -29.569  94.514 0.0000000000
69818  -28.191  -8.233  80.880 0.0000000000
57525  -10.370  -20.114  84.088 0.0000000000
54348  1.307  -23.926  95.047 0.0000000000
150920  1.592  -23.730  95.591 0.0000000000
54331  1.873  -24.294  95.262 0.0000000000
54330  2.162  -23.907  95.884 0.0000000000
53389  2.297  -24.858  94.950 0.0000000000
58682  -24.557  -19.936  78.957 0.0000000000
58664  -26.674  -19.008  80.309 0.0000000000
57531  -15.851  -19.889  84.676 0.0000000000
127820  -17.350  -17.855  84.561 0.0000000000
59681  -17.060  -17.946  83.674 0.0000000000
60670  -22.216  -17.590  83.924 0.0000000000
59682  -22.769  -18.320  83.432 0.0000000000
59713  -22.580  -18.626  81.466 0.0000000000
59743  -22.189  -19.112  79.365 0.0000000000
58681  -23.677  -19.830  79.301 0.0000000000
134906  -17.317  -19.217  88.098 0.0000000000
149837  -17.825  -19.025  89.191 0.0000000000
130219  -17.323  -19.288  88.893 0.0000000000
57447  -16.667  -19.569  89.429 0.0000000000
58539  -16.689  -19.599  88.458 0.0000000000
58589  -16.652  -19.313  85.897 0.0000000000
57511  -16.000  -19.914  85.552 0.0000000000
75043  -36.851  -3.354  64.930 0.0000000000
66839  -25.628  -11.364  74.019 0.0000000000
66862  -25.438  -11.826  73.379 0.0000000000
66876  -25.948  -11.779  72.769 0.0000000000
66906  -28.908  -11.624  70.962 0.0000000000
66892  -30.206  -11.672  71.159 0.0000000000
67869  -34.851  -10.805  75.978 0.0000000000
66829  -34.595  -11.184  75.371 0.0000000000
66871  -36.154  -11.068  73.842 0.0000000000
57455  -6.484  -19.863  88.518 0.0000000000
56388  -4.993  -20.628  89.113 0.0000000000
57439  -5.542  -20.133  89.623 0.0000000000
132398  -2.199  -22.358  88.700 0.0000000000
54459  -2.318  -23.235  87.354 0.0000000000
54458  -1.666  -23.649  87.776 0.0000000000
58615  -25.787  -19.553  83.580 0.0000000000
59663  -28.287  -18.256  85.732 0.0000000000
60602  -19.644  -17.037  88.437 0.0000000000
139742  -19.117  -16.749  87.945 0.0000000000
60628  -21.505  -16.326  86.747 0.0000000000
60629  -22.134  -16.999  86.826 0.0000000000
59592  -24.651  -18.156  89.115 0.0000000000
59607  -23.816  -17.984  88.963 0.0000000000
59636  -23.702  -18.093  86.519 0.0000000000
59659  -23.776  -18.305  85.622 0.0000000000
58591  -25.222  -19.214  84.847 0.0000000000
58604  -25.197  -19.424  84.144 0.0000000000
58614  -24.891  -19.458  83.518 0.0000000000
59588  -20.728  -17.738  89.733 0.0000000000
59604  -19.369  -17.565  88.992 0.0000000000
70927  -34.454  -7.642  69.328 0.0000000000
70943  -33.920  -6.979  68.853 0.0000000000
140045  -36.140  -6.168  68.761 0.0000000000
135818  -35.386  -6.256  68.584 0.0000000000
72899  -35.879  -5.672  68.127 0.0000000000
72911  -36.409  -5.056  67.815 0.0000000000
73908  -37.921  -4.626  70.556 0.0000000000
72882  -37.414  -5.339  70.684 0.0000000000
73919  -37.542  -4.367  68.255 0.0000000000
125798  -36.864  -4.336  67.020 0.0000000000
138312  -37.330  -4.219  67.212 0.0000000000
73942  -37.144  -4.041  66.507 0.0000000000
75021  -37.834  -3.769  66.784 0.0000000000
75045  -39.267  -2.833  65.799 0.0000000000
75044  -38.357  -3.083  65.433 0.0000000000
150125  -39.373  -2.648  64.932 0.0000000000
125094  -40.099  -2.569  65.276 0.0000000000
146133  -40.609  -2.477  64.573 0.0000000000
77052  -41.719  -1.763  67.027 0.0000000000
78059  -42.464  -0.719  68.909 0.0000000000
65784  -24.882  -12.701  79.875 0.0000000000
150847  -24.943  -12.875  79.138 0.0000000000
66804  -24.953  -11.373  78.076 0.0000000000
65794  -24.517  -11.337  77.204 0.0000000000
67824  -24.759  -10.605  77.479 0.0000000000
68797  -27.261  -9.145  78.842 0.0000000000
67826  -26.418  -9.602  77.336 0.0000000000
67843  -25.854  -9.942  76.578 0.0000000000
67863  -26.431  -10.197  75.634 0.0000000000
67890  -27.060  -10.547  74.761 0.0000000000
66822  -28.162  -10.600  74.795 0.0000000000
66842  -28.554  -11.013  74.198 0.0000000000
66823  -29.090  -10.578  74.859 0.0000000000
67867  -30.401  -10.455  75.626 0.0000000000
67868  -31.279  -10.770  75.811 0.0000000000
67831  -32.467  -10.224  77.610 0.0000000000
67849  -32.563  -10.580  76.823 0.0000000000
67850  -33.544  -10.642  76.697 0.0000000000
58535  -9.685  -18.298  88.295 0.0000000000
58524  -9.412  -18.606  89.143 0.0000000000
58586  -9.347  -19.144  85.327 0.0000000000
57483  -7.876  -19.545  85.992 0.0000000000
58565  -7.909  -19.078  86.892 0.0000000000
57482  -7.227  -19.903  86.615 0.0000000000
57467  -7.348  -19.386  87.405 0.0000000000
129616  6.351  -25.072  96.198 0.0000000000
58725  -25.784  -19.340  76.621 0.0000000000
60736  -26.290  -17.945  77.113 0.0000000000
61767  -27.096  -16.387  78.708 0.0000000000
58617  -27.033  -18.860  83.420 0.0000000000
59699  -27.367  -18.287  82.915 0.0000000000
135610  -28.023  -17.613  81.958 0.0000000000
62682  -28.092  -15.121  81.693 0.0000000000
62676  -28.361  -15.438  82.317 0.0000000000
62694  -27.876  -15.642  81.126 0.0000000000
61746  -27.461  -15.776  80.395 0.0000000000
62693  -26.938  -15.110  81.030 0.0000000000
150893  -24.878  -14.039  80.591 0.0000000000
64741  -24.678  -13.513  80.401 0.0000000000
64742  -25.060  -13.483  81.113 0.0000000000
66769  -27.260  -11.748  81.971 0.0000000000
134170  -26.951  -10.851  81.528 0.0000000000
67765  -28.783  -9.796  83.967 0.0000000000
140743  -27.977  -9.588  82.426 0.0000000000
57556  -14.989  -20.213  82.196 0.0000000000
61698  -19.563  -15.286  84.163 0.0000000000
133069  -19.126  -15.315  84.885 0.0000000000
62664  -19.153  -15.256  83.557 0.0000000000
61713  -18.500  -15.619  83.278 0.0000000000
62675  -19.143  -15.113  82.875 0.0000000000
60668  -20.948  -16.619  82.731 0.0000000000
145126  -12.692  -19.461  87.553 0.0000000000
57470  -14.446  -20.024  87.332 0.0000000000
149291  -12.957  -20.164  84.738 0.0000000000
57507  -12.654  -19.965  85.251 0.0000000000
57484  -12.146  -19.518  85.842 0.0000000000
57526  -11.772  -20.242  83.965 0.0000000000
147798  -40.929  -2.424  64.158 0.0000000000
76082  -42.020  -2.078  63.767 0.0000000000
77094  -42.562  -1.906  62.838 0.0000000000
77082  -43.353  -1.811  63.327 0.0000000000
77095  -43.443  -1.886  62.457 0.0000000000
78079  -44.766  -0.471  65.991 0.0000000000
77063  -44.082  -0.895  65.519 0.0000000000
77064  -44.841  -1.016  65.084 0.0000000000
77097  -45.147  -2.009  62.038 0.0000000000
130401  -45.866  -1.953  61.974 0.0000000000
77100  -47.961  -1.519  62.024 0.0000000000
77111  -47.349  -1.622  61.177 0.0000000000
77112  -48.271  -1.374  61.002 0.0000000000
77124  -49.085  -1.091  60.692 0.0000000000
77113  -48.935  -0.964  61.448 0.0000000000
137843  -49.085  -0.710  63.197 0.0000000000
78093  -49.841  -0.404  62.941 0.0000000000
79042  -50.555  0.201  62.778 0.0000000000
128110  -50.543  0.582  63.697 0.0000000000
51339  1.084  -25.911  90.716 0.0000000000
64768  -24.793  -13.604  77.512 0.0000000000
64778  -24.594  -14.091  76.902 0.0000000000
68912  -31.572  -8.834  68.644 0.0000000000
127548  -30.015  -11.334  73.328 0.0000000000
124951  -29.137  -11.259  72.571 0.0000000000
66867  -31.714  -11.752  73.146 0.0000000000
124950  -30.882  -11.768  72.753 0.0000000000
66881  -31.695  -11.925  72.181 0.0000000000
125193  -33.949  -11.584  74.012 0.0000000000
66868  -33.920  -11.638  73.208 0.0000000000
66895  -33.584  -11.555  71.715 0.0000000000
66883  -33.416  -11.700  72.483 0.0000000000
138940  -32.670  -11.516  71.185 0.0000000000
67944  -34.036  -10.041  70.215 0.0000000000
68903  -33.865  -9.343  69.908 0.0000000000
132815  -34.587  -9.091  69.937 0.0000000000
68884  -37.406  -9.376  70.750 0.0000000000
68905  -36.102  -9.132  70.051 0.0000000000
150399  -37.156  -8.229  70.373 0.0000000000
69920  -37.632  -8.639  70.793 0.0000000000
54396  -0.625  -22.727  91.530 0.0000000000
128731  -0.200  -23.302  91.789 0.0000000000
53445  0.464  -24.625  90.936 0.0000000000
53446  -0.155  -24.061  90.419 0.0000000000
52413  0.193  -25.137  89.062 0.0000000000
51338  1.682  -26.221  91.410 0.0000000000
51333  1.988  -26.225  92.351 0.0000000000
50160  3.059  -27.399  93.144 0.0000000000
51322  2.878  -26.549  93.481 0.0000000000
51312  3.055  -26.269  94.265 0.0000000000
50146  3.432  -27.049  93.978 0.0000000000
137428  3.496  -29.816  92.553 0.0000000000
147083  4.006  -29.705  93.289 0.0000000000
50144  4.462  -27.561  94.713 0.0000000000
50130  4.302  -26.839  95.103 0.0000000000
147273  4.871  -27.230  95.238 0.0000000000
51297  4.954  -26.413  95.640 0.0000000000
50129  5.514  -27.309  95.422 0.0000000000
48967  6.553  -28.194  95.121 0.0000000000
134161  6.670  -26.863  95.422 0.0000000000
51294  7.310  -26.518  95.215 0.0000000000
46873  7.762  -30.358  93.847 0.0000000000
46855  7.272  -30.031  94.253 0.0000000000
53406  1.537  -24.769  93.821 0.0000000000
132100  -24.725  -19.657  79.968 0.0000000000
148594  -25.166  -19.467  80.618 0.0000000000
58643  -26.426  -19.239  81.045 0.0000000000
58603  -16.927  -19.065  85.072 0.0000000000
128563  -17.331  -18.296  85.220 0.0000000000
60643  -17.564  -17.199  85.300 0.0000000000
59698  -23.361  -18.957  82.922 0.0000000000
59728  -23.134  -19.250  81.014 0.0000000000
58660  -22.981  -19.442  79.924 0.0000000000
124826  -18.763  -18.156  89.221 0.0000000000
76077  -38.005  -2.932  63.667 0.0000000000
76109  -41.539  -2.422  61.097 0.0000000000
62742  -25.878  -16.504  76.911 0.0000000000
66863  -26.517  -11.400  72.848 0.0000000000
66877  -26.502  -11.826  72.245 0.0000000000
56415  -5.989  -20.893  87.170 0.0000000000
130840  -5.378  -21.078  87.698 0.0000000000
56399  -4.669  -21.188  88.322 0.0000000000
56398  -3.787  -21.469  88.606 0.0000000000
148008  -3.398  -22.359  87.559 0.0000000000
54460  -3.056  -22.867  86.879 0.0000000000
54481  -2.539  -23.567  86.380 0.0000000000
58592  -25.993  -19.144  85.209 0.0000000000
58606  -26.614  -19.061  84.749 0.0000000000
59674  -26.756  -18.842  85.572 0.0000000000
59662  -27.501  -18.570  86.046 0.0000000000
59641  -28.182  -18.235  86.653 0.0000000000
60590  -21.168  -17.348  88.993 0.0000000000
59605  -22.070  -17.480  88.904 0.0000000000
145667  -22.468  -17.353  88.306 0.0000000000
127549  -24.484  -18.229  88.347 0.0000000000
59621  -25.073  -18.555  87.678 0.0000000000
59575  -21.376  -17.726  90.314 0.0000000000
70929  -36.216  -7.404  69.668 0.0000000000
71882  -36.351  -6.621  69.456 0.0000000000
72891  -36.594  -5.866  69.214 0.0000000000
73912  -38.076  -4.166  69.684 0.0000000000
150364  -38.460  -3.481  69.882 0.0000000000
75000  -38.482  -3.450  69.064 0.0000000000
75009  -38.530  -3.480  68.165 0.0000000000
75022  -38.544  -3.453  67.238 0.0000000000
75023  -39.155  -3.114  67.703 0.0000000000
130214  -39.732  -2.711  66.546 0.0000000000
76058  -40.435  -2.461  66.772 0.0000000000
76048  -40.444  -2.473  67.749 0.0000000000
76037  -41.051  -2.192  68.263 0.0000000000
77048  -41.514  -1.720  68.740 0.0000000000
67803  -25.579  -10.594  79.845 0.0000000000
140542  -25.416  -9.891  79.070 0.0000000000
67845  -28.177  -10.040  76.331 0.0000000000
143798  -30.010  -10.204  76.283 0.0000000000
125139  -11.073  -18.890  88.905 0.0000000000
58537  -11.313  -18.911  88.121 0.0000000000
125602  -10.017  -18.227  87.290 0.0000000000
150787  -6.938  -20.431  86.175 0.0000000000
79045  -50.742  0.167  61.740 0.0000000000
79048  -50.855  0.107  60.847 0.0000000000
79049  -51.347  0.747  61.316 0.0000000000
79991  -51.808  1.449  60.909 0.0000000000
79995  -52.090  2.170  60.532 0.0000000000
147167  5.256  -24.441  96.814 0.0000000000
130955  -25.714  -19.282  77.549 0.0000000000
60722  -26.602  -18.126  78.124 0.0000000000
61757  -27.300  -15.950  79.625 0.0000000000
59676  -28.201  -18.011  84.059 0.0000000000
59685  -27.963  -17.891  83.274 0.0000000000
60671  -28.452  -17.359  83.650 0.0000000000
61717  -28.463  -16.653  83.082 0.0000000000
63686  -29.079  -14.313  83.011 0.0000000000
63691  -27.393  -14.525  81.840 0.0000000000
64729  -26.618  -14.057  81.935 0.0000000000
64728  -26.373  -13.261  81.436 0.0000000000
134804  -25.630  -12.782  81.648 0.0000000000
144159  -28.008  -11.341  82.364 0.0000000000
68730  -28.712  -9.504  85.021 0.0000000000
58623  -15.993  -19.228  81.956 0.0000000000
61671  -20.602  -15.953  86.634 0.0000000000
61683  -19.271  -15.236  85.665 0.0000000000
61684  -20.473  -15.361  85.822 0.0000000000
61699  -20.422  -15.670  84.101 0.0000000000
60692  -21.418  -17.408  81.432 0.0000000000
60691  -20.890  -16.634  81.889 0.0000000000
57469  -13.762  -19.936  87.648 0.0000000000
57487  -14.841  -20.219  85.729 0.0000000000
126844  -14.163  -20.103  85.851 0.0000000000
130930  -12.384  -20.339  83.708 0.0000000000
57553  -12.462  -20.539  82.102 0.0000000000
77061  -42.003  -1.929  65.309 0.0000000000
77071  -42.388  -1.872  64.631 0.0000000000
77072  -43.216  -1.576  64.707 0.0000000000
132269  -43.753  -1.615  64.064 0.0000000000
77065  -45.843  -1.163  65.082 0.0000000000
77075  -46.180  -1.481  64.362 0.0000000000
77085  -46.488  -1.717  63.497 0.0000000000
77098  -46.484  -1.871  62.515 0.0000000000
133050  -47.068  -1.796  63.004 0.0000000000
78096  -48.498  -1.125  62.676 0.0000000000
51354  1.024  -26.492  88.998 0.0000000000
50206  1.454  -27.009  89.531 0.0000000000
64777  -24.277  -13.661  76.078 0.0000000000
147937  -35.188  -11.453  73.356 0.0000000000
128393  -34.821  -11.494  72.820 0.0000000000
66896  -34.551  -11.427  71.898 0.0000000000
66911  -34.159  -11.160  71.151 0.0000000000
68893  -35.927  -9.936  70.288 0.0000000000
67922  -37.207  -9.998  71.124 0.0000000000
56386  -2.645  -21.373  89.752 0.0000000000
56376  -2.516  -21.131  90.569 0.0000000000
55414  -1.951  -21.448  90.919 0.0000000000
54409  -0.927  -22.671  90.674 0.0000000000
145928  -0.531  -23.299  90.295 0.0000000000
52422  0.076  -25.317  88.122 0.0000000000
50186  2.379  -27.646  91.332 0.0000000000
49014  2.659  -27.822  91.872 0.0000000000
49000  2.887  -28.074  92.575 0.0000000000
48999  3.294  -28.297  93.215 0.0000000000
47861  4.633  -29.930  93.638 0.0000000000
138610  4.927  -29.327  94.297 0.0000000000
48985  5.451  -28.720  94.826 0.0000000000
48968  5.857  -28.131  95.247 0.0000000000
59590  -23.114  -17.721  89.726 0.0000000000
148665  -25.923  -18.502  88.764 0.0000000000
71866  -38.156  -6.020  71.586 0.0000000000
71872  -37.546  -5.650  71.172 0.0000000000
72872  -38.065  -4.964  71.747 0.0000000000
129266  -38.037  -4.332  71.313 0.0000000000
76017  -39.427  -2.640  71.073 0.0000000000
76018  -40.135  -2.110  70.597 0.0000000000
68759  -26.916  -8.993  80.716 0.0000000000
69817  -27.561  -8.474  81.147 0.0000000000
69839  -27.635  -8.622  80.336 0.0000000000
69840  -28.538  -8.613  80.053 0.0000000000
68779  -28.937  -9.127  79.327 0.0000000000
68799  -29.801  -9.710  78.240 0.0000000000
58587  -10.343  -18.774  85.471 0.0000000000
53362  2.869  -24.173  96.233 0.0000000000
53377  3.314  -24.792  95.863 0.0000000000
58705  -24.912  -19.741  78.014 0.0000000000
59729  -27.001  -18.640  79.709 0.0000000000
66761  -28.674  -12.214  83.016 0.0000000000
57529  -14.365  -20.248  83.706 0.0000000000
57542  -14.322  -20.245  82.713 0.0000000000
58612  -16.063  -19.094  83.171 0.0000000000
58602  -16.403  -19.210  84.292 0.0000000000
59695  -16.340  -18.368  82.691 0.0000000000
140459  -16.819  -17.582  82.730 0.0000000000
138383  -17.088  -16.910  82.196 0.0000000000
60657  -22.457  -17.321  84.794 0.0000000000
60656  -21.681  -16.849  84.408 0.0000000000
59697  -22.682  -18.517  82.479 0.0000000000
59696  -21.923  -18.115  82.041 0.0000000000
60702  -21.234  -17.624  80.386 0.0000000000
57460  -15.367  -20.086  88.317 0.0000000000
139559  -15.500  -20.054  86.741 0.0000000000
57489  -16.075  -19.849  86.379 0.0000000000
57488  -15.406  -20.086  86.043 0.0000000000
73954  -35.759  -4.029  65.787 0.0000000000
78065  -43.320  -0.338  67.727 0.0000000000
78071  -43.560  -0.478  66.824 0.0000000000
78066  -44.073  -0.086  67.509 0.0000000000
78072  -44.372  -0.226  66.745 0.0000000000
78083  -48.267  -0.756  65.459 0.0000000000
65834  -24.488  -12.560  74.208 0.0000000000
66838  -24.892  -11.882  74.009 0.0000000000
66909  -30.582  -11.391  70.289 0.0000000000
66828  -33.749  -11.227  75.298 0.0000000000
66848  -34.391  -11.422  74.609 0.0000000000
138870  -35.080  -11.437  74.359 0.0000000000
66870  -35.434  -11.385  73.834 0.0000000000
67903  -36.669  -10.813  73.096 0.0000000000
67912  -36.925  -10.645  72.358 0.0000000000
57454  -5.742  -20.202  88.826 0.0000000000
56387  -3.471  -21.155  89.414 0.0000000000
54441  -1.442  -23.350  88.488 0.0000000000
45895  5.925  -30.938  94.057 0.0000000000
58626  -25.578  -19.490  82.251 0.0000000000
129773  -25.984  -19.649  82.868 0.0000000000
58616  -26.470  -19.405  83.145 0.0000000000
58607  -27.196  -18.724  84.213 0.0000000000
145251  -27.806  -18.380  84.369 0.0000000000
59624  -28.399  -17.894  87.425 0.0000000000
60615  -18.484  -16.859  87.575 0.0000000000
60616  -19.044  -16.193  87.439 0.0000000000
61664  -19.884  -16.115  87.207 0.0000000000
60603  -20.682  -16.837  88.269 0.0000000000
60617  -20.677  -16.345  87.411 0.0000000000
59618  -23.028  -17.606  87.862 0.0000000000
149230  -24.295  -18.237  87.694 0.0000000000
59635  -23.005  -17.422  86.916 0.0000000000
149789  -22.659  -17.095  86.268 0.0000000000
60646  -22.608  -17.136  85.622 0.0000000000
59671  -23.035  -18.009  85.213 0.0000000000
126602  -24.503  -18.837  85.236 0.0000000000
58613  -24.086  -19.268  83.303 0.0000000000
69938  -32.535  -7.788  69.342 0.0000000000
70941  -32.340  -7.412  68.450 0.0000000000
70942  -32.983  -7.099  68.819 0.0000000000
71893  -34.330  -6.218  68.501 0.0000000000
71902  -33.962  -5.798  67.764 0.0000000000
72892  -37.073  -5.481  69.830 0.0000000000
144108  -36.982  -5.301  68.909 0.0000000000
140587  -37.450  -4.675  69.053 0.0000000000
142512  -37.035  -4.851  68.231 0.0000000000
73930  -36.889  -4.554  67.565 0.0000000000
73929  -36.308  -4.554  67.213 0.0000000000
75031  -36.633  -3.781  65.757 0.0000000000
129438  -37.625  -3.122  65.044 0.0000000000
75033  -38.496  -3.298  66.315 0.0000000000
75056  -38.171  -2.895  64.597 0.0000000000
76078  -38.877  -2.615  64.170 0.0000000000
76091  -39.480  -2.510  63.459 0.0000000000
125263  -39.960  -2.465  62.857 0.0000000000
76092  -40.389  -2.433  63.705 0.0000000000
76069  -40.682  -2.416  65.912 0.0000000000
76070  -41.380  -2.196  65.620 0.0000000000
77055  -42.016  -1.770  66.148 0.0000000000
131202  -42.265  -1.395  66.819 0.0000000000
78070  -42.794  -0.825  67.115 0.0000000000
148392  -40.836  -1.862  69.606 0.0000000000
77044  -41.327  -1.569  69.608 0.0000000000
78064  -42.588  -0.717  68.042 0.0000000000
64769  -25.154  -14.213  78.820 0.0000000000
64755  -24.972  -13.484  78.465 0.0000000000
131266  -24.830  -12.780  77.588 0.0000000000
66799  -25.287  -11.897  79.000 0.0000000000
65799  -24.453  -12.145  76.912 0.0000000000
66809  -24.381  -11.479  76.349 0.0000000000
150183  -24.514  -11.226  75.863 0.0000000000
68777  -26.218  -9.335  79.276 0.0000000000
147438  -25.346  -9.813  78.369 0.0000000000
68796  -25.925  -9.430  78.328 0.0000000000
67842  -24.965  -10.315  76.758 0.0000000000
67861  -24.678  -10.789  76.194 0.0000000000
66820  -24.978  -11.020  75.478 0.0000000000
66840  -26.573  -11.031  73.844 0.0000000000
66879  -28.480  -11.132  72.808 0.0000000000
66824  -29.953  -10.707  74.939 0.0000000000
67812  -30.316  -10.049  77.879 0.0000000000
67813  -31.096  -10.137  77.847 0.0000000000
129523  -31.167  -10.295  77.078 0.0000000000
67814  -31.969  -10.063  78.117 0.0000000000
67848  -31.637  -10.514  76.577 0.0000000000
67851  -34.384  -10.557  76.604 0.0000000000
58567  -9.750  -18.336  86.174 0.0000000000
58549  -9.247  -18.280  86.906 0.0000000000
57466  -6.687  -20.082  87.512 0.0000000000
80797  -52.498  3.128  61.981 0.0000000000
80799  -52.340  2.942  61.073 0.0000000000
61781  -26.287  -17.140  76.919 0.0000000000
63720  -26.076  -14.452  78.898 0.0000000000
58644  -26.775  -19.079  81.804 0.0000000000
59700  -27.784  -17.854  82.549 0.0000000000
59715  -27.340  -18.298  81.942 0.0000000000
137451  -27.456  -18.282  81.085 0.0000000000
60703  -27.661  -17.611  80.624 0.0000000000
61728  -28.487  -15.908  82.844 0.0000000000
61727  -28.299  -16.174  82.280 0.0000000000
61738  -28.144  -16.388  81.509 0.0000000000
60714  -27.562  -17.124  80.085 0.0000000000
134269  -27.504  -16.507  80.048 0.0000000000
63721  -26.337  -14.682  79.533 0.0000000000
65763  -25.965  -12.119  81.241 0.0000000000
66780  -25.914  -11.418  80.591 0.0000000000
131241  -26.253  -10.783  81.051 0.0000000000
66748  -28.591  -11.373  82.974 0.0000000000
140187  -28.131  -10.509  82.546 0.0000000000
68739  -27.653  -9.126  82.025 0.0000000000
60644  -17.698  -16.057  85.874 0.0000000000
60655  -17.746  -16.162  84.848 0.0000000000
61682  -18.312  -15.514  85.329 0.0000000000
61696  -17.845  -16.238  83.802 0.0000000000
61712  -17.781  -16.198  82.740 0.0000000000
61716  -21.057  -16.364  84.048 0.0000000000
61715  -20.689  -16.121  83.336 0.0000000000
61737  -20.231  -15.892  81.393 0.0000000000
129277  -18.632  -15.407  81.490 0.0000000000
61723  -17.725  -16.136  81.570 0.0000000000
125729  -11.926  -19.139  88.792 0.0000000000
58569  -11.678  -19.194  86.502 0.0000000000
57468  -13.117  -19.485  87.062 0.0000000000
58570  -12.493  -19.369  86.529 0.0000000000
144052  -11.145  -20.057  84.301 0.0000000000
76101  -40.700  -2.344  62.800 0.0000000000
76103  -41.941  -2.093  61.868 0.0000000000
77107  -43.602  -2.047  61.429 0.0000000000
77108  -44.495  -2.125  61.098 0.0000000000
126611  -43.987  -1.282  64.809 0.0000000000
151054  -44.259  -1.625  63.908 0.0000000000
77074  -45.284  -1.410  64.414 0.0000000000
136536  -44.785  -1.665  63.783 0.0000000000
77119  -44.908  -2.214  60.313 0.0000000000
77121  -46.136  -2.092  60.392 0.0000000000
77129  -46.653  -2.027  59.742 0.0000000000
128395  -46.761  -1.825  60.503 0.0000000000
78108  -49.824  -0.827  60.458 0.0000000000
139852  -51.081  1.102  63.143 0.0000000000
53434  0.634  -24.391  91.771 0.0000000000
52393  1.001  -24.810  92.409 0.0000000000
132091  1.967  -27.176  91.010 0.0000000000
50197  1.787  -27.504  90.159 0.0000000000
49024  2.150  -27.990  90.733 0.0000000000
135681  -24.537  -15.110  77.058 0.0000000000
64795  -24.279  -13.322  74.488 0.0000000000
68913  -31.886  -8.383  69.333 0.0000000000
148448  -29.672  -11.568  71.489 0.0000000000
125420  -33.219  -11.600  73.827 0.0000000000
66894  -32.009  -11.684  71.458 0.0000000000
131867  -31.737  -11.399  70.548 0.0000000000
66920  -31.985  -11.036  69.783 0.0000000000
67942  -32.095  -10.199  69.461 0.0000000000
67930  -33.660  -10.544  70.511 0.0000000000
136352  -33.771  -8.325  69.676 0.0000000000
69925  -36.072  -8.232  69.913 0.0000000000
70917  -36.713  -7.864  70.118 0.0000000000
145669  -37.227  -7.661  70.541 0.0000000000
67913  -37.381  -10.308  72.728 0.0000000000
55386  -0.402  -22.612  92.886 0.0000000000
54381  -0.057  -23.239  92.603 0.0000000000
53422  0.269  -23.771  92.143 0.0000000000
52406  0.725  -25.259  90.664 0.0000000000
132465  0.775  -25.603  90.161 0.0000000000
52412  0.723  -25.686  89.439 0.0000000000
53471  -1.054  -24.090  88.336 0.0000000000
53487  -0.528  -24.782  87.718 0.0000000000
52384  1.486  -25.038  93.003 0.0000000000
52383  1.947  -25.451  93.484 0.0000000000
51332  2.673  -26.717  92.656 0.0000000000
51323  2.295  -26.070  93.101 0.0000000000
52373  2.008  -25.190  94.251 0.0000000000
52372  2.723  -25.511  94.612 0.0000000000
52363  2.928  -25.200  95.278 0.0000000000
52362  3.652  -25.451  95.526 0.0000000000
47862  4.170  -29.217  93.897 0.0000000000
48987  3.772  -28.474  93.885 0.0000000000
51311  3.678  -26.528  94.709 0.0000000000
51298  4.010  -26.142  95.344 0.0000000000
52350  4.849  -25.562  96.127 0.0000000000
52349  5.597  -25.196  96.407 0.0000000000
51296  5.955  -26.620  95.830 0.0000000000
52348  6.105  -25.788  96.112 0.0000000000
147329  6.705  -25.518  95.803 0.0000000000
45894  6.656  -31.114  94.051 0.0000000000
46856  6.600  -30.434  94.248 0.0000000000
48983  7.229  -28.255  94.657 0.0000000000
56434  -6.826  -20.856  85.797 0.0000000000
58526  -18.153  -18.583  89.073 0.0000000000
79041  -50.106  -0.004  63.495 0.0000000000
138619  -0.949  -22.219  92.247 0.0000000000
142675  -35.340  -9.327  70.068 0.0000000000
145122  -24.450  -12.013  74.620 0.0000000000
146340  3.948  -27.205  94.547 0.0000000000
146389  -25.171  -11.121  78.651 0.0000000000
146997  -32.907  -11.767  72.579 0.0000000000
