#!ascii label  , from subject sub-02 vox2ras=TkReg
1978
53528  -39.514  -24.812  84.268 0.0000000000
46867  -22.888  -30.173  94.906 0.0000000000
144271  -47.754  -18.594  68.445 0.0000000000
145103  -31.121  -23.261  74.410 0.0000000000
56604  -42.382  -21.175  77.790 0.0000000000
47934  -33.248  -29.522  91.373 0.0000000000
52462  -25.138  -25.507  83.273 0.0000000000
46155  -28.314  -31.474  76.539 0.0000000000
48993  -13.498  -28.236  94.461 0.0000000000
72886  -46.361  -5.585  70.940 0.0000000000
45194  -17.214  -32.545  82.816 0.0000000000
54564  -34.591  -22.980  80.328 0.0000000000
57661  -36.554  -19.400  75.885 0.0000000000
57578  -39.570  -19.769  81.722 0.0000000000
50234  -37.188  -27.627  88.351 0.0000000000
147725  -32.148  -30.905  82.782 0.0000000000
49200  -33.110  -28.325  80.749 0.0000000000
50398  -29.502  -28.150  75.301 0.0000000000
67984  -49.215  -10.142  66.850 0.0000000000
45889  -17.977  -30.321  94.780 0.0000000000
45980  -15.216  -30.693  88.125 0.0000000000
46944  -19.296  -30.145  89.790 0.0000000000
57701  -45.644  -20.197  72.983 0.0000000000
47888  -28.452  -29.505  93.501 0.0000000000
50214  -24.863  -27.242  89.422 0.0000000000
50252  -30.304  -26.616  87.562 0.0000000000
50327  -29.297  -27.050  80.239 0.0000000000
50137  -9.438  -27.007  95.255 0.0000000000
62711  -45.998  -16.297  78.773 0.0000000000
62771  -47.875  -16.031  74.440 0.0000000000
69900  -46.529  -8.506  74.293 0.0000000000
65857  -44.270  -12.760  71.360 0.0000000000
66939  -42.421  -11.299  67.530 0.0000000000
49087  -11.299  -28.012  87.964 0.0000000000
50286  -19.670  -27.505  83.387 0.0000000000
53539  -37.190  -23.782  81.842 0.0000000000
55548  -36.820  -22.194  80.870 0.0000000000
55525  -39.725  -22.731  82.420 0.0000000000
51396  -39.044  -26.599  86.811 0.0000000000
49149  -35.975  -28.105  83.961 0.0000000000
51448  -36.093  -25.881  83.213 0.0000000000
52480  -33.477  -25.354  80.650 0.0000000000
58823  -46.868  -19.183  65.910 0.0000000000
61844  -46.893  -17.390  67.636 0.0000000000
45892  -20.270  -30.974  95.633 0.0000000000
45927  -18.989  -31.134  92.272 0.0000000000
46904  -20.772  -29.387  93.028 0.0000000000
56659  -32.148  -21.609  72.079 0.0000000000
56601  -39.726  -19.713  76.826 0.0000000000
56637  -37.919  -19.664  74.310 0.0000000000
55589  -40.740  -20.856  74.695 0.0000000000
56665  -42.242  -20.347  72.461 0.0000000000
57688  -44.110  -20.615  75.385 0.0000000000
125074  -30.791  -29.277  92.893 0.0000000000
47951  -29.468  -28.846  90.806 0.0000000000
47972  -31.742  -29.062  89.388 0.0000000000
45262  -30.079  -32.312  79.198 0.0000000000
47044  -30.737  -29.778  81.468 0.0000000000
142557  -28.413  -30.301  78.697 0.0000000000
52551  -30.053  -25.344  74.336 0.0000000000
62737  -47.690  -16.349  76.403 0.0000000000
68890  -46.749  -10.275  72.564 0.0000000000
68899  -44.567  -9.435  70.927 0.0000000000
66923  -42.779  -12.120  69.917 0.0000000000
68908  -44.669  -8.959  68.806 0.0000000000
69981  -46.812  -8.240  64.365 0.0000000000
50154  -11.213  -27.434  94.640 0.0000000000
131292  -10.829  -27.106  90.986 0.0000000000
49031  -12.972  -27.615  91.367 0.0000000000
46006  -16.568  -32.357  85.483 0.0000000000
46991  -15.082  -29.862  85.426 0.0000000000
46058  -15.600  -31.933  82.374 0.0000000000
51392  -25.507  -26.272  86.623 0.0000000000
50262  -22.114  -26.759  87.005 0.0000000000
51416  -22.735  -26.062  84.101 0.0000000000
54581  -32.708  -23.005  76.809 0.0000000000
56623  -33.317  -21.596  75.411 0.0000000000
56580  -34.859  -21.103  78.926 0.0000000000
58688  -37.427  -19.206  78.956 0.0000000000
58692  -41.206  -18.770  79.529 0.0000000000
47955  -35.541  -28.836  90.228 0.0000000000
45985  -33.501  -31.121  87.711 0.0000000000
47000  -35.063  -30.124  85.327 0.0000000000
46085  -32.902  -30.568  81.566 0.0000000000
46159  -31.529  -30.190  77.921 0.0000000000
47146  -28.909  -30.294  75.245 0.0000000000
50381  -31.363  -27.819  77.547 0.0000000000
139675  -32.057  -24.683  78.230 0.0000000000
69931  -48.170  -8.358  69.111 0.0000000000
70938  -50.649  -7.361  69.682 0.0000000000
47867  -15.903  -28.739  94.243 0.0000000000
46898  -14.982  -28.875  90.989 0.0000000000
45936  -16.399  -31.159  91.430 0.0000000000
45140  -17.764  -32.164  88.736 0.0000000000
45993  -18.312  -31.519  86.604 0.0000000000
57698  -35.406  -20.084  73.326 0.0000000000
135979  -44.098  -20.073  69.812 0.0000000000
124490  -47.036  -19.945  69.919 0.0000000000
46870  -25.471  -30.140  94.175 0.0000000000
47926  -24.023  -28.863  92.298 0.0000000000
47928  -26.546  -28.780  91.901 0.0000000000
50232  -27.156  -27.182  88.374 0.0000000000
51409  -27.533  -26.074  85.641 0.0000000000
48017  -31.594  -28.723  85.521 0.0000000000
50289  -30.539  -26.943  83.791 0.0000000000
51444  -27.522  -26.001  82.296 0.0000000000
56430  -41.144  -21.760  86.992 0.0000000000
48954  -24.684  -28.043  96.424 0.0000000000
50155  -29.634  -27.156  94.743 0.0000000000
51328  -32.498  -26.429  93.114 0.0000000000
57537  -42.856  -20.458  85.068 0.0000000000
59702  -42.154  -18.667  82.712 0.0000000000
58674  -44.188  -19.300  80.539 0.0000000000
61749  -44.734  -16.247  80.739 0.0000000000
57610  -45.942  -20.196  79.337 0.0000000000
57667  -48.017  -19.843  76.463 0.0000000000
147664  -49.650  -19.442  73.378 0.0000000000
60776  -48.225  -18.176  72.509 0.0000000000
67908  -47.211  -11.730  73.877 0.0000000000
63832  -46.668  -14.809  73.046 0.0000000000
61828  -44.730  -16.969  71.669 0.0000000000
62824  -42.880  -16.181  69.808 0.0000000000
68941  -45.776  -9.573  66.887 0.0000000000
142687  -7.929  -26.964  91.803 0.0000000000
150454  -10.085  -29.139  84.403 0.0000000000
47987  -13.768  -28.948  87.931 0.0000000000
125268  -12.367  -28.555  84.755 0.0000000000
126384  -21.694  -27.479  90.150 0.0000000000
139327  -19.136  -28.445  87.074 0.0000000000
47023  -18.357  -30.228  83.266 0.0000000000
47061  -20.112  -30.624  81.337 0.0000000000
52471  -38.714  -24.759  83.083 0.0000000000
54556  -38.673  -23.675  82.060 0.0000000000
54540  -40.111  -23.610  83.413 0.0000000000
52453  -39.418  -25.412  85.734 0.0000000000
51423  -37.816  -26.451  84.378 0.0000000000
51450  -37.469  -25.411  83.283 0.0000000000
137185  -35.993  -24.753  82.232 0.0000000000
58796  -46.702  -20.014  68.067 0.0000000000
58808  -48.092  -19.466  67.157 0.0000000000
60795  -47.754  -18.108  67.244 0.0000000000
61841  -47.382  -17.749  68.227 0.0000000000
46851  -21.939  -30.364  95.182 0.0000000000
46865  -20.525  -29.968  94.297 0.0000000000
134359  -21.798  -29.372  94.023 0.0000000000
54604  -30.472  -23.294  72.217 0.0000000000
125012  -31.737  -22.404  73.435 0.0000000000
56603  -40.870  -21.100  77.480 0.0000000000
143559  -40.191  -20.130  75.927 0.0000000000
126902  -41.802  -21.418  76.366 0.0000000000
140833  -42.368  -21.320  75.205 0.0000000000
56620  -43.296  -20.986  76.679 0.0000000000
149990  -32.130  -29.544  92.048 0.0000000000
47931  -30.997  -29.708  91.316 0.0000000000
46932  -32.094  -30.182  90.375 0.0000000000
146295  -29.212  -31.856  77.907 0.0000000000
46108  -29.044  -31.234  78.670 0.0000000000
46123  -27.951  -31.180  77.365 0.0000000000
47112  -27.296  -30.472  76.638 0.0000000000
53582  -30.475  -24.529  74.195 0.0000000000
52550  -29.491  -25.421  73.734 0.0000000000
53586  -29.793  -24.594  73.119 0.0000000000
70915  -45.714  -7.668  71.902 0.0000000000
70922  -45.277  -7.050  70.243 0.0000000000
69927  -44.413  -8.453  69.496 0.0000000000
70933  -45.741  -7.308  69.575 0.0000000000
48992  -12.711  -28.126  94.215 0.0000000000
125406  -12.226  -28.026  92.938 0.0000000000
47880  -13.270  -27.898  92.670 0.0000000000
45178  -16.883  -32.796  83.825 0.0000000000
46037  -16.200  -32.089  83.450 0.0000000000
45193  -16.507  -32.394  82.519 0.0000000000
44418  -16.033  -33.581  81.400 0.0000000000
45230  -17.295  -33.117  81.319 0.0000000000
51406  -24.921  -26.001  85.229 0.0000000000
51405  -23.890  -25.973  85.407 0.0000000000
52460  -23.913  -25.712  83.698 0.0000000000
54568  -33.494  -22.550  78.860 0.0000000000
55578  -33.542  -22.312  77.406 0.0000000000
55556  -34.827  -21.879  79.393 0.0000000000
56557  -38.802  -20.542  81.164 0.0000000000
57590  -37.488  -20.081  80.397 0.0000000000
145825  -38.833  -19.248  80.480 0.0000000000
58690  -39.232  -18.897  79.332 0.0000000000
58648  -40.218  -18.715  81.519 0.0000000000
49076  -36.326  -28.252  89.328 0.0000000000
46974  -35.946  -30.507  87.669 0.0000000000
48019  -36.592  -29.400  86.847 0.0000000000
49181  -34.094  -28.098  82.101 0.0000000000
141908  -33.999  -29.586  82.080 0.0000000000
47079  -32.703  -29.704  80.556 0.0000000000
46127  -32.180  -30.004  79.101 0.0000000000
48137  -32.009  -29.719  78.861 0.0000000000
48158  -31.089  -29.606  77.547 0.0000000000
49219  -32.238  -28.195  79.352 0.0000000000
53546  -33.600  -24.403  80.371 0.0000000000
52488  -32.620  -25.567  79.289 0.0000000000
53554  -32.949  -23.540  79.247 0.0000000000
53569  -32.251  -23.585  77.788 0.0000000000
46849  -17.064  -29.576  94.991 0.0000000000
46901  -16.330  -30.264  92.721 0.0000000000
45912  -16.861  -30.634  93.045 0.0000000000
45950  -19.074  -31.077  90.665 0.0000000000
45131  -18.256  -32.010  90.360 0.0000000000
138892  -18.811  -31.437  89.126 0.0000000000
45148  -18.124  -32.040  87.292 0.0000000000
46958  -19.027  -30.736  88.367 0.0000000000
140323  -34.465  -20.002  76.252 0.0000000000
57685  -34.368  -19.987  74.374 0.0000000000
57687  -36.238  -19.347  74.838 0.0000000000
55602  -39.568  -19.447  72.937 0.0000000000
56662  -37.403  -19.533  72.605 0.0000000000
56679  -38.959  -19.556  71.413 0.0000000000
124415  -43.871  -20.151  73.023 0.0000000000
57741  -43.373  -20.054  71.282 0.0000000000
57742  -45.055  -20.459  71.695 0.0000000000
57760  -45.454  -20.340  70.012 0.0000000000
57744  -46.250  -20.332  71.447 0.0000000000
46891  -27.021  -29.879  93.800 0.0000000000
46905  -26.208  -29.694  93.283 0.0000000000
47908  -27.598  -29.603  92.706 0.0000000000
49075  -29.622  -27.641  89.662 0.0000000000
49074  -28.735  -27.316  89.780 0.0000000000
49092  -28.934  -26.905  88.525 0.0000000000
50250  -27.353  -26.718  87.509 0.0000000000
140788  -28.944  -26.359  86.816 0.0000000000
143211  -32.545  -31.067  85.276 0.0000000000
130216  -32.112  -30.052  86.025 0.0000000000
47013  -32.088  -30.191  84.444 0.0000000000
49180  -30.522  -28.372  80.979 0.0000000000
49146  -31.079  -27.535  82.719 0.0000000000
50297  -30.384  -26.820  82.100 0.0000000000
51433  -28.770  -25.917  83.338 0.0000000000
49281  -29.640  -28.962  75.513 0.0000000000
50157  -31.297  -27.346  93.986 0.0000000000
52404  -33.055  -25.497  90.478 0.0000000000
56450  -42.533  -20.864  86.092 0.0000000000
59688  -42.821  -18.138  84.063 0.0000000000
127776  -43.091  -17.802  83.270 0.0000000000
58651  -43.186  -18.837  81.069 0.0000000000
139871  -43.881  -17.748  81.358 0.0000000000
61759  -45.646  -16.520  79.499 0.0000000000
60707  -45.544  -17.762  79.959 0.0000000000
59747  -46.776  -18.706  79.121 0.0000000000
57649  -47.302  -20.158  78.013 0.0000000000
146118  -48.023  -18.404  78.738 0.0000000000
62749  -48.777  -15.986  75.483 0.0000000000
60753  -48.722  -17.734  74.908 0.0000000000
60762  -48.986  -18.137  74.054 0.0000000000
60777  -49.367  -18.691  72.843 0.0000000000
137920  -48.230  -17.391  73.500 0.0000000000
68865  -48.087  -10.129  74.235 0.0000000000
66901  -45.550  -11.962  71.354 0.0000000000
134990  -47.241  -12.520  71.918 0.0000000000
63844  -45.082  -14.389  72.360 0.0000000000
62801  -44.976  -16.212  73.168 0.0000000000
63829  -43.554  -15.596  72.468 0.0000000000
61833  -43.509  -16.490  70.475 0.0000000000
63841  -42.629  -14.432  71.332 0.0000000000
129150  -42.690  -11.359  68.508 0.0000000000
64868  -41.663  -13.562  68.844 0.0000000000
65894  -41.282  -13.020  67.522 0.0000000000
138855  -48.788  -9.629  68.379 0.0000000000
68920  -47.286  -9.549  68.200 0.0000000000
67970  -47.890  -10.241  67.330 0.0000000000
124727  -11.607  -27.341  89.721 0.0000000000
49046  -9.730  -27.449  89.920 0.0000000000
49104  -10.276  -28.106  87.426 0.0000000000
49127  -9.665  -28.663  85.865 0.0000000000
147748  -10.345  -28.546  85.765 0.0000000000
46928  -15.298  -29.583  89.549 0.0000000000
46927  -14.597  -28.968  89.506 0.0000000000
46957  -14.769  -29.919  88.354 0.0000000000
48037  -13.905  -28.945  84.328 0.0000000000
147424  -13.348  -32.033  82.941 0.0000000000
49052  -24.260  -28.155  91.089 0.0000000000
49034  -22.778  -28.176  91.562 0.0000000000
49069  -23.241  -27.396  90.244 0.0000000000
130382  -21.190  -26.816  85.842 0.0000000000
50243  -20.485  -27.323  87.198 0.0000000000
50259  -19.551  -27.853  85.524 0.0000000000
150761  -18.609  -29.099  85.559 0.0000000000
49143  -18.623  -28.759  83.452 0.0000000000
46079  -19.721  -31.538  81.445 0.0000000000
54559  -35.387  -23.543  80.855 0.0000000000
55558  -35.545  -22.781  80.572 0.0000000000
135523  -36.982  -22.968  81.137 0.0000000000
55537  -38.465  -22.345  81.198 0.0000000000
55539  -39.947  -21.833  82.249 0.0000000000
50235  -38.316  -26.644  87.941 0.0000000000
49131  -37.254  -28.167  86.052 0.0000000000
49140  -37.023  -27.635  84.771 0.0000000000
50299  -35.775  -27.253  83.235 0.0000000000
51461  -34.191  -26.642  81.996 0.0000000000
50328  -32.840  -27.265  80.484 0.0000000000
51476  -34.343  -25.851  81.871 0.0000000000
52483  -35.563  -24.502  81.561 0.0000000000
61843  -46.099  -16.626  67.821 0.0000000000
45880  -18.881  -31.136  95.891 0.0000000000
45914  -18.487  -30.999  93.451 0.0000000000
45916  -19.709  -30.270  94.019 0.0000000000
46903  -20.088  -29.964  92.618 0.0000000000
46930  -19.656  -29.643  91.021 0.0000000000
57663  -37.930  -19.536  76.544 0.0000000000
56624  -37.308  -20.029  74.416 0.0000000000
56626  -38.881  -19.763  75.547 0.0000000000
55594  -39.766  -19.973  73.979 0.0000000000
55604  -40.510  -20.873  73.016 0.0000000000
56682  -40.373  -20.950  71.939 0.0000000000
56664  -41.459  -21.229  73.080 0.0000000000
57699  -43.826  -20.419  73.888 0.0000000000
57690  -45.407  -20.290  74.390 0.0000000000
47890  -29.964  -29.188  93.462 0.0000000000
127042  -28.725  -29.720  92.335 0.0000000000
125107  -30.146  -29.602  91.801 0.0000000000
47971  -30.416  -28.873  90.314 0.0000000000
49094  -31.272  -27.504  88.446 0.0000000000
124811  -30.735  -32.292  81.671 0.0000000000
130032  -31.172  -30.421  82.132 0.0000000000
46082  -30.203  -31.150  81.021 0.0000000000
47077  -29.200  -30.231  79.700 0.0000000000
49218  -28.757  -28.511  79.101 0.0000000000
50364  -28.062  -27.881  78.704 0.0000000000
48135  -27.696  -29.224  77.726 0.0000000000
51547  -29.682  -26.943  75.396 0.0000000000
125843  -29.011  -26.255  73.996 0.0000000000
62734  -45.089  -15.232  77.354 0.0000000000
62724  -46.854  -16.536  77.592 0.0000000000
63757  -46.176  -14.779  76.124 0.0000000000
134640  -46.647  -14.302  75.362 0.0000000000
64789  -46.975  -14.244  74.852 0.0000000000
71859  -46.706  -6.800  74.156 0.0000000000
68870  -47.860  -9.447  73.186 0.0000000000
69909  -46.418  -8.407  72.596 0.0000000000
68889  -45.710  -9.669  72.245 0.0000000000
66915  -44.714  -11.199  71.098 0.0000000000
65866  -43.523  -12.741  71.052 0.0000000000
132749  -43.726  -11.010  70.506 0.0000000000
145849  -43.643  -9.961  69.344 0.0000000000
67955  -44.000  -10.360  68.111 0.0000000000
68961  -49.420  -9.274  65.478 0.0000000000
68959  -47.655  -8.992  65.705 0.0000000000
142116  -48.362  -8.307  64.419 0.0000000000
147368  -10.310  -27.124  95.142 0.0000000000
50168  -10.164  -27.255  93.046 0.0000000000
49004  -10.946  -27.622  92.694 0.0000000000
127370  -11.709  -27.295  90.753 0.0000000000
47965  -12.690  -27.674  89.289 0.0000000000
45991  -15.784  -31.239  86.626 0.0000000000
46969  -15.284  -30.568  86.815 0.0000000000
46992  -15.674  -30.591  84.971 0.0000000000
47005  -15.659  -30.735  83.825 0.0000000000
46057  -14.771  -31.351  82.496 0.0000000000
44384  -14.064  -33.142  83.039 0.0000000000
44399  -15.371  -33.536  81.882 0.0000000000
50230  -24.816  -26.928  88.560 0.0000000000
50229  -23.482  -27.039  88.862 0.0000000000
51376  -23.126  -26.522  87.221 0.0000000000
51403  -21.915  -26.431  85.601 0.0000000000
50279  -21.123  -26.688  83.474 0.0000000000
54592  -31.962  -23.038  76.004 0.0000000000
55591  -32.170  -22.253  74.856 0.0000000000
55585  -33.238  -22.207  76.034 0.0000000000
56613  -33.790  -21.100  76.538 0.0000000000
57642  -35.035  -19.993  77.566 0.0000000000
56568  -35.969  -21.175  79.941 0.0000000000
57621  -36.002  -20.003  78.733 0.0000000000
58711  -37.062  -19.445  78.220 0.0000000000
57623  -38.873  -19.317  77.748 0.0000000000
57624  -40.659  -20.007  77.928 0.0000000000
57625  -41.400  -20.357  78.245 0.0000000000
47936  -34.813  -28.911  90.886 0.0000000000
133032  -33.500  -30.723  89.785 0.0000000000
46948  -35.154  -30.643  89.133 0.0000000000
46000  -34.131  -31.111  86.469 0.0000000000
46029  -33.618  -30.973  84.151 0.0000000000
48044  -35.299  -29.472  84.885 0.0000000000
144539  -34.016  -30.005  83.284 0.0000000000
45236  -32.461  -31.744  81.991 0.0000000000
45263  -31.739  -31.261  79.814 0.0000000000
45273  -31.233  -31.271  78.213 0.0000000000
46156  -29.340  -31.056  76.380 0.0000000000
46188  -28.660  -30.791  75.438 0.0000000000
47136  -30.001  -30.048  76.152 0.0000000000
48164  -29.887  -29.422  75.871 0.0000000000
50391  -30.259  -28.048  76.332 0.0000000000
51488  -32.511  -26.562  79.520 0.0000000000
51530  -31.389  -26.744  77.460 0.0000000000
51539  -30.251  -27.081  76.306 0.0000000000
52523  -30.886  -25.480  76.517 0.0000000000
53580  -31.397  -24.078  75.657 0.0000000000
71888  -47.220  -6.654  69.822 0.0000000000
138535  -48.792  -6.348  70.654 0.0000000000
70937  -49.746  -7.735  69.884 0.0000000000
68923  -50.368  -9.507  68.466 0.0000000000
125201  -51.013  -10.132  67.232 0.0000000000
129691  -51.071  -9.386  65.281 0.0000000000
47866  -15.153  -28.447  94.000 0.0000000000
47881  -14.244  -28.044  92.938 0.0000000000
46880  -15.592  -29.104  92.731 0.0000000000
46914  -15.946  -29.817  91.626 0.0000000000
45947  -15.807  -31.162  90.109 0.0000000000
45937  -17.540  -31.483  91.735 0.0000000000
45129  -16.946  -32.141  89.993 0.0000000000
45970  -16.172  -31.780  88.121 0.0000000000
45146  -16.916  -32.285  86.971 0.0000000000
45169  -17.415  -32.564  85.756 0.0000000000
45180  -17.790  -32.551  84.748 0.0000000000
56643  -32.887  -21.478  73.691 0.0000000000
124781  -33.747  -20.632  73.192 0.0000000000
56645  -37.068  -19.691  74.309 0.0000000000
132766  -46.646  -20.052  69.047 0.0000000000
142815  -47.472  -19.401  69.317 0.0000000000
46869  -24.619  -30.127  94.509 0.0000000000
142179  -23.195  -29.445  93.923 0.0000000000
47886  -24.846  -29.818  93.627 0.0000000000
139764  -25.593  -28.419  91.872 0.0000000000
134675  -25.986  -28.052  90.488 0.0000000000
47950  -27.927  -28.672  91.067 0.0000000000
49073  -27.305  -28.052  89.957 0.0000000000
50215  -25.735  -27.414  89.440 0.0000000000
138689  -26.458  -26.882  87.683 0.0000000000
51393  -26.694  -26.130  86.200 0.0000000000
51419  -26.517  -25.956  84.432 0.0000000000
46961  -32.678  -30.228  88.377 0.0000000000
48004  -32.195  -28.942  87.488 0.0000000000
49122  -31.235  -27.642  86.033 0.0000000000
48058  -31.519  -29.338  83.041 0.0000000000
150754  -31.241  -28.233  84.321 0.0000000000
50271  -30.034  -26.525  85.816 0.0000000000
51421  -28.922  -25.988  84.352 0.0000000000
132883  -27.244  -26.090  83.972 0.0000000000
47144  -27.901  -30.560  74.411 0.0000000000
53512  -39.417  -23.738  86.034 0.0000000000
54514  -40.021  -23.167  85.856 0.0000000000
141890  -10.587  -27.193  96.059 0.0000000000
48961  -13.811  -28.136  96.133 0.0000000000
47838  -15.420  -28.006  95.506 0.0000000000
47840  -16.719  -29.066  96.101 0.0000000000
46839  -19.764  -31.002  96.988 0.0000000000
46840  -21.191  -30.663  96.778 0.0000000000
46841  -22.559  -30.225  96.425 0.0000000000
47854  -24.098  -29.677  95.915 0.0000000000
47855  -25.564  -29.323  95.381 0.0000000000
47856  -26.425  -29.252  95.156 0.0000000000
48994  -28.012  -28.806  94.871 0.0000000000
48980  -28.456  -27.988  95.182 0.0000000000
47871  -29.452  -28.803  94.174 0.0000000000
47872  -30.224  -28.484  94.119 0.0000000000
49009  -31.434  -28.078  93.433 0.0000000000
49011  -33.001  -27.723  92.521 0.0000000000
49021  -34.094  -27.924  91.625 0.0000000000
50195  -34.516  -27.226  90.644 0.0000000000
51351  -34.910  -27.600  89.142 0.0000000000
53501  -38.650  -23.928  86.652 0.0000000000
54530  -41.111  -23.066  84.319 0.0000000000
55527  -40.901  -21.954  83.400 0.0000000000
57549  -41.635  -20.658  83.634 0.0000000000
59667  -43.053  -19.032  85.754 0.0000000000
58608  -42.368  -19.653  84.515 0.0000000000
58630  -41.233  -18.999  82.731 0.0000000000
131048  -41.973  -19.050  80.834 0.0000000000
58672  -42.780  -19.369  80.246 0.0000000000
142800  -43.832  -20.718  79.613 0.0000000000
59720  -44.718  -18.193  80.965 0.0000000000
57596  -45.059  -19.712  80.372 0.0000000000
57627  -44.630  -20.940  78.641 0.0000000000
127541  -45.554  -20.683  77.356 0.0000000000
125179  -46.244  -20.612  76.055 0.0000000000
57691  -47.231  -20.279  74.799 0.0000000000
59768  -48.244  -18.520  76.877 0.0000000000
148586  -48.819  -19.708  74.977 0.0000000000
57703  -48.244  -20.311  73.297 0.0000000000
58774  -48.411  -19.591  71.362 0.0000000000
125778  -48.718  -19.059  71.143 0.0000000000
60787  -47.827  -18.446  70.623 0.0000000000
66832  -46.878  -12.456  74.277 0.0000000000
64800  -47.517  -13.752  73.986 0.0000000000
67918  -47.993  -10.645  72.951 0.0000000000
65848  -48.034  -12.611  72.317 0.0000000000
63833  -47.096  -15.125  73.622 0.0000000000
142533  -47.083  -16.542  73.555 0.0000000000
60781  -46.584  -17.817  71.961 0.0000000000
60789  -47.061  -17.465  69.833 0.0000000000
61836  -46.391  -16.966  69.150 0.0000000000
61838  -44.740  -16.421  68.459 0.0000000000
62829  -44.101  -16.185  68.157 0.0000000000
127317  -42.196  -14.458  69.820 0.0000000000
63868  -41.592  -14.995  68.674 0.0000000000
63876  -43.663  -15.260  67.250 0.0000000000
69929  -46.219  -8.172  68.894 0.0000000000
68927  -45.452  -9.947  67.755 0.0000000000
67981  -44.782  -10.028  66.984 0.0000000000
68958  -46.853  -8.910  65.862 0.0000000000
68956  -44.425  -9.367  65.466 0.0000000000
144772  -42.880  -10.541  65.963 0.0000000000
50192  -9.328  -27.077  91.215 0.0000000000
47921  -14.152  -28.441  91.264 0.0000000000
47966  -13.691  -28.348  89.242 0.0000000000
47986  -13.072  -28.467  88.120 0.0000000000
46980  -14.261  -29.402  87.014 0.0000000000
48012  -12.885  -28.702  86.507 0.0000000000
48024  -11.965  -28.482  85.665 0.0000000000
147951  -11.442  -28.920  83.794 0.0000000000
47903  -22.355  -28.985  92.769 0.0000000000
47923  -21.110  -28.762  91.787 0.0000000000
47948  -19.931  -28.809  90.520 0.0000000000
50227  -21.731  -27.163  88.429 0.0000000000
49088  -19.780  -28.091  88.767 0.0000000000
131012  -19.092  -29.527  88.201 0.0000000000
46984  -18.717  -29.741  86.787 0.0000000000
46993  -18.512  -30.577  85.095 0.0000000000
46038  -18.218  -31.557  83.267 0.0000000000
51438  -21.632  -26.484  82.036 0.0000000000
50295  -20.418  -26.940  81.912 0.0000000000
48068  -18.825  -28.490  81.832 0.0000000000
48067  -18.685  -29.345  81.936 0.0000000000
46059  -18.713  -31.076  81.908 0.0000000000
45231  -18.232  -32.854  81.271 0.0000000000
52464  -39.053  -24.976  83.581 0.0000000000
53531  -39.374  -24.303  83.389 0.0000000000
53532  -40.121  -24.134  84.056 0.0000000000
52454  -39.717  -24.845  85.229 0.0000000000
51425  -39.236  -25.475  84.862 0.0000000000
52463  -38.881  -25.442  84.050 0.0000000000
127687  -38.402  -25.228  83.413 0.0000000000
58797  -47.617  -19.479  67.898 0.0000000000
58807  -47.366  -19.871  67.332 0.0000000000
59814  -48.160  -18.941  67.813 0.0000000000
136898  -47.795  -18.376  67.922 0.0000000000
60792  -47.602  -18.121  68.740 0.0000000000
46866  -21.456  -29.947  94.453 0.0000000000
46886  -22.470  -29.832  94.410 0.0000000000
54599  -30.624  -23.472  73.140 0.0000000000
54605  -31.133  -22.676  72.710 0.0000000000
54600  -31.089  -22.976  73.688 0.0000000000
125154  -41.506  -21.152  78.010 0.0000000000
125874  -41.671  -21.324  77.245 0.0000000000
56619  -42.512  -21.279  76.959 0.0000000000
126121  -43.191  -21.112  77.549 0.0000000000
127479  -32.757  -29.248  91.978 0.0000000000
46918  -32.228  -30.172  90.992 0.0000000000
46919  -32.992  -30.109  90.959 0.0000000000
45295  -28.591  -31.529  76.843 0.0000000000
46140  -28.331  -31.480  77.139 0.0000000000
53588  -30.806  -23.798  73.936 0.0000000000
53587  -30.329  -24.195  73.463 0.0000000000
53597  -30.137  -23.974  72.654 0.0000000000
72875  -45.778  -5.738  70.986 0.0000000000
71869  -45.565  -6.252  71.264 0.0000000000
71874  -45.527  -6.391  70.679 0.0000000000
71887  -46.349  -6.591  69.888 0.0000000000
48974  -12.842  -28.079  95.023 0.0000000000
49006  -12.687  -28.068  93.465 0.0000000000
49007  -13.421  -28.134  93.610 0.0000000000
138056  -17.413  -32.649  84.036 0.0000000000
45208  -16.854  -32.716  81.785 0.0000000000
52457  -24.989  -25.591  84.262 0.0000000000
51418  -24.333  -25.821  84.696 0.0000000000
52461  -24.450  -25.584  83.542 0.0000000000
53555  -33.608  -23.297  79.782 0.0000000000
149803  -34.156  -22.437  79.360 0.0000000000
55557  -34.863  -22.401  79.973 0.0000000000
57592  -39.039  -19.459  80.954 0.0000000000
58647  -39.557  -18.933  81.090 0.0000000000
49077  -36.816  -28.315  88.702 0.0000000000
47975  -37.001  -28.898  88.480 0.0000000000
49095  -37.286  -28.345  88.116 0.0000000000
49201  -33.585  -28.229  81.396 0.0000000000
48094  -33.830  -28.983  81.789 0.0000000000
48123  -32.653  -28.975  80.297 0.0000000000
48138  -32.267  -29.661  79.642 0.0000000000
49235  -32.178  -28.965  79.564 0.0000000000
150688  -31.843  -29.027  79.052 0.0000000000
49220  -32.723  -28.088  80.139 0.0000000000
53547  -34.370  -23.828  80.722 0.0000000000
53545  -33.221  -24.176  79.749 0.0000000000
54567  -33.179  -22.790  78.700 0.0000000000
46850  -17.669  -30.048  95.341 0.0000000000
46864  -17.327  -30.048  94.684 0.0000000000
45898  -17.302  -30.368  93.959 0.0000000000
46929  -19.318  -30.335  90.501 0.0000000000
45959  -18.742  -31.550  90.064 0.0000000000
45971  -19.183  -30.724  89.226 0.0000000000
45983  -18.473  -31.597  88.185 0.0000000000
57674  -35.765  -19.338  75.660 0.0000000000
57675  -36.922  -19.494  74.826 0.0000000000
55615  -39.671  -19.739  72.094 0.0000000000
55614  -39.066  -19.240  72.047 0.0000000000
57723  -44.810  -20.257  72.598 0.0000000000
126078  -43.898  -20.177  72.052 0.0000000000
148714  -45.659  -20.397  72.220 0.0000000000
124882  -46.495  -20.232  72.431 0.0000000000
47887  -27.678  -29.767  93.313 0.0000000000
134736  -28.307  -29.735  92.849 0.0000000000
49108  -29.800  -26.951  88.425 0.0000000000
137680  -29.229  -27.354  88.970 0.0000000000
50251  -29.201  -26.574  87.696 0.0000000000
50265  -29.789  -26.358  86.821 0.0000000000
46027  -32.618  -30.940  84.523 0.0000000000
126102  -32.232  -30.731  84.908 0.0000000000
46026  -32.331  -30.337  84.016 0.0000000000
49199  -29.949  -27.870  80.460 0.0000000000
50312  -30.113  -27.147  81.137 0.0000000000
145161  -29.138  -26.489  81.049 0.0000000000
134815  -28.442  -26.398  80.577 0.0000000000
49301  -28.769  -28.484  74.359 0.0000000000
59703  -43.228  -17.854  82.321 0.0000000000
62722  -45.377  -15.670  78.248 0.0000000000
62710  -45.302  -15.794  79.324 0.0000000000
60716  -46.064  -17.925  79.114 0.0000000000
61760  -46.281  -17.108  78.822 0.0000000000
59748  -47.862  -18.630  79.090 0.0000000000
61761  -46.795  -17.542  78.212 0.0000000000
127648  -48.355  -15.848  74.822 0.0000000000
61801  -48.978  -16.564  75.122 0.0000000000
136155  -48.406  -16.567  74.319 0.0000000000
129618  -48.791  -18.050  73.707 0.0000000000
61826  -48.337  -16.997  73.924 0.0000000000
70881  -46.296  -7.090  74.285 0.0000000000
69883  -46.893  -9.413  74.679 0.0000000000
69901  -47.406  -9.439  74.253 0.0000000000
65858  -45.252  -12.721  71.426 0.0000000000
65859  -46.204  -12.643  71.625 0.0000000000
64836  -44.652  -13.604  71.738 0.0000000000
63830  -44.387  -15.470  72.880 0.0000000000
63843  -43.990  -14.667  72.155 0.0000000000
63842  -42.921  -15.055  72.084 0.0000000000
64835  -43.524  -13.814  71.537 0.0000000000
65895  -42.022  -12.112  67.950 0.0000000000
66938  -41.566  -11.974  67.085 0.0000000000
66946  -42.156  -11.216  66.565 0.0000000000
67958  -49.096  -10.080  68.037 0.0000000000
67957  -48.138  -10.064  68.020 0.0000000000
67983  -48.353  -10.173  66.801 0.0000000000
50152  -9.555  -27.061  94.411 0.0000000000
49065  -11.476  -27.676  88.846 0.0000000000
49086  -10.373  -28.013  88.348 0.0000000000
49105  -11.189  -28.093  87.028 0.0000000000
45968  -15.259  -30.453  88.874 0.0000000000
46943  -14.797  -29.671  89.024 0.0000000000
45205  -13.250  -31.586  82.705 0.0000000000
49070  -24.327  -27.743  90.308 0.0000000000
49051  -23.473  -27.949  90.925 0.0000000000
50213  -23.846  -27.251  89.565 0.0000000000
50269  -20.391  -27.259  85.351 0.0000000000
50277  -19.733  -27.702  84.535 0.0000000000
49137  -19.172  -28.206  84.862 0.0000000000
49144  -19.108  -28.172  83.931 0.0000000000
53542  -36.007  -24.028  81.038 0.0000000000
54560  -36.171  -23.343  80.985 0.0000000000
53543  -36.622  -23.603  81.317 0.0000000000
128867  -39.179  -23.122  82.036 0.0000000000
128233  -38.595  -23.013  81.601 0.0000000000
55538  -39.179  -22.296  81.749 0.0000000000
51381  -38.938  -26.224  87.478 0.0000000000
50267  -38.549  -27.237  86.613 0.0000000000
50274  -38.142  -27.159  85.766 0.0000000000
51435  -37.246  -26.185  83.835 0.0000000000
50291  -36.343  -26.629  83.534 0.0000000000
51447  -35.621  -26.533  83.030 0.0000000000
50298  -34.996  -27.092  82.942 0.0000000000
51462  -34.804  -26.248  82.485 0.0000000000
51463  -35.607  -25.541  82.725 0.0000000000
52475  -37.048  -24.460  82.352 0.0000000000
53538  -36.411  -24.130  81.660 0.0000000000
126772  -35.099  -24.260  81.139 0.0000000000
58816  -47.443  -19.654  66.647 0.0000000000
45891  -19.476  -31.014  95.387 0.0000000000
45900  -19.244  -30.550  94.575 0.0000000000
45901  -19.936  -30.261  94.946 0.0000000000
46885  -21.014  -29.511  93.823 0.0000000000
46884  -20.243  -29.929  93.457 0.0000000000
46916  -19.904  -29.859  91.813 0.0000000000
47901  -20.503  -29.256  92.254 0.0000000000
55613  -31.518  -22.176  71.936 0.0000000000
56600  -38.892  -19.444  76.897 0.0000000000
56615  -38.694  -19.506  76.230 0.0000000000
132067  -40.382  -20.467  75.388 0.0000000000
56627  -39.697  -19.982  75.400 0.0000000000
55588  -40.067  -20.194  74.638 0.0000000000
55595  -40.487  -20.557  73.792 0.0000000000
55605  -40.910  -21.142  73.389 0.0000000000
55596  -41.001  -21.141  74.064 0.0000000000
56630  -43.159  -21.043  75.102 0.0000000000
56640  -43.124  -20.943  74.195 0.0000000000
140790  -43.747  -20.660  74.629 0.0000000000
57689  -44.484  -20.410  74.515 0.0000000000
126750  -30.026  -29.547  92.551 0.0000000000
46931  -31.390  -29.917  90.526 0.0000000000
47952  -30.802  -29.502  90.678 0.0000000000
142362  -31.014  -28.761  89.710 0.0000000000
47990  -31.456  -28.049  89.104 0.0000000000
139219  -30.696  -32.324  80.925 0.0000000000
46083  -30.588  -31.612  81.659 0.0000000000
45248  -29.726  -32.172  79.895 0.0000000000
47089  -28.852  -30.551  78.959 0.0000000000
46096  -29.380  -31.030  79.538 0.0000000000
48106  -29.258  -29.250  79.727 0.0000000000
48122  -28.629  -29.710  79.030 0.0000000000
49233  -28.074  -28.933  78.563 0.0000000000
48136  -28.088  -29.932  78.377 0.0000000000
52541  -29.982  -25.982  75.110 0.0000000000
52540  -29.484  -26.304  74.613 0.0000000000
64773  -44.754  -13.826  77.376 0.0000000000
62745  -45.760  -15.226  76.681 0.0000000000
64775  -46.178  -13.188  75.809 0.0000000000
64781  -46.214  -13.988  75.814 0.0000000000
64782  -46.501  -13.510  75.294 0.0000000000
64783  -46.775  -14.081  75.018 0.0000000000
65804  -46.660  -13.070  74.714 0.0000000000
72862  -46.680  -5.170  73.318 0.0000000000
71858  -46.661  -6.195  73.558 0.0000000000
70901  -46.562  -7.202  73.491 0.0000000000
70908  -46.990  -8.280  73.189 0.0000000000
70907  -46.251  -7.465  72.712 0.0000000000
69916  -45.187  -8.014  71.176 0.0000000000
69917  -45.780  -8.652  72.005 0.0000000000
68888  -45.053  -8.974  71.449 0.0000000000
67926  -44.993  -10.470  71.264 0.0000000000
67937  -44.113  -10.065  70.591 0.0000000000
68907  -44.024  -9.212  69.385 0.0000000000
68917  -44.283  -9.720  68.671 0.0000000000
146656  -43.957  -10.149  68.609 0.0000000000
68971  -50.246  -9.079  64.966 0.0000000000
68969  -48.810  -8.725  64.880 0.0000000000
50169  -10.882  -27.539  93.642 0.0000000000
49018  -12.609  -27.825  92.108 0.0000000000
49017  -11.727  -27.818  92.382 0.0000000000
49030  -12.161  -27.580  91.533 0.0000000000
47944  -12.465  -27.449  90.103 0.0000000000
49048  -12.761  -27.490  90.753 0.0000000000
45992  -16.429  -31.967  86.383 0.0000000000
46005  -16.038  -31.418  85.705 0.0000000000
46036  -15.329  -30.964  82.883 0.0000000000
138820  -15.109  -32.184  82.108 0.0000000000
45228  -15.567  -32.900  81.688 0.0000000000
43569  -16.408  -34.260  81.297 0.0000000000
43568  -15.808  -34.098  81.624 0.0000000000
51378  -25.067  -26.400  87.179 0.0000000000
50247  -24.584  -26.624  87.824 0.0000000000
51377  -24.150  -26.371  87.120 0.0000000000
128367  -23.013  -26.029  85.011 0.0000000000
51404  -23.116  -26.091  85.738 0.0000000000
51415  -22.204  -26.227  84.831 0.0000000000
50270  -21.271  -26.628  84.744 0.0000000000
132378  -21.898  -26.326  83.877 0.0000000000
54593  -32.807  -22.619  76.014 0.0000000000
54588  -33.208  -22.482  76.572 0.0000000000
130437  -33.769  -21.779  77.968 0.0000000000
56599  -33.779  -21.526  77.266 0.0000000000
57619  -34.249  -20.872  78.060 0.0000000000
57659  -34.283  -20.489  77.066 0.0000000000
57620  -35.175  -20.282  78.473 0.0000000000
55547  -36.009  -22.068  80.607 0.0000000000
56554  -36.539  -21.444  80.528 0.0000000000
58667  -37.827  -19.265  79.789 0.0000000000
57605  -37.035  -19.705  79.643 0.0000000000
58687  -36.686  -19.618  78.926 0.0000000000
58710  -36.421  -19.638  78.316 0.0000000000
58712  -37.856  -19.238  78.089 0.0000000000
58689  -38.405  -18.976  78.908 0.0000000000
58691  -40.491  -18.753  79.274 0.0000000000
130526  -40.053  -19.161  78.675 0.0000000000
57606  -41.031  -19.384  78.588 0.0000000000
57607  -41.888  -19.841  79.032 0.0000000000
46935  -34.792  -30.198  89.935 0.0000000000
47973  -35.559  -29.708  89.615 0.0000000000
46985  -35.463  -30.414  86.874 0.0000000000
45987  -35.309  -30.899  87.624 0.0000000000
46001  -34.723  -30.634  86.072 0.0000000000
139256  -34.088  -31.083  85.691 0.0000000000
46016  -34.278  -30.630  84.963 0.0000000000
49139  -36.350  -28.221  84.787 0.0000000000
126908  -35.939  -28.957  85.231 0.0000000000
48045  -35.537  -28.792  84.387 0.0000000000
47046  -33.513  -30.073  81.782 0.0000000000
48076  -34.203  -29.473  82.876 0.0000000000
47047  -33.774  -30.058  82.555 0.0000000000
46047  -33.508  -30.509  83.228 0.0000000000
46084  -32.385  -31.252  81.346 0.0000000000
46098  -32.193  -30.821  80.371 0.0000000000
46143  -31.816  -30.162  78.180 0.0000000000
46109  -31.786  -31.007  78.834 0.0000000000
45285  -31.261  -30.817  77.671 0.0000000000
45297  -29.766  -31.287  77.077 0.0000000000
46157  -30.219  -30.724  76.750 0.0000000000
46172  -29.742  -30.568  76.192 0.0000000000
46173  -30.419  -30.314  76.792 0.0000000000
49254  -31.162  -28.891  77.531 0.0000000000
48165  -30.303  -29.574  76.427 0.0000000000
48157  -30.617  -29.038  76.803 0.0000000000
49265  -30.019  -28.779  76.009 0.0000000000
50380  -30.795  -28.237  76.956 0.0000000000
51474  -33.203  -26.399  80.883 0.0000000000
51489  -32.702  -26.721  80.243 0.0000000000
132611  -32.833  -25.910  80.182 0.0000000000
52501  -32.519  -24.885  78.782 0.0000000000
137478  -32.246  -25.701  78.482 0.0000000000
52516  -31.715  -25.717  77.830 0.0000000000
52524  -31.167  -25.658  77.184 0.0000000000
51528  -30.422  -26.131  76.143 0.0000000000
54582  -33.067  -22.739  77.713 0.0000000000
53577  -31.707  -23.877  76.717 0.0000000000
70925  -50.109  -7.052  70.273 0.0000000000
69933  -50.264  -8.302  69.373 0.0000000000
69934  -51.052  -8.128  69.100 0.0000000000
68930  -51.359  -9.580  67.548 0.0000000000
68931  -51.885  -9.210  67.196 0.0000000000
145762  -51.133  -9.797  66.112 0.0000000000
149074  -52.015  -9.526  66.175 0.0000000000
47883  -15.773  -28.895  93.478 0.0000000000
46900  -15.969  -29.757  92.354 0.0000000000
45935  -16.026  -30.345  91.128 0.0000000000
45946  -15.850  -30.118  90.180 0.0000000000
126951  -15.964  -31.048  90.736 0.0000000000
134630  -18.890  -31.088  92.993 0.0000000000
45926  -18.139  -31.141  92.529 0.0000000000
45136  -17.507  -32.147  89.545 0.0000000000
45130  -17.662  -32.159  90.172 0.0000000000
45135  -16.924  -32.035  89.216 0.0000000000
45128  -16.318  -31.737  89.759 0.0000000000
128533  -16.921  -32.065  88.395 0.0000000000
144275  -16.707  -32.107  87.680 0.0000000000
45147  -17.576  -32.292  87.664 0.0000000000
45158  -17.983  -32.197  86.246 0.0000000000
45170  -17.850  -32.434  85.398 0.0000000000
129778  -18.231  -31.810  85.847 0.0000000000
150745  -33.071  -21.946  74.962 0.0000000000
143862  -32.799  -22.021  74.570 0.0000000000
56632  -33.217  -21.405  74.580 0.0000000000
57697  -34.437  -20.234  73.617 0.0000000000
57696  -33.528  -20.577  74.002 0.0000000000
135775  -37.659  -19.635  74.815 0.0000000000
56635  -37.169  -19.958  74.596 0.0000000000
56636  -37.251  -20.141  74.456 0.0000000000
146230  -37.564  -19.619  71.781 0.0000000000
141888  -41.649  -20.957  72.627 0.0000000000
57758  -43.770  -20.177  70.444 0.0000000000
57774  -44.031  -19.863  69.278 0.0000000000
57761  -46.273  -20.283  70.449 0.0000000000
57776  -45.655  -20.228  69.275 0.0000000000
46888  -24.783  -30.164  93.918 0.0000000000
46889  -25.478  -30.001  93.644 0.0000000000
124594  -25.950  -28.893  92.682 0.0000000000
49053  -25.196  -28.107  90.960 0.0000000000
49037  -26.201  -28.259  91.182 0.0000000000
127122  -28.664  -29.322  91.561 0.0000000000
144061  -28.667  -28.563  90.828 0.0000000000
49091  -28.196  -27.104  89.005 0.0000000000
147186  -27.928  -27.491  89.706 0.0000000000
49090  -27.250  -27.536  89.279 0.0000000000
49072  -26.403  -27.843  89.786 0.0000000000
137623  -26.393  -27.379  88.996 0.0000000000
50249  -26.220  -27.137  88.328 0.0000000000
50263  -27.471  -26.233  86.665 0.0000000000
51408  -26.560  -26.059  85.305 0.0000000000
125548  -27.159  -26.069  84.821 0.0000000000
45972  -33.441  -31.141  88.533 0.0000000000
45961  -32.915  -30.855  88.780 0.0000000000
45984  -32.969  -30.999  88.035 0.0000000000
48030  -31.864  -29.652  85.431 0.0000000000
128237  -32.382  -29.692  86.933 0.0000000000
48018  -31.921  -29.133  86.438 0.0000000000
49111  -31.818  -28.417  87.191 0.0000000000
47045  -31.009  -30.083  81.855 0.0000000000
47027  -31.330  -29.902  82.525 0.0000000000
48075  -31.158  -29.394  82.225 0.0000000000
143461  -31.181  -27.944  83.652 0.0000000000
50281  -30.839  -27.525  84.543 0.0000000000
50272  -30.739  -27.155  85.469 0.0000000000
50280  -30.246  -26.762  84.858 0.0000000000
51411  -29.496  -26.215  85.144 0.0000000000
51422  -29.866  -26.283  84.344 0.0000000000
51445  -28.540  -25.893  82.459 0.0000000000
51432  -27.809  -26.038  83.186 0.0000000000
51431  -26.910  -26.056  83.028 0.0000000000
46187  -28.260  -30.939  75.259 0.0000000000
47145  -28.344  -30.597  74.891 0.0000000000
48949  -14.904  -28.246  97.126 0.0000000000
46838  -19.145  -31.073  96.656 0.0000000000
47843  -24.467  -29.046  96.321 0.0000000000
128977  -24.798  -29.444  95.621 0.0000000000
47844  -25.213  -28.856  96.005 0.0000000000
47857  -27.212  -28.856  95.199 0.0000000000
48979  -27.520  -28.093  95.446 0.0000000000
51308  -29.079  -26.603  94.667 0.0000000000
50141  -28.817  -27.272  95.054 0.0000000000
48981  -29.103  -27.769  94.914 0.0000000000
48995  -28.884  -28.397  94.673 0.0000000000
48996  -29.643  -28.046  94.546 0.0000000000
51320  -31.724  -26.389  93.701 0.0000000000
50170  -32.029  -27.250  93.388 0.0000000000
49010  -32.308  -28.119  92.928 0.0000000000
50171  -32.800  -27.144  92.889 0.0000000000
50184  -34.102  -27.078  91.960 0.0000000000
133246  -33.600  -26.577  91.130 0.0000000000
49038  -34.662  -28.008  91.179 0.0000000000
131430  -33.579  -26.566  89.701 0.0000000000
51357  -34.304  -27.306  88.724 0.0000000000
53502  -39.066  -23.592  86.343 0.0000000000
55481  -41.069  -22.314  86.646 0.0000000000
54515  -41.082  -22.988  85.199 0.0000000000
55490  -41.345  -22.089  85.582 0.0000000000
57517  -43.061  -20.705  85.727 0.0000000000
56483  -41.807  -21.692  84.531 0.0000000000
56502  -42.111  -20.974  84.339 0.0000000000
56501  -41.525  -21.472  83.853 0.0000000000
59687  -42.512  -18.311  83.212 0.0000000000
58619  -42.455  -18.848  84.362 0.0000000000
133937  -41.872  -19.115  83.613 0.0000000000
57566  -41.589  -19.751  83.338 0.0000000000
58631  -41.711  -18.865  82.662 0.0000000000
58649  -41.222  -18.726  81.727 0.0000000000
58673  -43.411  -19.507  80.408 0.0000000000
57594  -43.385  -20.219  79.928 0.0000000000
57595  -44.264  -20.282  80.158 0.0000000000
62696  -44.543  -15.430  80.590 0.0000000000
60696  -44.433  -17.385  81.037 0.0000000000
61741  -44.708  -16.952  80.710 0.0000000000
58695  -46.339  -19.319  79.523 0.0000000000
58675  -45.577  -19.211  80.263 0.0000000000
58694  -45.768  -19.864  79.968 0.0000000000
57609  -45.167  -20.349  79.908 0.0000000000
128664  -45.155  -20.599  79.148 0.0000000000
57647  -44.743  -20.837  77.764 0.0000000000
57628  -45.582  -20.619  78.354 0.0000000000
57650  -47.701  -20.059  77.286 0.0000000000
144712  -46.934  -20.359  77.271 0.0000000000
57666  -47.098  -20.373  76.453 0.0000000000
57680  -46.847  -20.441  75.628 0.0000000000
57681  -47.640  -20.146  75.661 0.0000000000
62736  -47.050  -16.200  76.771 0.0000000000
61772  -47.357  -17.426  77.387 0.0000000000
61784  -47.786  -17.123  76.672 0.0000000000
59782  -49.253  -18.651  74.592 0.0000000000
59777  -49.065  -18.870  75.296 0.0000000000
148920  -49.441  -19.777  74.045 0.0000000000
57693  -48.976  -20.080  74.374 0.0000000000
57704  -49.078  -20.202  73.423 0.0000000000
57725  -48.702  -20.084  72.393 0.0000000000
58767  -49.362  -19.748  72.663 0.0000000000
59804  -49.115  -18.651  71.933 0.0000000000
58775  -49.225  -18.940  71.617 0.0000000000
59807  -48.440  -18.789  71.111 0.0000000000
60783  -48.326  -18.544  71.414 0.0000000000
66852  -47.050  -11.797  74.369 0.0000000000
142697  -46.956  -11.644  74.710 0.0000000000
66853  -47.021  -12.526  74.145 0.0000000000
65822  -47.113  -13.019  74.042 0.0000000000
65837  -47.393  -13.066  73.775 0.0000000000
68880  -47.599  -9.780  72.765 0.0000000000
68881  -48.223  -10.071  72.911 0.0000000000
67917  -47.529  -10.646  72.645 0.0000000000
64839  -47.738  -13.141  72.074 0.0000000000
65860  -48.117  -12.366  71.951 0.0000000000
64827  -47.426  -13.786  72.678 0.0000000000
127803  -47.431  -14.336  73.217 0.0000000000
140054  -47.166  -14.475  72.958 0.0000000000
62803  -47.491  -16.362  73.843 0.0000000000
138718  -46.715  -15.695  73.602 0.0000000000
61823  -44.783  -16.651  72.584 0.0000000000
136519  -45.659  -17.014  73.023 0.0000000000
60780  -45.830  -17.389  71.352 0.0000000000
60785  -46.799  -17.548  70.854 0.0000000000
61832  -46.140  -17.240  70.246 0.0000000000
61831  -45.278  -17.102  70.709 0.0000000000
61834  -44.364  -16.486  69.470 0.0000000000
62825  -43.844  -16.253  68.869 0.0000000000
62828  -43.178  -15.825  68.741 0.0000000000
66914  -43.411  -11.986  70.520 0.0000000000
65865  -42.921  -12.801  70.530 0.0000000000
144425  -42.426  -12.961  70.021 0.0000000000
141995  -40.869  -13.993  67.989 0.0000000000
63866  -41.567  -14.334  68.896 0.0000000000
128376  -41.121  -14.547  68.101 0.0000000000
62827  -42.363  -15.290  68.380 0.0000000000
70935  -47.694  -7.416  69.473 0.0000000000
70934  -46.705  -7.251  69.337 0.0000000000
69930  -47.170  -7.990  69.074 0.0000000000
68928  -46.491  -9.727  67.463 0.0000000000
68919  -46.308  -9.627  68.037 0.0000000000
69973  -47.209  -8.449  65.113 0.0000000000
69972  -46.220  -8.538  65.119 0.0000000000
133523  -44.485  -8.953  64.693 0.0000000000
68955  -43.707  -9.877  65.682 0.0000000000
50182  -10.290  -27.214  92.217 0.0000000000
50181  -9.430  -27.099  92.509 0.0000000000
50193  -10.232  -27.106  91.443 0.0000000000
49085  -9.437  -27.894  88.588 0.0000000000
142152  -9.362  -27.705  89.260 0.0000000000
49102  -8.317  -28.187  87.127 0.0000000000
49128  -10.023  -28.857  85.125 0.0000000000
48022  -9.294  -29.080  85.391 0.0000000000
48023  -9.532  -29.371  84.693 0.0000000000
48047  -9.816  -29.595  83.838 0.0000000000
149431  -14.663  -28.692  91.729 0.0000000000
47899  -14.085  -28.293  92.089 0.0000000000
46942  -14.125  -29.098  89.056 0.0000000000
148128  -14.123  -28.686  89.358 0.0000000000
46941  -13.749  -28.785  88.606 0.0000000000
135490  -13.224  -28.183  88.724 0.0000000000
46981  -14.940  -29.932  86.467 0.0000000000
48014  -14.386  -29.380  85.915 0.0000000000
48036  -13.132  -28.699  84.481 0.0000000000
48026  -13.783  -28.935  85.242 0.0000000000
48025  -12.976  -28.660  85.507 0.0000000000
48035  -11.440  -28.683  84.513 0.0000000000
127799  -12.219  -28.846  83.829 0.0000000000
47904  -23.389  -29.067  93.126 0.0000000000
47925  -23.099  -28.696  92.243 0.0000000000
49050  -22.421  -27.624  90.807 0.0000000000
49033  -21.785  -28.166  91.399 0.0000000000
49049  -21.490  -27.891  90.727 0.0000000000
49032  -20.811  -28.351  91.056 0.0000000000
49066  -20.755  -28.019  90.134 0.0000000000
50245  -22.389  -26.920  87.842 0.0000000000
50228  -22.617  -27.041  88.684 0.0000000000
49121  -19.569  -27.828  87.193 0.0000000000
49107  -20.014  -27.742  88.008 0.0000000000
49106  -19.273  -28.448  87.969 0.0000000000
48002  -19.016  -29.211  87.328 0.0000000000
48039  -18.426  -29.948  84.364 0.0000000000
48028  -18.570  -29.672  85.119 0.0000000000
47006  -18.321  -31.066  84.209 0.0000000000
50296  -21.259  -26.763  81.646 0.0000000000
50288  -21.060  -26.688  82.429 0.0000000000
50305  -20.871  -27.299  81.253 0.0000000000
48069  -20.506  -29.800  81.077 0.0000000000
49173  -19.480  -28.278  81.262 0.0000000000
48088  -19.168  -29.165  81.296 0.0000000000
47060  -19.433  -30.688  81.374 0.0000000000
45232  -19.088  -32.373  81.268 0.0000000000
46078  -19.045  -31.289  81.455 0.0000000000
133185  -18.631  -32.053  81.626 0.0000000000
44421  -18.675  -33.251  81.178 0.0000000000
146468  -37.994  -24.199  82.099 0.0000000000
53535  -38.683  -24.261  82.629 0.0000000000
54548  -39.409  -23.537  82.709 0.0000000000
54549  -40.139  -23.094  82.965 0.0000000000
51397  -39.259  -26.033  86.263 0.0000000000
132947  -38.304  -26.556  85.178 0.0000000000
51424  -38.605  -26.017  84.570 0.0000000000
51436  -38.141  -25.848  83.845 0.0000000000
51449  -36.671  -25.793  83.455 0.0000000000
148152  -37.305  -25.003  82.753 0.0000000000
125442  -45.773  -20.014  68.079 0.0000000000
58806  -46.512  -19.991  67.337 0.0000000000
148223  -48.114  -19.278  66.635 0.0000000000
59826  -47.935  -18.840  66.113 0.0000000000
59818  -48.281  -18.770  66.930 0.0000000000
45883  -21.150  -30.772  95.832 0.0000000000
45902  -20.864  -30.342  95.070 0.0000000000
47884  -21.633  -29.148  93.324 0.0000000000
125816  -31.935  -22.130  72.685 0.0000000000
56602  -40.464  -20.403  77.537 0.0000000000
56616  -39.628  -19.776  76.113 0.0000000000
56617  -40.456  -20.284  76.672 0.0000000000
56618  -41.032  -21.163  76.598 0.0000000000
56628  -41.112  -21.177  75.652 0.0000000000
56638  -41.546  -21.356  74.790 0.0000000000
140760  -41.893  -21.425  75.618 0.0000000000
140625  -43.468  -20.927  75.884 0.0000000000
57677  -44.057  -20.663  76.361 0.0000000000
47911  -31.516  -29.371  92.373 0.0000000000
47910  -30.857  -29.533  92.095 0.0000000000
47932  -31.689  -29.824  91.613 0.0000000000
46917  -31.675  -30.089  91.007 0.0000000000
46945  -31.853  -29.984  89.657 0.0000000000
45271  -29.640  -32.089  78.455 0.0000000000
45261  -29.438  -31.666  79.333 0.0000000000
45270  -29.131  -31.786  78.409 0.0000000000
46124  -28.589  -31.377  77.858 0.0000000000
47102  -28.372  -30.775  78.212 0.0000000000
47101  -27.793  -30.324  77.583 0.0000000000
143565  -27.560  -30.730  77.055 0.0000000000
47122  -27.082  -30.456  76.174 0.0000000000
53579  -30.550  -25.036  74.940 0.0000000000
150380  -30.064  -24.817  73.745 0.0000000000
71864  -46.286  -5.907  72.571 0.0000000000
70906  -45.715  -6.585  72.001 0.0000000000
70914  -45.276  -7.022  71.117 0.0000000000
130679  -45.047  -7.630  70.485 0.0000000000
69922  -44.543  -8.350  70.466 0.0000000000
70921  -44.922  -7.724  69.753 0.0000000000
69928  -45.099  -8.107  69.009 0.0000000000
48991  -12.118  -27.854  94.751 0.0000000000
49005  -11.870  -27.949  93.841 0.0000000000
47898  -13.470  -27.949  91.688 0.0000000000
46020  -16.746  -32.794  84.640 0.0000000000
45207  -15.962  -32.486  81.795 0.0000000000
45229  -16.397  -33.057  81.408 0.0000000000
44419  -16.833  -33.641  81.102 0.0000000000
51391  -24.690  -26.165  86.270 0.0000000000
51417  -23.624  -25.857  84.358 0.0000000000
54589  -33.495  -22.642  77.078 0.0000000000
54583  -33.367  -22.412  77.888 0.0000000000
56579  -34.215  -21.741  78.695 0.0000000000
56556  -38.278  -21.489  80.927 0.0000000000
56555  -37.341  -21.236  80.760 0.0000000000
150902  -38.072  -20.592  80.762 0.0000000000
57591  -38.356  -19.713  80.549 0.0000000000
58668  -38.617  -19.034  79.952 0.0000000000
58669  -39.309  -18.883  80.291 0.0000000000
58670  -40.224  -18.516  80.308 0.0000000000
47956  -36.163  -28.859  89.651 0.0000000000
144671  -36.223  -29.479  89.148 0.0000000000
47992  -36.595  -29.600  88.396 0.0000000000
46975  -36.239  -30.013  87.216 0.0000000000
46986  -35.918  -29.789  86.467 0.0000000000
49162  -34.864  -28.265  83.223 0.0000000000
48077  -34.729  -28.996  83.262 0.0000000000
49161  -34.340  -28.850  82.567 0.0000000000
48093  -33.390  -29.623  81.453 0.0000000000
137378  -32.910  -30.010  81.117 0.0000000000
46111  -32.324  -30.167  79.960 0.0000000000
47090  -32.336  -29.927  79.754 0.0000000000
145831  -32.149  -29.922  79.058 0.0000000000
47113  -31.845  -29.982  78.196 0.0000000000
47124  -31.327  -29.952  77.751 0.0000000000
48148  -31.678  -29.703  78.126 0.0000000000
125097  -31.835  -29.420  78.583 0.0000000000
49243  -31.633  -28.684  78.148 0.0000000000
53541  -34.162  -24.712  81.074 0.0000000000
52489  -33.182  -25.025  79.872 0.0000000000
52502  -32.835  -24.500  79.311 0.0000000000
125101  -31.644  -24.666  77.435 0.0000000000
53570  -32.786  -23.221  78.461 0.0000000000
46848  -16.507  -29.176  94.590 0.0000000000
46862  -16.277  -29.426  93.847 0.0000000000
46863  -16.768  -29.848  94.287 0.0000000000
46882  -16.521  -30.099  93.514 0.0000000000
45924  -16.637  -30.772  92.235 0.0000000000
45939  -19.047  -31.110  91.448 0.0000000000
45938  -18.339  -31.419  91.635 0.0000000000
45949  -18.563  -31.583  90.853 0.0000000000
45137  -18.250  -32.018  89.530 0.0000000000
150615  -18.315  -31.888  88.723 0.0000000000
45141  -18.123  -32.096  88.083 0.0000000000
46970  -18.522  -31.150  87.446 0.0000000000
57673  -33.859  -20.541  75.768 0.0000000000
56633  -33.659  -20.558  74.909 0.0000000000
126521  -34.317  -19.791  75.075 0.0000000000
57686  -35.413  -19.578  74.593 0.0000000000
126966  -35.164  -19.849  73.974 0.0000000000
56647  -38.769  -19.517  73.762 0.0000000000
56646  -37.819  -19.534  73.902 0.0000000000
55601  -39.019  -19.032  72.952 0.0000000000
56678  -38.403  -19.441  71.785 0.0000000000
57722  -43.020  -20.214  72.672 0.0000000000
136531  -42.975  -19.904  72.055 0.0000000000
131662  -44.332  -20.415  71.088 0.0000000000
57759  -44.609  -20.353  70.276 0.0000000000
57743  -45.324  -20.486  70.831 0.0000000000
58780  -47.317  -19.987  70.822 0.0000000000
46871  -26.347  -29.833  94.339 0.0000000000
46890  -26.227  -30.011  93.653 0.0000000000
46906  -26.929  -29.875  93.234 0.0000000000
47907  -26.832  -29.338  92.642 0.0000000000
47929  -27.556  -29.134  91.902 0.0000000000
47969  -29.153  -27.853  90.414 0.0000000000
50233  -28.203  -26.793  88.090 0.0000000000
50264  -28.240  -26.458  87.222 0.0000000000
51394  -28.340  -26.206  86.303 0.0000000000
46014  -32.897  -31.064  86.027 0.0000000000
125731  -33.072  -30.896  87.097 0.0000000000
46013  -32.374  -30.655  85.641 0.0000000000
46999  -32.027  -30.301  85.205 0.0000000000
46998  -31.726  -29.433  84.707 0.0000000000
48092  -30.335  -29.407  80.965 0.0000000000
49160  -31.186  -28.577  82.225 0.0000000000
49159  -30.943  -27.851  81.714 0.0000000000
130913  -30.451  -26.528  82.903 0.0000000000
51434  -29.770  -26.077  83.540 0.0000000000
51446  -29.600  -26.054  82.622 0.0000000000
48174  -29.136  -29.572  75.113 0.0000000000
48965  -25.510  -28.094  96.089 0.0000000000
50125  -25.768  -27.177  96.074 0.0000000000
137393  -30.309  -26.670  94.423 0.0000000000
50156  -30.434  -27.491  94.350 0.0000000000
128342  -30.979  -26.598  94.255 0.0000000000
51343  -33.519  -26.510  90.430 0.0000000000
57478  -41.291  -20.309  86.861 0.0000000000
56449  -41.489  -21.477  86.123 0.0000000000
57498  -42.208  -20.339  86.365 0.0000000000
57499  -43.266  -20.309  86.052 0.0000000000
59717  -42.306  -18.713  81.944 0.0000000000
59718  -42.746  -18.388  82.063 0.0000000000
125287  -43.401  -18.224  81.402 0.0000000000
59719  -44.053  -18.492  80.893 0.0000000000
62709  -44.596  -15.289  79.751 0.0000000000
62697  -45.099  -15.966  80.124 0.0000000000
61750  -45.236  -16.871  80.194 0.0000000000
61751  -45.768  -17.144  79.537 0.0000000000
57611  -46.729  -19.655  79.135 0.0000000000
57629  -46.609  -20.201  78.576 0.0000000000
58696  -47.724  -19.153  79.231 0.0000000000
58714  -48.161  -19.312  78.729 0.0000000000
58715  -48.426  -19.168  77.948 0.0000000000
62748  -47.952  -15.766  75.682 0.0000000000
61785  -48.352  -17.171  76.141 0.0000000000
61794  -48.744  -16.886  75.583 0.0000000000
144352  -49.004  -18.178  74.252 0.0000000000
59784  -49.654  -18.690  73.840 0.0000000000
59790  -49.683  -18.899  72.995 0.0000000000
135274  -49.399  -18.554  73.538 0.0000000000
132571  -48.777  -18.346  72.934 0.0000000000
68847  -46.875  -9.839  75.201 0.0000000000
67876  -47.353  -10.903  74.612 0.0000000000
67907  -47.607  -10.912  74.059 0.0000000000
66902  -46.472  -11.790  71.845 0.0000000000
66903  -47.190  -11.250  72.213 0.0000000000
64838  -46.780  -13.299  72.009 0.0000000000
63845  -46.248  -14.141  72.378 0.0000000000
63831  -45.537  -15.203  73.084 0.0000000000
62800  -44.005  -16.108  72.724 0.0000000000
61822  -43.965  -16.381  72.241 0.0000000000
61829  -43.654  -16.491  71.435 0.0000000000
62799  -43.135  -15.951  72.106 0.0000000000
62821  -42.731  -16.202  71.100 0.0000000000
62820  -42.244  -15.776  70.705 0.0000000000
66930  -42.564  -11.900  69.184 0.0000000000
65874  -42.171  -12.735  69.290 0.0000000000
149395  -42.260  -12.183  68.678 0.0000000000
65884  -41.744  -12.961  68.381 0.0000000000
142659  -40.466  -14.325  67.256 0.0000000000
68909  -48.970  -9.116  68.926 0.0000000000
68921  -48.132  -9.276  68.535 0.0000000000
68929  -47.265  -9.896  67.732 0.0000000000
67969  -47.224  -9.969  67.100 0.0000000000
69980  -45.803  -8.393  64.199 0.0000000000
129078  -8.368  -26.985  92.630 0.0000000000
49047  -10.749  -27.211  90.193 0.0000000000
50202  -10.009  -27.181  90.689 0.0000000000
49064  -10.395  -27.641  89.276 0.0000000000
49103  -9.377  -28.035  87.742 0.0000000000
146935  -9.382  -28.137  86.988 0.0000000000
49118  -10.121  -28.259  86.485 0.0000000000
46912  -15.255  -29.158  90.151 0.0000000000
133825  -14.433  -28.566  90.369 0.0000000000
46956  -14.202  -29.376  88.528 0.0000000000
47004  -15.138  -29.851  84.286 0.0000000000
48027  -14.486  -29.330  84.840 0.0000000000
47021  -13.340  -29.174  83.558 0.0000000000
129176  -12.052  -30.728  82.486 0.0000000000
129625  -12.584  -31.826  82.712 0.0000000000
45192  -13.024  -32.383  83.093 0.0000000000
142721  -13.144  -32.843  84.097 0.0000000000
49035  -23.715  -28.412  91.624 0.0000000000
49068  -22.448  -27.248  90.058 0.0000000000
50261  -21.291  -27.008  86.713 0.0000000000
50244  -21.482  -27.106  87.559 0.0000000000
147920  -20.626  -27.160  86.300 0.0000000000
50260  -19.941  -27.547  86.337 0.0000000000
49120  -19.249  -28.101  86.370 0.0000000000
48016  -18.807  -28.926  86.400 0.0000000000
48029  -18.951  -28.482  85.581 0.0000000000
49136  -18.628  -28.907  84.618 0.0000000000
136388  -18.459  -29.403  83.773 0.0000000000
46060  -20.599  -31.300  81.880 0.0000000000
134039  -36.287  -22.772  80.884 0.0000000000
55549  -37.728  -22.310  80.908 0.0000000000
54555  -37.991  -23.518  81.671 0.0000000000
54562  -37.924  -22.951  81.207 0.0000000000
138750  -38.829  -21.632  81.308 0.0000000000
56539  -39.408  -21.147  81.739 0.0000000000
56540  -40.098  -20.745  82.292 0.0000000000
49113  -37.916  -27.586  87.763 0.0000000000
49112  -37.515  -28.349  87.466 0.0000000000
49125  -38.140  -27.781  87.086 0.0000000000
149054  -36.970  -28.064  85.332 0.0000000000
50282  -36.512  -27.673  84.233 0.0000000000
50284  -37.610  -27.054  84.942 0.0000000000
50290  -36.206  -27.434  83.716 0.0000000000
49163  -35.576  -27.821  83.491 0.0000000000
125167  -35.126  -27.609  83.219 0.0000000000
50314  -34.388  -27.223  82.342 0.0000000000
50313  -33.872  -27.386  81.736 0.0000000000
143780  -33.282  -27.467  81.025 0.0000000000
51475  -33.773  -26.561  81.528 0.0000000000
52481  -33.899  -25.625  81.350 0.0000000000
52474  -35.071  -25.199  82.136 0.0000000000
52482  -34.693  -24.994  81.545 0.0000000000
60799  -48.004  -18.280  66.218 0.0000000000
45890  -18.722  -30.631  94.994 0.0000000000
45899  -18.212  -30.671  94.070 0.0000000000
45915  -19.112  -30.875  93.701 0.0000000000
46883  -19.516  -30.616  93.014 0.0000000000
46902  -19.505  -30.579  92.076 0.0000000000
46915  -19.389  -30.448  91.271 0.0000000000
47947  -19.448  -29.605  90.337 0.0000000000
57662  -37.351  -19.495  75.804 0.0000000000
57676  -37.147  -19.498  75.037 0.0000000000
56614  -37.844  -19.531  75.875 0.0000000000
138479  -38.047  -19.623  75.500 0.0000000000
146402  -38.400  -19.787  75.035 0.0000000000
55587  -39.183  -19.959  74.810 0.0000000000
55593  -38.688  -19.738  74.364 0.0000000000
132958  -39.624  -19.716  73.430 0.0000000000
134652  -39.895  -20.025  72.360 0.0000000000
55616  -40.331  -20.768  72.432 0.0000000000
56681  -39.755  -21.130  71.609 0.0000000000
55617  -40.656  -21.009  72.760 0.0000000000
56666  -42.322  -20.969  72.919 0.0000000000
56639  -42.407  -21.272  74.485 0.0000000000
56649  -42.337  -21.188  73.630 0.0000000000
56650  -43.047  -20.657  73.372 0.0000000000
57700  -44.802  -20.220  73.587 0.0000000000
150097  -45.715  -20.228  73.693 0.0000000000
145624  -29.145  -29.267  93.674 0.0000000000
47889  -29.144  -29.664  92.931 0.0000000000
47909  -29.358  -29.770  92.079 0.0000000000
126426  -30.245  -29.334  91.100 0.0000000000
47970  -29.844  -28.087  90.255 0.0000000000
47989  -30.491  -28.052  89.700 0.0000000000
49093  -30.337  -27.511  88.913 0.0000000000
49109  -30.852  -26.983  88.173 0.0000000000
45214  -31.645  -31.274  82.501 0.0000000000
46043  -31.580  -30.438  82.699 0.0000000000
45213  -31.177  -31.034  82.076 0.0000000000
47065  -30.703  -30.754  81.727 0.0000000000
143165  -30.661  -30.398  81.309 0.0000000000
46097  -29.723  -31.540  80.207 0.0000000000
47078  -29.737  -30.730  80.295 0.0000000000
47064  -30.244  -30.250  80.892 0.0000000000
128996  -29.840  -28.840  80.418 0.0000000000
49198  -29.408  -28.117  79.790 0.0000000000
50345  -28.599  -27.377  79.379 0.0000000000
49232  -27.555  -28.199  78.108 0.0000000000
49242  -27.076  -28.416  77.286 0.0000000000
48147  -27.287  -29.651  76.897 0.0000000000
51546  -29.377  -27.349  75.059 0.0000000000
50408  -29.140  -27.907  74.699 0.0000000000
51557  -28.963  -27.034  74.462 0.0000000000
51555  -27.794  -26.953  73.175 0.0000000000
52549  -28.643  -25.804  73.364 0.0000000000
62733  -44.666  -15.068  78.021 0.0000000000
62723  -46.237  -16.188  77.956 0.0000000000
134240  -45.749  -15.742  77.420 0.0000000000
62735  -46.408  -15.974  77.106 0.0000000000
62746  -46.542  -15.515  76.361 0.0000000000
63756  -45.713  -14.219  76.387 0.0000000000
63758  -46.592  -14.945  75.752 0.0000000000
62747  -47.229  -15.707  76.038 0.0000000000
63772  -47.209  -15.036  75.172 0.0000000000
63773  -47.402  -15.000  74.638 0.0000000000
63790  -47.377  -14.935  74.353 0.0000000000
70896  -46.525  -7.473  74.102 0.0000000000
69904  -47.073  -8.704  73.724 0.0000000000
70902  -46.746  -7.698  73.783 0.0000000000
69910  -47.148  -9.061  72.911 0.0000000000
68879  -46.537  -9.315  72.653 0.0000000000
67927  -45.864  -10.734  72.075 0.0000000000
132373  -45.514  -11.307  71.477 0.0000000000
66900  -44.840  -12.084  71.181 0.0000000000
65867  -44.047  -11.895  71.057 0.0000000000
143316  -43.220  -11.390  70.088 0.0000000000
68898  -44.016  -9.056  70.141 0.0000000000
67936  -43.563  -10.179  70.099 0.0000000000
66924  -42.975  -11.303  69.400 0.0000000000
147643  -43.367  -10.600  68.804 0.0000000000
66940  -43.224  -10.723  67.923 0.0000000000
125367  -49.787  -9.848  66.404 0.0000000000
68945  -48.854  -9.673  66.206 0.0000000000
68960  -48.457  -9.156  65.564 0.0000000000
69974  -48.025  -8.557  65.027 0.0000000000
69982  -47.663  -8.247  64.396 0.0000000000
50153  -10.431  -27.234  94.308 0.0000000000
137495  -11.496  -27.906  93.118 0.0000000000
49029  -11.155  -27.418  91.746 0.0000000000
47985  -12.389  -27.904  88.420 0.0000000000
45981  -15.449  -30.977  87.384 0.0000000000
46982  -15.504  -30.540  86.012 0.0000000000
46019  -16.160  -31.821  84.676 0.0000000000
47022  -14.994  -29.977  83.231 0.0000000000
45206  -14.094  -31.858  82.679 0.0000000000
44398  -14.625  -32.832  82.344 0.0000000000
148146  -24.215  -27.076  88.960 0.0000000000
137726  -24.026  -26.903  88.330 0.0000000000
50246  -23.238  -26.789  88.120 0.0000000000
51390  -23.581  -26.161  86.366 0.0000000000
51389  -22.589  -26.344  86.279 0.0000000000
142733  -21.803  -26.636  86.300 0.0000000000
50278  -20.472  -27.180  84.055 0.0000000000
54596  -31.458  -22.974  75.147 0.0000000000
54595  -31.600  -22.605  74.280 0.0000000000
54597  -32.254  -22.516  75.512 0.0000000000
55592  -32.897  -22.258  75.325 0.0000000000
55586  -33.500  -21.619  76.118 0.0000000000
55582  -33.490  -22.113  76.741 0.0000000000
57660  -35.291  -19.672  76.596 0.0000000000
57643  -36.042  -19.516  77.039 0.0000000000
56567  -35.317  -21.354  79.516 0.0000000000
57603  -35.595  -20.661  79.199 0.0000000000
57589  -36.734  -20.594  80.172 0.0000000000
57604  -36.341  -20.269  79.430 0.0000000000
58709  -35.799  -19.642  77.992 0.0000000000
58728  -36.627  -19.562  77.594 0.0000000000
57644  -37.028  -19.570  76.671 0.0000000000
58729  -37.431  -19.506  77.382 0.0000000000
57622  -38.176  -19.366  77.274 0.0000000000
57645  -39.682  -19.689  77.277 0.0000000000
58713  -39.276  -19.112  78.481 0.0000000000
129712  -39.821  -19.730  77.891 0.0000000000
56581  -40.791  -20.995  78.048 0.0000000000
56582  -42.289  -20.802  78.532 0.0000000000
47935  -34.035  -29.318  91.206 0.0000000000
46920  -33.744  -29.988  90.883 0.0000000000
46934  -34.076  -30.347  90.222 0.0000000000
46947  -34.337  -30.743  89.507 0.0000000000
45973  -34.188  -31.198  88.275 0.0000000000
46962  -35.635  -30.668  88.331 0.0000000000
132053  -34.690  -31.131  87.735 0.0000000000
45986  -34.124  -31.159  87.351 0.0000000000
127092  -33.496  -31.212  85.878 0.0000000000
46028  -33.135  -31.207  84.623 0.0000000000
45183  -32.964  -30.788  83.847 0.0000000000
48020  -37.009  -28.812  86.481 0.0000000000
48031  -36.202  -29.109  86.088 0.0000000000
47001  -35.573  -29.549  85.697 0.0000000000
48059  -35.042  -29.089  83.830 0.0000000000
47029  -34.567  -29.629  83.690 0.0000000000
47028  -34.158  -30.339  83.962 0.0000000000
46046  -33.200  -30.772  83.335 0.0000000000
45198  -32.638  -30.873  82.835 0.0000000000
125629  -32.071  -32.158  81.718 0.0000000000
45250  -31.400  -32.378  81.299 0.0000000000
130019  -31.276  -32.226  80.328 0.0000000000
46110  -32.110  -30.471  79.363 0.0000000000
125216  -31.037  -31.924  79.227 0.0000000000
45272  -30.406  -32.009  78.381 0.0000000000
128767  -29.726  -31.884  77.791 0.0000000000
45283  -29.046  -31.639  77.300 0.0000000000
45304  -28.514  -31.402  76.255 0.0000000000
136039  -28.509  -31.182  75.804 0.0000000000
46171  -28.963  -30.922  75.880 0.0000000000
47135  -29.313  -30.445  75.691 0.0000000000
47123  -30.502  -30.062  76.839 0.0000000000
48175  -29.544  -29.807  75.579 0.0000000000
50399  -29.746  -28.228  75.750 0.0000000000
50347  -32.539  -27.404  79.771 0.0000000000
50346  -32.276  -27.341  78.887 0.0000000000
50373  -31.858  -27.664  78.196 0.0000000000
51508  -32.362  -26.396  78.803 0.0000000000
51521  -32.068  -26.706  78.109 0.0000000000
150081  -31.791  -27.205  77.756 0.0000000000
139594  -30.739  -27.396  76.881 0.0000000000
50390  -29.866  -27.558  75.902 0.0000000000
51538  -30.048  -26.645  75.728 0.0000000000
52530  -30.348  -25.781  75.520 0.0000000000
52531  -30.865  -25.114  75.727 0.0000000000
136934  -31.367  -24.876  76.803 0.0000000000
53576  -31.290  -24.687  76.245 0.0000000000
147365  -30.989  -24.567  75.257 0.0000000000
53583  -31.061  -24.081  74.785 0.0000000000
71876  -46.754  -6.088  70.423 0.0000000000
128427  -47.761  -6.267  70.634 0.0000000000
70923  -48.253  -6.946  70.164 0.0000000000
70936  -48.746  -7.698  69.755 0.0000000000
70924  -49.272  -7.077  70.325 0.0000000000
69932  -49.294  -8.401  69.371 0.0000000000
68922  -49.526  -9.587  68.500 0.0000000000
67959  -49.974  -10.016  68.022 0.0000000000
70939  -51.369  -7.218  69.130 0.0000000000
146093  -51.243  -8.634  68.546 0.0000000000
67960  -50.739  -9.841  67.835 0.0000000000
67973  -50.362  -10.151  67.372 0.0000000000
68946  -50.687  -10.136  66.715 0.0000000000
68962  -50.414  -9.608  65.912 0.0000000000
68972  -51.799  -9.370  64.804 0.0000000000
68979  -51.065  -8.847  64.409 0.0000000000
47850  -14.366  -28.269  94.640 0.0000000000
47865  -14.280  -28.310  93.833 0.0000000000
47882  -15.031  -28.523  93.208 0.0000000000
47900  -14.838  -28.651  92.418 0.0000000000
46899  -15.373  -29.248  91.845 0.0000000000
46881  -16.033  -29.678  93.127 0.0000000000
46913  -15.624  -29.550  90.955 0.0000000000
45957  -15.509  -30.319  89.498 0.0000000000
45958  -15.721  -31.123  89.352 0.0000000000
45913  -17.666  -30.865  93.265 0.0000000000
45925  -17.240  -31.040  92.448 0.0000000000
131367  -16.917  -31.282  91.815 0.0000000000
45123  -17.796  -32.068  91.037 0.0000000000
45122  -17.002  -32.013  91.300 0.0000000000
45948  -16.477  -31.840  90.633 0.0000000000
45969  -15.690  -31.164  88.577 0.0000000000
45982  -16.132  -31.748  87.306 0.0000000000
45156  -16.990  -32.463  86.083 0.0000000000
45157  -17.544  -32.377  86.679 0.0000000000
45168  -16.938  -32.852  85.307 0.0000000000
45179  -17.229  -32.980  84.846 0.0000000000
52468  -24.444  -25.601  82.707 0.0000000000
55600  -32.333  -22.188  74.020 0.0000000000
55599  -32.280  -21.992  73.309 0.0000000000
56660  -32.505  -21.510  72.784 0.0000000000
148970  -33.305  -20.890  73.437 0.0000000000
57718  -33.124  -20.994  72.931 0.0000000000
57717  -32.835  -21.018  72.081 0.0000000000
56634  -36.657  -19.602  74.371 0.0000000000
56644  -36.099  -19.759  73.937 0.0000000000
126504  -37.264  -19.509  73.546 0.0000000000
56661  -36.449  -19.768  73.275 0.0000000000
57720  -35.599  -20.354  72.504 0.0000000000
57740  -42.238  -19.823  71.747 0.0000000000
57775  -44.784  -20.175  69.530 0.0000000000
57785  -45.024  -19.963  68.818 0.0000000000
58795  -45.931  -20.133  68.614 0.0000000000
124840  -47.304  -19.588  68.560 0.0000000000
133933  -47.865  -19.014  68.635 0.0000000000
46868  -23.808  -30.137  94.853 0.0000000000
46887  -23.460  -30.014  94.334 0.0000000000
143475  -24.171  -30.118  94.221 0.0000000000
134686  -24.056  -29.661  93.794 0.0000000000
47905  -24.453  -29.065  93.189 0.0000000000
47906  -25.323  -29.200  93.248 0.0000000000
47927  -24.977  -28.706  92.523 0.0000000000
49036  -24.617  -28.436  91.718 0.0000000000
49071  -25.413  -27.765  90.069 0.0000000000
139822  -28.181  -29.507  92.280 0.0000000000
47949  -27.092  -28.438  91.266 0.0000000000
49056  -28.189  -28.006  90.336 0.0000000000
49055  -27.454  -28.221  90.653 0.0000000000
49054  -26.740  -28.142  90.547 0.0000000000
50231  -25.596  -27.140  88.788 0.0000000000
50248  -25.519  -26.819  87.926 0.0000000000
51379  -25.885  -26.488  87.169 0.0000000000
51380  -26.662  -26.385  86.975 0.0000000000
51407  -25.752  -26.138  85.864 0.0000000000
124360  -25.758  -25.889  84.833 0.0000000000
126483  -25.815  -25.583  83.919 0.0000000000
46933  -32.828  -30.336  90.370 0.0000000000
46946  -32.722  -30.508  89.596 0.0000000000
46960  -32.241  -29.702  88.869 0.0000000000
46973  -32.759  -30.230  87.481 0.0000000000
46972  -32.484  -29.593  87.937 0.0000000000
47991  -32.232  -28.774  88.572 0.0000000000
48003  -31.821  -28.143  88.065 0.0000000000
49110  -31.470  -27.673  87.599 0.0000000000
50253  -31.160  -27.150  87.155 0.0000000000
142468  -31.718  -29.786  83.265 0.0000000000
48043  -31.692  -29.332  83.879 0.0000000000
49130  -31.485  -28.783  84.536 0.0000000000
49147  -31.362  -28.659  82.898 0.0000000000
49138  -31.459  -28.745  83.712 0.0000000000
146011  -31.181  -28.029  85.069 0.0000000000
50266  -30.662  -26.731  86.526 0.0000000000
51395  -29.200  -26.256  86.052 0.0000000000
51410  -28.573  -26.073  85.369 0.0000000000
138789  -28.102  -26.084  83.916 0.0000000000
51420  -27.914  -26.041  84.687 0.0000000000
147132  -26.517  -25.897  83.662 0.0000000000
51430  -25.988  -25.705  82.847 0.0000000000
53522  -39.857  -24.049  85.529 0.0000000000
53529  -39.977  -24.337  84.775 0.0000000000
54478  -40.303  -22.732  86.695 0.0000000000
56429  -40.545  -21.791  87.102 0.0000000000
148525  -11.070  -27.276  95.443 0.0000000000
50120  -11.421  -27.314  96.056 0.0000000000
48973  -11.729  -27.511  95.363 0.0000000000
148535  -12.359  -27.794  95.402 0.0000000000
48975  -13.619  -28.171  95.280 0.0000000000
47851  -15.266  -28.272  94.776 0.0000000000
47852  -16.037  -28.598  95.019 0.0000000000
47839  -16.226  -28.426  95.723 0.0000000000
47853  -16.697  -29.041  95.352 0.0000000000
46836  -17.187  -29.633  95.770 0.0000000000
46837  -17.782  -30.221  96.185 0.0000000000
46825  -17.894  -30.108  97.212 0.0000000000
45879  -18.271  -30.738  95.685 0.0000000000
45881  -19.696  -31.190  96.144 0.0000000000
45882  -20.449  -31.037  96.430 0.0000000000
125710  -21.957  -30.627  96.138 0.0000000000
46852  -22.675  -30.366  95.672 0.0000000000
128261  -23.274  -30.180  95.407 0.0000000000
46842  -23.348  -30.051  96.098 0.0000000000
46853  -23.815  -30.030  95.507 0.0000000000
125596  -24.390  -29.961  95.223 0.0000000000
46854  -25.125  -29.895  94.962 0.0000000000
47868  -25.790  -29.733  94.791 0.0000000000
48977  -25.953  -28.711  95.693 0.0000000000
47869  -27.157  -29.397  94.599 0.0000000000
124450  -27.843  -29.466  94.075 0.0000000000
47870  -28.656  -29.086  94.223 0.0000000000
49008  -30.807  -28.733  93.544 0.0000000000
48997  -30.849  -28.090  93.967 0.0000000000
47891  -31.545  -28.880  93.033 0.0000000000
47892  -32.205  -29.014  92.506 0.0000000000
49019  -32.892  -28.454  92.304 0.0000000000
47912  -33.558  -28.712  91.738 0.0000000000
51329  -33.125  -26.352  92.519 0.0000000000
50183  -33.456  -27.060  92.382 0.0000000000
49020  -33.558  -27.825  92.112 0.0000000000
139193  -34.223  -28.573  91.333 0.0000000000
49039  -35.231  -28.051  90.551 0.0000000000
50203  -35.298  -27.581  90.050 0.0000000000
49057  -35.986  -28.069  90.057 0.0000000000
50216  -35.984  -27.633  89.547 0.0000000000
51358  -35.405  -27.506  88.416 0.0000000000
51359  -36.894  -27.020  88.507 0.0000000000
52427  -34.507  -26.030  87.621 0.0000000000
51365  -36.295  -26.671  87.894 0.0000000000
132542  -37.638  -26.961  88.200 0.0000000000
51366  -37.695  -26.243  88.118 0.0000000000
51367  -38.471  -25.684  87.776 0.0000000000
51368  -39.073  -25.311  87.404 0.0000000000
52446  -39.447  -25.220  86.518 0.0000000000
52447  -39.539  -24.614  86.000 0.0000000000
54529  -40.389  -23.601  84.839 0.0000000000
126592  -40.582  -23.523  83.965 0.0000000000
54541  -40.764  -22.948  83.529 0.0000000000
55502  -41.478  -22.353  84.754 0.0000000000
55514  -41.354  -22.341  84.031 0.0000000000
55526  -40.308  -22.343  82.914 0.0000000000
56520  -40.459  -21.425  82.839 0.0000000000
57564  -40.621  -20.604  82.827 0.0000000000
59649  -42.811  -19.075  86.141 0.0000000000
57518  -43.328  -20.157  85.824 0.0000000000
59678  -43.053  -18.731  84.979 0.0000000000
58609  -43.068  -19.643  85.155 0.0000000000
57550  -42.076  -20.187  84.059 0.0000000000
57565  -41.152  -20.161  83.081 0.0000000000
57579  -40.470  -19.579  82.452 0.0000000000
58671  -41.151  -18.558  80.650 0.0000000000
58650  -42.238  -18.908  81.427 0.0000000000
58693  -42.032  -19.071  79.884 0.0000000000
57593  -42.645  -19.986  79.563 0.0000000000
56569  -43.112  -20.679  79.166 0.0000000000
56583  -43.149  -21.112  78.356 0.0000000000
60695  -44.045  -17.088  81.543 0.0000000000
59733  -44.995  -18.961  80.842 0.0000000000
59734  -45.329  -18.476  80.554 0.0000000000
57626  -43.872  -21.079  78.933 0.0000000000
56584  -43.933  -21.140  78.132 0.0000000000
57646  -43.974  -20.749  77.234 0.0000000000
57664  -44.757  -20.618  76.876 0.0000000000
57678  -44.824  -20.543  76.001 0.0000000000
57648  -46.382  -20.515  77.745 0.0000000000
57665  -45.539  -20.633  76.501 0.0000000000
144332  -45.547  -20.541  75.766 0.0000000000
57679  -46.085  -20.362  75.158 0.0000000000
124956  -46.350  -20.241  74.192 0.0000000000
57702  -46.465  -20.189  73.315 0.0000000000
61771  -47.096  -17.297  77.857 0.0000000000
59758  -48.097  -18.468  78.007 0.0000000000
58732  -48.631  -19.079  76.726 0.0000000000
147106  -48.553  -17.890  75.869 0.0000000000
58743  -49.017  -19.037  75.822 0.0000000000
57682  -48.437  -19.667  75.639 0.0000000000
127186  -48.243  -20.083  74.949 0.0000000000
125571  -47.326  -20.247  73.769 0.0000000000
57724  -47.463  -20.190  72.793 0.0000000000
58773  -47.514  -20.015  71.823 0.0000000000
150807  -49.321  -19.370  71.871 0.0000000000
58781  -47.890  -19.303  70.333 0.0000000000
58782  -47.979  -18.941  70.428 0.0000000000
59809  -47.721  -18.582  70.109 0.0000000000
59811  -47.680  -18.513  69.168 0.0000000000
65812  -46.962  -13.020  74.156 0.0000000000
64790  -47.292  -13.821  74.353 0.0000000000
138309  -47.551  -14.289  73.876 0.0000000000
69905  -47.973  -9.608  73.757 0.0000000000
68871  -48.314  -10.129  73.416 0.0000000000
66873  -47.513  -11.554  73.114 0.0000000000
130718  -48.049  -11.740  71.982 0.0000000000
146203  -48.065  -11.832  72.280 0.0000000000
66874  -47.298  -12.377  73.626 0.0000000000
65849  -47.643  -12.997  73.287 0.0000000000
64829  -47.547  -14.363  73.697 0.0000000000
63834  -47.298  -15.285  73.920 0.0000000000
62804  -47.693  -16.282  74.099 0.0000000000
61825  -47.653  -17.313  73.239 0.0000000000
62802  -46.197  -16.183  73.434 0.0000000000
142421  -46.242  -17.539  72.673 0.0000000000
60782  -47.633  -18.136  71.824 0.0000000000
135437  -47.325  -17.846  71.220 0.0000000000
60786  -47.493  -17.892  70.487 0.0000000000
60790  -47.561  -18.052  69.644 0.0000000000
61837  -47.256  -17.472  68.986 0.0000000000
61840  -46.712  -17.043  68.446 0.0000000000
61830  -44.464  -16.757  70.573 0.0000000000
61835  -45.503  -16.593  68.824 0.0000000000
144329  -46.089  -16.668  68.468 0.0000000000
61839  -45.433  -16.503  68.129 0.0000000000
144241  -44.757  -16.367  67.892 0.0000000000
64847  -43.007  -13.488  71.000 0.0000000000
63856  -42.267  -14.885  70.744 0.0000000000
134087  -42.200  -15.322  69.945 0.0000000000
64858  -42.099  -13.619  69.577 0.0000000000
142865  -41.928  -14.951  69.353 0.0000000000
62823  -42.315  -15.472  69.187 0.0000000000
62832  -43.452  -15.540  67.972 0.0000000000
69942  -45.622  -9.022  68.538 0.0000000000
147886  -46.527  -9.134  68.453 0.0000000000
68918  -45.201  -9.740  68.249 0.0000000000
67956  -44.646  -10.173  68.191 0.0000000000
67967  -43.972  -10.397  67.392 0.0000000000
67966  -43.102  -10.715  66.987 0.0000000000
68944  -48.057  -9.639  66.246 0.0000000000
68943  -47.363  -9.467  66.453 0.0000000000
68942  -46.621  -9.412  66.666 0.0000000000
69971  -45.254  -8.903  65.256 0.0000000000
68957  -45.996  -9.112  65.989 0.0000000000
125382  -45.111  -9.465  66.119 0.0000000000
68940  -44.367  -9.772  66.157 0.0000000000
67980  -43.832  -10.249  66.532 0.0000000000
50167  -9.214  -27.093  93.419 0.0000000000
128144  -8.821  -27.008  91.846 0.0000000000
46979  -8.337  -30.482  85.654 0.0000000000
48010  -9.044  -28.883  85.954 0.0000000000
46990  -8.980  -29.811  85.174 0.0000000000
47920  -13.601  -28.005  90.740 0.0000000000
47946  -13.971  -28.375  89.844 0.0000000000
47945  -13.277  -27.826  89.983 0.0000000000
47999  -12.214  -28.173  87.602 0.0000000000
46968  -14.903  -30.090  87.481 0.0000000000
46967  -14.303  -29.472  87.891 0.0000000000
143017  -13.995  -29.181  87.563 0.0000000000
48013  -13.658  -28.974  86.279 0.0000000000
48001  -13.612  -28.936  87.171 0.0000000000
48000  -12.951  -28.628  87.372 0.0000000000
48011  -12.106  -28.369  86.719 0.0000000000
49119  -11.090  -28.367  86.141 0.0000000000
49129  -10.888  -28.622  85.296 0.0000000000
48034  -10.690  -29.055  83.880 0.0000000000
48048  -10.499  -29.579  83.284 0.0000000000
44383  -13.511  -32.575  83.138 0.0000000000
47885  -22.480  -29.180  93.637 0.0000000000
47902  -21.419  -29.052  92.508 0.0000000000
47924  -22.121  -28.705  92.040 0.0000000000
47922  -20.204  -28.980  91.497 0.0000000000
47967  -19.351  -29.206  89.730 0.0000000000
50212  -22.934  -27.115  89.492 0.0000000000
50211  -21.954  -27.201  89.355 0.0000000000
49067  -21.195  -27.568  89.570 0.0000000000
50226  -20.856  -27.365  88.137 0.0000000000
49089  -21.088  -27.416  88.920 0.0000000000
125968  -20.465  -27.801  89.294 0.0000000000
47968  -19.829  -28.406  89.585 0.0000000000
47988  -19.268  -28.848  88.917 0.0000000000
46959  -19.253  -29.879  89.027 0.0000000000
46971  -18.770  -30.154  87.489 0.0000000000
46983  -18.544  -30.580  86.714 0.0000000000
48015  -18.605  -29.927  85.934 0.0000000000
126194  -18.472  -31.049  85.896 0.0000000000
125928  -18.306  -31.760  85.059 0.0000000000
46021  -18.055  -32.141  84.124 0.0000000000
45195  -17.793  -32.270  83.072 0.0000000000
51429  -23.297  -25.837  83.287 0.0000000000
51428  -22.456  -26.135  83.109 0.0000000000
51439  -22.241  -26.202  82.141 0.0000000000
51427  -21.729  -26.426  82.847 0.0000000000
50287  -20.334  -26.965  82.861 0.0000000000
50294  -19.661  -27.337  82.290 0.0000000000
50304  -19.905  -27.497  81.500 0.0000000000
140566  -19.235  -27.793  81.835 0.0000000000
49154  -18.962  -28.013  82.704 0.0000000000
49153  -18.564  -28.868  82.580 0.0000000000
150145  -18.493  -29.544  82.620 0.0000000000
47059  -18.978  -30.182  81.558 0.0000000000
47040  -18.584  -30.177  82.252 0.0000000000
129832  -18.406  -30.980  82.569 0.0000000000
130144  -18.293  -31.845  82.305 0.0000000000
45209  -17.781  -32.506  81.815 0.0000000000
44420  -17.788  -33.649  81.084 0.0000000000
43570  -17.222  -34.378  81.102 0.0000000000
45134  -16.289  -31.578  88.919 0.0000000000
45215  -32.141  -31.654  82.300 0.0000000000
45216  -32.968  -30.882  82.633 0.0000000000
45235  -31.435  -32.163  82.111 0.0000000000
45237  -32.680  -31.086  81.979 0.0000000000
45249  -30.122  -32.134  80.908 0.0000000000
45251  -32.013  -31.901  80.784 0.0000000000
45282  -28.793  -31.577  77.543 0.0000000000
45284  -30.582  -31.366  77.660 0.0000000000
45296  -28.880  -31.431  76.602 0.0000000000
45923  -16.293  -30.320  91.918 0.0000000000
45960  -19.137  -30.967  89.897 0.0000000000
45962  -33.914  -31.157  89.076 0.0000000000
45963  -34.521  -31.121  88.923 0.0000000000
45974  -34.953  -31.085  88.378 0.0000000000
45998  -32.663  -30.368  86.514 0.0000000000
45999  -33.490  -31.076  86.778 0.0000000000
46015  -32.983  -31.321  85.244 0.0000000000
46025  -31.984  -30.081  83.587 0.0000000000
46044  -32.057  -30.507  83.100 0.0000000000
46045  -32.503  -30.593  83.462 0.0000000000
46064  -33.197  -30.558  82.315 0.0000000000
46099  -32.543  -30.395  80.812 0.0000000000
46125  -31.707  -30.633  78.168 0.0000000000
46126  -32.009  -30.231  78.548 0.0000000000
46141  -30.760  -30.896  77.304 0.0000000000
46142  -31.341  -30.412  77.710 0.0000000000
46158  -30.946  -30.224  77.494 0.0000000000
46949  -36.001  -30.183  88.894 0.0000000000
46963  -36.165  -30.270  88.227 0.0000000000
47012  -31.904  -29.786  84.106 0.0000000000
47014  -34.765  -29.987  84.482 0.0000000000
47103  -32.038  -29.974  78.505 0.0000000000
47137  -30.758  -29.758  77.219 0.0000000000
47930  -29.550  -29.440  91.464 0.0000000000
47933  -32.476  -29.793  91.486 0.0000000000
47953  -31.166  -29.450  90.050 0.0000000000
47954  -34.413  -29.734  90.557 0.0000000000
47974  -36.598  -28.917  89.019 0.0000000000
47993  -37.191  -29.048  87.941 0.0000000000
48005  -36.832  -29.606  87.589 0.0000000000
48006  -37.242  -28.999  87.251 0.0000000000
48032  -36.562  -28.506  85.688 0.0000000000
48052  -18.454  -29.329  83.130 0.0000000000
48074  -30.833  -28.992  81.625 0.0000000000
48089  -19.926  -29.001  80.806 0.0000000000
48107  -29.758  -29.836  80.342 0.0000000000
48108  -33.173  -28.993  81.073 0.0000000000
49117  -9.091  -28.447  86.433 0.0000000000
49123  -31.560  -28.156  86.627 0.0000000000
49124  -37.571  -28.347  86.823 0.0000000000
49132  -37.956  -27.767  86.379 0.0000000000
49135  -10.600  -28.881  84.647 0.0000000000
49148  -35.267  -28.481  83.695 0.0000000000
49182  -34.571  -27.855  82.759 0.0000000000
49234  -31.862  -28.423  78.772 0.0000000000
50194  -34.292  -27.319  91.330 0.0000000000
50217  -36.513  -27.625  88.903 0.0000000000
50254  -38.576  -27.072  87.282 0.0000000000
50273  -37.460  -27.598  85.551 0.0000000000
50283  -37.001  -27.041  84.120 0.0000000000
50311  -29.387  -26.294  81.800 0.0000000000
51350  -34.433  -27.159  89.909 0.0000000000
51382  -39.287  -25.766  86.985 0.0000000000
51412  -38.824  -26.689  86.002 0.0000000000
51413  -39.031  -26.095  85.414 0.0000000000
51529  -30.670  -26.423  76.800 0.0000000000
51556  -28.405  -26.770  73.715 0.0000000000
52438  -39.161  -24.562  86.999 0.0000000000
52439  -39.265  -24.398  86.557 0.0000000000
52456  -24.262  -25.680  84.135 0.0000000000
52470  -36.568  -25.247  82.869 0.0000000000
53553  -32.540  -23.944  78.692 0.0000000000
54561  -37.309  -23.326  81.474 0.0000000000
55469  -40.579  -22.413  87.118 0.0000000000
55491  -41.958  -21.820  85.076 0.0000000000
55564  -33.677  -22.213  78.364 0.0000000000
55603  -40.236  -20.274  73.088 0.0000000000
55635  -40.371  -20.947  72.053 0.0000000000
56466  -42.168  -21.296  85.551 0.0000000000
56484  -42.403  -21.169  85.066 0.0000000000
56521  -41.071  -21.065  83.283 0.0000000000
56625  -37.442  -19.529  75.182 0.0000000000
56629  -42.659  -21.253  75.976 0.0000000000
56648  -41.614  -21.338  73.878 0.0000000000
56663  -38.146  -19.328  72.818 0.0000000000
56683  -41.329  -20.572  72.262 0.0000000000
57500  -43.313  -19.784  86.044 0.0000000000
57608  -44.498  -20.771  79.466 0.0000000000
57630  -47.548  -19.702  78.766 0.0000000000
57692  -48.255  -20.292  74.115 0.0000000000
58595  -43.245  -19.612  85.733 0.0000000000
58730  -48.070  -19.666  78.123 0.0000000000
58731  -48.298  -19.437  77.219 0.0000000000
58742  -48.656  -19.280  76.269 0.0000000000
58749  -48.985  -19.273  75.402 0.0000000000
58750  -49.232  -19.072  74.963 0.0000000000
58753  -49.287  -19.438  74.673 0.0000000000
58754  -49.657  -19.172  74.265 0.0000000000
58768  -49.567  -18.968  72.170 0.0000000000
58788  -46.212  -20.225  69.734 0.0000000000
59735  -45.908  -18.578  79.741 0.0000000000
59757  -48.172  -18.923  78.860 0.0000000000
59769  -48.848  -18.723  76.004 0.0000000000
60706  -45.051  -17.626  80.650 0.0000000000
60717  -46.747  -18.099  78.565 0.0000000000
60726  -47.310  -18.163  78.332 0.0000000000
60727  -47.417  -18.058  77.906 0.0000000000
60738  -47.675  -17.949  77.191 0.0000000000
60739  -48.071  -17.747  76.534 0.0000000000
60756  -48.723  -17.410  74.452 0.0000000000
60774  -45.611  -17.333  72.320 0.0000000000
60775  -47.140  -17.802  72.589 0.0000000000
61770  -46.591  -16.761  78.224 0.0000000000
61783  -47.269  -16.825  77.128 0.0000000000
61793  -48.373  -16.471  76.050 0.0000000000
61806  -48.600  -16.565  74.485 0.0000000000
61813  -48.666  -17.288  74.247 0.0000000000
61824  -46.629  -17.208  73.207 0.0000000000
62757  -48.033  -15.588  75.106 0.0000000000
62784  -47.687  -16.092  74.251 0.0000000000
62812  -42.443  -15.470  71.507 0.0000000000
63745  -45.146  -14.455  76.934 0.0000000000
63759  -47.028  -15.056  75.394 0.0000000000
63812  -47.391  -15.044  74.191 0.0000000000
63846  -47.191  -13.841  72.485 0.0000000000
63874  -41.335  -14.990  67.712 0.0000000000
64812  -47.622  -13.680  73.681 0.0000000000
64828  -47.691  -13.551  72.940 0.0000000000
64837  -45.740  -13.464  71.802 0.0000000000
64840  -47.854  -13.058  72.160 0.0000000000
64846  -42.530  -13.774  70.446 0.0000000000
64871  -40.452  -13.906  67.202 0.0000000000
65797  -46.054  -12.570  76.122 0.0000000000
65811  -46.790  -12.806  74.358 0.0000000000
66887  -47.616  -12.315  72.942 0.0000000000
66904  -47.625  -11.288  72.552 0.0000000000
67968  -44.639  -10.249  67.745 0.0000000000
67971  -48.713  -10.231  67.434 0.0000000000
67972  -49.568  -10.180  67.458 0.0000000000
67982  -47.763  -10.089  66.807 0.0000000000
67985  -49.964  -10.197  66.938 0.0000000000
68848  -47.470  -10.030  74.840 0.0000000000
68897  -43.698  -9.597  69.952 0.0000000000
68910  -49.873  -9.113  69.119 0.0000000000
68924  -51.088  -9.279  68.263 0.0000000000
68947  -51.542  -9.758  66.668 0.0000000000
68963  -51.766  -9.570  65.747 0.0000000000
68970  -49.520  -8.724  64.761 0.0000000000
69943  -47.239  -8.815  68.713 0.0000000000
69944  -50.685  -8.857  68.838 0.0000000000
69952  -51.737  -8.772  67.923 0.0000000000
71875  -46.021  -6.045  70.453 0.0000000000
71886  -45.787  -6.616  70.120 0.0000000000
125421  -30.398  -32.333  80.133 0.0000000000
125594  -46.287  -20.600  76.896 0.0000000000
126361  -33.595  -31.244  85.099 0.0000000000
126997  -38.001  -24.857  82.683 0.0000000000
127464  -35.040  -29.422  84.241 0.0000000000
127540  -45.061  -20.405  75.199 0.0000000000
127671  -34.806  -30.981  86.991 0.0000000000
128524  -40.599  -20.719  76.059 0.0000000000
129083  -35.348  -30.096  86.090 0.0000000000
130023  -45.141  -9.910  71.618 0.0000000000
130636  -10.081  -27.200  93.770 0.0000000000
131105  -39.834  -18.707  79.600 0.0000000000
132244  -49.605  -19.255  72.530 0.0000000000
133411  -41.015  -20.980  72.527 0.0000000000
133635  -32.500  -30.233  89.048 0.0000000000
134321  -19.596  -29.887  81.061 0.0000000000
134849  -39.971  -20.905  71.678 0.0000000000
134952  -40.635  -22.579  85.970 0.0000000000
135179  -34.955  -19.508  75.430 0.0000000000
136044  -35.374  -21.958  80.045 0.0000000000
136390  -43.333  -10.700  69.759 0.0000000000
136722  -29.634  -27.671  75.547 0.0000000000
136961  -41.560  -20.956  86.540 0.0000000000
137369  -36.423  -30.088  87.799 0.0000000000
137653  -41.107  -21.160  87.020 0.0000000000
138223  -33.462  -30.298  90.442 0.0000000000
140232  -46.933  -13.381  74.431 0.0000000000
140822  -48.825  -18.433  75.265 0.0000000000
142519  -47.748  -10.884  73.481 0.0000000000
142817  -33.277  -31.053  89.135 0.0000000000
143746  -46.202  -19.773  79.573 0.0000000000
143865  -20.392  -27.626  88.648 0.0000000000
143938  -26.114  -26.266  86.574 0.0000000000
144172  -31.982  -29.942  78.434 0.0000000000
144175  -32.560  -30.013  80.422 0.0000000000
144366  -47.735  -11.878  71.879 0.0000000000
144776  -9.634  -27.055  91.850 0.0000000000
144790  -32.514  -31.281  82.297 0.0000000000
144793  -47.785  -18.879  69.623 0.0000000000
145227  -31.896  -29.933  84.762 0.0000000000
145444  -47.783  -18.157  71.129 0.0000000000
145710  -30.789  -30.414  77.269 0.0000000000
145761  -23.832  -26.621  87.728 0.0000000000
145932  -17.141  -32.138  90.631 0.0000000000
145939  -28.718  -31.272  76.115 0.0000000000
146178  -45.388  -16.823  69.753 0.0000000000
146282  -30.980  -31.893  82.264 0.0000000000
146752  -35.035  -29.508  90.266 0.0000000000
147040  -39.363  -25.039  87.041 0.0000000000
147519  -29.859  -28.142  75.955 0.0000000000
148178  -45.571  -8.571  64.802 0.0000000000
149380  -15.714  -31.278  87.898 0.0000000000
149511  -29.539  -32.069  79.066 0.0000000000
149913  -47.485  -11.304  72.361 0.0000000000
150151  -48.239  -12.094  71.981 0.0000000000
150395  -22.558  -26.201  85.510 0.0000000000
150660  -18.815  -30.808  94.127 0.0000000000
150791  -42.506  -20.375  79.074 0.0000000000
