#!ascii label  , from subject sub-02 vox2ras=TkReg
503
75735  -21.753  -3.037  1.239 0.0000000000
132590  -16.445  -5.120  6.360 0.0000000000
70655  -24.195  -8.586  2.809 0.0000000000
136146  -19.755  -9.833  6.252 0.0000000000
124178  -26.220  10.509  0.929 0.0000000000
83193  -25.919  4.996  1.399 0.0000000000
81302  -20.125  2.083  1.941 0.0000000000
65530  -18.850  -13.188  8.641 0.0000000000
123829  -18.182  -7.869  6.013 0.0000000000
70608  -16.323  -8.879  7.578 0.0000000000
150006  -25.968  8.530  1.492 0.0000000000
85887  -22.794  7.245  0.077 0.0000000000
77644  -17.911  -1.620  3.410 0.0000000000
79644  -17.235  0.816  2.942 0.0000000000
132583  -20.029  -1.149  1.124 0.0000000000
79697  -24.292  0.974  -0.382 0.0000000000
76749  -24.592  -1.896  0.126 0.0000000000
74699  -25.580  -4.077  1.596 0.0000000000
77618  -14.141  -2.092  6.367 0.0000000000
75699  -19.181  -4.074  3.294 0.0000000000
73619  -22.132  -5.499  1.856 0.0000000000
72562  -19.866  -6.637  3.564 0.0000000000
141235  -21.505  -8.634  4.527 0.0000000000
67553  -23.184  -11.805  5.245 0.0000000000
83200  -19.621  4.649  1.524 0.0000000000
82218  -23.644  3.462  -0.384 0.0000000000
145376  -26.442  2.811  1.316 0.0000000000
68519  -16.212  -10.675  9.733 0.0000000000
67522  -19.172  -12.160  8.063 0.0000000000
124016  -15.589  -7.178  8.421 0.0000000000
70595  -15.720  -7.963  8.927 0.0000000000
86796  -22.885  8.404  0.473 0.0000000000
85878  -21.044  7.059  0.570 0.0000000000
76730  -19.035  -2.713  1.674 0.0000000000
77663  -18.764  -1.765  1.736 0.0000000000
76745  -20.496  -2.051  1.238 0.0000000000
76757  -22.501  -1.420  -0.145 0.0000000000
75737  -23.184  -2.841  0.414 0.0000000000
75739  -25.145  -2.966  0.839 0.0000000000
74708  -23.882  -3.859  0.797 0.0000000000
75631  -14.541  -3.468  7.033 0.0000000000
75680  -16.729  -3.158  5.331 0.0000000000
75659  -17.142  -3.951  5.340 0.0000000000
136960  -19.635  -5.178  3.709 0.0000000000
74641  -17.961  -5.366  5.436 0.0000000000
70624  -19.200  -8.734  5.904 0.0000000000
123971  -20.475  -8.253  4.715 0.0000000000
69597  -21.059  -9.240  5.220 0.0000000000
67558  -22.844  -10.885  4.960 0.0000000000
67552  -21.656  -11.231  5.562 0.0000000000
123976  -24.107  10.547  2.707 0.0000000000
124329  -24.189  11.150  3.281 0.0000000000
125654  -25.706  10.932  2.515 0.0000000000
123515  -27.618  10.058  3.425 0.0000000000
148596  -27.302  9.284  2.250 0.0000000000
85016  -26.257  6.389  1.411 0.0000000000
80494  -18.142  1.465  2.506 0.0000000000
81300  -17.940  2.871  1.837 0.0000000000
82205  -20.114  3.828  1.728 0.0000000000
83213  -21.946  4.295  1.078 0.0000000000
81325  -22.037  2.991  -0.062 0.0000000000
79688  -26.119  0.569  0.497 0.0000000000
80522  -25.827  1.921  0.477 0.0000000000
80513  -26.840  1.591  1.550 0.0000000000
72574  -22.923  -6.913  2.175 0.0000000000
71634  -24.796  -6.575  1.801 0.0000000000
148082  -17.692  -12.712  9.704 0.0000000000
67505  -17.699  -11.709  8.886 0.0000000000
67520  -17.883  -11.449  8.262 0.0000000000
66517  -18.890  -12.645  8.525 0.0000000000
73532  -15.208  -5.700  7.930 0.0000000000
73549  -17.234  -6.161  6.229 0.0000000000
73533  -16.181  -6.626  7.052 0.0000000000
126388  -16.542  -8.073  7.218 0.0000000000
69577  -17.740  -9.248  7.094 0.0000000000
129302  -24.931  9.499  1.566 0.0000000000
124139  -26.410  9.670  0.771 0.0000000000
86798  -24.319  8.694  0.989 0.0000000000
85889  -24.150  7.402  0.286 0.0000000000
84117  -25.155  5.983  0.402 0.0000000000
78625  -15.578  -0.013  5.573 0.0000000000
78643  -16.624  0.017  3.929 0.0000000000
78659  -18.966  -0.308  1.555 0.0000000000
79675  -20.968  0.544  0.941 0.0000000000
80520  -21.886  1.405  0.081 0.0000000000
79695  -22.587  0.117  -0.336 0.0000000000
144960  -24.572  -0.678  -0.183 0.0000000000
132625  -26.339  -1.151  0.692 0.0000000000
77665  -26.523  -1.830  1.282 0.0000000000
63489  -20.141  -15.194  8.311 0.0000000000
64531  -19.991  -14.562  7.524 0.0000000000
150696  -16.043  -1.568  5.620 0.0000000000
144643  -17.717  -2.133  3.978 0.0000000000
75712  -19.341  -3.697  1.802 0.0000000000
74695  -21.492  -4.655  1.769 0.0000000000
73605  -20.269  -4.995  2.661 0.0000000000
72572  -21.134  -6.351  2.870 0.0000000000
71601  -21.723  -7.464  3.176 0.0000000000
132605  -19.059  -7.131  4.593 0.0000000000
141507  -20.952  -7.543  3.968 0.0000000000
149480  -22.864  -8.326  3.657 0.0000000000
141182  -23.928  -10.556  4.091 0.0000000000
67560  -24.412  -11.443  4.403 0.0000000000
123509  -27.586  7.924  2.566 0.0000000000
135627  -20.697  5.463  0.602 0.0000000000
130938  -23.061  4.768  -0.255 0.0000000000
144053  -25.294  4.391  0.532 0.0000000000
80529  -23.834  1.896  -0.499 0.0000000000
82219  -24.799  3.234  0.204 0.0000000000
82198  -26.399  3.500  1.433 0.0000000000
73621  -24.355  -5.450  1.393 0.0000000000
147524  -26.099  -5.709  1.863 0.0000000000
69548  -15.639  -9.434  9.628 0.0000000000
69549  -16.080  -9.398  8.671 0.0000000000
68547  -17.682  -10.801  7.862 0.0000000000
67536  -19.165  -11.206  7.293 0.0000000000
65544  -20.240  -14.256  7.171 0.0000000000
66548  -20.414  -12.833  7.191 0.0000000000
67539  -21.388  -12.009  5.987 0.0000000000
85868  -20.183  7.637  1.650 0.0000000000
76731  -19.742  -2.560  1.579 0.0000000000
133161  -19.222  -2.356  1.532 0.0000000000
76732  -20.733  -2.788  1.465 0.0000000000
133353  -22.350  -2.549  0.460 0.0000000000
144694  -23.377  -3.475  0.728 0.0000000000
75736  -22.706  -3.305  0.921 0.0000000000
74608  -14.549  -4.391  7.582 0.0000000000
75630  -14.256  -3.763  7.533 0.0000000000
74624  -16.043  -4.445  6.488 0.0000000000
75658  -16.403  -3.774  5.982 0.0000000000
74639  -16.771  -4.574  5.888 0.0000000000
74640  -17.601  -4.689  5.424 0.0000000000
73560  -17.198  -5.396  5.972 0.0000000000
69579  -19.138  -9.411  6.406 0.0000000000
69595  -19.816  -9.148  5.757 0.0000000000
68576  -20.452  -9.606  5.726 0.0000000000
68577  -21.163  -10.206  5.555 0.0000000000
68564  -20.329  -10.399  6.118 0.0000000000
123532  -25.597  10.489  1.719 0.0000000000
124501  -25.214  10.925  2.481 0.0000000000
126457  -26.102  10.694  1.564 0.0000000000
125054  -26.711  10.603  1.419 0.0000000000
141368  -27.178  9.851  2.166 0.0000000000
124060  -26.739  10.335  0.612 0.0000000000
84118  -25.844  5.825  1.039 0.0000000000
129236  -26.614  6.244  1.686 0.0000000000
84106  -26.361  5.748  1.519 0.0000000000
83185  -26.563  4.844  1.872 0.0000000000
80510  -19.443  1.096  1.893 0.0000000000
80509  -18.713  1.789  2.451 0.0000000000
81301  -19.140  2.299  2.204 0.0000000000
81313  -19.773  3.117  2.055 0.0000000000
128256  -20.355  3.171  1.573 0.0000000000
81324  -21.063  3.327  0.726 0.0000000000
81314  -20.788  2.349  0.937 0.0000000000
130768  -26.883  -0.160  1.408 0.0000000000
79676  -26.696  0.652  1.229 0.0000000000
71611  -24.020  -7.787  2.370 0.0000000000
147722  -24.716  -7.600  2.265 0.0000000000
139805  -24.802  -8.315  2.543 0.0000000000
65514  -18.404  -13.487  9.113 0.0000000000
65513  -17.686  -13.161  9.876 0.0000000000
65529  -18.141  -12.856  9.216 0.0000000000
66503  -17.651  -12.278  9.542 0.0000000000
66516  -18.422  -12.418  8.785 0.0000000000
73520  -14.405  -5.880  8.787 0.0000000000
144947  -15.812  -6.037  7.227 0.0000000000
141425  -15.586  -6.489  7.942 0.0000000000
70607  -15.967  -8.138  7.891 0.0000000000
70609  -17.077  -8.675  7.115 0.0000000000
69562  -16.887  -9.473  7.470 0.0000000000
87623  -23.659  9.259  1.433 0.0000000000
87633  -24.118  9.012  1.106 0.0000000000
87632  -23.268  8.936  0.850 0.0000000000
134794  -22.580  7.760  0.289 0.0000000000
85879  -23.285  7.967  0.227 0.0000000000
85888  -23.593  7.365  0.118 0.0000000000
85025  -24.478  6.546  0.213 0.0000000000
145085  -23.926  6.549  -0.032 0.0000000000
136036  -16.607  -0.836  4.418 0.0000000000
77643  -17.198  -0.827  3.718 0.0000000000
77664  -19.289  -1.746  1.294 0.0000000000
78670  -18.872  -1.264  1.488 0.0000000000
78671  -19.355  -0.833  1.195 0.0000000000
79674  -19.488  0.094  1.327 0.0000000000
78672  -21.013  -0.555  1.059 0.0000000000
79685  -21.640  0.032  0.612 0.0000000000
78684  -21.591  -0.831  0.250 0.0000000000
138147  -23.810  -1.805  -0.027 0.0000000000
77685  -23.384  -1.299  -0.107 0.0000000000
77687  -25.025  -1.150  -0.082 0.0000000000
78685  -25.793  -0.946  0.179 0.0000000000
77674  -25.340  -1.628  0.285 0.0000000000
77675  -25.856  -1.741  0.609 0.0000000000
74709  -25.040  -3.746  1.088 0.0000000000
75725  -25.632  -3.272  1.413 0.0000000000
74684  -26.310  -4.185  3.037 0.0000000000
63470  -19.983  -15.431  9.142 0.0000000000
63471  -20.475  -15.810  8.570 0.0000000000
134673  -13.952  -1.392  6.535 0.0000000000
77623  -14.209  -1.201  6.038 0.0000000000
147978  -14.750  -1.533  6.085 0.0000000000
75681  -17.535  -3.333  4.755 0.0000000000
76686  -17.154  -2.443  4.667 0.0000000000
138038  -18.247  -2.784  4.127 0.0000000000
76701  -18.867  -2.759  3.270 0.0000000000
75710  -19.105  -3.475  2.642 0.0000000000
74683  -19.871  -4.307  1.867 0.0000000000
73591  -19.663  -5.970  3.607 0.0000000000
73592  -20.114  -5.885  3.238 0.0000000000
72563  -20.475  -6.550  3.239 0.0000000000
71608  -21.748  -6.917  2.751 0.0000000000
71607  -21.109  -7.040  3.201 0.0000000000
72532  -17.638  -6.985  6.101 0.0000000000
72533  -18.473  -6.676  5.295 0.0000000000
141206  -18.484  -7.337  5.464 0.0000000000
141508  -20.995  -8.675  4.794 0.0000000000
141515  -20.976  -8.100  4.346 0.0000000000
123765  -22.105  -8.342  4.034 0.0000000000
123747  -23.068  -8.811  4.235 0.0000000000
141191  -23.139  -9.753  4.357 0.0000000000
67559  -23.682  -11.210  4.676 0.0000000000
66570  -24.107  -11.926  4.836 0.0000000000
66571  -24.736  -12.273  4.797 0.0000000000
123519  -26.318  9.482  0.849 0.0000000000
126299  -26.793  9.426  1.286 0.0000000000
123518  -26.371  8.384  1.662 0.0000000000
79626  -16.337  1.165  4.471 0.0000000000
84105  -18.011  5.201  1.536 0.0000000000
84113  -19.073  5.420  1.425 0.0000000000
85012  -19.542  6.182  1.282 0.0000000000
84114  -20.075  5.304  1.037 0.0000000000
83214  -22.388  4.147  -0.073 0.0000000000
136385  -22.086  4.675  0.046 0.0000000000
83215  -23.778  4.283  -0.379 0.0000000000
128423  -23.899  4.996  -0.395 0.0000000000
133456  -24.244  3.749  -0.182 0.0000000000
135366  -23.339  1.138  -0.427 0.0000000000
80528  -22.980  1.917  -0.503 0.0000000000
81318  -26.134  2.369  0.915 0.0000000000
81317  -25.500  2.648  0.456 0.0000000000
82209  -25.988  3.162  0.949 0.0000000000
81291  -26.936  2.880  1.883 0.0000000000
140297  -23.452  -5.132  1.281 0.0000000000
137595  -23.661  -5.770  1.625 0.0000000000
73622  -25.234  -5.553  1.506 0.0000000000
68518  -14.902  -10.413  9.861 0.0000000000
68530  -16.098  -9.938  9.381 0.0000000000
68531  -16.571  -10.199  8.690 0.0000000000
67521  -18.416  -11.519  7.983 0.0000000000
68548  -18.343  -10.579  7.424 0.0000000000
66549  -21.133  -12.799  6.505 0.0000000000
141341  -15.086  -6.772  9.317 0.0000000000
70596  -15.898  -8.869  8.139 0.0000000000
86784  -22.432  8.836  1.048 0.0000000000
86783  -21.584  8.650  1.439 0.0000000000
86795  -21.923  7.967  0.656 0.0000000000
85013  -21.929  7.134  0.231 0.0000000000
77645  -18.645  -2.229  2.756 0.0000000000
77656  -18.500  -1.667  2.500 0.0000000000
76729  -18.987  -2.123  1.437 0.0000000000
131481  -19.587  -2.077  1.434 0.0000000000
77672  -20.922  -1.468  0.854 0.0000000000
77684  -21.744  -1.503  0.075 0.0000000000
77673  -21.967  -2.006  -0.014 0.0000000000
76747  -22.982  -2.103  -0.026 0.0000000000
76748  -23.834  -2.434  0.176 0.0000000000
76750  -25.247  -2.262  0.520 0.0000000000
75738  -23.863  -3.142  0.512 0.0000000000
139749  -24.493  -3.398  0.782 0.0000000000
149167  -24.462  -4.105  0.952 0.0000000000
75645  -14.007  -2.958  7.301 0.0000000000
76661  -14.071  -2.515  6.792 0.0000000000
144726  -14.487  -1.973  6.416 0.0000000000
76663  -16.016  -2.888  6.175 0.0000000000
74655  -17.945  -4.080  4.830 0.0000000000
131818  -18.702  -4.111  4.182 0.0000000000
74656  -18.493  -4.902  4.802 0.0000000000
73576  -19.190  -5.703  4.266 0.0000000000
72546  -19.309  -6.643  3.936 0.0000000000
143192  -18.630  -8.446  6.077 0.0000000000
141338  -19.050  -7.950  5.403 0.0000000000
141313  -19.857  -8.436  5.254 0.0000000000
69596  -20.502  -8.876  5.228 0.0000000000
149842  -21.311  -8.955  4.887 0.0000000000
68584  -22.480  -10.055  4.709 0.0000000000
68583  -21.679  -9.479  4.976 0.0000000000
68578  -22.028  -10.497  5.192 0.0000000000
148605  -22.405  -11.283  5.357 0.0000000000
89197  -23.301  10.915  3.271 0.0000000000
123531  -24.767  11.341  2.981 0.0000000000
134512  -26.463  10.628  2.390 0.0000000000
123516  -27.855  9.261  3.106 0.0000000000
85004  -25.907  7.575  1.509 0.0000000000
123513  -26.702  7.049  1.773 0.0000000000
81285  -17.285  3.227  1.782 0.0000000000
82197  -18.423  3.346  1.728 0.0000000000
82204  -19.290  4.001  2.133 0.0000000000
83201  -20.477  4.399  1.270 0.0000000000
82206  -21.000  3.868  1.420 0.0000000000
82215  -21.973  4.264  1.242 0.0000000000
82217  -22.691  3.339  -0.270 0.0000000000
79687  -25.554  0.477  -0.035 0.0000000000
139774  -25.154  1.142  -0.211 0.0000000000
139142  -25.753  1.243  0.246 0.0000000000
80512  -26.332  1.526  0.865 0.0000000000
81305  -27.078  2.217  1.894 0.0000000000
72586  -22.547  -6.253  1.982 0.0000000000
132441  -24.175  -6.323  1.784 0.0000000000
71624  -24.399  -7.073  2.054 0.0000000000
71625  -25.107  -7.014  2.064 0.0000000000
66502  -16.768  -12.020  10.231 0.0000000000
67493  -17.082  -11.693  9.665 0.0000000000
67504  -16.902  -11.081  9.285 0.0000000000
68532  -17.293  -10.905  8.392 0.0000000000
67506  -18.438  -11.975  8.525 0.0000000000
137312  -18.797  -12.285  8.442 0.0000000000
73531  -14.446  -5.211  8.122 0.0000000000
73547  -15.751  -5.266  7.014 0.0000000000
141384  -16.864  -6.577  6.553 0.0000000000
123859  -16.745  -7.275  6.795 0.0000000000
124008  -16.074  -7.342  7.510 0.0000000000
70623  -17.329  -7.900  6.635 0.0000000000
141898  -17.913  -8.540  6.571 0.0000000000
123920  -18.553  -9.009  6.558 0.0000000000
69578  -18.405  -9.738  7.003 0.0000000000
88428  -22.376  11.044  3.101 0.0000000000
129396  -23.163  10.406  2.709 0.0000000000
88436  -24.000  9.720  2.227 0.0000000000
128711  -25.678  10.177  1.195 0.0000000000
123526  -26.695  10.373  0.712 0.0000000000
87624  -25.264  9.285  1.403 0.0000000000
86785  -25.206  8.950  1.345 0.0000000000
86797  -23.655  8.537  0.571 0.0000000000
85881  -24.408  8.191  0.722 0.0000000000
85882  -24.924  8.170  1.037 0.0000000000
85014  -24.829  7.251  0.581 0.0000000000
79643  -16.748  0.910  3.525 0.0000000000
139129  -18.469  -1.015  2.327 0.0000000000
78657  -17.916  -0.105  2.781 0.0000000000
79663  -19.017  0.859  2.066 0.0000000000
80511  -20.296  0.819  1.611 0.0000000000
80518  -20.736  1.445  1.243 0.0000000000
80519  -21.372  1.469  0.710 0.0000000000
140121  -21.647  0.795  0.554 0.0000000000
79686  -22.008  0.560  -0.035 0.0000000000
79696  -23.490  0.203  -0.500 0.0000000000
78693  -22.215  -0.773  -0.146 0.0000000000
78695  -23.846  -0.617  -0.237 0.0000000000
78696  -24.437  0.017  -0.405 0.0000000000
78697  -25.214  -0.326  -0.172 0.0000000000
78686  -26.398  -0.321  0.726 0.0000000000
78673  -26.850  -0.896  1.254 0.0000000000
77666  -27.275  -1.367  1.874 0.0000000000
76751  -25.831  -2.517  0.950 0.0000000000
69623  -25.023  -9.261  2.869 0.0000000000
64497  -19.591  -14.597  8.844 0.0000000000
64517  -19.160  -14.078  8.650 0.0000000000
65531  -19.409  -13.897  8.109 0.0000000000
138236  -16.136  -0.840  5.283 0.0000000000
77625  -16.573  -1.633  4.956 0.0000000000
76671  -16.398  -2.278  5.557 0.0000000000
76716  -18.894  -2.898  2.164 0.0000000000
75721  -19.282  -3.003  1.726 0.0000000000
75722  -19.925  -3.519  1.610 0.0000000000
75723  -21.049  -3.708  1.561 0.0000000000
74694  -20.510  -4.257  1.742 0.0000000000
73617  -20.730  -4.801  2.070 0.0000000000
73618  -21.479  -5.297  2.152 0.0000000000
73604  -19.911  -5.070  3.204 0.0000000000
73606  -21.050  -5.515  2.585 0.0000000000
72573  -21.775  -6.121  2.332 0.0000000000
127915  -22.295  -6.763  2.346 0.0000000000
71609  -22.493  -7.384  2.694 0.0000000000
142041  -23.268  -7.996  2.935 0.0000000000
73561  -17.809  -6.078  5.679 0.0000000000
72545  -18.963  -6.518  4.542 0.0000000000
71599  -19.722  -7.149  3.955 0.0000000000
123375  -19.792  -7.708  4.665 0.0000000000
141378  -20.431  -7.626  4.194 0.0000000000
123984  -20.496  -7.109  3.605 0.0000000000
71600  -21.223  -7.429  3.551 0.0000000000
70660  -22.315  -7.882  3.344 0.0000000000
141303  -23.675  -8.624  3.625 0.0000000000
123759  -24.339  -9.202  3.334 0.0000000000
142892  -24.652  -10.101  3.423 0.0000000000
131421  -23.213  -10.525  4.528 0.0000000000
124173  -26.679  10.280  0.441 0.0000000000
124084  -27.208  8.903  2.004 0.0000000000
123514  -26.882  8.143  2.093 0.0000000000
85877  -20.205  6.950  1.240 0.0000000000
128401  -20.441  6.237  0.788 0.0000000000
85023  -22.226  6.366  0.083 0.0000000000
84125  -21.336  4.541  0.407 0.0000000000
84126  -21.719  5.336  0.177 0.0000000000
84127  -22.615  5.586  -0.083 0.0000000000
84128  -23.554  5.694  -0.227 0.0000000000
83203  -24.927  5.004  0.209 0.0000000000
127020  -25.466  5.092  0.752 0.0000000000
81316  -22.281  2.070  -0.187 0.0000000000
81326  -22.667  2.592  -0.352 0.0000000000
81327  -23.367  2.658  -0.469 0.0000000000
80530  -24.691  1.864  -0.320 0.0000000000
81329  -24.922  2.464  -0.017 0.0000000000
82208  -25.417  3.613  0.568 0.0000000000
83204  -25.832  4.160  1.023 0.0000000000
140763  -26.294  4.249  1.504 0.0000000000
82189  -26.793  3.852  1.976 0.0000000000
74707  -23.178  -4.207  1.018 0.0000000000
74697  -24.056  -4.654  0.933 0.0000000000
74698  -24.976  -4.693  1.127 0.0000000000
72588  -24.814  -6.062  1.613 0.0000000000
143549  -25.699  -4.944  1.539 0.0000000000
137020  -15.889  -8.813  9.023 0.0000000000
69561  -16.315  -9.535  7.902 0.0000000000
68546  -16.949  -10.201  7.825 0.0000000000
69563  -17.587  -10.041  7.425 0.0000000000
68563  -19.071  -10.204  6.830 0.0000000000
142149  -19.646  -10.559  6.581 0.0000000000
65542  -19.225  -13.239  8.327 0.0000000000
65543  -19.666  -13.692  7.833 0.0000000000
66535  -19.718  -12.909  7.802 0.0000000000
65555  -20.190  -13.590  7.402 0.0000000000
67537  -19.881  -12.055  7.376 0.0000000000
133957  -20.052  -11.221  6.588 0.0000000000
67551  -20.830  -11.239  5.938 0.0000000000
65556  -20.735  -13.631  6.948 0.0000000000
66489  -17.243  -12.620  10.175 0.0000000000
66534  -19.185  -12.722  8.274 0.0000000000
67538  -20.599  -12.045  6.597 0.0000000000
71610  -23.271  -7.453  2.410 0.0000000000
71623  -23.678  -7.005  2.103 0.0000000000
72587  -23.321  -6.332  1.870 0.0000000000
72589  -25.373  -6.307  1.767 0.0000000000
73548  -16.456  -5.896  6.559 0.0000000000
73562  -18.608  -5.853  5.108 0.0000000000
73620  -22.934  -5.660  1.655 0.0000000000
74623  -15.242  -4.337  7.091 0.0000000000
74670  -19.250  -4.712  3.959 0.0000000000
74671  -19.560  -4.590  3.306 0.0000000000
74682  -19.439  -4.184  2.413 0.0000000000
74696  -22.545  -4.884  1.457 0.0000000000
75646  -15.544  -3.599  6.617 0.0000000000
75682  -18.312  -3.532  4.379 0.0000000000
75698  -18.844  -3.435  3.709 0.0000000000
75711  -19.056  -3.366  1.929 0.0000000000
75724  -22.146  -3.915  1.424 0.0000000000
76662  -15.497  -1.992  6.160 0.0000000000
76687  -18.313  -2.258  3.526 0.0000000000
76746  -21.441  -2.312  0.861 0.0000000000
77624  -15.206  -1.069  5.791 0.0000000000
77635  -17.184  -1.588  4.205 0.0000000000
77655  -17.894  -0.863  3.073 0.0000000000
77671  -19.961  -1.764  1.281 0.0000000000
77686  -24.207  -1.237  -0.036 0.0000000000
78644  -17.221  -0.019  3.326 0.0000000000
78658  -18.626  -0.238  2.265 0.0000000000
78694  -22.983  -0.639  -0.289 0.0000000000
79694  -22.027  -0.202  -0.012 0.0000000000
79698  -24.976  0.456  -0.289 0.0000000000
80521  -25.370  1.886  -0.008 0.0000000000
80527  -22.546  1.128  -0.312 0.0000000000
81304  -26.649  2.241  1.392 0.0000000000
81315  -21.597  2.409  0.354 0.0000000000
81328  -24.221  2.757  -0.288 0.0000000000
82207  -24.808  4.078  0.238 0.0000000000
82216  -21.863  4.142  0.568 0.0000000000
83202  -24.350  4.635  -0.197 0.0000000000
83212  -21.534  4.262  1.283 0.0000000000
84115  -20.821  4.676  0.630 0.0000000000
84116  -24.388  5.612  -0.106 0.0000000000
85015  -25.581  6.739  0.960 0.0000000000
85022  -21.275  6.106  0.394 0.0000000000
85024  -23.143  6.524  -0.075 0.0000000000
85869  -25.547  8.674  1.335 0.0000000000
85880  -23.888  8.106  0.399 0.0000000000
123466  -25.916  10.150  0.823 0.0000000000
123520  -27.000  10.283  2.403 0.0000000000
123527  -26.456  10.678  1.582 0.0000000000
123744  -22.350  -9.093  4.575 0.0000000000
123767  -21.394  -7.937  4.019 0.0000000000
123784  -23.870  -9.457  3.939 0.0000000000
123930  -27.005  9.906  1.154 0.0000000000
124232  -26.753  10.573  0.908 0.0000000000
124307  -26.235  9.837  0.628 0.0000000000
124885  -20.072  -0.181  1.101 0.0000000000
128539  -24.535  -2.677  0.498 0.0000000000
129157  -15.141  -5.065  7.569 0.0000000000
131557  -25.845  -0.119  0.188 0.0000000000
132643  -23.134  3.991  -0.288 0.0000000000
132836  -18.792  -2.333  1.849 0.0000000000
135569  -15.012  -2.723  6.632 0.0000000000
137742  -20.594  -5.845  2.973 0.0000000000
138887  -25.249  7.652  1.078 0.0000000000
141330  -21.686  -7.800  3.599 0.0000000000
141415  -24.944  10.088  2.020 0.0000000000
141431  -24.841  10.727  2.433 0.0000000000
142875  -21.334  -1.860  0.522 0.0000000000
143733  -21.065  5.160  0.388 0.0000000000
145996  -21.532  3.419  0.412 0.0000000000
149208  -22.977  0.610  -0.436 0.0000000000
149670  -15.205  -6.027  8.553 0.0000000000
150156  -14.177  -3.477  7.259 0.0000000000
