#!ascii label  , from subject sub-02 vox2ras=TkReg
1678
28202  -21.970  -53.628  15.505 0.5000000000
28196  -21.360  -53.680  16.073 0.4000000060
28186  -21.919  -53.062  16.876 0.6000000238
29164  -21.942  -51.944  16.022 0.6000000238
29168  -22.670  -51.868  15.574 0.6000000238
28197  -21.662  -52.809  16.002 0.5000000000
30091  -24.377  -51.225  15.304 0.6000000238
29155  -21.791  -51.983  16.587 0.6999999881
28173  -22.704  -53.931  17.607 0.6999999881
30067  -21.852  -51.085  16.457 0.6999999881
30090  -23.164  -51.119  15.567 0.6999999881
30986  -24.787  -50.334  15.163 0.5000000000
30985  -23.462  -50.306  15.421 0.6999999881
24114  -21.177  -57.099  24.016 0.5000000000
29140  -22.517  -52.104  17.538 0.6999999881
30057  -22.061  -51.122  17.118 0.6999999881
30984  -22.402  -50.167  15.818 0.6999999881
31833  -21.883  -49.582  16.814 0.6999999881
31862  -22.506  -49.399  15.687 0.6999999881
30975  -21.927  -50.287  16.280 0.6999999881
31850  -22.084  -48.895  16.074 0.6999999881
126925  -25.555  -48.679  15.433 0.6000000238
29115  -26.411  -53.023  20.025 0.6999999881
139233  -26.080  -52.615  19.470 0.6999999881
140737  -23.505  -51.832  18.115 0.6999999881
25097  -21.455  -56.291  23.909 0.6000000238
24136  -19.284  -57.298  22.841 0.4000000060
30947  -22.288  -50.294  17.508 0.6999999881
133656  -23.587  -49.559  15.311 0.6999999881
31864  -24.435  -49.243  15.177 0.6999999881
32722  -23.373  -47.971  15.967 0.6999999881
29097  -27.187  -53.248  20.938 0.6999999881
29129  -25.659  -52.219  18.921 0.6999999881
29130  -26.300  -52.127  19.836 0.6999999881
29116  -26.934  -52.324  20.600 0.6999999881
26090  -22.731  -55.542  24.391 0.6000000238
30059  -24.113  -51.178  18.195 0.6999999881
30049  -25.239  -51.305  18.574 0.6999999881
30050  -26.012  -51.314  19.524 0.6999999881
30034  -26.667  -51.446  20.305 0.6999999881
25131  -20.300  -56.184  22.806 0.5000000000
24137  -19.991  -56.962  23.103 0.5000000000
31834  -22.467  -48.924  16.941 0.6999999881
31816  -22.629  -49.525  17.729 0.6999999881
30939  -26.497  -50.568  19.906 0.6999999881
31863  -23.053  -48.782  15.734 0.6999999881
30948  -23.300  -50.298  17.987 0.6999999881
30938  -25.717  -50.540  19.009 0.6999999881
24160  -18.252  -57.369  21.795 0.4000000060
31818  -25.364  -49.879  18.553 0.6999999881
31805  -26.112  -49.807  19.201 0.6999999881
32708  -22.892  -48.379  16.279 0.6999999881
32688  -25.193  -48.299  18.155 0.6999999881
130867  -25.496  -49.099  18.542 0.6999999881
132134  -24.089  -48.477  15.564 0.6999999881
33528  -24.266  -48.040  17.464 0.6999999881
32724  -25.859  -47.903  15.427 0.6000000238
33562  -24.635  -47.162  15.286 0.6999999881
33561  -23.633  -47.184  15.873 0.6999999881
34460  -28.329  -45.827  14.240 0.5000000000
136005  -29.707  -45.829  14.606 0.4000000060
34462  -29.692  -46.442  14.297 0.5000000000
146526  -28.068  -51.165  21.026 0.6999999881
28093  -23.191  -53.789  24.081 0.6000000238
30949  -24.667  -50.368  18.257 0.6999999881
149021  -20.891  -56.039  23.334 0.5000000000
31806  -26.945  -49.755  19.753 0.6999999881
31817  -23.333  -49.080  17.815 0.6999999881
150400  -23.960  -47.355  17.270 0.6999999881
36110  -26.991  -44.336  15.011 0.6999999881
35283  -27.125  -45.875  14.479 0.6999999881
34445  -26.053  -46.302  14.476 0.6999999881
35296  -27.718  -45.060  14.317 0.6999999881
145787  -27.154  -52.837  23.920 0.6999999881
29984  -27.761  -52.040  23.573 0.6999999881
29065  -28.385  -52.368  23.254 0.8000000119
29997  -29.263  -51.085  22.370 0.8000000119
29053  -25.520  -53.096  24.251 0.6000000238
29983  -26.642  -51.944  23.747 0.6000000238
30018  -29.069  -51.447  22.103 0.8000000119
29063  -25.208  -52.280  24.012 0.6000000238
28078  -23.893  -53.343  24.272 0.6000000238
29052  -24.576  -52.810  24.154 0.6000000238
27117  -22.497  -54.073  23.808 0.6000000238
28092  -22.577  -53.352  23.598 0.6000000238
136815  -27.327  -50.291  20.221 0.6999999881
26112  -20.649  -55.380  23.128 0.5000000000
27115  -21.073  -54.617  23.412 0.6000000238
30924  -28.220  -50.481  20.727 0.6999999881
32675  -26.549  -48.930  19.240 0.6999999881
33545  -23.441  -47.567  16.267 0.6999999881
148240  -23.422  -48.493  17.092 0.6999999881
32689  -25.922  -48.423  18.719 0.6999999881
35281  -25.208  -45.764  14.935 0.8000000119
34444  -25.040  -46.412  14.925 0.6999999881
33536  -23.509  -47.770  16.713 0.6999999881
136058  -25.704  -47.852  18.510 0.6999999881
36109  -25.842  -44.435  15.121 0.8000000119
34443  -24.038  -46.587  15.734 0.6999999881
34420  -23.875  -46.499  16.821 0.6999999881
129516  -28.854  -45.058  14.336 0.5000000000
35299  -29.784  -45.392  14.773 0.5000000000
36850  -29.932  -44.754  15.156 0.5000000000
35284  -29.897  -45.829  15.071 0.4000000060
135059  -27.061  -51.148  23.741 0.6000000238
130588  -28.881  -51.153  23.214 0.6999999881
30882  -29.196  -50.528  22.960 0.8000000119
30893  -29.197  -51.015  22.735 0.8999999762
138938  -25.760  -51.864  23.862 0.6000000238
30894  -29.523  -50.446  22.338 0.8000000119
30913  -29.461  -50.748  21.891 0.8000000119
31789  -29.554  -49.521  20.836 0.8000000119
29062  -24.387  -52.074  23.735 0.6000000238
29051  -23.742  -52.614  23.829 0.6000000238
31788  -28.772  -49.837  20.558 0.8000000119
26131  -20.161  -55.433  22.575 0.6000000238
27116  -21.708  -53.795  23.433 0.6000000238
29061  -22.871  -52.516  23.507 0.6000000238
32663  -28.530  -48.921  20.069 0.6999999881
26130  -19.648  -55.826  22.267 0.5000000000
32676  -27.393  -48.407  19.477 0.6999999881
32677  -28.100  -47.899  19.570 0.6999999881
25145  -18.936  -56.201  21.920 0.5000000000
34426  -23.596  -46.837  16.257 0.6999999881
34415  -24.209  -46.824  17.458 0.6999999881
34416  -25.079  -46.658  18.157 0.6999999881
35280  -24.495  -45.869  15.620 0.6999999881
35298  -29.709  -45.519  14.565 0.5000000000
137305  -25.979  -51.174  23.841 0.6999999881
30880  -27.424  -50.207  23.646 0.6999999881
31740  -28.921  -49.916  23.144 0.8000000119
31741  -29.498  -49.837  22.679 0.8000000119
31739  -28.183  -49.590  23.411 0.8000000119
32639  -30.367  -49.116  21.997 0.8000000119
29982  -25.026  -51.384  23.865 0.6000000238
31774  -29.902  -49.886  21.736 0.8000000119
126154  -23.579  -51.925  23.494 0.6000000238
138203  -29.727  -48.672  20.509 0.6999999881
27142  -20.835  -53.873  23.125 0.6000000238
33509  -29.096  -48.005  19.960 0.8000000119
27141  -20.336  -54.548  22.765 0.6000000238
33521  -29.465  -47.240  19.785 0.8000000119
134793  -18.575  -55.967  21.109 0.4000000060
33518  -26.520  -47.955  18.908 0.6999999881
34407  -27.804  -47.094  19.070 0.6999999881
24179  -17.474  -57.151  19.594 0.4000000060
34417  -26.057  -46.493  18.441 0.6999999881
33519  -27.321  -47.705  19.148 0.6999999881
35293  -24.897  -45.260  15.543 0.8000000119
134750  -24.028  -46.273  16.284 0.8000000119
33530  -25.823  -47.225  18.537 0.6999999881
35244  -24.554  -46.230  17.563 0.6999999881
36848  -27.134  -43.420  14.945 0.8000000119
36111  -28.312  -44.201  14.417 0.5000000000
36839  -30.221  -43.944  15.504 0.5000000000
128835  -29.627  -44.768  14.726 0.5000000000
148941  -30.242  -44.432  15.512 0.4000000060
31738  -27.194  -49.183  23.544 0.6000000238
32623  -27.915  -48.705  23.388 0.6999999881
127486  -28.960  -49.102  23.063 0.8000000119
144428  -30.006  -49.002  22.520 0.8000000119
30878  -25.347  -50.520  23.706 0.6999999881
29981  -24.123  -51.378  23.536 0.6999999881
32655  -30.618  -48.234  21.593 0.8000000119
29980  -23.486  -51.313  23.471 0.6000000238
142460  -30.463  -48.437  22.132 0.8000000119
29979  -22.770  -51.561  23.429 0.6000000238
32665  -30.771  -47.723  20.887 0.8000000119
33510  -30.097  -47.901  20.330 0.8000000119
28117  -21.062  -53.038  22.944 0.6000000238
33520  -28.609  -47.365  19.513 0.8999999762
133687  -29.671  -46.389  19.598 0.8000000119
34418  -28.098  -45.994  18.710 0.8000000119
26141  -19.046  -55.452  21.739 0.5000000000
36067  -26.803  -44.854  17.988 0.8000000119
33531  -26.790  -47.145  18.765 0.6999999881
138039  -25.175  -43.047  15.056 0.8000000119
134661  -24.516  -45.252  15.946 0.8000000119
35268  -24.397  -45.576  16.397 0.8000000119
127840  -24.814  -45.268  16.938 0.8000000119
36847  -25.951  -43.580  15.058 0.8000000119
35254  -24.400  -45.926  16.964 0.8000000119
35245  -25.376  -45.995  18.018 0.6999999881
36093  -24.623  -44.718  16.310 0.8000000119
37686  -25.789  -42.678  14.746 0.8000000119
36837  -24.564  -43.760  16.006 0.8000000119
137385  -28.853  -42.931  14.643 0.6000000238
36849  -28.215  -43.145  14.542 0.6000000238
37678  -29.888  -42.891  15.545 0.5000000000
127631  -26.312  -48.784  23.333 0.6000000238
32638  -29.423  -48.268  23.035 0.6999999881
134179  -24.462  -50.634  23.573 0.6000000238
150600  -29.652  -47.558  22.909 0.6999999881
33484  -30.773  -47.603  22.049 0.6999999881
130103  -23.797  -50.835  23.483 0.6000000238
31737  -25.584  -49.202  23.225 0.6000000238
32622  -26.283  -48.117  23.148 0.6000000238
31735  -23.719  -50.032  23.496 0.6000000238
33499  -31.071  -47.376  21.421 0.8000000119
29079  -21.445  -52.176  23.112 0.6000000238
30877  -23.134  -50.752  23.496 0.6000000238
33500  -31.377  -46.737  21.211 0.6999999881
130150  -20.349  -53.558  22.596 0.5000000000
34394  -30.544  -47.070  20.269 0.8000000119
27140  -19.721  -54.060  22.205 0.3000000119
36052  -29.183  -44.916  18.876 0.8000000119
35248  -28.291  -45.174  18.620 0.8000000119
142748  -26.298  -44.350  17.740 0.8000000119
36101  -24.685  -44.578  15.880 0.8000000119
139955  -24.935  -45.628  17.521 0.8000000119
36066  -26.013  -44.949  17.713 0.8000000119
35246  -26.358  -45.643  18.120 0.6999999881
36079  -25.122  -44.463  16.877 0.8000000119
36829  -24.784  -43.662  16.483 0.8000000119
37687  -27.128  -42.426  14.615 0.6999999881
37690  -29.296  -42.407  15.100 0.6000000238
37672  -30.878  -42.779  16.476 0.3000000119
133276  -26.995  -48.331  23.398 0.6000000238
33468  -27.680  -47.880  23.197 0.6999999881
124624  -29.316  -46.827  22.821 0.6999999881
142447  -29.915  -46.390  22.624 0.6999999881
132495  -20.051  -50.318  22.290 0.5000000000
31736  -24.792  -49.738  23.366 0.6000000238
32620  -24.855  -48.793  22.965 0.6000000238
34366  -31.193  -46.787  21.792 0.6999999881
29994  -21.159  -51.453  22.727 0.5000000000
30891  -22.347  -50.757  23.214 0.5000000000
31755  -23.936  -49.099  23.285 0.6000000238
34383  -31.458  -46.249  21.428 0.6999999881
29096  -20.079  -52.254  22.306 0.3000000119
143462  -20.387  -52.818  22.501 0.5000000000
36054  -30.866  -44.428  19.681 0.8000000119
34409  -30.588  -46.088  20.035 0.8000000119
36070  -29.294  -43.975  18.964 0.8999999762
35235  -29.893  -45.528  19.338 0.8000000119
36053  -30.102  -44.706  19.159 0.8000000119
27152  -19.043  -54.565  21.736 0.4000000060
36811  -26.948  -44.044  18.034 0.8999999762
36068  -27.612  -44.590  18.359 0.8999999762
36069  -28.414  -44.323  18.700 0.8999999762
37685  -24.687  -42.558  14.791 0.8000000119
139527  -24.714  -42.956  15.270 0.8000000119
35255  -25.329  -45.026  17.377 0.8000000119
149580  -25.549  -45.420  17.813 0.8000000119
129546  -27.270  -41.600  14.413 0.6999999881
37689  -28.654  -41.824  14.716 0.6000000238
38502  -29.743  -41.791  15.481 0.6000000238
132393  -30.426  -42.224  15.820 0.6000000238
33467  -26.767  -47.632  23.004 0.6000000238
33481  -27.481  -47.126  22.790 0.6000000238
128520  -28.221  -46.559  22.683 0.6999999881
33466  -25.805  -47.539  22.894 0.6000000238
35199  -30.013  -45.725  22.518 0.6999999881
32637  -24.965  -47.990  22.741 0.6000000238
35200  -30.812  -45.590  22.277 0.8000000119
30890  -21.607  -50.727  22.749 0.6000000238
130717  -22.071  -50.008  22.874 0.5000000000
32636  -24.004  -48.206  22.861 0.6000000238
34365  -30.767  -46.390  22.296 0.6999999881
36039  -31.928  -44.523  20.900 0.8000000119
29993  -20.464  -51.542  22.448 0.4000000060
35225  -31.744  -45.358  20.957 0.6999999881
28116  -19.642  -53.073  22.277 0.4000000060
35224  -31.287  -45.717  20.521 0.8000000119
36812  -28.982  -43.119  18.755 0.8000000119
146074  -30.216  -44.002  19.244 0.8000000119
37665  -26.382  -42.675  17.565 0.8999999762
133790  -28.149  -43.093  18.274 0.8000000119
148589  -27.067  -42.554  17.765 0.8000000119
143776  -24.557  -42.963  16.200 0.8000000119
134515  -24.774  -42.173  16.986 0.8000000119
36080  -25.679  -44.335  17.380 0.6999999881
37677  -24.228  -42.425  15.228 0.8000000119
37664  -25.415  -42.772  17.223 0.8000000119
36820  -25.277  -43.563  17.049 0.8000000119
130206  -26.157  -41.875  14.456 0.8000000119
38501  -23.886  -41.745  15.629 0.8000000119
133769  -28.076  -41.437  14.450 0.6999999881
38514  -29.109  -41.263  14.990 0.6999999881
39213  -29.482  -39.532  15.417 0.6000000238
39214  -30.308  -39.900  15.642 0.6000000238
39942  -31.103  -38.996  16.063 0.6000000238
35198  -28.438  -45.182  22.452 0.8000000119
34363  -28.975  -45.924  22.559 0.6999999881
32653  -21.041  -48.042  22.186 0.5000000000
32635  -23.193  -48.122  22.595 0.5000000000
125694  -31.194  -44.931  22.063 0.8000000119
35201  -31.360  -45.843  21.807 0.6999999881
146649  -21.347  -49.360  22.355 0.5000000000
31753  -22.600  -49.332  22.862 0.5000000000
36011  -31.638  -43.980  21.832 0.8000000119
31771  -20.790  -49.789  22.271 0.5000000000
36028  -31.696  -44.949  21.409 0.8000000119
36782  -32.117  -43.532  20.811 0.8000000119
36038  -31.469  -44.908  20.400 0.8000000119
36797  -30.852  -43.617  19.562 0.8000000119
36798  -31.620  -43.198  19.999 0.8000000119
37647  -29.605  -42.464  18.825 0.8000000119
37659  -27.653  -42.472  18.024 0.8000000119
36796  -29.913  -43.298  19.137 0.8000000119
38493  -23.749  -41.360  16.371 0.8000000119
38485  -25.658  -42.000  17.296 0.8000000119
134422  -25.017  -42.103  14.272 0.8000000119
129479  -24.070  -41.210  15.217 0.8000000119
38512  -27.645  -40.725  14.506 0.6999999881
38511  -26.458  -41.129  14.249 0.6999999881
39225  -28.948  -40.452  15.098 0.6999999881
39952  -27.342  -39.846  14.743 0.6999999881
145734  -27.965  -40.188  14.773 0.6999999881
39953  -28.152  -39.729  15.034 0.6999999881
39954  -28.727  -39.711  15.264 0.6999999881
130014  -26.694  -44.674  22.167 0.8000000119
34361  -26.338  -46.032  22.614 0.6000000238
35197  -26.979  -45.452  22.442 0.6000000238
36008  -28.622  -44.363  22.540 0.8000000119
144079  -21.402  -45.016  21.285 0.6000000238
34379  -21.594  -46.436  21.614 0.5000000000
142868  -25.044  -47.215  22.790 0.6000000238
144224  -25.678  -45.773  22.597 0.6000000238
129527  -29.270  -45.099  22.578 0.8000000119
127678  -19.719  -44.500  20.315 0.6000000238
35223  -20.678  -44.715  20.984 0.6000000238
34381  -23.367  -46.022  21.844 0.5000000000
34358  -23.869  -46.756  22.228 0.5000000000
38466  -19.532  -41.563  18.419 0.5000000000
36795  -19.716  -42.940  19.673 0.5000000000
36779  -20.463  -43.100  20.208 0.6000000238
36036  -21.524  -44.212  21.024 0.6000000238
32654  -21.908  -47.881  22.184 0.5000000000
33498  -23.025  -46.883  22.098 0.5000000000
36758  -31.193  -43.219  22.290 0.8000000119
36771  -32.108  -43.323  21.411 0.8000000119
37646  -19.952  -42.505  19.727 0.5000000000
33478  -23.531  -47.500  22.438 0.5000000000
38476  -17.970  -41.287  17.586 0.4000000060
32634  -22.456  -48.548  22.502 0.5000000000
36772  -32.403  -42.666  21.042 0.6999999881
38467  -30.200  -41.717  18.905 0.8000000119
37649  -31.713  -42.495  19.724 0.8000000119
38486  -26.934  -41.874  17.691 0.8000000119
37660  -28.585  -42.290  18.404 0.8000000119
138043  -31.315  -41.888  19.347 0.8000000119
127009  -29.191  -41.030  18.553 0.8000000119
39221  -24.400  -40.451  14.767 0.8999999762
39212  -23.542  -40.951  16.036 0.8999999762
38484  -24.624  -41.620  17.036 0.8000000119
133927  -24.186  -41.813  16.726 1.0000000000
131067  -25.582  -41.215  17.326 0.8000000119
39222  -25.536  -40.676  14.268 0.8000000119
39951  -26.176  -39.787  14.499 0.6999999881
36027  -26.342  -43.933  22.032 0.8000000119
131350  -27.845  -44.043  22.176 0.8000000119
36781  -22.024  -43.410  21.043 0.6000000238
36006  -25.863  -44.544  22.216 0.6000000238
35196  -26.160  -45.254  22.455 0.6000000238
36756  -29.365  -43.671  22.682 0.8000000119
36780  -21.257  -43.477  20.636 0.6000000238
146894  -23.073  -44.078  21.660 0.6000000238
35214  -24.616  -45.215  22.258 0.6000000238
36757  -30.159  -43.084  22.583 0.8000000119
37607  -31.745  -42.521  22.195 0.6999999881
37631  -21.409  -42.685  20.710 0.5000000000
36024  -23.506  -44.588  21.803 0.6000000238
35194  -24.992  -45.874  22.567 0.6000000238
38477  -18.906  -41.944  18.019 0.4000000060
38454  -20.444  -41.430  20.247 0.4000000060
37630  -20.446  -42.190  20.318 0.4000000060
38456  -21.972  -41.876  21.040 0.4000000060
136829  -20.326  -40.906  19.681 0.4000000060
39164  -20.853  -40.775  20.345 0.4000000060
128818  -23.714  -42.888  21.366 0.4000000060
37634  -32.163  -42.633  20.338 0.6999999881
39165  -21.886  -40.363  20.580 0.4000000060
132696  -22.458  -41.168  21.070 0.5000000000
39178  -20.410  -40.044  19.280 0.3000000119
39166  -22.944  -40.463  20.807 0.5000000000
38457  -23.463  -41.256  21.223 0.5000000000
38478  -27.887  -41.810  18.111 0.8000000119
38479  -28.521  -41.394  18.337 0.8000000119
147404  -29.632  -41.336  18.687 0.8000000119
39179  -30.947  -41.028  19.075 0.8000000119
39190  -30.366  -40.316  18.706 0.8000000119
39211  -23.785  -40.412  15.540 0.8000000119
39202  -23.525  -40.821  16.302 1.0000000000
134965  -24.830  -40.279  16.918 0.8000000119
134371  -25.695  -40.357  17.253 0.8000000119
148234  -26.232  -41.489  17.478 0.8000000119
39198  -27.649  -40.320  17.589 0.8000000119
39188  -28.566  -40.564  18.168 0.8000000119
39201  -23.568  -40.293  15.999 1.0000000000
39197  -26.745  -40.007  17.232 0.8000000119
39950  -25.083  -39.783  14.559 0.8000000119
39926  -24.419  -39.823  16.574 0.8000000119
146020  -26.012  -39.638  17.102 0.8000000119
129526  -26.697  -38.974  14.850 0.6999999881
129737  -27.702  -38.922  15.067 0.6999999881
126558  -28.449  -38.855  15.263 0.6999999881
39940  -29.067  -38.683  15.412 0.6999999881
39941  -30.292  -38.589  15.691 0.6000000238
143941  -29.504  -37.586  15.400 0.6999999881
40692  -28.125  -37.859  15.045 0.6999999881
40678  -31.196  -37.785  15.553 0.6000000238
40677  -30.254  -37.550  15.405 0.6000000238
138372  -27.154  -44.069  21.988 0.8000000119
36755  -28.321  -43.381  22.305 0.8000000119
36037  -22.413  -44.111  21.376 0.5000000000
138426  -25.496  -43.814  22.100 0.8000000119
36770  -25.984  -43.106  22.165 0.8000000119
36754  -26.848  -43.301  22.070 0.8000000119
37604  -29.168  -42.783  22.455 0.8000000119
36766  -22.943  -43.354  21.384 0.6000000238
38455  -21.022  -41.671  20.687 0.4000000060
37612  -23.140  -42.612  21.335 0.5000000000
36769  -25.174  -43.074  21.896 0.6999999881
36768  -24.659  -43.749  21.991 0.6999999881
37605  -29.886  -42.376  22.462 0.6999999881
37606  -30.796  -42.457  22.441 0.6999999881
38442  -32.182  -41.843  21.934 0.6999999881
37618  -32.235  -42.570  21.635 0.6999999881
38443  -32.559  -41.915  21.279 0.6999999881
39169  -32.819  -40.436  20.426 0.6999999881
149625  -23.670  -40.451  20.946 0.5000000000
39181  -32.509  -40.403  19.822 0.6999999881
39897  -21.847  -39.384  20.267 0.4000000060
39899  -23.443  -39.680  20.605 0.4000000060
39189  -29.456  -40.388  18.478 0.8000000119
39180  -31.892  -40.685  19.411 0.6999999881
39930  -28.425  -39.718  17.690 0.8000000119
150829  -29.176  -38.486  17.785 0.6999999881
136641  -24.733  -39.048  16.829 0.8000000119
39929  -27.584  -39.467  17.170 0.8000000119
39948  -23.715  -39.328  14.852 0.8999999762
39949  -24.075  -39.562  14.668 0.8999999762
39939  -23.639  -39.593  15.466 0.8999999762
40673  -23.571  -38.856  16.004 0.8000000119
40659  -23.801  -38.512  16.274 0.8000000119
40661  -25.052  -38.431  16.759 0.8000000119
40689  -24.843  -38.422  14.364 0.8999999762
40688  -23.855  -38.721  14.460 0.8000000119
129472  -25.589  -39.056  14.566 0.8999999762
40690  -26.006  -38.222  14.595 0.8000000119
40691  -27.113  -38.066  14.826 0.8000000119
41485  -27.532  -37.153  14.550 0.6999999881
40693  -28.862  -37.775  15.338 0.6999999881
42360  -30.619  -37.218  12.963 0.5000000000
37617  -27.533  -42.031  21.906 0.6999999881
37603  -27.523  -42.848  22.068 0.8000000119
38439  -26.157  -41.505  21.548 0.6999999881
39136  -28.770  -41.091  22.027 0.6999999881
137485  -21.586  -41.153  20.842 0.4000000060
39145  -25.492  -40.892  21.393 0.6000000238
38440  -27.539  -41.254  21.835 0.6999999881
38430  -30.245  -41.759  22.395 0.6999999881
38431  -31.342  -41.759  22.337 0.6999999881
39151  -31.848  -40.949  22.070 0.6999999881
131488  -32.511  -41.273  21.526 0.6999999881
39900  -24.787  -39.640  20.930 0.5000000000
126541  -32.851  -41.205  20.849 0.6999999881
127441  -24.292  -39.251  20.642 0.4000000060
39913  -32.765  -39.749  19.990 0.6999999881
40623  -23.573  -38.538  20.452 0.3000000119
39901  -25.076  -39.063  20.701 0.5000000000
39919  -29.114  -39.195  17.941 0.6999999881
39921  -30.861  -39.635  18.762 0.6999999881
132702  -32.513  -39.000  19.565 0.6999999881
40624  -24.605  -38.493  20.545 0.4000000060
40653  -29.793  -38.760  18.179 0.6999999881
39911  -31.213  -40.301  19.000 0.6999999881
139459  -30.424  -39.008  18.600 0.6999999881
40664  -28.382  -38.708  17.411 0.6999999881
40660  -24.330  -38.473  16.596 0.8000000119
136897  -25.727  -38.937  16.812 0.8000000119
39928  -26.696  -39.241  16.805 0.8000000119
40663  -27.379  -38.593  16.809 0.8000000119
140425  -25.776  -37.920  16.661 0.8000000119
131441  -23.389  -38.061  15.001 0.8000000119
41482  -24.021  -37.794  14.060 0.8000000119
42353  -23.508  -37.195  13.936 0.8000000119
41481  -23.508  -37.924  14.379 0.8999999762
41483  -25.198  -37.603  14.162 0.8999999762
42355  -25.517  -36.774  13.805 0.8000000119
42356  -26.666  -36.604  14.122 0.8000000119
41487  -29.496  -36.893  14.846 0.6999999881
41488  -30.220  -37.022  14.417 0.6000000238
144467  -27.579  -36.433  14.284 0.6999999881
41486  -28.783  -37.024  14.935 0.6999999881
146985  -26.963  -34.444  13.700 0.6999999881
38428  -28.211  -41.595  22.042 0.6999999881
146640  -26.771  -40.136  21.777 0.6000000238
39147  -27.573  -40.384  21.849 0.6000000238
138666  -29.168  -40.587  21.993 0.6999999881
39137  -29.641  -41.103  22.205 0.6999999881
39168  -24.931  -40.299  21.260 0.5000000000
39884  -29.893  -39.490  21.889 0.6999999881
39149  -30.016  -40.339  22.097 0.6999999881
39138  -30.720  -41.039  22.326 0.6999999881
39146  -26.180  -40.536  21.554 0.6000000238
39898  -22.638  -39.021  20.390 0.3000000119
39880  -25.412  -39.591  21.108 0.5000000000
150529  -25.619  -40.153  21.451 0.5000000000
39882  -27.209  -39.427  21.520 0.6000000238
138797  -32.523  -40.333  21.289 0.6999999881
148311  -25.339  -38.487  20.569 0.4000000060
39902  -25.902  -38.856  20.719 0.5000000000
148576  -26.627  -38.923  20.969 0.6000000238
39903  -32.764  -39.621  20.633 0.6999999881
40644  -32.295  -38.229  19.006 0.6999999881
40655  -31.372  -38.858  18.953 0.6999999881
42264  -24.768  -37.018  20.411 0.3000000119
40654  -30.531  -38.387  18.414 0.6999999881
41448  -26.896  -37.805  16.642 0.8000000119
41449  -27.957  -37.656  17.042 0.8000000119
40665  -28.877  -37.871  17.449 0.6999999881
41451  -30.126  -37.249  17.386 0.6999999881
41447  -24.790  -37.816  16.639 0.8000000119
42310  -27.265  -37.019  16.649 0.8000000119
42352  -23.281  -37.245  14.485 0.8000000119
41459  -23.497  -38.138  15.857 0.8000000119
42307  -24.430  -37.280  16.408 0.8000000119
42354  -24.389  -36.988  13.730 0.8000000119
130899  -24.140  -34.763  15.732 0.8000000119
131426  -24.639  -35.236  16.127 0.8000000119
44198  -24.849  -34.509  15.840 0.8000000119
44979  -25.232  -33.544  15.489 0.8000000119
42359  -29.992  -36.762  13.646 0.6000000238
42373  -29.763  -36.367  13.403 0.6999999881
43330  -26.511  -35.338  13.766 0.8000000119
135759  -28.125  -35.909  14.175 0.6000000238
45018  -26.920  -33.623  13.463 0.6999999881
45019  -27.814  -33.932  13.283 0.6000000238
43332  -28.743  -35.461  13.677 0.6000000238
39883  -28.182  -39.675  21.759 0.6000000238
40604  -27.217  -38.546  21.008 0.6000000238
39150  -30.727  -39.865  21.962 0.6999999881
134554  -27.979  -38.824  21.446 0.6000000238
39885  -31.013  -39.146  21.787 0.6999999881
134544  -31.644  -40.001  21.869 0.6999999881
39886  -32.189  -39.378  21.514 0.6999999881
40625  -25.876  -38.112  20.465 0.4000000060
40626  -26.557  -38.311  20.640 0.4000000060
40605  -27.790  -38.139  21.132 0.5000000000
40608  -30.744  -38.104  21.675 0.6999999881
39887  -32.634  -39.368  21.105 0.6999999881
40627  -27.211  -37.789  20.821 0.5000000000
41396  -27.991  -37.515  21.099 0.5000000000
138676  -32.963  -38.850  20.800 0.6999999881
137828  -33.044  -38.983  20.188 0.6999999881
41410  -25.615  -37.334  20.586 0.3000000119
41411  -26.143  -36.805  20.856 0.3000000119
129761  -26.412  -37.630  20.642 0.4000000060
40629  -33.175  -38.237  19.645 0.6999999881
42265  -25.322  -36.446  20.561 0.3000000119
42266  -25.942  -35.931  20.817 0.3000000119
41429  -32.875  -37.536  19.024 0.6999999881
41438  -30.744  -37.670  18.074 0.6999999881
41440  -32.610  -36.836  18.588 0.6999999881
42309  -26.309  -37.087  16.583 0.8000000119
42312  -29.316  -36.650  17.147 0.6999999881
41450  -29.313  -37.373  17.418 0.6999999881
42298  -31.918  -36.439  18.058 0.6999999881
42314  -31.191  -36.046  17.363 0.6999999881
43291  -23.773  -36.444  15.837 0.8000000119
42308  -25.201  -36.940  16.646 0.8000000119
127821  -28.645  -37.088  17.274 0.6999999881
43279  -30.567  -35.696  16.689 0.6999999881
43280  -31.282  -35.184  16.990 0.6999999881
42342  -23.398  -36.820  15.276 0.8000000119
42324  -24.349  -36.559  16.300 0.8000000119
42325  -25.958  -36.258  16.416 0.8000000119
42326  -26.779  -36.502  16.438 0.8000000119
42327  -27.453  -36.229  16.658 0.8000000119
43297  -29.252  -35.249  16.587 0.8000000119
150549  -30.462  -34.317  16.639 0.6999999881
148273  -23.295  -36.537  14.673 0.8000000119
43293  -25.713  -35.275  16.081 0.8000000119
44200  -26.900  -34.706  16.050 0.8000000119
134996  -28.305  -33.863  16.055 0.8000000119
142946  -23.288  -36.674  14.186 0.8000000119
43319  -23.688  -35.055  14.716 0.8000000119
44199  -25.886  -34.390  15.615 0.8000000119
144553  -27.912  -33.257  15.951 0.8000000119
146961  -24.910  -36.074  13.694 0.8000000119
44213  -23.737  -34.062  15.311 0.8000000119
44980  -26.571  -33.671  15.581 0.8000000119
46716  -27.731  -32.270  15.870 0.8000000119
44230  -24.209  -34.323  13.807 0.8000000119
45781  -25.050  -32.706  15.365 0.8000000119
43329  -24.955  -35.030  13.714 0.8000000119
42374  -30.309  -36.731  12.741 0.5000000000
134610  -29.493  -35.957  13.424 0.6000000238
45016  -24.615  -33.679  13.485 0.8000000119
134275  -25.778  -34.741  13.524 0.8000000119
43333  -29.998  -36.188  12.981 0.6000000238
128003  -29.457  -35.569  13.387 0.6000000238
44232  -28.155  -34.656  13.569 0.6000000238
44233  -28.856  -34.945  13.419 0.6000000238
40606  -28.882  -39.078  21.811 0.6999999881
140413  -29.083  -39.947  21.859 0.6999999881
40607  -29.780  -38.578  21.768 0.6999999881
143484  -31.574  -37.698  21.613 0.6999999881
40609  -31.900  -38.512  21.646 0.6999999881
136315  -28.771  -37.209  21.269 0.5000000000
41398  -30.567  -37.101  21.538 0.6999999881
41412  -26.915  -37.081  21.023 0.4000000060
42268  -27.474  -36.538  21.186 0.4000000060
42250  -28.145  -36.794  21.077 0.5000000000
40610  -32.660  -38.720  21.290 0.6999999881
40628  -33.267  -38.336  20.460 0.6999999881
43240  -26.648  -35.459  21.094 0.3000000119
44134  -27.463  -35.189  21.198 0.3000000119
43218  -28.109  -35.921  21.166 0.5000000000
42269  -33.321  -37.017  20.711 0.6999999881
41414  -33.430  -37.637  20.153 0.6999999881
43238  -25.106  -35.606  20.480 0.3000000119
44111  -27.656  -34.402  21.180 0.3000000119
41430  -33.328  -37.386  19.564 0.6999999881
44133  -26.671  -34.593  20.991 0.3000000119
43269  -33.422  -35.424  18.666 0.6999999881
42328  -28.162  -36.002  16.961 0.8000000119
42330  -29.715  -35.947  16.691 0.6999999881
43268  -32.014  -35.525  17.744 0.6999999881
42329  -28.853  -35.900  17.029 0.6999999881
150294  -29.982  -35.270  16.484 0.6999999881
44185  -31.136  -34.260  16.853 0.6999999881
43292  -24.063  -35.721  16.013 0.8000000119
43294  -26.777  -35.752  16.288 0.8000000119
43296  -28.430  -35.297  16.647 0.6999999881
44203  -29.791  -34.426  16.465 0.8000000119
43308  -23.532  -36.098  15.329 0.8000000119
146267  -29.773  -33.555  16.330 0.8000000119
43309  -23.785  -35.286  15.280 0.8000000119
137627  -27.522  -33.815  15.920 0.8000000119
45783  -28.438  -32.420  15.893 0.8000000119
45004  -23.511  -33.419  15.163 0.8000000119
44221  -23.577  -34.219  14.619 0.8000000119
134892  -24.084  -33.766  15.730 0.8000000119
45782  -26.222  -32.771  15.452 0.8000000119
45796  -26.906  -32.189  15.775 0.8000000119
45015  -23.797  -33.566  14.281 0.8000000119
45808  -23.936  -32.928  14.717 0.8000000119
44978  -24.138  -33.124  15.725 0.8000000119
46715  -24.935  -32.173  15.179 0.8000000119
46733  -28.174  -31.216  15.655 0.8000000119
45017  -25.779  -33.824  13.309 0.8000000119
133166  -28.651  -38.113  21.504 0.6000000238
41397  -29.638  -37.643  21.569 0.6000000238
42267  -26.714  -36.282  21.196 0.3000000119
147576  -27.559  -37.173  21.042 0.5000000000
42251  -28.883  -36.426  21.206 0.5000000000
41399  -31.925  -36.912  21.499 0.6999999881
43219  -28.986  -35.641  21.208 0.6000000238
42253  -30.893  -36.313  21.511 0.6999999881
42254  -32.848  -36.445  21.250 0.6999999881
143604  -31.779  -35.788  21.336 0.6999999881
44132  -25.657  -34.519  20.817 0.3000000119
138070  -28.298  -33.251  21.523 0.3000000119
43242  -32.945  -35.585  21.076 0.6999999881
129398  -33.412  -36.178  20.599 0.6999999881
46644  -25.763  -31.286  21.265 0.3000000119
45707  -26.146  -32.097  21.445 0.3000000119
46626  -27.009  -32.043  21.524 0.3000000119
139631  -27.721  -31.976  21.558 0.3000000119
133167  -25.388  -30.528  20.927 0.3000000119
44187  -32.810  -34.902  18.123 0.6999999881
44186  -31.964  -34.615  17.381 0.6999999881
44984  -30.228  -32.974  16.401 0.8000000119
137645  -29.282  -32.844  16.011 0.8000000119
46717  -28.422  -31.847  15.862 0.8000000119
44991  -23.772  -33.264  15.620 0.8000000119
130642  -23.887  -32.922  15.340 0.8000000119
138932  -24.533  -32.281  14.992 0.8000000119
46730  -25.530  -31.612  15.016 0.8000000119
46731  -26.547  -31.669  15.420 0.8000000119
47730  -27.252  -30.981  15.239 0.8000000119
45816  -24.356  -32.923  13.889 0.8000000119
46729  -24.804  -31.519  14.781 0.8000000119
145177  -25.157  -32.953  13.348 0.8000000119
45821  -25.585  -32.101  13.187 0.6999999881
45028  -26.444  -32.867  13.236 0.6000000238
42252  -29.848  -36.196  21.455 0.6000000238
43221  -30.529  -35.577  21.505 0.6000000238
44112  -28.545  -34.109  21.414 0.4000000060
136160  -30.538  -34.064  21.559 0.6000000238
146430  -33.138  -34.785  20.755 0.6999999881
43243  -33.381  -35.474  20.460 0.6999999881
42287  -33.649  -36.031  19.030 0.6999999881
47639  -28.694  -30.813  21.499 0.3000000119
44896  -31.020  -33.272  21.505 0.4000000060
44136  -32.722  -33.978  21.117 0.6000000238
44160  -33.715  -34.301  19.368 0.6999999881
44958  -33.621  -33.746  18.837 0.6999999881
146343  -32.451  -34.140  17.716 0.6999999881
44969  -32.423  -33.412  17.929 0.6999999881
44202  -28.826  -34.556  16.302 0.8000000119
44982  -28.499  -33.112  15.943 0.8000000119
134521  -29.849  -32.109  16.212 0.8000000119
46732  -27.511  -31.774  15.741 0.8000000119
47717  -28.969  -31.173  15.988 0.8000000119
45795  -25.897  -32.131  15.368 0.8000000119
46750  -24.400  -32.131  14.149 0.8000000119
46744  -24.523  -31.340  14.457 0.8000000119
48814  -25.371  -30.271  14.479 0.8000000119
47729  -26.064  -30.995  14.821 0.8000000119
48813  -24.398  -30.274  14.247 0.8000000119
46751  -24.688  -32.151  13.566 0.8000000119
45822  -26.666  -31.967  13.040 0.6000000238
46757  -24.848  -31.345  13.169 0.6999999881
46758  -25.895  -31.339  12.837 0.6999999881
43220  -29.729  -35.425  21.450 0.6000000238
44113  -30.087  -34.813  21.555 0.6000000238
44114  -31.091  -34.873  21.469 0.6000000238
45690  -29.487  -32.455  21.627 0.3000000119
44135  -32.221  -34.852  21.178 0.6000000238
46628  -29.043  -31.615  21.571 0.3000000119
45691  -30.468  -32.486  21.549 0.3000000119
45692  -31.472  -32.499  21.384 0.5000000000
44137  -33.486  -33.920  20.355 0.6999999881
132776  -27.613  -29.964  21.292 0.3000000119
47657  -28.409  -30.076  21.394 0.3000000119
45708  -33.121  -32.231  21.068 0.4000000060
44941  -33.727  -33.423  19.534 0.6999999881
48762  -26.658  -29.038  20.292 0.3000000119
127073  -33.632  -33.063  18.969 0.6000000238
45753  -32.002  -31.892  18.081 0.6000000238
45754  -32.518  -32.564  18.321 0.6000000238
45769  -30.797  -32.353  16.694 0.8000000119
45770  -31.653  -32.702  17.521 0.6999999881
132760  -32.852  -31.631  18.655 0.6000000238
46700  -31.265  -31.561  17.400 0.6999999881
46718  -29.287  -31.577  16.107 0.8000000119
46699  -30.420  -31.527  16.635 0.8000000119
47706  -30.775  -30.943  17.030 0.6999999881
47707  -31.425  -30.630  17.575 0.6999999881
47718  -29.902  -30.938  16.521 0.8000000119
47719  -30.942  -30.364  16.795 0.6999999881
132131  -28.085  -30.565  15.330 0.8000000119
47731  -28.784  -30.572  15.616 0.8000000119
48805  -30.220  -30.247  16.061 0.6999999881
126583  -30.929  -29.843  16.126 0.6999999881
138625  -24.438  -32.217  14.655 0.8000000119
48815  -26.601  -30.262  14.563 0.8000000119
47741  -24.108  -30.276  13.974 0.8000000119
48831  -25.907  -29.497  14.357 0.8000000119
138142  -27.650  -30.110  14.776 0.8000000119
136555  -24.325  -31.179  14.200 0.8000000119
48830  -24.628  -29.586  14.315 0.8000000119
46756  -24.393  -31.210  13.755 0.8000000119
47752  -24.284  -30.494  13.343 0.6999999881
45029  -27.521  -33.170  13.149 0.6000000238
45823  -28.048  -32.638  12.896 0.6000000238
47753  -25.069  -30.694  12.609 0.6999999881
138571  -32.129  -33.211  21.367 0.5000000000
44915  -33.177  -32.997  21.024 0.5000000000
46631  -31.879  -31.897  21.240 0.4000000060
44916  -33.584  -33.040  20.283 0.6000000238
138031  -30.155  -30.399  21.421 0.3000000119
45709  -33.356  -32.379  20.528 0.5000000000
45730  -33.545  -32.528  19.620 0.6000000238
48748  -30.005  -29.522  21.326 0.3000000119
47659  -30.872  -29.946  21.251 0.3000000119
46648  -33.321  -31.690  20.011 0.6000000238
46663  -33.300  -31.699  19.329 0.6000000238
49907  -27.552  -28.434  20.100 0.3000000119
49889  -28.744  -28.852  20.661 0.3000000119
47660  -31.902  -30.210  21.187 0.3000000119
49908  -28.415  -28.312  20.118 0.3000000119
148257  -26.682  -27.743  19.520 0.3000000119
47691  -32.020  -31.068  18.168 0.6999999881
47720  -31.794  -29.971  17.424 0.6999999881
48833  -28.129  -29.306  14.569 0.8000000119
136939  -29.532  -29.896  15.424 0.6999999881
48817  -30.524  -29.536  15.527 0.6999999881
49970  -29.120  -29.239  14.705 0.6999999881
48832  -27.094  -29.404  14.435 0.8000000119
49990  -27.587  -28.528  14.299 0.6999999881
48829  -23.623  -29.685  14.091 0.8000000119
137600  -24.095  -29.073  14.358 0.6999999881
49988  -25.232  -28.784  14.344 0.8000000119
49989  -26.458  -28.585  14.352 0.6000000238
135891  -29.458  -31.787  13.059 0.6000000238
48838  -23.467  -29.776  13.427 0.6999999881
140478  -23.135  -29.353  13.037 0.6999999881
129642  -23.221  -29.575  13.720 0.6999999881
47754  -26.244  -30.660  12.263 0.6999999881
46759  -26.976  -31.246  12.704 0.6999999881
129834  -24.153  -30.027  12.659 0.6999999881
52262  -24.847  -25.851  10.777 0.5000000000
52242  -25.405  -26.513  10.842 0.5000000000
47676  -33.487  -30.810  19.730 0.6000000238
46683  -33.253  -31.018  19.125 0.6000000238
48764  -33.686  -29.913  19.764 0.6000000238
48778  -33.119  -29.968  18.523 0.6000000238
47708  -32.218  -30.277  18.118 0.6999999881
48794  -32.783  -29.698  17.777 0.6999999881
48806  -31.567  -29.638  16.594 0.6999999881
133466  -24.937  -26.290  18.086 0.3000000119
48818  -31.369  -29.253  15.783 0.6999999881
51155  -25.802  -27.858  14.330 0.6999999881
49971  -30.077  -29.072  14.831 0.6000000238
49991  -28.601  -28.510  14.320 0.6999999881
137104  -23.527  -29.764  13.886 0.6999999881
49987  -23.441  -28.825  13.961 0.6999999881
51154  -24.569  -28.230  14.289 0.6999999881
51152  -23.175  -28.019  13.354 0.6999999881
136617  -27.959  -31.179  12.621 0.6000000238
46760  -28.479  -31.894  12.802 0.5000000000
145854  -24.233  -29.617  12.135 0.6999999881
48860  -23.816  -28.984  11.969 0.6999999881
48861  -24.951  -29.146  11.692 0.6999999881
50028  -25.677  -28.299  11.437 0.6000000238
48751  -33.479  -30.201  20.352 0.5000000000
48763  -33.551  -29.419  20.228 0.4000000060
48779  -33.578  -29.552  19.055 0.6000000238
131295  -33.652  -29.128  19.496 0.5000000000
49945  -33.423  -29.015  17.370 0.6000000238
53152  -24.837  -25.707  17.405 0.3000000119
52146  -25.487  -25.938  17.798 0.3000000119
125557  -32.461  -29.412  16.977 0.6999999881
49961  -32.198  -29.028  16.203 0.6000000238
49972  -30.947  -28.757  15.148 0.6000000238
133154  -28.130  -27.788  14.022 0.6000000238
49993  -30.483  -28.139  14.544 0.6000000238
51153  -23.940  -27.712  13.832 0.6999999881
51156  -27.039  -27.647  14.108 0.6000000238
52195  -25.126  -27.193  13.968 0.6999999881
148539  -25.714  -26.617  13.714 0.6000000238
50025  -22.801  -27.934  11.662 0.6999999881
48862  -26.200  -29.157  11.594 0.6999999881
47755  -27.366  -30.571  12.241 0.6000000238
146635  -28.995  -30.323  12.387 0.5000000000
48847  -26.752  -29.961  11.798 0.6000000238
48848  -27.871  -29.874  12.042 0.6000000238
48864  -28.684  -29.083  12.125 0.5000000000
51190  -23.856  -27.615  11.128 0.6000000238
50029  -26.963  -28.119  11.444 0.5000000000
50027  -24.463  -28.298  11.527 0.5000000000
51192  -26.153  -27.338  11.231 0.5000000000
52243  -26.590  -26.520  10.826 0.5000000000
138514  -33.217  -28.132  19.789 0.4000000060
144890  -33.532  -28.786  19.841 0.4000000060
51082  -33.740  -27.214  19.412 0.4000000060
51099  -30.082  -26.786  19.044 0.4000000060
150148  -33.856  -28.716  18.110 0.6000000238
53153  -25.746  -25.431  17.378 0.3000000119
53154  -26.576  -25.357  17.403 0.3000000119
52149  -27.832  -25.776  18.322 0.3000000119
144669  -32.998  -28.897  16.597 0.6000000238
54170  -25.672  -24.304  16.342 0.3000000119
49973  -31.872  -28.369  15.515 0.6000000238
51160  -31.160  -27.488  14.535 0.5000000000
51158  -29.069  -27.818  14.011 0.6000000238
52198  -27.791  -27.094  13.916 0.6000000238
128336  -29.827  -27.787  14.138 0.6000000238
52196  -26.204  -26.973  14.004 0.6000000238
132450  -23.377  -27.136  13.162 0.6999999881
52211  -26.202  -26.049  13.391 0.6000000238
51179  -22.680  -27.200  11.615 0.6999999881
51206  -24.010  -26.707  10.780 0.5000000000
52263  -26.047  -25.766  10.576 0.5000000000
147110  -31.780  -27.249  20.090 0.4000000060
49913  -33.854  -28.244  19.208 0.4000000060
51081  -32.825  -27.435  19.823 0.4000000060
136131  -33.811  -28.813  18.800 0.5000000000
52131  -32.140  -26.268  18.908 0.4000000060
49927  -34.186  -28.127  18.482 0.4000000060
49946  -34.095  -28.251  17.618 0.4000000060
53177  -26.141  -24.812  16.906 0.3000000119
54149  -27.856  -24.785  17.100 0.3000000119
53156  -28.310  -25.242  17.647 0.4000000060
49963  -33.630  -28.327  16.799 0.4000000060
54172  -27.422  -24.263  16.701 0.3000000119
53157  -29.203  -25.165  17.811 0.4000000060
51144  -32.512  -27.519  15.736 0.5000000000
49962  -32.810  -28.315  16.152 0.6000000238
51143  -31.831  -27.521  15.111 0.5000000000
51159  -30.388  -27.373  14.127 0.5000000000
51157  -28.662  -27.074  13.710 0.6000000238
52199  -31.054  -26.875  14.062 0.5000000000
52197  -27.092  -26.642  13.771 0.6000000238
52213  -27.932  -26.407  13.508 0.6000000238
53240  -24.778  -25.674  12.632 0.6000000238
53242  -26.382  -25.049  12.988 0.6000000238
53281  -23.402  -25.778  11.435 0.5000000000
52260  -23.186  -26.468  10.878 0.5000000000
53280  -23.751  -25.573  11.014 0.5000000000
125663  -25.640  -25.293  10.772 0.5000000000
53293  -26.894  -25.131  10.323 0.5000000000
52264  -27.244  -25.893  10.401 0.5000000000
52112  -32.114  -26.703  19.498 0.4000000060
51100  -34.256  -27.374  18.843 0.4000000060
136077  -34.313  -26.921  18.444 0.4000000060
51118  -34.367  -27.494  18.053 0.4000000060
52132  -33.310  -26.329  18.479 0.4000000060
52150  -34.349  -26.686  17.742 0.4000000060
51138  -34.204  -27.531  17.180 0.4000000060
54171  -26.563  -24.267  16.470 0.3000000119
52170  -33.031  -26.808  15.964 0.4000000060
51137  -33.434  -27.534  16.399 0.5000000000
55177  -26.049  -23.581  15.971 0.3000000119
52201  -32.308  -26.208  14.777 0.4000000060
52215  -30.193  -26.700  13.676 0.5000000000
52200  -31.662  -26.209  14.109 0.4000000060
126515  -28.771  -26.242  13.332 0.6000000238
52214  -29.381  -26.706  13.525 0.5000000000
52216  -30.937  -26.235  13.534 0.5000000000
52212  -27.149  -25.737  13.305 0.6000000238
53244  -28.946  -25.599  13.001 0.5000000000
53245  -29.679  -26.053  13.227 0.5000000000
53282  -24.529  -25.367  11.403 0.5000000000
53241  -25.558  -25.282  12.892 0.6000000238
53243  -27.159  -25.101  12.880 0.6000000238
125513  -28.050  -25.515  13.049 0.6000000238
54219  -26.796  -24.808  12.361 0.6000000238
54248  -25.382  -24.998  11.054 0.5000000000
54249  -26.309  -24.823  10.677 0.5000000000
125949  -28.123  -25.432  10.113 0.5000000000
54239  -25.561  -24.881  11.762 0.5000000000
58321  -24.766  -20.424  14.426 0.3000000119
147446  -26.154  -20.699  16.018 0.4000000060
58307  -26.807  -19.837  15.802 0.4000000060
54220  -27.770  -24.878  12.424 0.5000000000
58340  -24.862  -19.973  13.852 0.4000000060
54234  -30.227  -24.587  12.603 0.5000000000
130322  -31.108  -24.703  12.988 0.5000000000
54231  -27.652  -24.529  11.784 0.5000000000
136712  -29.788  -23.859  12.258 0.5000000000
143595  -26.064  -24.735  11.337 0.5000000000
54241  -27.590  -24.197  11.138 0.6000000238
54259  -28.945  -24.267  9.814 0.5000000000
54250  -27.400  -24.444  10.520 0.6000000238
55250  -28.012  -23.767  10.648 0.5000000000
54258  -28.273  -23.892  10.216 0.6000000238
55259  -28.747  -23.424  9.658 0.4000000060
58323  -26.242  -19.525  15.227 0.4000000060
58309  -28.511  -20.900  15.983 0.4000000060
54232  -28.438  -24.373  11.944 0.5000000000
55237  -28.146  -23.768  11.351 0.5000000000
56237  -28.343  -22.881  11.062 0.5000000000
55238  -28.845  -23.478  11.799 0.5000000000
54240  -26.758  -24.531  11.203 0.5000000000
55244  -28.171  -23.299  10.848 0.5000000000
55251  -28.292  -23.062  10.218 0.5000000000
135034  -28.509  -18.894  15.230 0.4000000060
60413  -25.650  -18.948  13.159 0.4000000060
54221  -30.636  -23.738  12.702 0.4000000060
143124  -28.310  -22.658  10.577 0.4000000060
56252  -28.428  -22.162  9.966 0.4000000060
145878  -28.580  -22.724  9.595 0.5000000000
56263  -28.924  -22.117  9.300 0.3000000119
55239  -29.637  -22.919  12.273 0.4000000060
56247  -28.427  -22.058  10.591 0.4000000060
57317  -28.995  -21.437  9.445 0.5000000000
58384  -30.000  -20.396  8.197 0.4000000060
58374  -29.649  -20.369  8.876 0.4000000060
57301  -29.095  -21.104  10.819 0.4000000060
147437  -31.215  -21.090  8.628 0.4000000060
57309  -28.847  -21.210  9.894 0.4000000060
58385  -30.425  -19.422  7.595 0.4000000060
57310  -29.555  -19.982  10.652 0.4000000060
148819  -30.987  -19.124  7.245 0.4000000060
57329  -31.153  -19.893  7.621 0.4000000060
57330  -31.653  -20.019  8.518 0.4000000060
57318  -32.256  -20.742  9.699 0.4000000060
58369  -30.104  -19.158  9.632 0.4000000060
58375  -30.205  -19.089  8.440 0.3000000119
59456  -30.960  -18.491  7.490 0.4000000060
58355  -30.212  -19.581  11.167 0.4000000060
59444  -31.586  -17.999  8.064 0.3000000119
58386  -31.529  -18.629  7.681 0.4000000060
57319  -33.082  -20.146  10.162 0.4000000060
59445  -32.110  -17.983  8.471 0.4000000060
59431  -31.023  -18.456  9.457 0.4000000060
59432  -31.906  -17.849  8.860 0.4000000060
30058  -22.920  -51.138  17.794 0.6999999881
30017  -28.395  -51.707  21.562 0.6999999881
26113  -21.306  -55.455  23.645 0.6000000238
133158  -28.171  -51.148  23.646 0.6999999881
142336  -25.668  -49.874  23.570 0.6000000238
32624  -28.535  -48.273  23.236 0.6999999881
30911  -20.130  -51.032  22.385 0.4000000060
138379  -24.583  -42.891  15.675 0.8000000119
127585  -27.885  -45.701  22.472 0.6000000238
33496  -21.328  -47.234  21.879 0.5000000000
135589  -31.968  -44.080  21.245 0.8000000119
37648  -30.754  -42.690  19.328 0.8000000119
36010  -30.521  -44.043  22.453 0.8000000119
132223  -20.042  -41.697  19.395 0.4000000060
36026  -25.034  -44.486  22.221 0.6000000238
37632  -22.430  -42.652  21.145 0.5000000000
37614  -24.827  -42.388  21.445 0.6000000238
38429  -29.148  -41.868  22.229 0.6999999881
44981  -27.294  -32.851  15.839 0.8000000119
44968  -31.817  -33.755  17.296 0.6999999881
44171  -33.010  -34.009  18.310 0.6999999881
135910  -29.550  -34.081  21.583 0.6000000238
45693  -32.504  -32.414  21.297 0.5000000000
142759  -31.284  -28.057  14.918 0.6000000238
52113  -33.222  -26.847  19.125 0.4000000060
54251  -28.122  -24.667  10.163 0.5000000000
52133  -34.113  -26.447  17.915 0.4000000060
56238  -28.840  -22.337  11.419 0.4000000060
28203  -22.268  -52.641  15.604 0.5000000000
29169  -23.934  -51.979  15.235 0.5000000000
131363  -25.798  -49.783  15.129 0.5000000000
25098  -22.879  -56.411  24.625 0.5000000000
30035  -27.521  -51.683  20.898 0.6999999881
30923  -27.327  -50.924  20.532 0.6999999881
137757  -23.655  -49.707  17.964 0.6999999881
132954  -24.577  -49.492  18.125 0.6999999881
32687  -24.431  -48.731  17.854 0.6999999881
34446  -27.191  -46.786  14.825 0.6999999881
34461  -28.886  -46.578  14.221 0.5000000000
36112  -29.081  -44.528  14.361 0.5000000000
128090  -23.248  -53.117  23.815 0.6000000238
139835  -27.439  -49.139  19.760 0.6999999881
35282  -25.958  -45.757  14.524 0.6999999881
28079  -24.819  -53.648  24.470 0.6000000238
30912  -28.869  -51.016  21.461 0.8000000119
31787  -27.842  -49.725  20.193 0.6999999881
36830  -30.200  -44.340  15.486 0.4000000060
31756  -29.935  -49.685  22.204 0.8000000119
28091  -21.949  -52.847  23.345 0.6000000238
36108  -25.090  -44.508  15.489 0.8000000119
30879  -26.294  -50.391  23.748 0.6999999881
32664  -30.182  -49.003  21.285 0.6999999881
34408  -28.641  -46.622  19.211 0.8000000119
36838  -29.649  -43.793  14.896 0.5000000000
33483  -30.213  -48.044  22.570 0.6999999881
29995  -21.864  -51.458  23.177 0.6000000238
34395  -31.205  -46.538  20.668 0.8000000119
35247  -27.419  -45.442  18.345 0.8000000119
37688  -28.075  -42.184  14.439 0.6999999881
34364  -30.333  -47.153  22.555 0.6999999881
31754  -23.244  -49.401  23.249 0.6000000238
36821  -26.130  -43.567  17.574 0.8999999762
37663  -24.724  -42.666  16.721 0.8000000119
38504  -31.062  -41.513  15.976 0.4000000060
30910  -19.357  -50.884  22.208 0.3000000119
29095  -19.205  -52.270  22.160 0.4000000060
138717  -27.782  -43.806  18.386 0.8999999762
38510  -24.697  -41.413  14.369 0.8000000119
34362  -27.215  -46.301  22.585 0.6000000238
33480  -26.511  -46.882  22.721 0.6000000238
129183  -30.249  -44.973  22.470 0.8000000119
30889  -20.874  -50.699  22.397 0.4000000060
137299  -21.438  -49.988  22.494 0.5000000000
31752  -21.930  -49.334  22.521 0.5000000000
39224  -28.380  -40.334  14.883 0.6999999881
149632  -29.658  -38.356  15.521 0.6000000238
34360  -25.553  -46.559  22.743 0.6000000238
33495  -20.405  -47.399  21.767 0.5000000000
32633  -21.613  -48.699  22.320 0.5000000000
33479  -24.342  -47.392  22.612 0.5000000000
36759  -31.913  -43.139  21.902 0.6999999881
35210  -20.909  -45.687  21.249 0.5000000000
35212  -22.660  -45.490  21.614 0.6000000238
34380  -22.460  -46.272  21.749 0.5000000000
35211  -21.877  -45.658  21.454 0.6000000238
34359  -24.655  -46.634  22.566 0.5000000000
36051  -19.782  -43.600  19.915 0.6000000238
36035  -20.627  -43.906  20.482 0.6000000238
33497  -22.168  -47.050  22.023 0.5000000000
146828  -23.258  -45.247  21.721 0.6000000238
33477  -22.721  -47.668  22.294 0.5000000000
34382  -24.239  -45.996  22.148 0.5000000000
38459  -32.536  -41.934  20.520 0.6999999881
38468  -32.147  -41.936  19.800 0.6999999881
125088  -26.661  -40.906  17.558 0.8000000119
39195  -24.016  -40.618  16.536 0.8999999762
36767  -23.769  -43.719  21.735 0.6000000238
36023  -22.841  -44.746  21.570 0.6000000238
36025  -24.228  -44.487  22.057 0.6000000238
126933  -24.385  -43.026  21.555 0.6000000238
37633  -22.864  -41.954  21.302 0.4000000060
145190  -24.204  -42.448  21.331 0.5000000000
37613  -23.666  -42.174  21.289 0.5000000000
38469  -32.582  -41.155  19.958 0.6999999881
128688  -22.576  -39.818  20.496 0.4000000060
38458  -24.241  -40.807  21.217 0.5000000000
39920  -29.847  -39.596  18.395 0.6999999881
39194  -23.692  -40.122  16.113 0.8000000119
38427  -28.300  -42.416  22.160 0.6999999881
37615  -25.673  -42.356  21.706 0.6999999881
37616  -26.664  -42.401  21.887 0.6999999881
39912  -31.905  -39.805  19.377 0.6999999881
41484  -26.365  -37.378  14.371 0.8000000119
131848  -26.958  -41.631  21.716 0.6000000238
127354  -26.868  -40.920  21.674 0.6000000238
38441  -28.098  -40.950  21.941 0.6999999881
38438  -25.229  -41.688  21.365 0.6000000238
39144  -24.846  -41.091  21.323 0.5000000000
41409  -24.197  -37.691  20.426 0.3000000119
129715  -25.082  -37.860  20.510 0.3000000119
42370  -26.033  -36.075  13.724 0.8000000119
42371  -27.085  -35.940  14.021 0.6000000238
42372  -29.065  -36.085  13.886 0.6000000238
43331  -27.618  -35.236  13.993 0.6000000238
39881  -26.223  -39.638  21.402 0.6000000238
39148  -28.467  -40.442  21.902 0.6999999881
127627  -31.328  -38.094  18.598 0.6999999881
42311  -28.039  -36.705  17.019 0.8000000119
42297  -31.030  -36.942  17.592 0.6999999881
43328  -24.180  -35.247  14.212 0.8000000119
145855  -25.619  -35.494  13.650 0.8000000119
41413  -33.241  -37.785  20.910 0.6999999881
43239  -25.846  -35.128  20.656 0.3000000119
41439  -31.842  -37.399  18.404 0.6999999881
42286  -33.261  -36.767  19.076 0.6999999881
42299  -33.008  -36.015  18.409 0.6999999881
43295  -27.623  -35.437  16.524 0.8000000119
44201  -27.934  -34.612  16.275 0.8000000119
41400  -32.607  -37.906  21.470 0.6999999881
43241  -27.285  -35.870  21.289 0.3000000119
42255  -32.919  -37.220  21.321 0.6999999881
136332  -28.337  -35.040  21.193 0.4000000060
42270  -33.499  -36.699  19.839 0.6999999881
44914  -26.200  -33.789  21.150 0.3000000119
44172  -33.516  -34.610  18.725 0.6999999881
146841  -29.046  -33.263  21.636 0.3000000119
45689  -28.470  -32.392  21.590 0.3000000119
43244  -33.612  -35.794  19.780 0.6999999881
46646  -27.402  -31.296  21.514 0.3000000119
46627  -28.184  -31.436  21.550 0.3000000119
44897  -31.610  -34.048  21.395 0.6000000238
44895  -29.999  -33.280  21.630 0.4000000060
134186  -33.518  -34.921  19.993 0.6999999881
43257  -33.677  -35.204  19.221 0.6999999881
44957  -33.149  -33.215  18.536 0.6000000238
144247  -29.446  -30.610  15.988 0.8000000119
48816  -28.556  -29.954  15.079 0.8000000119
135783  -27.597  -31.901  12.849 0.6000000238
46629  -29.963  -31.707  21.581 0.3000000119
48745  -27.505  -29.304  20.690 0.3000000119
47658  -29.280  -30.192  21.417 0.3000000119
46647  -33.107  -31.724  20.675 0.5000000000
45755  -33.303  -32.457  18.849 0.6000000238
47692  -32.904  -30.699  18.634 0.6000000238
48846  -25.324  -29.989  11.932 0.6999999881
47641  -31.022  -30.737  21.343 0.3000000119
51076  -27.286  -27.763  19.597 0.3000000119
49909  -29.254  -28.235  20.221 0.3000000119
47693  -33.450  -30.317  19.172 0.6000000238
48845  -23.454  -29.493  12.608 0.6999999881
50010  -22.748  -28.070  12.144 0.6999999881
48795  -33.493  -29.310  18.269 0.6000000238
49992  -29.544  -28.422  14.409 0.6000000238
51169  -22.754  -27.506  12.500 0.6999999881
47756  -28.302  -30.497  12.347 0.5000000000
49912  -33.121  -28.819  20.484 0.4000000060
52194  -24.274  -26.874  13.506 0.6000000238
52210  -25.090  -26.223  13.313 0.6000000238
48863  -27.449  -29.053  11.839 0.6000000238
51193  -27.847  -27.397  11.180 0.4000000060
52129  -29.351  -26.374  18.737 0.4000000060
54148  -27.025  -24.829  16.919 0.3000000119
52186  -31.739  -26.880  14.671 0.5000000000
51170  -29.594  -27.260  13.843 0.5000000000
52208  -22.956  -26.620  12.493 0.5000000000
54150  -28.701  -24.657  17.382 0.4000000060
132699  -32.321  -26.852  15.363 0.5000000000
52187  -32.855  -26.209  15.474 0.4000000060
148912  -30.347  -26.173  13.349 0.5000000000
131468  -27.029  -24.644  11.699 0.6000000238
57273  -25.139  -20.698  15.015 0.3000000119
58308  -27.985  -20.261  16.035 0.4000000060
54233  -29.314  -24.421  12.251 0.5000000000
58324  -28.052  -19.104  15.744 0.4000000060
58368  -29.481  -20.056  9.738 0.4000000060
58376  -32.531  -19.032  8.922 0.4000000060
59418  -31.395  -19.114  10.869 0.4000000060
58377  -33.116  -19.098  9.830 0.3000000119
23187  -25.644  -58.855  20.297 0.5000000000
130159  -24.904  -57.934  19.428 0.5000000000
22120  -26.070  -59.443  23.676 0.4000000060
22121  -26.368  -59.236  22.732 0.5000000000
148634  -26.326  -59.620  22.209 0.5000000000
23172  -26.180  -58.978  20.940 0.5000000000
23188  -25.904  -58.323  20.505 0.6000000238
25180  -25.307  -56.828  19.689 0.6000000238
23128  -26.323  -58.728  23.423 0.5000000000
139164  -26.356  -58.248  23.985 0.5000000000
134925  -26.515  -57.949  22.287 0.5000000000
127456  -26.592  -57.114  21.129 0.5000000000
24115  -26.029  -58.060  24.653 0.5000000000
25162  -26.083  -56.837  20.457 0.6000000238
26152  -25.737  -56.056  20.011 0.6000000238
26165  -25.195  -56.057  19.525 0.6000000238
27175  -24.652  -54.662  18.807 0.6000000238
132110  -25.550  -54.476  19.288 0.6000000238
26164  -24.688  -55.658  19.083 0.6000000238
27190  -23.660  -54.429  18.231 0.6000000238
28174  -23.935  -53.652  18.315 0.6000000238
24116  -26.512  -57.483  23.897 0.5000000000
134783  -26.955  -56.869  21.859 0.5000000000
25146  -26.665  -56.520  21.169 0.6000000238
24093  -26.034  -57.298  24.585 0.5000000000
133344  -26.155  -55.416  20.145 0.6000000238
137568  -24.184  -57.403  24.903 0.5000000000
25100  -25.601  -56.674  24.670 0.5000000000
27161  -26.183  -54.695  19.889 0.6000000238
28164  -25.186  -53.804  18.876 0.6000000238
136277  -22.961  -53.079  17.667 0.6000000238
24138  -26.854  -57.331  22.760 0.5000000000
26142  -27.134  -55.925  21.860 0.5000000000
25101  -26.338  -56.639  24.194 0.5000000000
25118  -26.837  -56.631  23.451 0.5000000000
144542  -27.112  -56.566  22.646 0.5000000000
145134  -26.723  -55.017  20.952 0.6000000238
137068  -24.703  -56.683  24.837 0.5000000000
26094  -25.962  -55.911  24.422 0.5000000000
25099  -23.751  -56.609  24.779 0.5000000000
26092  -24.231  -55.930  24.765 0.5000000000
28151  -26.041  -53.859  19.535 0.6000000238
29141  -23.687  -52.620  18.154 0.6000000238
26114  -26.670  -55.720  23.868 0.5000000000
26133  -27.656  -54.532  22.710 0.5000000000
27143  -27.281  -55.011  21.969 0.6000000238
28135  -27.393  -54.176  21.561 0.6000000238
139340  -26.294  -55.239  24.322 0.5000000000
26091  -23.458  -55.947  24.669 0.5000000000
140665  -22.210  -56.162  24.332 0.5000000000
28175  -24.907  -52.931  18.517 0.6000000238
29142  -24.620  -52.032  18.357 0.6000000238
27096  -26.927  -54.654  24.074 0.5000000000
27118  -27.630  -54.236  23.554 0.5000000000
28118  -28.013  -53.924  23.071 0.5000000000
28136  -27.965  -53.765  22.430 0.6000000238
137636  -24.653  -55.189  24.696 0.5000000000
27094  -25.204  -54.478  24.618 0.6000000238
28094  -27.381  -53.705  24.039 0.6000000238
28119  -28.236  -53.354  22.941 0.5000000000
28137  -28.227  -53.016  22.300 0.6000000238
28081  -26.630  -54.086  24.305 0.6000000238
126868  -27.763  -53.371  21.736 0.6000000238
27092  -23.018  -54.630  24.237 0.5000000000
27093  -24.034  -54.311  24.538 0.5000000000
28080  -25.837  -53.898  24.460 0.6000000238
145311  -21.911  -55.633  24.084 0.4000000060
146848  -26.515  -53.397  24.247 0.6000000238
29064  -27.896  -52.953  23.642 0.6000000238
28095  -27.957  -53.549  23.452 0.5000000000
125030  -28.564  -52.205  22.246 0.6000000238
29098  -27.839  -52.533  21.460 0.6000000238
29081  -28.449  -52.620  22.843 0.6999999881
129477  -29.632  -40.664  15.269 0.5000000000
133097  -29.517  -36.907  21.419 0.5000000000
44967  -31.050  -33.306  16.821 0.6000000238
45030  -28.361  -33.436  13.042 0.5000000000
135489  -33.385  -19.062  10.368 0.3000000119
59436  -34.721  -18.596  11.244 0.3000000119
146121  -24.510  -60.876  24.367 0.4000000060
124542  -26.102  -60.195  22.208 0.5000000000
22152  -26.196  -59.631  21.475 0.5000000000
24198  -24.666  -57.181  19.092 0.5000000000
22102  -25.442  -59.544  24.533 0.4000000060
147553  -25.091  -57.450  19.559 0.6000000238
26175  -23.919  -55.237  18.440 0.5000000000
22101  -24.637  -59.627  25.117 0.4000000060
24091  -24.550  -58.154  25.128 0.5000000000
135919  -23.703  -58.108  24.941 0.5000000000
24090  -23.094  -57.318  24.778 0.3000000119
132233  -22.069  -56.929  24.474 0.4000000060
24113  -20.420  -57.339  23.657 0.4000000060
39215  -31.117  -40.335  16.019 0.4000000060
38503  -30.378  -41.082  15.716 0.4000000060
133836  -29.182  -34.870  21.329 0.5000000000
44240  -28.610  -34.244  13.234 0.5000000000
45031  -29.293  -33.748  13.206 0.5000000000
45824  -28.875  -32.733  12.976 0.5000000000
47662  -33.126  -31.014  20.318 0.4000000060
59435  -33.870  -18.641  10.658 0.3000000119
148851  -34.856  -18.009  11.143 0.3000000119
21113  -24.198  -60.450  24.956 0.4000000060
28152  -26.667  -53.999  20.457 0.6000000238
125739  -22.001  -54.799  23.909 0.5000000000
129713  -23.693  -55.260  24.572 0.6000000238
142388  -29.330  -34.789  13.374 0.5000000000
23205  -25.287  -58.403  19.873 0.6000000238
22140  -26.278  -59.972  22.978 0.4000000060
23173  -26.393  -58.312  21.421 0.5000000000
24181  -26.275  -57.681  20.782 0.6000000238
132102  -26.511  -58.036  23.175 0.5000000000
23109  -25.204  -58.686  25.106 0.5000000000
25132  -27.188  -55.907  23.065 0.5000000000
26115  -27.209  -55.035  23.378 0.5000000000
26093  -25.133  -55.931  24.715 0.5000000000
27095  -26.133  -54.625  24.445 0.5000000000
23108  -24.213  -58.879  25.212 0.4000000060
25196  -24.110  -56.288  18.612 0.4000000060
27189  -23.014  -54.799  17.689 0.4000000060
23107  -23.286  -58.836  24.996 0.4000000060
32651  -19.204  -48.518  21.689 0.4000000060
32652  -20.110  -48.266  22.102 0.3000000119
31772  -20.837  -48.926  22.249 0.4000000060
34377  -19.614  -46.735  21.271 0.4000000060
35232  -18.151  -45.400  18.608 0.4000000060
35221  -18.555  -45.754  19.578 0.4000000060
34393  -19.893  -45.924  21.056 0.4000000060
36064  -16.813  -44.540  17.282 0.3000000119
36049  -18.220  -44.601  18.529 0.3000000119
133506  -17.562  -43.146  17.962 0.4000000060
36065  -17.484  -44.193  17.830 0.4000000060
37644  -18.592  -42.771  18.480 0.4000000060
36050  -18.959  -44.078  19.399 0.5000000000
46632  -32.640  -31.746  21.126 0.3000000119
47642  -31.988  -31.139  21.176 0.3000000119
140172  -32.743  -31.228  20.829 0.3000000119
53266  -28.689  -24.998  12.550 0.4000000060
49911  -32.266  -28.024  20.392 0.3000000119
52111  -31.023  -26.854  19.690 0.3000000119
53267  -29.587  -25.216  12.746 0.4000000060
53139  -28.764  -25.729  18.373 0.3000000119
53247  -31.480  -25.494  13.460 0.4000000060
52130  -31.116  -26.239  19.035 0.3000000119
127842  -30.168  -26.226  18.631 0.3000000119
53142  -31.726  -25.451  18.977 0.3000000119
146833  -32.222  -25.720  18.689 0.3000000119
54137  -31.044  -24.884  18.352 0.3000000119
54138  -32.236  -24.914  18.660 0.3000000119
53144  -34.150  -25.175  18.062 0.3000000119
53158  -34.336  -25.827  17.880 0.3000000119
52171  -33.970  -26.643  16.715 0.3000000119
54136  -30.096  -25.062  17.973 0.3000000119
55161  -28.242  -24.114  17.004 0.3000000119
55180  -28.642  -23.256  16.917 0.3000000119
52188  -33.394  -26.190  16.041 0.3000000119
55179  -27.832  -23.494  16.791 0.3000000119
130507  -28.046  -22.711  16.967 0.3000000119
53204  -32.824  -25.522  15.008 0.3000000119
53225  -32.241  -25.363  14.214 0.3000000119
54211  -32.393  -24.386  14.240 0.3000000119
58322  -25.444  -19.711  14.759 0.3000000119
54210  -31.850  -24.650  13.556 0.3000000119
59385  -26.296  -19.023  14.628 0.3000000119
59417  -24.957  -19.510  13.150 0.3000000119
53143  -33.124  -25.912  18.135 0.3000000119
54152  -30.500  -24.271  17.823 0.3000000119
54153  -31.487  -24.043  18.088 0.3000000119
54140  -34.142  -24.702  18.055 0.3000000119
52151  -34.317  -25.905  17.187 0.3000000119
53178  -33.894  -25.746  16.401 0.3000000119
55162  -29.086  -23.879  17.319 0.3000000119
54151  -29.583  -24.490  17.597 0.3000000119
54154  -32.367  -23.943  18.085 0.3000000119
146579  -34.164  -24.232  17.868 0.3000000119
54155  -34.363  -24.699  17.258 0.3000000119
53179  -34.292  -25.179  16.802 0.3000000119
54173  -33.914  -25.022  16.043 0.3000000119
55181  -29.551  -23.181  17.162 0.3000000119
55165  -31.878  -22.990  17.887 0.3000000119
53205  -33.393  -25.589  15.663 0.3000000119
56194  -26.238  -21.646  16.391 0.3000000119
54196  -33.336  -24.804  15.321 0.3000000119
55196  -32.910  -24.177  14.845 0.3000000119
57255  -28.101  -21.045  16.300 0.3000000119
55216  -31.920  -23.786  13.798 0.3000000119
131448  -27.014  -19.216  15.285 0.3000000119
59386  -27.406  -18.894  14.810 0.3000000119
139842  -31.384  -24.015  13.275 0.3000000119
55228  -31.374  -23.159  13.298 0.3000000119
56226  -30.634  -22.624  12.586 0.3000000119
56240  -30.643  -21.678  12.377 0.3000000119
57302  -29.956  -20.790  11.619 0.3000000119
56239  -29.746  -21.854  11.966 0.3000000119
54139  -33.500  -25.032  18.120 0.3000000119
130222  -33.319  -24.194  17.921 0.3000000119
55141  -33.951  -23.622  17.237 0.3000000119
55168  -34.231  -23.986  17.391 0.3000000119
149019  -29.990  -22.637  16.973 0.3000000119
56166  -31.282  -22.045  17.646 0.3000000119
55166  -32.599  -22.939  17.830 0.3000000119
55140  -32.902  -23.703  17.630 0.3000000119
54174  -34.195  -24.331  16.569 0.3000000119
56180  -28.382  -22.483  16.529 0.3000000119
56195  -29.122  -22.297  15.963 0.3000000119
144625  -29.972  -22.134  16.648 0.3000000119
137832  -33.448  -23.968  15.380 0.3000000119
55218  -32.985  -22.834  14.883 0.3000000119
150182  -33.057  -23.538  14.992 0.3000000119
58325  -28.728  -20.029  15.422 0.3000000119
55217  -32.512  -23.460  14.421 0.3000000119
59387  -28.873  -19.467  14.752 0.3000000119
127592  -31.964  -23.067  13.925 0.3000000119
59404  -28.361  -18.739  14.356 0.3000000119
55229  -31.714  -22.531  13.671 0.3000000119
56227  -31.255  -22.249  12.998 0.3000000119
56168  -33.657  -22.808  16.869 0.3000000119
56183  -30.799  -21.011  17.264 0.3000000119
57229  -33.255  -21.346  17.376 0.3000000119
55184  -34.139  -23.380  16.673 0.3000000119
55183  -33.936  -23.646  15.976 0.3000000119
57246  -33.003  -20.220  17.035 0.3000000119
57230  -33.766  -21.927  16.833 0.3000000119
57257  -29.074  -21.687  15.771 0.3000000119
57243  -29.914  -21.783  16.313 0.3000000119
58311  -29.799  -22.019  15.550 0.3000000119
147101  -29.145  -20.916  15.458 0.3000000119
60396  -29.020  -19.846  13.664 0.3000000119
60397  -29.885  -19.479  13.651 0.3000000119
57275  -32.357  -21.507  14.385 0.3000000119
56212  -32.369  -22.419  14.250 0.3000000119
145230  -31.081  -21.561  12.806 0.3000000119
56184  -32.166  -20.901  17.555 0.3000000119
57244  -30.523  -20.479  16.503 0.3000000119
57247  -33.655  -21.173  16.530 0.3000000119
56185  -33.935  -22.654  16.044 0.3000000119
58310  -29.683  -20.957  15.414 0.3000000119
58293  -31.459  -20.005  16.028 0.3000000119
142355  -33.446  -22.442  15.343 0.3000000119
59374  -29.974  -21.082  14.948 0.3000000119
56196  -33.050  -21.929  14.867 0.3000000119
61445  -27.902  -17.729  13.648 0.3000000119
59373  -29.724  -20.143  14.500 0.3000000119
60381  -30.174  -20.007  14.218 0.3000000119
60415  -28.657  -19.390  13.211 0.3000000119
61418  -29.855  -19.014  13.115 0.3000000119
56211  -31.633  -21.767  13.591 0.3000000119
57288  -30.998  -21.081  12.848 0.3000000119
57303  -30.600  -20.724  12.256 0.3000000119
58356  -30.634  -19.968  12.336 0.3000000119
58295  -33.081  -20.512  15.796 0.3000000119
57259  -33.519  -21.643  15.634 0.3000000119
58294  -32.308  -19.840  16.155 0.3000000119
59355  -30.825  -20.632  14.555 0.3000000119
59356  -31.459  -20.675  15.057 0.3000000119
59357  -31.900  -20.111  15.551 0.3000000119
58312  -32.569  -20.646  15.158 0.3000000119
61446  -29.049  -17.908  13.528 0.3000000119
58327  -32.151  -20.925  14.548 0.3000000119
61419  -30.411  -18.859  13.124 0.3000000119
60398  -30.617  -19.375  13.529 0.3000000119
145484  -30.890  -19.976  13.942 0.3000000119
58326  -31.593  -21.054  13.735 0.3000000119
58341  -31.002  -20.426  12.881 0.3000000119
59433  -32.464  -18.007  9.964 0.3000000119
59358  -32.319  -20.296  15.389 0.3000000119
60382  -31.172  -20.468  14.253 0.3000000119
59375  -31.607  -20.623  14.690 0.3000000119
127685  -31.892  -20.625  14.636 0.3000000119
61447  -30.213  -17.802  13.594 0.3000000119
60399  -31.172  -19.402  13.636 0.3000000119
60383  -31.196  -20.287  14.021 0.3000000119
58342  -31.456  -20.565  13.860 0.3000000119
59406  -31.125  -20.091  13.245 0.3000000119
136795  -31.506  -19.366  12.601 0.3000000119
60429  -32.274  -18.727  11.852 0.3000000119
59405  -31.040  -19.674  12.474 0.3000000119
59419  -31.923  -19.024  11.382 0.3000000119
61469  -29.792  -16.920  13.828 0.3000000119
61470  -30.869  -17.220  13.413 0.3000000119
61420  -31.175  -18.816  13.297 0.3000000119
61421  -31.871  -18.953  12.913 0.3000000119
60400  -31.636  -19.481  13.702 0.3000000119
61449  -31.743  -18.302  13.362 0.3000000119
60401  -32.230  -18.936  13.157 0.3000000119
60417  -32.682  -18.570  12.899 0.3000000119
60416  -31.759  -19.318  13.179 0.3000000119
60443  -32.686  -18.211  10.564 0.3000000119
60430  -32.829  -18.237  11.697 0.3000000119
59446  -32.629  -18.309  9.397 0.3000000119
61494  -29.240  -16.018  13.584 0.3000000119
61495  -30.365  -16.448  13.241 0.3000000119
61448  -31.091  -17.931  13.425 0.3000000119
61471  -31.693  -17.629  13.152 0.3000000119
61450  -32.576  -18.569  12.815 0.3000000119
59434  -33.044  -18.265  10.186 0.3000000119
27188  -22.111  -54.521  17.331 0.4000000060
35243  -17.417  -45.167  17.667 0.3000000119
142778  -20.031  -45.175  20.970 0.4000000060
34378  -20.683  -46.584  21.444 0.4000000060
35233  -18.798  -44.949  19.487 0.4000000060
37645  -19.485  -42.398  18.936 0.4000000060
36794  -19.110  -43.205  19.259 0.4000000060
47661  -32.778  -30.570  20.866 0.3000000119
53140  -29.698  -25.685  18.300 0.3000000119
52114  -34.067  -26.951  18.829 0.3000000119
53246  -30.552  -25.539  13.019 0.4000000060
57241  -27.164  -21.820  16.750 0.3000000119
129311  -27.036  -20.771  16.566 0.3000000119
59402  -25.492  -19.121  14.012 0.3000000119
57256  -28.021  -21.416  16.468 0.3000000119
130548  -26.088  -18.518  14.021 0.3000000119
53159  -34.406  -25.251  17.576 0.3000000119
35231  -17.579  -45.886  17.979 0.4000000060
34406  -18.038  -46.037  18.748 0.4000000060
35222  -19.263  -45.363  20.394 0.4000000060
135556  -16.517  -43.699  17.580 0.3000000119
36793  -18.338  -43.691  18.564 0.4000000060
53141  -30.637  -25.627  18.477 0.3000000119
57242  -27.864  -22.016  16.467 0.3000000119
55163  -29.990  -23.664  17.516 0.3000000119
55164  -30.882  -23.239  17.840 0.3000000119
147098  -33.814  -24.369  15.840 0.3000000119
56181  -29.301  -22.741  16.616 0.3000000119
56182  -30.484  -21.988  17.379 0.3000000119
59403  -26.940  -18.529  14.065 0.3000000119
60414  -26.247  -18.195  13.454 0.3000000119
56149  -33.133  -22.694  17.140 0.3000000119
56167  -32.497  -22.072  17.653 0.3000000119
59388  -29.278  -20.225  14.957 0.3000000119
57245  -31.646  -19.978  17.007 0.3000000119
58292  -31.010  -21.006  15.155 0.3000000119
57258  -32.920  -21.116  15.061 0.3000000119
59389  -31.318  -20.232  13.975 0.3000000119
61472  -32.515  -17.889  12.849 0.3000000119
34414  -17.153  -46.056  17.448 0.4000000060
37679  -30.746  -42.564  16.168 0.4000000060
129878  -18.349  -56.655  21.200 0.3000000119
25161  -17.768  -56.688  20.103 0.3000000119
24161  -18.811  -56.951  22.201 0.3000000119
36810  -16.586  -42.861  17.929 0.3000000119
37657  -17.163  -42.166  17.870 0.3000000119
33507  -17.954  -47.405  20.085 0.3000000119
34391  -18.153  -46.579  19.610 0.3000000119
34392  -18.859  -46.143  20.561 0.3000000119
33494  -19.385  -47.625  21.510 0.3000000119
33508  -18.502  -47.001  20.802 0.3000000119
34405  -17.667  -46.620  17.998 0.3000000119
36840  -30.444  -43.499  15.978 0.3000000119
21114  -24.941  -60.301  24.574 0.4000000060
21129  -25.644  -60.159  23.817 0.4000000060
21143  -25.723  -60.580  23.044 0.5000000000
22153  -26.366  -59.053  21.822 0.5000000000
23127  -25.944  -58.815  24.319 0.5000000000
23153  -26.429  -58.537  22.468 0.5000000000
23170  -17.694  -57.721  21.616 0.4000000060
24092  -25.266  -57.588  25.003 0.5000000000
24162  -26.613  -57.551  21.684 0.5000000000
24180  -25.488  -57.666  20.062 0.6000000238
25117  -20.718  -56.681  23.416 0.6000000238
25130  -19.517  -56.579  22.521 0.3000000119
25179  -24.799  -56.406  19.247 0.6000000238
26132  -27.334  -55.304  22.632 0.5000000000
26153  -26.388  -55.941  20.748 0.6000000238
28096  -28.212  -52.991  23.240 0.5000000000
29078  -20.750  -52.206  22.642 0.5000000000
29080  -22.135  -52.112  23.383 0.6000000238
29114  -25.776  -53.094  19.162 0.6999999881
29985  -28.541  -51.724  23.356 0.6999999881
29996  -28.900  -51.719  22.801 0.8000000119
30016  -19.728  -51.609  22.236 0.4000000060
30080  -22.219  -51.046  15.963 0.6999999881
30881  -28.541  -50.452  23.409 0.8000000119
30892  -22.795  -50.006  23.346 0.5000000000
30966  -21.861  -50.433  16.910 0.6999999881
31773  -29.285  -50.300  21.214 0.8000000119
31849  -21.953  -49.521  15.987 0.6999999881
32621  -25.615  -48.421  22.988 0.6000000238
32723  -24.430  -47.824  15.618 0.6999999881
33482  -28.623  -47.474  23.051 0.6999999881
33511  -31.175  -47.165  20.875 0.8000000119
33529  -24.891  -47.451  17.991 0.6999999881
33563  -25.992  -47.122  14.920 0.6999999881
34396  -31.555  -46.090  21.020 0.8000000119
35195  -25.388  -45.183  22.397 0.6000000238
35213  -23.877  -45.276  21.948 0.6000000238
35215  -31.601  -45.726  21.307 0.6999999881
35234  -28.967  -45.781  19.001 0.8000000119
35236  -30.757  -45.243  19.792 0.8000000119
35294  -25.589  -45.166  15.076 0.8000000119
35295  -26.552  -45.107  14.747 0.6999999881
35297  -28.934  -46.018  14.338 0.5000000000
36007  -27.648  -44.795  22.246 0.6000000238
36009  -29.568  -44.415  22.650 0.8000000119
36022  -22.127  -44.884  21.384 0.6000000238
36055  -31.561  -44.055  20.246 0.8000000119
36063  -15.978  -44.380  17.326 0.3000000119
36102  -29.986  -45.050  15.163 0.4000000060
36113  -29.702  -45.160  14.784 0.5000000000
36822  -27.178  -43.181  17.916 0.8000000119
36831  -30.571  -43.927  16.015 0.4000000060
36845  -24.797  -43.682  15.663 0.8000000119
36846  -25.194  -43.672  15.316 0.8000000119
37658  -18.099  -42.304  17.895 0.3000000119
37671  -24.228  -42.217  16.093 0.8000000119
38437  -24.365  -41.731  21.270 0.5000000000
38480  -29.280  -41.697  18.587 0.8000000119
38483  -23.880  -41.242  16.716 1.0000000000
38487  -27.703  -41.134  17.981 0.8000000119
38509  -24.243  -42.051  14.715 0.8000000119
38513  -28.537  -40.956  14.672 0.6999999881
39167  -24.239  -40.031  20.922 0.5000000000
39196  -24.700  -40.912  17.048 0.8000000119
39223  -26.653  -40.441  14.387 0.6999999881
39925  -23.925  -39.187  16.322 0.8000000119
39927  -25.257  -39.656  16.992 0.8000000119
39933  -23.541  -39.519  15.888 1.0000000000
40662  -26.517  -38.509  16.660 0.8000000119
40676  -23.497  -38.853  15.555 0.8000000119
40687  -23.570  -38.753  14.896 0.8999999762
40694  -30.876  -37.322  14.784 0.6000000238
41437  -29.756  -37.955  17.865 0.6999999881
41446  -23.989  -37.900  16.395 0.8000000119
41470  -23.384  -37.501  15.299 0.8000000119
42313  -30.352  -36.492  17.020 0.6999999881
42323  -23.778  -37.215  15.954 0.8000000119
42357  -28.437  -36.585  14.447 0.6999999881
42358  -29.339  -36.504  14.252 0.6999999881
42369  -23.849  -36.342  14.053 0.8000000119
43298  -30.582  -34.876  16.571 0.6999999881
43318  -23.461  -35.942  14.563 0.8000000119
44204  -30.395  -33.809  16.630 0.8000000119
44231  -24.991  -34.324  13.397 0.8000000119
44983  -29.098  -33.750  16.122 0.8000000119
45780  -24.199  -32.879  15.470 0.8000000119
47727  -24.493  -30.837  14.378 0.8000000119
47728  -25.002  -30.918  14.673 0.8000000119
47747  -23.999  -30.216  13.856 0.8000000119
48747  -29.013  -29.452  21.205 0.3000000119
50001  -22.924  -28.709  12.987 0.6999999881
50011  -22.959  -28.778  12.258 0.6999999881
50026  -23.351  -28.182  11.548 0.6999999881
51078  -28.927  -28.020  19.346 0.3000000119
51189  -22.996  -27.280  11.042 0.6000000238
51191  -24.982  -27.447  11.231 0.5000000000
52209  -23.868  -26.239  12.794 0.6000000238
52227  -22.670  -26.637  12.019 0.5000000000
52228  -22.980  -26.033  12.077 0.5000000000
52241  -22.790  -26.315  11.490 0.6999999881
52261  -23.798  -25.924  10.873 0.5000000000
53264  -24.058  -25.673  12.054 0.6000000238
53265  -25.146  -25.264  12.206 0.6000000238
53292  -24.579  -25.421  10.941 0.5000000000
54141  -34.296  -24.633  17.923 0.3000000119
54195  -32.742  -24.859  14.724 0.3000000119
54218  -25.900  -24.788  12.446 0.6000000238
54230  -26.271  -24.627  11.905 0.5000000000
55167  -34.114  -23.268  17.028 0.3000000119
55182  -30.361  -22.758  17.525 0.3000000119
55197  -33.503  -23.188  15.424 0.3000000119
56169  -33.950  -22.601  16.650 0.3000000119
56179  -27.467  -22.651  16.864 0.3000000119
57274  -25.822  -20.053  15.476 0.4000000060
57327  -29.463  -21.235  8.860 0.4000000060
59443  -30.685  -18.273  8.308 0.3000000119
62446  -32.474  -17.296  12.686 0.3000000119
125650  -23.238  -48.755  22.920 0.5000000000
126195  -31.848  -41.358  19.471 0.6999999881
129547  -26.389  -49.579  23.584 0.6000000238
130196  -19.691  -54.988  22.196 0.5000000000
130991  -25.543  -46.072  14.567 0.6999999881
131197  -24.910  -35.950  16.460 0.8000000119
131208  -25.498  -55.300  19.499 0.6000000238
132512  -23.590  -47.048  16.714 0.6999999881
134714  -29.068  -39.900  18.175 0.6999999881
135636  -24.617  -39.129  14.494 0.8999999762
135844  -33.909  -21.974  16.437 0.3000000119
135918  -29.135  -43.917  14.412 0.5000000000
136217  -23.389  -52.540  15.395 0.5000000000
137107  -22.941  -58.115  24.803 0.5000000000
137669  -27.298  -32.508  13.066 0.6000000238
138381  -25.596  -55.238  24.592 0.5000000000
139695  -29.008  -32.133  15.933 0.8000000119
140255  -27.528  -43.545  22.065 0.8000000119
140910  -28.650  -29.911  12.263 0.5000000000
142328  -23.105  -25.994  10.966 0.5000000000
142558  -30.384  -43.193  15.900 0.5000000000
142691  -28.516  -43.651  18.655 0.8999999762
142712  -28.567  -36.449  17.145 0.6999999881
143878  -18.091  -56.296  20.492 0.3000000119
144399  -27.228  -46.348  18.565 0.8000000119
144590  -33.082  -38.347  21.043 0.6999999881
145496  -29.928  -40.956  18.750 0.8000000119
145746  -29.543  -44.911  14.541 0.5000000000
146174  -27.998  -46.445  14.490 0.5000000000
146269  -23.851  -39.848  15.044 0.8999999762
146381  -31.042  -40.421  22.182 0.6999999881
146653  -26.138  -52.567  23.988 0.6000000238
147840  -29.830  -31.474  16.382 0.8000000119
148031  -28.246  -37.159  14.760 0.6999999881
148064  -30.354  -48.346  20.905 0.6999999881
148160  -27.955  -32.708  15.916 0.8000000119
148306  -27.946  -46.519  18.867 0.8000000119
148486  -27.058  -27.223  11.119 0.5000000000
148894  -25.496  -41.483  14.191 0.8000000119
149241  -30.884  -47.034  22.193 0.6999999881
149487  -23.768  -35.700  14.432 0.8000000119
150925  -22.792  -26.631  11.070 0.6999999881
