#!ascii label  , from subject sub-02 vox2ras=TkReg
1471
1513  -15.854  -88.874  15.348 0.5000000000
1512  -15.364  -89.349  14.810 0.6000000238
150705  -23.995  -83.706  19.695 0.3000000119
1142  -14.827  -90.029  14.812 0.5000000000
2321  -22.510  -85.588  17.694 0.4000000060
2771  -23.432  -85.154  18.343 0.4000000060
2761  -24.350  -84.494  18.636 0.4000000060
3180  -24.155  -84.286  19.373 0.3000000119
2322  -23.052  -85.220  17.566 0.4000000060
2375  -16.079  -86.043  12.927 0.5000000000
2362  -15.669  -86.830  13.189 0.5000000000
1919  -16.517  -87.634  15.055 0.5000000000
2373  -14.498  -86.508  12.531 0.6000000238
1938  -14.838  -87.023  12.918 0.5000000000
1518  -14.967  -88.455  14.229 0.6000000238
4063  -23.690  -82.336  20.246 0.3000000119
1517  -14.174  -88.579  13.926 0.5000000000
2339  -20.860  -86.146  16.510 0.5000000000
2320  -21.613  -85.912  17.523 0.5000000000
3634  -24.154  -83.098  19.676 0.3000000119
1937  -14.117  -87.194  13.057 0.6000000238
145651  -14.022  -89.488  14.332 0.5000000000
2787  -22.446  -84.778  16.400 0.5000000000
2777  -22.115  -85.277  16.872 0.4000000060
2775  -24.147  -84.444  17.802 0.4000000060
3642  -24.554  -83.522  18.727 0.3000000119
3641  -24.398  -83.696  19.234 0.3000000119
145287  -21.191  -84.219  15.958 0.4000000060
2788  -23.437  -84.485  16.488 0.4000000060
3208  -24.196  -84.264  16.698 0.4000000060
3220  -23.085  -84.155  16.007 0.4000000060
3717  -15.129  -83.314  11.006 0.6999999881
3711  -15.316  -83.983  11.339 0.6999999881
3244  -16.328  -84.499  12.406 0.6999999881
1911  -17.330  -87.579  15.525 0.5000000000
3715  -12.470  -83.472  10.395 0.6999999881
3716  -13.238  -83.724  10.576 0.6999999881
2827  -14.641  -85.240  11.565 0.8000000119
2818  -15.506  -85.491  12.230 0.5000000000
2817  -14.588  -85.939  11.994 0.6999999881
1912  -18.691  -87.785  15.877 0.5000000000
2824  -12.840  -84.719  11.000 0.6999999881
2336  -18.892  -87.129  15.630 0.4000000060
2338  -20.275  -86.253  15.875 0.5000000000
5084  -24.158  -80.359  21.429 0.3000000119
2816  -13.965  -85.876  12.366 0.6000000238
2784  -19.672  -86.075  15.474 0.5000000000
129082  -20.739  -85.526  16.084 0.5000000000
4571  -24.183  -81.619  20.494 0.3000000119
137007  -14.251  -85.985  12.239 0.5000000000
3230  -19.640  -84.483  15.339 0.5000000000
3688  -20.844  -82.818  13.985 0.4000000060
131050  -20.813  -83.147  14.937 0.4000000060
3221  -23.888  -84.007  16.111 0.4000000060
3203  -25.059  -83.857  17.284 0.4000000060
3200  -24.806  -83.817  17.855 0.4000000060
3676  -21.833  -82.905  14.759 0.3000000119
3664  -22.528  -83.411  15.514 0.4000000060
5212  -11.425  -80.824  10.270 0.5000000000
4668  -11.460  -81.480  10.102 0.6000000238
5214  -13.220  -80.772  10.628 0.6000000238
130346  -13.228  -82.241  10.525 0.6000000238
4158  -13.933  -82.949  10.936 0.6000000238
5812  -9.777  -79.675  11.549 0.5000000000
5202  -10.012  -80.318  11.096 0.5000000000
4654  -10.363  -81.116  11.173 0.6000000238
147394  -11.786  -81.945  9.878 0.6000000238
4156  -12.242  -82.437  9.960 0.6999999881
2806  -16.852  -85.459  13.611 0.6000000238
6893  -24.795  -78.055  24.893 0.3000000119
5791  -8.931  -79.793  13.066 0.6999999881
5196  -9.457  -80.204  12.511 0.6000000238
5192  -9.921  -80.863  13.052 0.6000000238
4655  -10.880  -82.114  11.779 0.6999999881
3698  -11.655  -83.483  11.144 0.6999999881
2820  -17.356  -84.636  13.389 0.6000000238
2807  -17.567  -85.050  14.021 0.6000000238
2350  -18.365  -86.431  15.278 0.5000000000
6396  -8.204  -78.644  12.563 0.6999999881
5183  -9.477  -80.349  13.471 0.6000000238
5184  -10.098  -80.638  14.238 0.6000000238
4647  -10.395  -81.390  12.413 0.6000000238
4127  -11.423  -82.701  12.947 0.6999999881
3685  -12.184  -83.927  13.030 0.6999999881
2351  -18.920  -86.050  15.284 0.5000000000
5690  -24.000  -79.878  22.035 0.3000000119
6376  -7.944  -78.515  13.994 0.6999999881
5755  -9.537  -79.322  15.252 0.6000000238
5776  -9.971  -80.015  14.936 0.6999999881
4637  -11.621  -81.649  14.234 0.6000000238
4649  -11.980  -82.329  13.946 0.6000000238
2804  -13.420  -85.400  12.403 0.6999999881
3238  -18.238  -84.250  13.975 0.5000000000
147436  -18.498  -84.168  14.169 0.5000000000
5168  -10.724  -80.314  15.186 0.6000000238
5186  -12.088  -81.240  15.055 0.6000000238
150269  -13.051  -83.143  14.202 0.6000000238
3236  -13.528  -85.509  13.611 0.6000000238
2805  -13.695  -86.307  13.183 0.6000000238
3247  -18.451  -83.752  13.654 0.5000000000
4065  -24.876  -82.404  19.394 0.3000000119
6369  -10.058  -78.665  16.104 0.6999999881
149102  -11.545  -79.406  16.308 0.6000000238
5169  -11.645  -80.502  15.474 0.6000000238
4628  -13.054  -81.498  15.342 0.6000000238
4639  -13.493  -82.275  14.992 0.5000000000
4112  -14.245  -82.791  15.445 0.5000000000
2783  -13.445  -85.464  15.063 0.5000000000
3687  -19.548  -83.158  13.639 0.5000000000
4129  -22.781  -82.385  13.226 0.3000000119
3690  -23.050  -82.572  13.802 0.3000000119
3677  -22.839  -82.841  14.672 0.3000000119
3666  -24.098  -83.181  15.714 0.4000000060
3222  -24.531  -83.812  16.416 0.4000000060
2793  -13.016  -86.331  14.648 0.5000000000
4143  -20.984  -82.315  12.785 0.3000000119
3704  -21.574  -82.499  13.232 0.3000000119
3665  -23.353  -83.338  15.575 0.4000000060
6398  -11.168  -78.312  11.680 0.5000000000
128454  -11.029  -79.199  11.225 0.5000000000
6412  -12.549  -79.094  11.555 0.5000000000
5815  -12.398  -79.359  11.059 0.5000000000
149009  -10.518  -76.840  12.428 0.5000000000
7006  -10.242  -77.507  12.015 0.5000000000
6410  -9.339  -79.068  11.878 0.5000000000
5814  -11.087  -80.072  10.700 0.5000000000
5831  -12.844  -80.023  10.877 0.5000000000
128741  -14.440  -81.323  10.762 0.6000000238
4159  -15.048  -82.494  10.814 0.6000000238
124582  -9.338  -77.744  12.317 0.5000000000
4160  -16.012  -82.853  11.117 0.6000000238
3256  -16.298  -83.929  11.920 0.8000000119
5635  -25.737  -78.884  26.009 0.3000000119
7004  -7.817  -77.270  12.905 0.6000000238
7005  -8.326  -77.979  12.499 0.6000000238
6397  -8.691  -79.026  12.217 0.6000000238
4149  -17.065  -82.937  11.776 0.4000000060
6259  -25.306  -78.393  25.513 0.3000000119
6385  -7.488  -77.970  13.509 0.6999999881
3700  -17.833  -83.450  12.416 0.5000000000
132412  -17.100  -84.345  12.838 0.6000000238
6281  -25.014  -78.474  23.011 0.3000000119
5675  -24.703  -79.177  22.359 0.3000000119
6367  -7.673  -77.590  14.420 0.6999999881
3714  -18.237  -83.142  12.295 0.4000000060
5691  -24.916  -79.849  21.452 0.3000000119
138036  -8.184  -78.046  15.161 0.6000000238
6368  -9.083  -78.306  15.757 0.6999999881
3701  -18.196  -83.399  12.748 0.4000000060
145110  -24.697  -82.930  18.878 0.3000000119
6354  -8.735  -77.176  16.226 0.6000000238
6355  -9.641  -77.630  16.762 0.6999999881
5757  -12.152  -79.840  16.180 0.6000000238
5171  -13.446  -81.130  16.048 0.5000000000
4620  -14.160  -81.537  16.529 0.5000000000
3228  -13.719  -84.918  14.719 0.6000000238
4141  -18.808  -83.036  12.572 0.4000000060
136309  -19.248  -83.092  13.089 0.4000000060
4664  -21.558  -81.503  11.871 0.3000000119
4154  -22.221  -81.948  12.286 0.3000000119
4657  -23.595  -81.433  12.679 0.3000000119
4130  -23.441  -82.131  13.652 0.3000000119
3679  -24.027  -82.467  15.047 0.4000000060
4087  -24.863  -83.074  18.388 0.3000000119
5741  -11.774  -79.033  16.833 0.6000000238
5154  -13.716  -80.366  17.123 0.5000000000
5155  -14.329  -81.079  17.218 0.5000000000
4630  -14.433  -82.334  16.326 0.5000000000
3660  -14.198  -83.813  15.886 0.5000000000
3215  -13.164  -84.912  15.755 0.6000000238
2782  -12.671  -85.662  15.243 0.5000000000
4142  -19.840  -82.656  12.696 0.3000000119
4153  -21.454  -82.099  12.284 0.3000000119
5742  -12.840  -79.615  17.074 0.5000000000
4621  -14.508  -81.804  17.086 0.5000000000
3653  -13.344  -83.700  17.063 0.5000000000
3647  -13.475  -82.590  17.813 0.5000000000
7668  -10.771  -76.352  12.750 0.5000000000
7007  -10.831  -77.323  12.132 0.5000000000
6399  -11.755  -78.433  11.989 0.5000000000
145569  -13.196  -78.910  12.730 0.5000000000
6413  -13.592  -79.139  11.658 0.5000000000
5816  -13.351  -79.312  11.118 0.5000000000
131279  -9.257  -75.980  12.642 0.5000000000
7015  -10.631  -78.157  11.723 0.5000000000
5833  -14.816  -79.693  10.827 0.4000000060
7665  -8.830  -77.053  12.655 0.5000000000
5216  -15.141  -80.676  10.616 0.4000000060
5023  -25.819  -79.992  27.264 0.3000000119
5024  -26.184  -80.168  26.605 0.3000000119
143435  -8.249  -76.309  12.853 0.6000000238
128791  -15.840  -81.170  10.449 0.4000000060
125086  -15.877  -82.038  10.813 0.4000000060
8355  -7.797  -75.513  13.087 0.6000000238
6993  -7.233  -77.261  13.540 0.6000000238
130676  -25.509  -78.374  24.628 0.3000000119
6271  -25.692  -78.333  23.833 0.3000000119
6980  -7.183  -77.180  14.126 0.6000000238
4150  -18.083  -82.878  11.686 0.4000000060
6979  -6.629  -76.717  14.763 0.6000000238
4661  -18.781  -82.385  11.153 0.4000000060
130572  -18.714  -82.744  11.953 0.4000000060
5098  -25.400  -80.153  20.713 0.3000000119
6966  -7.201  -76.979  14.795 0.6999999881
4151  -19.431  -82.477  12.156 0.3000000119
4663  -20.681  -81.515  11.732 0.3000000119
6996  -11.444  -77.076  13.468 0.5000000000
6387  -11.667  -77.980  13.140 0.5000000000
6388  -12.546  -78.207  13.691 0.5000000000
6401  -14.130  -79.000  12.373 0.4000000060
7667  -10.545  -76.137  12.669 0.5000000000
6414  -14.791  -78.947  11.353 0.4000000060
5817  -14.356  -79.117  11.047 0.4000000060
8361  -10.507  -75.329  12.607 0.6000000238
5819  -16.282  -78.729  10.911 0.4000000060
5835  -16.875  -79.400  10.567 0.4000000060
5652  -26.408  -79.480  24.432 0.3000000119
5616  -26.097  -79.636  25.923 0.3000000119
8354  -6.990  -75.591  13.547 0.6000000238
134293  -17.236  -80.492  10.335 0.4000000060
4161  -17.370  -82.413  11.187 0.4000000060
134174  -18.079  -80.475  10.417 0.4000000060
148930  -19.070  -80.901  10.689 0.4000000060
130723  -19.877  -81.831  11.628 0.3000000119
125447  -20.144  -80.985  11.170 0.3000000119
126233  -6.815  -76.611  15.516 0.6000000238
7653  -11.551  -76.164  13.557 0.5000000000
149485  -12.024  -77.399  13.932 0.5000000000
142201  -13.142  -78.110  14.498 0.4000000060
6389  -13.517  -78.704  13.572 0.4000000060
7669  -11.224  -75.728  12.983 0.5000000000
5792  -15.569  -79.457  13.027 0.4000000060
8360  -9.856  -75.347  12.627 0.6000000238
9062  -10.922  -74.504  12.392 0.6000000238
8362  -12.014  -74.990  12.580 0.6000000238
6403  -16.155  -78.897  11.761 0.4000000060
9057  -8.419  -74.661  12.941 0.6000000238
127327  -10.071  -74.496  12.554 0.6000000238
5803  -17.110  -78.818  11.551 0.4000000060
5836  -17.793  -78.955  11.052 0.4000000060
9056  -7.507  -74.461  13.377 0.6000000238
5218  -17.637  -79.726  10.460 0.4000000060
5821  -18.653  -79.497  11.351 0.4000000060
5204  -18.975  -79.821  10.859 0.4000000060
5805  -19.605  -79.620  11.898 0.4000000060
6294  -25.754  -78.828  22.374 0.3000000119
6283  -26.994  -78.780  22.904 0.3000000119
9055  -6.440  -74.686  13.730 0.6000000238
5822  -20.207  -80.121  11.407 0.4000000060
5099  -26.094  -80.011  20.121 0.3000000119
5676  -25.547  -79.257  21.775 0.3000000119
135281  -6.008  -76.255  14.135 0.6000000238
6965  -6.088  -76.727  15.386 0.6000000238
8349  -5.441  -74.728  14.674 0.6999999881
139744  -7.329  -72.714  15.286 0.6999999881
8340  -5.456  -75.744  14.520 0.6000000238
9050  -5.719  -73.829  14.921 0.6999999881
9816  -6.436  -73.298  15.580 0.6999999881
8339  -4.924  -75.326  15.221 0.6000000238
9817  -8.518  -72.621  15.667 0.6999999881
9807  -9.277  -72.750  16.518 0.6000000238
9815  -5.642  -73.735  15.921 0.6999999881
9806  -8.116  -72.833  16.319 0.6999999881
6981  -12.155  -76.660  14.203 0.5000000000
6968  -13.352  -76.964  15.379 0.5000000000
8356  -12.139  -75.397  13.023 0.5000000000
7655  -13.391  -75.771  14.068 0.5000000000
7636  -13.068  -76.405  14.854 0.5000000000
6370  -14.398  -77.821  15.697 0.5000000000
6379  -14.551  -78.607  15.128 0.4000000060
6390  -14.509  -79.100  13.604 0.4000000060
133991  -11.191  -73.799  12.279 0.6000000238
9063  -11.784  -74.290  12.422 0.6000000238
8363  -12.941  -74.796  12.605 0.6000000238
8357  -13.066  -75.218  13.141 0.6000000238
5793  -16.062  -79.731  13.809 0.4000000060
9058  -9.227  -74.007  12.857 0.6000000238
9839  -12.694  -73.669  12.482 0.6000000238
8364  -13.830  -75.084  11.953 0.6000000238
139408  -16.563  -79.392  12.750 0.4000000060
139173  -8.376  -73.675  13.178 0.6000000238
9832  -9.148  -73.019  12.920 0.6000000238
137981  -10.885  -72.108  12.665 0.6000000238
11469  -12.218  -71.944  12.685 0.6000000238
146638  -13.426  -73.197  12.383 0.6000000238
142802  -18.503  -79.541  12.412 0.4000000060
5797  -20.246  -79.772  13.762 0.4000000060
9831  -8.398  -72.828  13.413 0.6000000238
10648  -10.680  -71.707  13.066 0.6000000238
10649  -11.519  -71.748  12.852 0.6000000238
10650  -12.998  -71.903  12.739 0.6000000238
10659  -14.486  -72.804  12.429 0.6000000238
147358  -20.199  -79.673  12.682 0.4000000060
9830  -7.625  -73.284  13.589 0.6000000238
10640  -9.336  -72.244  14.320 0.5000000000
10641  -10.742  -71.693  14.036 0.6000000238
11452  -11.870  -71.602  13.492 0.6000000238
11464  -13.200  -71.675  13.375 0.6000000238
10652  -14.769  -72.755  13.207 0.6999999881
143854  -5.789  -74.977  14.079 0.6999999881
138415  -7.834  -72.632  13.894 0.6000000238
125256  -10.101  -71.907  14.728 0.6000000238
10642  -11.657  -71.681  14.353 0.6000000238
10643  -14.003  -71.950  13.773 0.6000000238
9826  -15.563  -73.439  13.917 0.6000000238
9059  -17.452  -73.762  13.139 0.6000000238
10631  -12.577  -71.847  14.864 0.6000000238
134958  -14.031  -72.040  14.629 0.6000000238
10644  -14.818  -72.850  14.438 0.6000000238
9827  -16.558  -73.858  13.992 0.6000000238
10628  -9.492  -72.386  15.457 0.6000000238
10629  -10.899  -71.889  15.089 0.6000000238
10633  -14.320  -72.698  15.415 0.5000000000
9818  -15.355  -73.592  15.408 0.6000000238
9820  -16.938  -74.227  14.904 0.6000000238
10617  -12.652  -72.229  15.837 0.5000000000
9804  -6.428  -73.192  16.531 0.6999999881
9791  -9.367  -72.914  17.294 0.6999999881
125257  -10.048  -72.776  17.228 0.5000000000
10616  -11.881  -72.420  16.388 0.6000000238
10618  -13.542  -72.702  16.247 0.5000000000
9810  -14.663  -73.591  16.344 0.5000000000
10601  -13.111  -72.937  17.131 0.6000000238
129423  -9.807  -70.875  20.275 0.6000000238
12194  -9.112  -70.459  21.092 0.6000000238
143397  -8.348  -70.354  21.390 0.6000000238
142699  -13.698  -76.651  15.350 0.5000000000
7637  -13.907  -76.133  15.009 0.5000000000
6970  -14.952  -77.598  15.801 0.5000000000
5758  -15.546  -79.058  15.686 0.5000000000
5778  -16.126  -79.796  14.845 0.4000000060
9067  -14.419  -73.905  11.762 0.5000000000
8358  -14.267  -75.635  12.568 0.5000000000
8365  -15.483  -75.821  12.137 0.5000000000
5779  -17.041  -80.068  14.929 0.4000000060
5780  -17.956  -80.139  15.085 0.4000000060
8371  -14.927  -75.182  11.727 0.5000000000
8366  -16.527  -75.791  11.741 0.5000000000
5804  -17.530  -79.358  12.647 0.4000000060
145514  -18.695  -80.109  14.349 0.4000000060
5781  -19.444  -80.124  14.431 0.4000000060
9841  -15.349  -73.133  11.890 0.5000000000
9070  -16.331  -74.732  11.442 0.5000000000
9069  -15.509  -74.522  11.487 0.5000000000
5796  -19.268  -79.743  13.301 0.4000000060
9842  -16.084  -73.422  12.138 0.6000000238
9849  -16.671  -74.569  11.728 0.6000000238
125771  -16.612  -74.099  13.153 0.6000000238
9843  -16.969  -74.238  12.373 0.5000000000
10653  -17.464  -73.204  13.641 0.4000000060
125830  -17.833  -73.117  12.749 0.4000000060
9845  -18.586  -72.827  11.700 0.4000000060
9821  -17.484  -73.758  15.309 0.6000000238
10645  -17.406  -73.117  14.548 0.6000000238
11465  -16.775  -71.637  12.617 0.5000000000
11471  -17.444  -72.224  12.504 0.4000000060
10661  -17.955  -72.252  11.861 0.4000000060
11476  -17.596  -71.225  11.744 0.4000000060
9803  -5.500  -73.555  16.890 0.6999999881
9819  -16.371  -74.145  15.382 0.6000000238
11454  -16.368  -71.601  13.739 0.5000000000
11470  -16.824  -71.143  11.786 0.4000000060
125996  -9.825  -73.056  17.918 0.6000000238
9809  -13.885  -73.157  16.989 0.5000000000
9811  -15.954  -74.185  16.148 0.5000000000
11455  -17.198  -72.370  14.689 0.5000000000
131038  -15.515  -70.822  13.324 0.5000000000
12308  -16.024  -70.931  12.335 0.4000000060
12316  -16.015  -70.296  11.721 0.4000000060
9793  -11.616  -72.995  17.905 0.6000000238
9038  -17.268  -74.246  16.688 0.5000000000
12214  -11.842  -71.178  19.316 0.6999999881
12196  -11.371  -71.183  20.305 0.6000000238
11399  -12.471  -71.335  20.016 0.6999999881
12174  -10.939  -70.827  21.335 0.6000000238
11383  -12.953  -71.416  20.746 0.6000000238
140262  -8.790  -70.407  22.116 0.6000000238
11364  -11.595  -70.885  22.033 0.6000000238
11365  -12.542  -71.189  21.775 0.6000000238
143583  -13.960  -71.369  21.977 0.6000000238
130629  -14.729  -71.186  23.031 0.6000000238
12171  -7.911  -70.462  22.085 0.5000000000
12152  -10.353  -70.607  22.748 0.6000000238
12153  -11.229  -70.835  22.814 0.6000000238
11347  -12.092  -71.088  22.730 0.6000000238
11349  -14.093  -71.628  22.784 0.6000000238
6371  -14.980  -78.276  15.899 0.5000000000
12149  -7.372  -70.701  22.891 0.5000000000
12151  -9.345  -70.743  23.001 0.5000000000
11329  -12.468  -71.592  23.235 0.5000000000
149742  -13.988  -72.085  23.108 0.5000000000
127286  -14.415  -76.064  13.795 0.4000000060
137528  -15.786  -76.681  14.468 0.5000000000
146654  -16.125  -79.056  16.357 0.5000000000
5759  -16.431  -79.656  15.798 0.4000000060
11325  -8.674  -71.590  23.452 0.5000000000
11327  -10.381  -71.705  23.659 0.5000000000
10502  -12.734  -72.436  23.475 0.5000000000
10503  -13.891  -72.556  23.358 0.5000000000
7657  -16.504  -76.618  13.385 0.5000000000
5761  -18.057  -80.228  16.104 0.4000000060
137330  -18.935  -80.381  16.221 0.4000000060
126090  -19.880  -80.347  16.102 0.4000000060
11346  -7.750  -71.692  23.306 0.5000000000
10499  -9.888  -72.513  23.641 0.5000000000
10501  -11.729  -72.687  23.564 0.6000000238
140794  -12.502  -73.175  23.426 0.6000000238
5762  -19.557  -80.332  15.332 0.4000000060
10533  -9.086  -73.160  21.989 0.6000000238
9702  -10.516  -73.458  22.785 0.6000000238
9686  -11.052  -73.224  23.233 0.6999999881
142890  -17.325  -75.298  11.548 0.4000000060
9071  -17.209  -74.989  11.599 0.5000000000
10566  -5.806  -72.814  20.387 0.6000000238
9850  -17.591  -74.392  11.922 0.5000000000
9851  -18.905  -73.700  11.659 0.4000000060
9757  -5.436  -73.090  19.327 0.6000000238
135560  -18.320  -73.771  11.831 0.4000000060
9773  -5.880  -72.971  18.338 0.6000000238
124408  -8.050  -72.749  17.899 0.6000000238
10664  -18.313  -71.890  11.697 0.4000000060
9776  -9.618  -73.057  18.604 0.6000000238
9789  -7.407  -72.881  17.131 0.6999999881
9794  -12.635  -73.397  17.885 0.6000000238
9779  -13.526  -74.006  18.375 0.6000000238
9795  -13.599  -73.616  17.562 0.5000000000
9797  -15.493  -74.471  17.044 0.5000000000
12215  -13.042  -71.138  19.125 0.6999999881
11400  -13.455  -71.277  19.924 0.6999999881
12176  -14.740  -70.723  21.029 0.6000000238
12175  -14.177  -71.274  21.126 0.6000000238
128637  -15.073  -70.322  21.735 0.6000000238
12154  -15.089  -70.472  22.669 0.6000000238
131710  -16.096  -70.224  23.823 0.6999999881
12137  -16.327  -71.191  23.781 0.6000000238
11331  -14.716  -71.928  23.323 0.6000000238
6983  -16.459  -77.403  15.868 0.5000000000
6971  -15.982  -77.769  16.257 0.5000000000
6372  -15.635  -78.363  16.316 0.5000000000
6358  -16.516  -78.536  16.807 0.5000000000
10504  -14.967  -72.572  23.464 0.6000000238
131622  -16.218  -71.981  23.760 0.5000000000
6972  -16.887  -77.756  16.546 0.5000000000
134132  -17.481  -79.828  16.632 0.5000000000
5745  -19.300  -80.127  17.080 0.4000000060
9706  -14.724  -73.623  22.974 0.6000000238
9689  -14.342  -73.180  23.309 0.6000000238
10506  -16.579  -72.342  23.394 0.5000000000
150843  -6.395  -72.722  20.948 0.6000000238
144647  -7.614  -72.833  21.485 0.4000000060
133495  -8.301  -72.945  21.700 0.6000000238
142300  -11.566  -73.791  22.140 0.6000000238
9704  -12.836  -73.681  22.987 0.6000000238
9707  -15.504  -73.433  22.759 0.6000000238
8368  -18.567  -75.474  11.909 0.4000000060
7659  -18.747  -76.593  13.410 0.4000000060
10550  -8.121  -72.698  20.635 0.5000000000
10551  -8.997  -72.995  20.977 0.5000000000
127522  -9.847  -73.288  21.242 0.6000000238
9725  -10.828  -73.620  22.021 0.6999999881
8974  -12.490  -73.966  21.282 0.6000000238
8975  -13.272  -74.161  21.659 0.6000000238
8960  -14.268  -73.967  22.371 0.6000000238
8376  -19.072  -74.933  11.845 0.5000000000
145415  -6.587  -72.537  20.224 0.6000000238
9742  -10.319  -73.295  20.477 0.6000000238
130667  -10.659  -73.485  21.173 0.6000000238
127016  -13.832  -74.163  21.268 0.6000000238
8976  -14.600  -74.048  21.422 0.6000000238
145733  -16.106  -73.189  21.621 0.6000000238
9073  -19.016  -74.415  11.726 0.4000000060
10568  -8.389  -72.582  19.562 0.5000000000
10569  -8.929  -72.842  20.148 0.6000000238
9743  -11.136  -73.452  20.327 0.6000000238
9010  -14.405  -74.354  19.923 0.6000000238
8996  -15.072  -74.142  20.354 0.6000000238
10587  -7.682  -72.502  18.847 0.6000000238
9775  -8.726  -72.741  18.639 0.6000000238
9758  -9.315  -72.931  19.416 0.6000000238
9759  -11.209  -73.403  19.384 0.6000000238
9760  -12.614  -73.947  19.485 0.6000000238
126955  -11.990  -73.408  18.434 0.6000000238
9792  -10.659  -72.989  17.933 0.6000000238
9796  -14.977  -74.708  17.851 0.5000000000
9037  -17.022  -74.446  17.515 0.5000000000
12230  -13.307  -70.514  18.568 0.6999999881
12216  -13.820  -70.868  19.336 0.6999999881
133792  -12.781  -69.477  17.766 0.6999999881
13886  -13.233  -68.999  19.071 0.6999999881
13029  -13.786  -70.092  18.966 0.6999999881
12198  -14.841  -70.115  20.307 0.6999999881
13015  -15.193  -69.659  21.151 0.6000000238
13859  -15.407  -69.068  23.101 0.6000000238
12989  -15.900  -69.344  23.791 0.5000000000
13003  -15.503  -69.896  23.235 0.6999999881
12990  -16.642  -69.590  24.118 0.5000000000
12138  -16.886  -70.412  24.002 0.5000000000
12139  -17.808  -70.482  23.642 0.5000000000
6957  -17.379  -78.340  17.172 0.5000000000
6360  -17.997  -79.018  17.656 0.5000000000
5733  -18.856  -79.461  17.751 0.5000000000
5734  -19.799  -79.599  17.731 0.4000000060
7658  -17.580  -76.663  13.377 0.4000000060
6973  -17.845  -77.464  16.482 0.4000000060
9708  -16.758  -72.592  22.724 0.6000000238
147254  -16.155  -73.111  22.399 0.6000000238
10535  -17.299  -72.292  22.300 0.6000000238
9746  -15.986  -73.332  20.714 0.6000000238
11368  -17.151  -72.111  21.492 0.6000000238
9762  -14.057  -74.344  19.205 0.6000000238
9011  -15.940  -74.258  19.599 0.6000000238
127043  -16.581  -72.220  20.734 0.6000000238
9761  -13.240  -74.106  19.128 0.6000000238
9763  -16.293  -73.755  19.637 0.5000000000
9780  -14.500  -74.423  18.571 0.6000000238
144433  -16.550  -74.309  19.039 0.5000000000
9024  -16.797  -74.453  18.359 0.5000000000
13894  -12.584  -68.607  18.353 0.6999999881
14699  -12.749  -67.962  19.303 0.6999999881
13878  -13.455  -68.189  19.754 0.6999999881
13879  -14.183  -68.435  20.160 0.6999999881
13869  -14.319  -68.017  20.940 0.6000000238
13870  -15.006  -68.522  21.565 0.6999999881
13858  -15.131  -68.683  22.441 0.4000000060
14711  -11.960  -67.493  18.308 0.6999999881
15568  -12.183  -67.653  18.962 0.6999999881
14690  -12.769  -67.528  20.126 0.6000000238
14681  -13.471  -67.596  21.402 0.6000000238
13846  -15.571  -68.717  23.767 0.5000000000
15601  -11.318  -66.405  16.284 0.6999999881
15584  -11.781  -66.531  18.120 0.6999999881
14657  -16.310  -67.968  24.509 0.5000000000
16513  -11.149  -65.386  16.402 0.6999999881
12982  -17.365  -68.978  24.272 0.5000000000
17480  -10.928  -64.839  15.628 0.6000000238
17459  -10.644  -64.436  16.028 0.6000000238
18412  -9.934  -64.088  16.566 0.6000000238
19321  -8.578  -63.128  16.423 0.5000000000
19314  -8.712  -63.073  17.433 0.5000000000
127508  -18.205  -77.921  17.369 0.4000000060
6348  -19.396  -79.017  18.151 0.4000000060
131889  -16.366  -71.996  20.032 0.6000000238
14668  -13.455  -67.499  22.277 0.5000000000
14669  -14.376  -68.005  22.596 0.5000000000
15567  -11.894  -66.790  18.920 0.6000000238
15536  -12.113  -66.924  20.432 0.6000000238
14680  -12.663  -67.274  21.053 0.6000000238
15512  -12.710  -66.964  22.760 0.6000000238
14656  -14.470  -67.667  23.682 0.5000000000
13845  -15.029  -68.382  23.290 0.5000000000
140975  -15.395  -68.051  24.190 0.5000000000
139150  -11.462  -66.110  17.340 0.6999999881
149257  -11.713  -66.269  18.510 0.6000000238
15551  -11.788  -66.438  19.764 0.6000000238
15523  -11.997  -66.714  21.256 0.6000000238
15510  -11.642  -66.034  22.436 0.6000000238
14639  -17.133  -67.512  24.724 0.5000000000
16498  -11.104  -65.341  17.348 0.6999999881
128356  -11.518  -66.001  18.924 0.6000000238
16473  -11.329  -65.715  19.984 0.6000000238
16462  -10.986  -65.481  21.207 0.6000000238
16430  -11.615  -65.555  22.950 0.6000000238
17446  -10.785  -64.584  17.539 0.6000000238
17415  -10.792  -65.384  19.163 0.6000000238
17408  -10.552  -65.130  20.292 0.6000000238
17396  -10.614  -64.833  22.303 0.6000000238
18398  -10.736  -64.293  16.840 0.6000000238
18385  -10.313  -64.432  18.311 0.6000000238
17407  -9.755  -64.394  20.603 0.6000000238
17401  -10.131  -64.693  21.474 0.6000000238
126740  -10.247  -64.117  17.544 0.5000000000
18397  -9.473  -63.546  17.484 0.5000000000
18384  -9.541  -63.777  18.347 0.5000000000
17406  -9.520  -64.010  19.991 0.6000000238
18339  -9.693  -63.637  21.580 0.6000000238
6947  -19.460  -78.137  18.210 0.4000000060
19312  -7.246  -62.386  17.008 0.5000000000
136509  -8.960  -63.139  19.214 0.5000000000
136706  -9.092  -63.247  20.007 0.6000000238
19281  -9.667  -62.526  21.418 0.6000000238
20280  -7.767  -61.957  17.719 0.5000000000
19303  -8.231  -62.382  18.051 0.5000000000
19304  -8.733  -62.968  18.379 0.4000000060
19290  -8.868  -62.299  19.948 0.5000000000
19280  -9.236  -62.392  20.660 0.6000000238
15494  -13.954  -66.861  23.993 0.6000000238
15495  -14.877  -67.167  24.430 0.5000000000
15493  -13.033  -66.425  23.518 0.6000000238
15473  -14.532  -66.300  24.507 0.5000000000
15475  -16.624  -66.653  24.951 0.5000000000
16410  -12.243  -65.477  23.367 0.6999999881
16390  -13.844  -65.081  24.123 0.6999999881
129505  -11.270  -64.863  22.906 0.6000000238
17382  -11.856  -64.960  23.273 0.6999999881
18328  -10.907  -64.007  23.024 0.6000000238
18315  -11.830  -64.178  23.373 0.6999999881
19260  -10.668  -62.960  23.026 0.6000000238
18329  -11.483  -63.222  23.395 0.6999999881
19270  -10.096  -62.729  22.270 0.6000000238
19261  -11.506  -62.320  23.117 0.6999999881
135729  -7.108  -60.801  17.708 0.5000000000
146293  -8.327  -61.051  18.063 0.5000000000
20258  -9.083  -61.496  19.593 0.4000000060
20247  -10.039  -61.543  20.850 0.6000000238
20233  -10.474  -61.824  21.720 0.6000000238
139307  -7.736  -61.005  17.824 0.5000000000
20270  -8.544  -61.572  18.730 0.4000000060
20259  -9.992  -60.903  19.911 0.5000000000
15474  -15.474  -66.495  24.827 0.5000000000
16393  -16.094  -65.822  25.135 0.5000000000
16411  -13.740  -65.962  24.107 0.6000000238
17367  -14.674  -64.797  24.498 0.5000000000
17369  -16.131  -64.254  25.128 0.5000000000
17384  -13.233  -64.394  23.885 0.6999999881
18317  -13.039  -63.456  23.821 0.6999999881
19248  -12.751  -62.637  23.614 0.6000000238
20220  -11.808  -61.576  22.534 0.6999999881
20206  -13.119  -61.955  23.461 0.6000000238
20234  -11.423  -61.347  21.787 0.6000000238
21192  -9.288  -60.380  18.285 0.5000000000
21174  -9.546  -60.714  19.028 0.4000000060
20248  -11.163  -61.107  20.973 0.6000000238
21208  -10.270  -59.784  17.850 0.4000000060
21193  -10.501  -60.162  18.309 0.4000000060
21176  -11.260  -60.623  19.353 0.5000000000
21165  -11.956  -60.735  19.783 0.5000000000
139993  -14.525  -63.909  24.278 0.6000000238
136467  -15.280  -64.096  24.650 0.5000000000
18296  -14.323  -63.229  24.107 0.6000000238
18297  -14.985  -63.293  24.356 0.5000000000
19231  -14.587  -62.593  24.097 0.6000000238
147227  -14.234  -61.983  23.898 0.6000000238
20186  -14.904  -61.890  23.980 0.5000000000
19249  -13.725  -61.604  23.565 0.6000000238
146047  -12.480  -61.209  22.529 0.6999999881
20223  -13.933  -60.789  23.253 0.5000000000
20249  -12.046  -60.889  20.834 0.6000000238
21194  -11.681  -60.565  18.184 0.4000000060
21166  -12.617  -60.448  19.794 0.5000000000
25142  -11.390  -56.807  21.416 0.4000000060
25159  -12.211  -56.407  20.968 0.3000000119
132937  -12.676  -56.198  20.061 0.4000000060
135604  -16.643  -62.162  24.958 0.5000000000
25158  -10.888  -56.357  19.672 0.3000000119
127276  -11.769  -56.263  19.795 0.4000000060
21126  -15.207  -61.095  23.746 0.5000000000
125025  -16.073  -61.926  24.620 0.5000000000
25189  -10.890  -56.594  18.874 0.3000000119
25176  -12.156  -56.301  19.274 0.4000000060
21125  -14.608  -60.703  23.367 0.5000000000
24207  -10.690  -57.395  18.279 0.3000000119
21139  -13.611  -60.240  22.524 0.6000000238
21153  -12.674  -60.448  21.005 0.6999999881
21155  -14.118  -59.396  22.163 0.6000000238
21177  -12.737  -60.622  18.696 0.5000000000
21167  -13.113  -59.953  20.083 0.5000000000
22148  -13.634  -59.449  20.366 0.4000000060
25129  -13.180  -55.979  22.395 0.3000000119
25143  -12.894  -56.356  21.887 0.3000000119
134273  -14.010  -56.096  20.873 0.3000000119
144089  -13.464  -56.156  20.212 0.3000000119
25177  -13.260  -56.265  19.302 0.4000000060
21106  -15.993  -61.168  24.219 0.5000000000
134420  -11.674  -56.523  18.958 0.4000000060
21107  -16.607  -60.506  24.218 0.5000000000
24208  -11.717  -57.485  18.456 0.4000000060
24209  -12.953  -57.586  17.891 0.4000000060
129371  -15.096  -60.254  23.261 0.5000000000
21127  -16.520  -59.792  23.577 0.5000000000
24218  -12.415  -58.543  17.360 0.4000000060
21156  -14.937  -59.531  22.689 0.5000000000
21154  -13.379  -59.754  21.369 0.5000000000
21211  -12.941  -60.702  17.458 0.3000000119
22175  -13.584  -60.200  18.455 0.4000000060
22163  -14.101  -59.153  19.905 0.4000000060
22150  -14.994  -58.899  21.740 0.4000000060
26128  -12.714  -55.439  22.866 0.3000000119
25144  -13.699  -56.106  21.766 0.3000000119
26149  -14.381  -55.529  20.458 0.4000000060
26162  -14.352  -55.585  19.370 0.4000000060
20190  -18.901  -61.061  25.118 0.4000000060
26161  -14.040  -56.186  18.793 0.4000000060
25191  -13.542  -56.767  18.270 0.4000000060
25192  -14.339  -56.650  17.829 0.4000000060
25201  -14.906  -57.088  17.336 0.4000000060
21141  -15.686  -59.680  23.136 0.5000000000
23229  -13.867  -59.144  17.250 0.3000000119
22136  -15.540  -59.065  22.557 0.5000000000
22191  -14.636  -59.048  18.593 0.3000000119
26129  -13.604  -55.271  22.432 0.3000000119
27158  -14.725  -54.783  20.907 0.3000000119
27173  -14.892  -54.103  19.308 0.4000000060
27185  -14.677  -55.043  18.713 0.4000000060
27186  -14.844  -54.281  17.956 0.3000000119
26172  -14.898  -55.267  17.347 0.4000000060
133703  -20.845  -60.983  25.380 0.4000000060
138354  -21.873  -61.128  25.101 0.4000000060
21110  -19.202  -60.123  24.740 0.4000000060
21108  -17.326  -59.943  24.062 0.4000000060
25200  -14.172  -57.615  17.532 0.3000000119
137321  -13.534  -58.516  17.268 0.3000000119
24219  -15.307  -57.842  17.289 0.3000000119
22202  -14.771  -58.867  17.899 0.3000000119
22164  -14.817  -58.831  20.474 0.4000000060
28115  -13.697  -53.680  22.308 0.3000000119
143138  -14.873  -54.216  20.338 0.4000000060
28171  -15.364  -52.958  18.291 0.4000000060
129822  -15.236  -53.558  17.455 0.4000000060
21113  -24.198  -60.450  24.956 0.4000000060
21112  -22.284  -60.290  25.061 0.4000000060
27196  -15.443  -54.380  16.794 0.4000000060
21111  -20.142  -60.020  25.100 0.4000000060
26181  -14.954  -56.264  17.321 0.4000000060
22095  -18.694  -59.417  24.120 0.4000000060
22097  -20.479  -59.137  24.870 0.4000000060
25202  -15.690  -56.868  17.143 0.3000000119
22094  -18.005  -59.531  23.854 0.4000000060
131450  -15.866  -57.941  17.466 0.3000000119
22118  -17.379  -59.214  23.282 0.5000000000
23230  -14.913  -58.574  17.463 0.3000000119
23231  -15.757  -58.130  17.654 0.3000000119
22138  -17.021  -58.492  22.565 0.5000000000
23184  -15.487  -58.421  19.806 0.3000000119
22151  -16.050  -58.391  22.028 0.4000000060
22176  -14.062  -59.531  18.947 0.4000000060
150384  -14.751  -52.851  20.745 0.3000000119
28183  -16.845  -53.178  16.907 0.3000000119
140586  -15.975  -53.648  16.841 0.3000000119
134334  -23.272  -60.505  24.940 0.4000000060
27207  -16.203  -55.081  16.380 0.3000000119
134360  -21.194  -60.053  25.295 0.4000000060
22100  -23.753  -59.672  25.157 0.3000000119
26192  -16.688  -55.808  16.600 0.3000000119
22096  -19.513  -59.117  24.459 0.4000000060
22098  -21.608  -59.141  24.879 0.4000000060
24221  -16.938  -57.266  17.437 0.3000000119
24210  -17.082  -57.284  17.828 0.3000000119
23124  -18.833  -58.458  23.336 0.4000000060
23217  -15.570  -58.376  18.238 0.3000000119
23203  -17.094  -57.443  19.211 0.3000000119
23185  -16.391  -57.934  20.059 0.3000000119
23149  -17.039  -58.058  21.713 0.3000000119
27197  -16.619  -54.288  16.462 0.3000000119
29139  -17.905  -52.580  17.593 0.3000000119
27198  -17.047  -54.768  16.626 0.3000000119
22099  -22.748  -59.521  24.974 0.3000000119
23106  -22.399  -58.615  24.758 0.4000000060
26163  -17.484  -56.417  18.590 0.3000000119
22119  -18.956  -58.818  23.762 0.4000000060
23105  -20.734  -58.406  24.501 0.4000000060
24196  -17.150  -57.291  18.273 0.3000000119
23151  -18.383  -58.266  22.830 0.3000000119
23186  -17.172  -57.627  20.575 0.3000000119
26150  -17.578  -55.725  19.462 0.3000000119
25178  -17.588  -56.912  18.987 0.3000000119
24087  -20.888  -57.741  24.197 0.3000000119
24089  -22.276  -57.787  24.624 0.3000000119
24197  -17.458  -57.061  18.505 0.3000000119
24112  -19.691  -57.617  23.437 0.3000000119
23171  -18.148  -57.867  22.262 0.3000000119
146575  -17.690  -55.213  20.271 0.3000000119
27151  -18.304  -54.080  21.322 0.3000000119
132870  -17.719  -56.385  19.675 0.3000000119
24113  -20.420  -57.339  23.657 0.3000000119
127955  -18.208  -55.124  21.126 0.3000000119
23202  -16.263  -57.963  18.881 0.3000000119
2819  -16.536  -85.042  12.966 0.6000000238
2363  -17.172  -85.840  14.280 0.5000000000
1929  -16.079  -87.269  14.087 0.5000000000
1928  -15.298  -87.592  13.724 0.5000000000
1920  -17.316  -87.058  15.120 0.5000000000
2328  -20.870  -86.843  16.911 0.5000000000
130803  -14.000  -84.892  11.099 0.6999999881
3712  -16.185  -83.408  11.557 0.6999999881
3709  -12.090  -84.133  10.889 0.6999999881
2815  -13.422  -85.104  11.594 0.6999999881
128400  -19.315  -87.695  16.061 0.4000000060
3235  -12.854  -84.666  12.888 0.6999999881
2797  -19.196  -85.239  15.200 0.5000000000
124400  -25.418  -80.924  20.152 0.3000000119
3675  -19.674  -83.474  14.649 0.5000000000
3703  -20.324  -82.718  13.214 0.3000000119
5215  -14.194  -80.636  10.762 0.6000000238
4671  -13.622  -81.464  10.704 0.6000000238
5832  -13.839  -79.805  10.887 0.5000000000
5802  -9.084  -79.562  12.115 0.6000000238
4147  -11.370  -82.610  10.923 0.6999999881
6901  -24.491  -78.049  24.243 0.3000000119
5193  -10.695  -81.322  13.673 0.6000000238
4648  -11.131  -81.943  13.206 0.6000000238
4140  -11.676  -83.470  12.728 0.6999999881
3245  -17.742  -83.865  12.961 0.5000000000
2809  -18.515  -84.908  14.668 0.6000000238
2349  -17.675  -86.265  14.951 0.5000000000
4119  -12.911  -82.616  14.372 0.6000000238
144115  -13.479  -84.647  14.018 0.6999999881
5153  -13.136  -80.334  16.393 0.5000000000
3673  -14.138  -83.479  15.092 0.5000000000
4583  -25.336  -81.747  19.486 0.3000000119
6356  -10.470  -78.312  16.745 0.6000000238
3655  -14.495  -83.098  16.125 0.5000000000
3691  -23.760  -82.280  14.304 0.3000000119
128171  -17.808  -83.226  12.149 0.5000000000
130969  -25.240  -82.331  18.213 0.3000000119
4104  -14.436  -82.541  16.896 0.5000000000
6416  -16.520  -78.648  11.120 0.4000000060
139967  -26.316  -78.571  23.495 0.3000000119
9836  -10.005  -73.403  12.569 0.6000000238
9052  -5.891  -74.035  14.099 0.6999999881
10627  -8.787  -72.468  14.813 0.6000000238
10615  -11.009  -72.342  16.012 0.6000000238
9838  -11.774  -73.283  12.377 0.6000000238
150639  -14.921  -75.987  12.903 0.5000000000
5794  -16.887  -79.780  13.817 0.4000000060
10658  -13.617  -72.559  12.548 0.6000000238
9847  -15.120  -73.730  11.624 0.5000000000
11442  -13.378  -71.693  14.292 0.6000000238
9844  -17.992  -73.491  12.117 0.4000000060
9788  -6.208  -73.012  17.408 0.6000000238
126098  -8.975  -72.922  17.769 0.6999999881
12173  -10.366  -70.510  21.928 0.6000000238
7624  -15.507  -77.065  15.491 0.4000000060
7672  -18.152  -76.172  12.429 0.4000000060
11478  -19.067  -71.992  11.633 0.4000000060
9813  -17.602  -74.017  16.054 0.4000000060
147935  -5.470  -73.393  17.690 0.6000000238
11382  -11.959  -71.147  21.030 0.6000000238
139185  -11.199  -71.829  23.592 0.6000000238
6359  -17.333  -79.228  17.110 0.5000000000
10515  -8.448  -72.996  23.184 0.5000000000
10505  -15.778  -72.487  23.589 0.6000000238
10514  -7.754  -72.749  23.081 0.4000000060
151088  -10.745  -73.311  19.001 0.5000000000
7673  -19.278  -76.113  12.628 0.5000000000
9744  -11.947  -73.737  20.619 0.6000000238
142574  -10.294  -73.229  19.474 0.5000000000
17479  -10.425  -64.839  15.336 0.6000000238
19313  -8.010  -62.700  17.254 0.5000000000
15522  -11.522  -66.112  21.639 0.6000000238
148241  -12.572  -65.909  23.442 0.6000000238
17430  -10.588  -64.869  18.390 0.6000000238
20279  -7.116  -61.664  17.493 0.5000000000
17368  -15.625  -64.958  24.998 0.5000000000
20221  -12.397  -61.885  23.136 0.6000000238
20236  -12.844  -60.535  22.118 0.6000000238
124514  -10.690  -56.765  20.594 0.3000000119
19232  -15.419  -62.507  24.417 0.5000000000
21195  -12.660  -60.848  17.894 0.3000000119
20189  -17.865  -61.310  25.095 0.4000000060
141938  -17.330  -60.636  24.577 0.4000000060
21178  -13.168  -60.342  18.917 0.4000000060
22189  -13.505  -60.376  17.787 0.3000000119
28132  -14.146  -53.531  21.916 0.3000000119
24220  -16.394  -57.435  17.240 0.3000000119
22139  -18.334  -58.926  23.370 0.4000000060
23169  -16.447  -58.007  21.105 0.3000000119
25214  -16.908  -56.442  16.843 0.3000000119
23150  -17.729  -58.183  22.325 0.4000000060
29110  -14.694  -52.122  20.470 0.3000000119
26173  -17.295  -55.775  17.674 0.3000000119
23125  -19.418  -58.304  23.783 0.4000000060
131344  -10.428  -81.876  20.782 0.5000000000
4579  -11.822  -81.503  19.810 0.5000000000
126687  -12.464  -81.624  19.018 0.5000000000
4084  -12.980  -82.009  18.381 0.4000000060
4535  -11.023  -81.287  22.418 0.5000000000
4567  -11.553  -81.394  20.935 0.5000000000
4568  -12.818  -81.195  20.676 0.5000000000
4580  -13.152  -81.413  19.774 0.5000000000
4595  -13.594  -81.636  18.957 0.5000000000
4085  -14.083  -82.018  18.315 0.4000000060
4523  -11.346  -80.776  23.222 0.4000000060
4551  -12.511  -80.766  21.621 0.5000000000
4569  -13.605  -80.942  20.259 0.5000000000
4086  -14.486  -81.642  18.051 0.4000000060
4537  -12.506  -80.257  22.268 0.5000000000
5080  -13.117  -80.090  21.748 0.5000000000
5688  -13.056  -79.473  21.708 0.5000000000
143339  -13.790  -80.398  20.442 0.5000000000
6314  -13.443  -79.266  20.393 0.5000000000
5716  -14.072  -79.855  19.694 0.5000000000
138334  -13.978  -79.932  18.387 0.4000000060
5066  -12.536  -79.629  22.448 0.5000000000
6313  -12.866  -78.751  20.636 0.5000000000
6339  -12.962  -78.964  18.970 0.5000000000
5731  -13.047  -79.345  18.125 0.5000000000
5700  -8.945  -80.059  20.088 0.5000000000
6291  -11.788  -78.626  22.620 0.5000000000
6299  -11.055  -78.566  22.006 0.5000000000
6311  -11.199  -78.486  21.055 0.5000000000
128274  -10.485  -78.708  20.176 0.5000000000
6327  -12.186  -78.569  20.010 0.5000000000
6326  -10.970  -78.356  19.336 0.5000000000
140303  -12.200  -78.589  19.192 0.5000000000
5730  -12.237  -78.938  17.559 0.5000000000
5714  -9.587  -79.301  19.618 0.5000000000
5713  -8.693  -79.856  19.162 0.5000000000
135365  -6.267  -78.108  18.071 0.5000000000
6334  -7.749  -78.616  17.838 0.5000000000
6938  -6.794  -78.370  17.935 0.5000000000
6325  -10.251  -78.625  19.017 0.5000000000
6335  -8.971  -78.349  17.806 0.5000000000
6337  -10.758  -78.136  18.455 0.5000000000
6345  -9.656  -77.559  17.382 0.5000000000
6338  -11.427  -78.296  18.772 0.5000000000
6346  -11.433  -78.424  17.553 0.5000000000
9021  -4.681  -74.185  18.467 0.5000000000
9033  -4.633  -74.734  17.661 0.6000000238
140018  -5.786  -77.438  17.750 0.5000000000
6343  -7.490  -77.283  17.246 0.5000000000
7611  -4.958  -76.449  16.369 0.5000000000
6954  -7.176  -76.756  16.419 0.5000000000
6953  -6.090  -76.863  16.182 0.5000000000
6956  -9.139  -76.880  16.927 0.5000000000
146032  -10.489  -78.034  17.409 0.5000000000
8992  -4.744  -73.977  20.523 0.5000000000
9755  -4.844  -73.698  19.396 0.5000000000
9045  -4.674  -74.829  16.771 0.6000000238
126028  -8.101  -70.318  18.883 0.5000000000
125055  -8.794  -70.459  18.934 0.6000000238
147516  -8.744  -70.737  17.349 0.5000000000
131875  -9.521  -70.774  17.889 0.5000000000
135031  -9.816  -70.937  19.123 0.6000000238
12228  -10.436  -70.912  18.232 0.6000000238
140598  -11.395  -70.800  17.796 0.6000000238
12262  -11.866  -70.212  16.679 0.5000000000
145836  -12.347  -70.774  18.295 0.6000000238
12244  -12.119  -70.483  17.334 0.6000000238
13053  -11.449  -69.652  16.136 0.5000000000
12263  -12.299  -70.072  17.059 0.6000000238
13028  -13.291  -69.757  18.253 0.6000000238
137128  -11.646  -69.058  15.836 0.5000000000
13913  -12.203  -68.993  16.759 0.5000000000
15619  -11.375  -66.640  15.046 0.5000000000
144031  -10.983  -66.134  14.432 0.6000000238
16522  -9.467  -65.422  15.170 0.6000000238
16538  -10.225  -66.031  14.693 0.5000000000
14741  -11.635  -67.454  16.073 0.6000000238
13904  -12.052  -68.212  16.838 0.5000000000
16525  -10.699  -65.479  15.004 0.5000000000
18425  -9.017  -64.077  15.124 0.6000000238
17478  -9.720  -64.691  15.125 0.6000000238
18411  -9.213  -63.666  15.838 0.6000000238
129657  -25.220  -82.537  17.312 0.3000000119
5156  -25.313  -80.884  16.123 0.3000000119
4113  -24.827  -82.584  15.868 0.3000000119
5174  -25.903  -80.191  14.885 0.3000000119
4121  -24.794  -81.908  15.096 0.3000000119
3656  -25.019  -83.338  16.550 0.3000000119
138097  -25.046  -83.639  17.499 0.3000000119
5125  -14.360  -80.584  18.608 0.4000000060
6344  -8.660  -77.232  17.279 0.5000000000
7621  -5.030  -76.133  15.401 0.5000000000
125967  -8.265  -70.360  20.579 0.5000000000
4581  -13.915  -81.153  19.434 0.4000000060
5112  -14.200  -80.278  19.403 0.5000000000
6301  -12.735  -78.814  21.441 0.5000000000
5687  -9.612  -79.170  21.743 0.5000000000
6310  -10.346  -78.763  21.340 0.5000000000
5699  -8.155  -80.519  19.606 0.5000000000
141821  -7.544  -79.478  18.528 0.5000000000
5723  -9.330  -78.989  18.651 0.5000000000
6945  -5.528  -76.948  16.771 0.5000000000
147569  -25.133  -82.535  16.548 0.3000000119
4640  -25.129  -81.424  14.531 0.3000000119
5173  -25.354  -80.892  15.218 0.3000000119
4622  -25.104  -81.721  15.792 0.3000000119
146305  -25.152  -81.473  14.891 0.3000000119
131465  -25.511  -80.909  14.367 0.3000000119
139176  -21.579  -58.214  24.533 0.3000000119
1141  -13.770  -90.374  14.851 0.5000000000
1505  -16.733  -88.046  15.749 0.5000000000
1511  -14.731  -89.225  14.476 0.5000000000
1524  -13.613  -88.057  13.393 0.6000000238
1905  -19.976  -87.354  16.477 0.5000000000
1918  -15.666  -88.266  14.612 0.6000000238
1921  -18.083  -87.235  15.464 0.5000000000
1927  -14.461  -87.734  13.495 0.6000000238
2307  -22.373  -85.789  17.939 0.4000000060
2308  -23.083  -85.484  17.956 0.4000000060
2329  -21.459  -85.779  17.041 0.5000000000
2330  -22.280  -85.465  17.319 0.4000000060
2337  -19.680  -86.902  15.828 0.4000000060
2347  -13.290  -86.877  13.844 0.5000000000
2348  -16.865  -86.701  14.544 0.5000000000
2374  -15.174  -86.400  12.495 0.5000000000
2760  -23.982  -85.087  18.795 0.4000000060
2772  -24.019  -84.725  18.318 0.4000000060
2774  -23.553  -84.921  17.961 0.4000000060
2778  -23.683  -84.633  17.262 0.4000000060
2779  -24.380  -84.310  17.254 0.4000000060
2785  -19.995  -85.442  15.595 0.5000000000
2786  -21.447  -85.352  16.593 0.5000000000
2794  -13.463  -85.992  14.222 0.6000000238
2795  -17.775  -85.482  14.530 0.6000000238
2796  -18.211  -85.611  14.895 0.5000000000
2808  -18.070  -84.884  14.321 0.6000000238
2825  -13.456  -84.960  11.166 0.6999999881
2826  -13.959  -85.416  11.634 0.6999999881
3179  -23.206  -84.037  19.842 0.3000000119
3191  -23.694  -84.843  19.240 0.3000000119
3192  -24.521  -83.901  18.437 0.3000000119
3199  -24.448  -84.195  18.165 0.4000000060
3202  -24.703  -84.112  17.574 0.4000000060
3207  -13.674  -84.204  16.258 0.5000000000
3209  -24.818  -84.114  16.959 0.4000000060
3210  -24.986  -83.749  16.764 0.4000000060
3216  -13.849  -84.583  15.483 0.6000000238
3217  -14.079  -84.033  15.277 0.6000000238
3218  -20.523  -84.762  15.841 0.5000000000
3219  -22.122  -84.199  15.983 0.4000000060
3229  -18.918  -84.331  14.662 0.5000000000
3237  -17.920  -84.337  13.686 0.5000000000
3243  -12.717  -84.723  11.661 0.6999999881
3246  -18.159  -83.749  13.351 0.5000000000
3254  -13.367  -84.485  10.838 0.6999999881
3255  -15.456  -84.606  11.766 0.6999999881
3257  -17.196  -83.898  12.380 0.6000000238
3258  -14.223  -84.047  10.898 0.6999999881
3645  -24.800  -83.545  18.095 0.3000000119
3648  -14.035  -83.039  17.283 0.5000000000
3649  -25.172  -83.306  16.986 0.3000000119
3654  -14.228  -83.482  16.626 0.5000000000
3661  -14.287  -83.433  15.558 0.5000000000
3662  -20.431  -83.819  15.526 0.4000000060
3663  -21.493  -83.528  15.540 0.4000000060
3667  -24.727  -83.241  16.205 0.3000000119
3672  -13.853  -84.013  14.627 0.5000000000
3674  -18.867  -83.700  13.983 0.5000000000
3678  -23.486  -82.706  14.858 0.4000000060
3680  -24.416  -82.560  15.504 0.3000000119
3686  -13.111  -83.822  13.903 0.6000000238
3689  -22.256  -82.612  13.768 0.3000000119
3699  -11.960  -83.988  11.957 0.6999999881
3702  -18.538  -83.401  13.125 0.4000000060
3705  -22.479  -82.493  13.248 0.3000000119
3710  -12.718  -84.180  10.652 0.6999999881
3713  -17.168  -83.446  12.086 0.5000000000
4064  -24.502  -82.394  19.838 0.3000000119
4074  -24.527  -83.073  19.234 0.3000000119
4075  -25.094  -82.405  18.872 0.3000000119
4095  -14.322  -82.285  17.615 0.4000000060
4096  -14.497  -81.875  17.476 0.5000000000
4097  -25.076  -83.246  17.745 0.3000000119
4105  -25.016  -82.686  16.174 0.3000000119
4120  -13.692  -83.121  14.617 0.5000000000
4128  -12.293  -83.150  13.688 0.6999999881
4139  -11.377  -83.111  11.882 0.6999999881
4144  -23.148  -81.919  13.104 0.3000000119
4145  -23.875  -81.656  13.445 0.3000000119
4148  -11.872  -83.089  10.475 0.6999999881
4152  -20.452  -82.122  12.215 0.3000000119
4155  -11.620  -82.185  10.135 0.6000000238
4157  -12.942  -82.986  10.407 0.6999999881
4162  -18.131  -82.295  10.928 0.4000000060
4536  -11.829  -80.714  22.380 0.5000000000
4550  -10.767  -81.628  21.603 0.5000000000
4555  -23.781  -80.918  21.143 0.3000000119
4566  -10.904  -81.638  20.115 0.5000000000
4572  -24.959  -81.738  20.086 0.3000000119
4582  -14.303  -80.865  19.057 0.4000000060
4596  -14.273  -81.394  18.679 0.4000000060
4597  -14.496  -81.161  18.441 0.4000000060
4611  -14.558  -81.273  17.851 0.4000000060
4629  -13.946  -81.901  15.727 0.5000000000
4631  -24.923  -81.924  15.376 0.3000000119
4638  -12.565  -81.915  14.663 0.6000000238
4656  -22.887  -81.701  12.436 0.3000000119
4660  -10.984  -81.701  10.574 0.6999999881
4662  -19.386  -81.535  10.898 0.3000000119
4665  -22.459  -81.287  11.873 0.3000000119
4669  -11.947  -81.641  9.873 0.6000000238
4670  -12.701  -81.608  10.081 0.6000000238
4672  -15.089  -81.635  10.681 0.6000000238
4673  -16.727  -81.530  10.634 0.4000000060
4674  -17.709  -81.471  10.565 0.4000000060
4675  -18.596  -81.380  10.612 0.4000000060
5081  -13.614  -79.888  20.909 0.5000000000
5095  -13.392  -80.551  21.020 0.5000000000
5096  -14.024  -80.101  20.103 0.5000000000
5097  -24.719  -80.802  20.797 0.3000000119
5111  -14.024  -80.605  19.803 0.5000000000
5139  -14.271  -80.532  17.830 0.4000000060
5170  -12.608  -80.706  15.718 0.6000000238
5172  -18.773  -80.315  15.255 0.4000000060
5185  -11.085  -81.047  14.722 0.6000000238
5197  -9.857  -80.658  11.879 0.6000000238
5201  -9.596  -80.042  11.717 0.6000000238
5203  -10.753  -80.769  10.576 0.5000000000
5205  -19.476  -80.414  10.884 0.4000000060
5206  -20.941  -80.774  11.555 0.3000000119
5213  -12.207  -80.928  10.251 0.6000000238
5217  -16.376  -80.454  10.364 0.4000000060
5219  -18.769  -80.387  10.628 0.4000000060
5615  -25.687  -79.252  26.779 0.3000000119
5663  -26.767  -79.140  23.747 0.3000000119
5686  -8.985  -79.894  21.138 0.5000000000
5701  -9.673  -79.345  20.674 0.5000000000
5702  -13.260  -79.209  21.084 0.5000000000
5712  -7.839  -80.121  18.901 0.5000000000
5715  -13.657  -79.390  19.577 0.5000000000
5722  -8.309  -79.305  18.453 0.5000000000
5724  -13.647  -79.454  18.849 0.5000000000
5725  -14.144  -79.873  19.114 0.5000000000
5732  -13.624  -79.939  17.693 0.4000000060
5740  -10.969  -79.007  16.347 0.5000000000
5743  -16.800  -79.444  16.538 0.5000000000
5744  -18.202  -79.888  17.092 0.5000000000
5756  -10.459  -79.501  15.584 0.6999999881
5760  -17.234  -80.051  15.916 0.4000000060
5774  -8.360  -79.273  13.554 0.6999999881
5775  -9.163  -79.935  14.249 0.6999999881
5777  -15.330  -79.411  14.426 0.4000000060
5790  -8.437  -79.151  12.672 0.6000000238
5795  -18.002  -79.801  13.788 0.4000000060
5813  -10.381  -79.886  10.972 0.5000000000
5818  -15.347  -78.893  10.952 0.4000000060
5820  -17.060  -78.690  10.921 0.4000000060
5830  -11.923  -80.126  10.738 0.5000000000
5834  -15.808  -79.676  10.652 0.4000000060
5837  -18.281  -79.574  10.737 0.4000000060
6272  -26.104  -78.764  24.191 0.3000000119
6282  -25.107  -78.254  23.650 0.3000000119
6292  -12.529  -78.990  22.275 0.5000000000
6300  -11.959  -78.563  21.746 0.5000000000
6312  -12.099  -78.477  20.867 0.5000000000
6328  -12.942  -78.836  19.797 0.5000000000
6333  -6.973  -79.257  18.452 0.5000000000
6336  -9.992  -78.168  18.110 0.5000000000
6347  -12.060  -78.565  18.298 0.5000000000
6357  -11.055  -78.488  16.974 0.6000000238
6361  -18.756  -78.591  17.938 0.5000000000
6377  -8.631  -79.032  14.695 0.6000000238
6378  -13.629  -77.724  15.292 0.5000000000
6386  -7.803  -78.677  13.024 0.6000000238
6400  -12.444  -78.709  12.470 0.5000000000
6402  -15.140  -79.049  12.026 0.4000000060
6411  -10.296  -79.024  11.597 0.5000000000
6415  -15.787  -78.760  11.175 0.4000000060
6892  -24.017  -77.845  24.927 0.3000000119
6906  -24.314  -78.237  23.617 0.3000000119
6946  -6.313  -77.356  17.297 0.5000000000
6955  -8.248  -76.879  16.660 0.5000000000
6967  -7.771  -76.870  15.634 0.6999999881
6969  -14.012  -77.156  15.582 0.5000000000
6982  -12.748  -77.293  14.736 0.5000000000
6994  -7.630  -78.076  12.870 0.6000000238
6995  -10.932  -76.656  12.916 0.5000000000
7008  -11.201  -77.563  12.287 0.5000000000
7014  -9.798  -78.353  11.909 0.5000000000
7612  -5.559  -76.609  15.823 0.5000000000
7622  -5.856  -76.477  14.881 0.6000000238
7623  -14.392  -76.770  15.459 0.4000000060
7635  -6.628  -76.682  14.218 0.6000000238
7638  -14.839  -76.456  14.795 0.5000000000
7650  -6.680  -76.378  13.791 0.6000000238
7651  -7.427  -76.462  13.327 0.6000000238
7652  -8.570  -75.473  12.803 0.6000000238
7654  -12.428  -75.807  14.012 0.5000000000
7656  -15.458  -76.332  13.376 0.5000000000
7666  -9.870  -76.751  12.416 0.5000000000
7670  -16.244  -76.215  12.479 0.5000000000
7671  -17.085  -76.287  12.344 0.4000000060
8328  -4.742  -75.644  16.073 0.6000000238
8353  -6.102  -75.651  13.851 0.6000000238
8367  -17.463  -75.614  11.721 0.4000000060
8372  -15.945  -75.244  11.489 0.5000000000
8373  -16.814  -75.288  11.452 0.4000000060
8374  -17.858  -75.180  11.630 0.4000000060
8375  -18.531  -74.942  11.736 0.5000000000
8957  -12.072  -73.940  21.954 0.6000000238
8958  -12.696  -74.030  22.212 0.6000000238
8959  -13.466  -74.006  22.402 0.6000000238
8961  -15.045  -73.831  22.230 0.6000000238
8977  -15.295  -73.910  20.995 0.6000000238
8993  -12.623  -73.984  20.323 0.6000000238
8994  -13.297  -74.166  20.847 0.6000000238
8995  -14.114  -74.245  20.630 0.6000000238
9009  -13.462  -74.277  19.930 0.6000000238
9022  -15.148  -74.521  19.384 0.6000000238
9023  -16.124  -74.688  18.824 0.5000000000
9034  -4.895  -73.996  17.446 0.6999999881
9035  -15.464  -74.893  18.568 0.6000000238
9036  -16.171  -74.883  17.885 0.5000000000
9046  -4.998  -74.180  16.414 0.6000000238
9047  -16.621  -74.538  16.878 0.5000000000
9049  -5.175  -74.410  15.447 0.6000000238
9053  -6.753  -73.692  13.788 0.6000000238
9061  -9.238  -74.989  12.744 0.6000000238
9064  -13.606  -74.119  12.049 0.5000000000
9068  -14.575  -74.475  11.686 0.5000000000
9072  -18.240  -74.540  11.763 0.5000000000
9684  -9.577  -73.090  23.328 0.5000000000
9685  -10.227  -73.123  23.311 0.5000000000
9687  -11.921  -73.454  23.147 0.6999999881
9688  -13.342  -73.212  23.362 0.6000000238
9690  -15.239  -73.084  23.326 0.6000000238
9691  -16.033  -72.926  23.162 0.6000000238
9700  -9.116  -73.245  22.960 0.5000000000
9701  -9.840  -73.336  22.984 0.6000000238
9703  -12.075  -73.810  22.587 0.6000000238
9705  -13.830  -73.664  23.015 0.6000000238
9724  -9.925  -73.403  22.266 0.6000000238
9726  -11.531  -73.719  21.366 0.6000000238
9727  -15.692  -73.621  21.226 0.6000000238
9741  -9.636  -73.088  20.260 0.6000000238
9745  -15.737  -73.833  20.420 0.6000000238
9756  -5.113  -73.345  20.316 0.6000000238
9772  -5.151  -73.542  18.416 0.5000000000
9774  -6.921  -72.623  18.093 0.6000000238
9777  -10.372  -73.207  18.593 0.5000000000
9778  -12.626  -73.806  18.700 0.6000000238
9790  -8.293  -72.969  17.257 0.6999999881
9805  -7.272  -72.856  16.303 0.6999999881
9808  -11.075  -72.570  17.081 0.5000000000
9812  -17.053  -74.273  15.891 0.4000000060
9823  -6.472  -73.337  14.592 0.6999999881
9824  -7.192  -72.865  14.158 0.6000000238
9825  -7.973  -72.534  14.583 0.6000000238
9828  -17.270  -73.720  14.440 0.6000000238
9833  -15.828  -73.585  13.166 0.6999999881
9834  -17.045  -74.096  13.302 0.6000000238
9837  -10.860  -72.996  12.385 0.6000000238
9840  -14.339  -73.221  11.959 0.5000000000
9848  -16.058  -73.841  11.606 0.5000000000
9852  -19.650  -73.810  11.646 0.4000000060
10497  -8.287  -72.424  23.401 0.5000000000
10498  -9.018  -72.655  23.544 0.5000000000
10500  -10.731  -72.537  23.609 0.6000000238
10532  -8.340  -73.102  22.710 0.4000000060
10534  -16.722  -72.736  21.968 0.6000000238
10549  -7.136  -72.646  20.811 0.4000000060
10552  -16.424  -72.734  21.187 0.6000000238
10567  -7.393  -72.421  19.865 0.6000000238
10570  -16.263  -72.876  20.175 0.6000000238
10586  -6.489  -72.639  19.270 0.6000000238
10600  -12.163  -72.768  17.194 0.6000000238
10603  -17.550  -73.752  16.632 0.5000000000
10614  -10.185  -72.514  16.346 0.6000000238
10620  -17.708  -73.322  15.906 0.4000000060
10630  -11.767  -72.039  15.470 0.6000000238
10632  -13.457  -72.105  15.227 0.6000000238
10634  -17.570  -73.021  15.250 0.6000000238
10639  -8.511  -72.433  13.940 0.6000000238
10647  -9.179  -72.395  13.369 0.6000000238
10651  -13.815  -72.089  12.923 0.6000000238
10655  -10.059  -72.374  12.788 0.6000000238
10656  -11.617  -72.413  12.535 0.6000000238
10657  -12.619  -72.621  12.541 0.6000000238
10660  -15.317  -73.000  12.320 0.6000000238
10665  -19.467  -72.959  11.603 0.4000000060
11326  -9.551  -71.642  23.626 0.5000000000
11328  -11.613  -71.336  23.272 0.6000000238
11330  -13.346  -71.901  23.184 0.5000000000
11332  -15.610  -71.917  23.693 0.5000000000
11333  -16.973  -71.715  23.571 0.5000000000
11348  -13.144  -71.379  22.579 0.6000000238
11366  -13.458  -71.385  21.431 0.6000000238
11367  -14.554  -71.057  22.016 0.6000000238
11384  -13.700  -71.356  20.615 0.6999999881
11451  -11.269  -71.614  13.492 0.6000000238
11453  -12.526  -71.576  13.881 0.6000000238
11463  -12.392  -71.647  13.073 0.6000000238
11466  -17.202  -72.385  13.661 0.5000000000
11477  -18.385  -71.478  11.725 0.4000000060
12136  -10.818  -71.122  23.363 0.6000000238
12150  -8.296  -70.783  22.923 0.5000000000
12172  -9.689  -70.377  22.041 0.6000000238
12193  -7.643  -70.265  21.184 0.6000000238
12195  -10.056  -70.622  21.220 0.6000000238
12197  -14.306  -71.075  20.145 0.6000000238
12213  -10.670  -71.185  19.731 0.6000000238
12226  -7.645  -70.479  18.315 0.5000000000
12227  -8.465  -70.514  18.157 0.5000000000
12229  -11.059  -71.012  18.730 0.6000000238
12242  -10.577  -70.796  17.533 0.6000000238
12243  -11.348  -70.615  16.982 0.5000000000
12245  -12.783  -70.139  17.725 0.6000000238
12991  -17.376  -69.830  24.092 0.5000000000
13002  -15.275  -69.445  22.189 0.6000000238
13023  -14.546  -69.373  19.955 0.6999999881
13044  -12.420  -69.582  17.212 0.5000000000
13054  -12.052  -69.488  16.512 0.5000000000
13834  -16.975  -68.261  24.520 0.5000000000
13847  -16.282  -68.694  24.201 0.5000000000
13880  -14.860  -68.885  20.577 0.6999999881
13887  -13.892  -69.243  19.555 0.6999999881
13905  -12.354  -68.874  17.448 0.6999999881
13912  -11.861  -68.491  16.003 0.5000000000
14638  -15.928  -67.329  24.686 0.5000000000
14655  -13.584  -67.287  23.181 0.6000000238
14667  -12.711  -67.217  21.906 0.6000000238
14682  -14.179  -67.855  21.715 0.6000000238
14691  -13.502  -67.764  20.567 0.6999999881
14726  -11.785  -67.154  17.282 0.6000000238
14727  -12.052  -68.090  17.724 0.6999999881
15511  -12.069  -66.644  22.150 0.6000000238
15535  -11.602  -66.192  20.692 0.6000000238
15552  -12.213  -67.228  19.607 0.6000000238
16391  -14.365  -65.561  24.424 0.6000000238
16392  -15.088  -65.656  24.809 0.5000000000
16431  -12.155  -66.220  23.041 0.6000000238
16447  -11.178  -65.529  22.266 0.6000000238
16484  -11.563  -65.949  18.112 0.6999999881
16523  -9.753  -65.101  15.055 0.6000000238
16524  -10.343  -65.354  15.026 0.5000000000
17366  -14.027  -64.366  24.145 0.6000000238
17383  -12.450  -64.744  23.549 0.6999999881
17395  -10.192  -63.839  22.401 0.6000000238
17414  -10.003  -64.812  19.361 0.6000000238
17431  -10.987  -65.401  18.221 0.6000000238
17460  -10.997  -64.565  16.596 0.6000000238
18295  -13.805  -63.666  24.023 0.6000000238
18298  -15.732  -63.386  24.791 0.5000000000
18316  -12.284  -63.361  23.647 0.6999999881
18338  -9.350  -63.399  20.774 0.6000000238
18365  -9.514  -63.998  19.188 0.5000000000
18426  -9.850  -64.348  15.591 0.6000000238
19230  -13.683  -62.637  23.856 0.6000000238
19233  -16.194  -62.694  24.930 0.5000000000
19271  -10.883  -62.020  22.556 0.6999999881
20187  -15.511  -61.733  24.182 0.5000000000
20188  -16.807  -61.362  24.734 0.5000000000
20207  -14.429  -61.331  23.646 0.5000000000
20222  -13.138  -61.138  22.981 0.5000000000
20235  -12.193  -60.969  21.832 0.6000000238
20246  -9.376  -61.656  20.270 0.6000000238
20260  -10.888  -60.892  20.296 0.5000000000
21109  -18.174  -60.242  24.544 0.4000000060
21140  -14.378  -60.117  22.924 0.5000000000
21175  -10.545  -60.465  19.013 0.4000000060
21196  -13.199  -60.754  18.052 0.3000000119
21210  -12.314  -60.532  17.382 0.3000000119
22137  -16.339  -59.071  22.891 0.5000000000
22149  -14.116  -59.092  21.043 0.4000000060
22162  -13.603  -59.745  19.390 0.4000000060
22177  -14.675  -58.949  19.441 0.4000000060
22190  -13.993  -59.684  18.204 0.3000000119
23104  -19.993  -58.514  24.401 0.4000000060
23126  -20.120  -57.905  24.055 0.3000000119
23152  -19.027  -57.936  23.143 0.3000000119
23168  -15.643  -58.347  20.917 0.3000000119
23201  -15.328  -58.565  18.990 0.3000000119
23218  -16.492  -57.786  17.960 0.3000000119
23232  -16.524  -57.640  17.560 0.3000000119
24088  -21.588  -57.563  24.370 0.3000000119
24135  -18.633  -57.623  22.555 0.3000000119
24159  -17.748  -57.180  20.832 0.3000000119
24211  -17.443  -57.100  18.109 0.3000000119
24222  -17.266  -57.172  17.852 0.3000000119
24230  -16.878  -56.930  17.052 0.3000000119
25116  -12.128  -55.694  23.304 0.3000000119
25128  -12.523  -56.168  22.710 0.3000000119
25157  -10.038  -56.216  19.722 0.3000000119
25160  -13.202  -56.266  20.973 0.3000000119
25175  -11.238  -56.220  19.155 0.4000000060
25188  -10.083  -56.461  18.508 0.3000000119
25190  -12.519  -56.694  18.715 0.4000000060
25193  -17.616  -57.140  18.251 0.3000000119
25203  -17.069  -56.742  17.218 0.3000000119
25213  -16.498  -56.594  16.920 0.3000000119
25215  -16.975  -55.931  16.754 0.3000000119
26140  -14.348  -55.428  21.571 0.3000000119
26148  -13.970  -55.955  19.882 0.3000000119
26151  -18.028  -55.913  20.373 0.3000000119
26171  -14.493  -55.869  18.187 0.4000000060
26182  -15.752  -55.869  16.809 0.4000000060
27139  -14.124  -54.428  22.258 0.3000000119
27150  -14.510  -54.373  21.667 0.3000000119
27172  -14.693  -54.937  19.896 0.4000000060
27208  -16.910  -55.185  16.324 0.3000000119
30031  -15.117  -51.834  19.828 0.3000000119
125148  -8.694  -72.978  16.934 0.6999999881
125503  -11.923  -73.610  19.062 0.6000000238
125598  -16.594  -73.187  19.329 0.5000000000
126446  -11.208  -73.259  18.625 0.5000000000
126880  -11.117  -75.319  12.685 0.5000000000
127335  -11.535  -81.171  21.798 0.5000000000
127696  -20.022  -80.094  14.691 0.4000000060
127698  -17.214  -53.925  17.131 0.3000000119
127724  -15.831  -60.410  23.710 0.5000000000
127802  -9.970  -71.913  13.641 0.5000000000
127971  -13.003  -65.430  23.729 0.6000000238
128116  -22.895  -85.016  16.960 0.4000000060
128549  -11.915  -73.654  19.859 0.6000000238
128828  -11.268  -79.749  15.835 0.6000000238
128911  -8.887  -78.534  12.221 0.6000000238
129336  -17.322  -56.690  17.815 0.3000000119
129573  -11.768  -78.967  11.361 0.5000000000
130283  -15.038  -53.588  18.459 0.4000000060
130619  -17.339  -54.842  17.334 0.3000000119
131132  -15.999  -73.802  14.676 0.6000000238
131176  -12.191  -60.733  18.671 0.5000000000
131610  -14.187  -82.008  10.906 0.6000000238
132011  -8.642  -62.253  19.259 0.4000000060
132579  -11.068  -65.695  15.333 0.6000000238
132787  -24.443  -84.151  18.910 0.3000000119
132938  -14.437  -58.480  17.343 0.3000000119
133233  -14.689  -84.601  11.245 0.6999999881
133317  -25.965  -78.437  23.054 0.3000000119
133327  -17.130  -56.120  17.209 0.3000000119
133463  -19.855  -60.972  25.258 0.4000000060
133587  -13.819  -78.527  14.501 0.4000000060
133867  -14.388  -70.335  19.576 0.6999999881
134409  -11.390  -56.521  20.468 0.3000000119
134498  -10.881  -70.680  22.187 0.6000000238
135060  -11.696  -81.240  10.008 0.6000000238
135127  -13.847  -79.734  20.171 0.5000000000
135427  -11.388  -78.498  20.151 0.5000000000
136053  -17.932  -79.136  11.725 0.4000000060
136414  -17.092  -73.652  13.861 0.6000000238
136513  -13.894  -74.163  21.850 0.6000000238
136671  -11.121  -78.019  18.037 0.5000000000
136676  -12.671  -74.379  12.498 0.6000000238
136867  -9.255  -63.414  16.652 0.5000000000
137423  -21.448  -84.872  16.152 0.5000000000
137494  -25.226  -81.634  16.727 0.3000000119
137576  -12.568  -64.025  23.658 0.6999999881
137759  -22.102  -82.352  12.786 0.3000000119
137896  -13.123  -59.260  16.994 0.3000000119
137977  -16.646  -82.411  11.191 0.4000000060
138759  -10.627  -73.827  12.356 0.6000000238
139367  -10.409  -78.030  17.816 0.5000000000
139883  -22.622  -82.133  12.796 0.3000000119
140224  -11.323  -73.621  22.696 0.6000000238
140357  -16.440  -86.379  13.718 0.5000000000
140432  -8.936  -70.645  19.945 0.5000000000
140622  -14.410  -73.978  17.250 0.5000000000
140762  -25.135  -83.718  17.050 0.3000000119
141924  -17.589  -79.087  10.737 0.4000000060
142062  -19.409  -79.866  11.192 0.4000000060
142752  -15.452  -70.980  23.465 0.6000000238
143220  -10.084  -75.936  12.599 0.5000000000
143761  -21.112  -79.532  12.845 0.4000000060
143885  -11.629  -79.473  10.969 0.5000000000
143920  -10.543  -70.933  20.572 0.6000000238
143958  -17.181  -71.068  23.764 0.5000000000
144019  -21.071  -81.881  12.000 0.3000000119
144453  -10.100  -71.047  23.396 0.6000000238
144640  -17.317  -74.084  12.562 0.4000000060
144817  -19.255  -82.301  11.535 0.4000000060
145010  -15.684  -73.595  21.987 0.6000000238
145709  -13.793  -80.862  16.649 0.5000000000
145757  -25.120  -78.158  24.227 0.3000000119
145844  -17.404  -74.086  17.259 0.5000000000
145876  -15.782  -80.500  10.477 0.4000000060
146284  -11.601  -78.461  19.470 0.5000000000
146720  -25.925  -79.110  25.103 0.3000000119
146761  -8.035  -72.998  16.816 0.6999999881
146771  -17.822  -58.642  22.845 0.5000000000
146920  -12.071  -62.645  23.444 0.6999999881
146947  -11.951  -71.920  23.513 0.6000000238
147143  -26.314  -80.464  25.837 0.3000000119
147781  -25.955  -80.368  14.257 0.3000000119
147782  -16.407  -72.548  19.705 0.6000000238
147874  -14.179  -74.070  17.928 0.5000000000
148050  -15.293  -73.847  21.566 0.6000000238
148740  -10.310  -72.184  15.577 0.6000000238
148846  -12.308  -66.995  21.595 0.6000000238
148855  -8.665  -72.809  16.425 0.6999999881
149082  -10.310  -73.470  21.670 0.6999999881
149207  -10.834  -78.642  11.535 0.5000000000
149302  -17.469  -71.638  11.852 0.4000000060
149454  -24.361  -84.798  19.081 0.3000000119
149628  -4.800  -74.853  15.900 0.6000000238
149697  -18.855  -83.423  13.446 0.5000000000
150134  -15.496  -55.123  16.709 0.4000000060
150166  -13.438  -83.134  17.426 0.5000000000
150321  -7.285  -72.185  23.196 0.5000000000
150644  -12.656  -72.603  16.570 0.5000000000
150646  -20.368  -86.829  16.315 0.5000000000
