#!ascii label  , from subject sub-02 vox2ras=TkReg
994
58366  -20.919  -20.266  11.414 0.4285714328
59440  -21.200  -18.615  10.415 0.2857142985
128362  -22.662  -19.140  10.785 0.4285714328
60456  -23.304  -18.619  10.440 0.4285714328
61511  -21.520  -17.286  9.764 0.2857142985
142365  -22.883  -17.894  10.135 0.4285714328
61513  -23.342  -17.868  10.056 0.4285714328
62491  -22.261  -16.663  8.586 0.4285714328
148552  -22.822  -16.846  9.067 0.4285714328
62507  -22.488  -16.511  8.133 0.4285714328
148304  -23.162  -16.592  7.741 0.4285714328
64544  -21.782  -14.926  7.199 0.5714285970
63518  -22.599  -15.717  7.352 0.5714285970
63507  -23.290  -16.081  7.328 0.4285714328
64519  -25.040  -15.925  7.194 0.2857142985
64546  -23.480  -14.739  6.523 0.7142857313
63508  -24.180  -15.796  6.863 0.7142857313
64547  -25.176  -14.695  6.289 0.7142857313
65545  -25.902  -14.285  6.386 0.4285714328
63520  -24.279  -14.941  6.404 0.7142857313
64534  -25.610  -15.202  6.748 0.5714285970
65561  -26.347  -13.310  6.443 0.5714285970
65571  -24.365  -13.443  5.499 0.5714285970
65572  -25.742  -13.439  5.735 0.5714285970
66562  -25.752  -12.822  5.098 0.5714285970
65573  -26.312  -12.753  5.774 0.5714285970
134418  -25.217  -13.428  5.298 0.5714285970
65562  -27.058  -12.786  6.345 0.4285714328
66574  -26.895  -11.892  5.187 0.5714285970
124332  -28.809  -11.716  5.310 0.5714285970
66572  -25.379  -12.111  4.823 0.7142857313
66564  -27.868  -11.795  5.012 0.7142857313
123742  -28.543  -11.222  4.707 0.7142857313
66573  -26.181  -11.891  4.973 0.5714285970
67559  -23.682  -11.210  4.676 0.5714285970
147389  -26.735  -11.247  3.871 0.8571428657
123724  -29.372  -11.045  5.235 0.5714285970
123778  -25.525  -10.772  3.568 0.7142857313
67571  -24.718  -10.901  3.934 0.5714285970
68585  -29.144  -9.711  4.485 0.7142857313
69602  -29.753  -10.087  5.039 0.5714285970
141404  -27.345  -10.980  3.687 0.7142857313
124021  -28.499  -10.093  4.141 0.7142857313
126122  -29.199  -9.011  4.461 0.5714285970
123374  -27.737  -10.046  3.621 0.7142857313
69611  -29.859  -9.238  4.889 0.5714285970
141257  -26.966  -10.363  3.067 0.5714285970
69626  -27.132  -9.663  2.959 0.7142857313
69610  -28.427  -9.240  4.051 0.7142857313
129971  -29.581  -8.366  4.735 0.7142857313
70656  -27.495  -8.292  3.051 0.7142857313
70657  -28.134  -8.264  3.785 0.7142857313
71590  -28.829  -7.794  4.250 0.7142857313
71582  -29.746  -6.857  5.401 0.7142857313
71591  -29.336  -7.372  4.813 0.5714285970
69625  -26.556  -9.200  2.819 0.5714285970
73568  -29.518  -5.851  5.429 0.5714285970
73569  -30.151  -5.340  5.885 0.5714285970
71602  -27.784  -7.650  3.243 0.8571428657
73581  -29.118  -5.390  4.578 0.7142857313
145152  -28.313  -6.604  3.641 0.8571428657
132827  -28.696  -5.934  3.943 0.7142857313
75686  -28.735  -3.641  3.920 0.8571428657
131555  -29.639  -4.895  5.181 0.5714285970
131713  -28.749  -5.034  3.977 0.8571428657
73594  -28.295  -5.197  3.517 0.8571428657
72565  -28.072  -5.977  3.287 0.8571428657
76689  -28.902  -2.890  4.022 0.8571428657
77637  -28.917  -2.181  4.114 0.8571428657
130875  -28.439  -1.304  3.582 0.8571428657
74673  -28.504  -4.415  3.697 0.8571428657
76705  -28.545  -2.456  3.324 0.8571428657
141845  -27.727  -1.710  2.393 1.0000000000
77659  -28.263  -1.648  2.962 1.0000000000
75714  -28.136  -3.237  2.871 0.8571428657
76718  -27.967  -2.375  2.654 1.0000000000
79666  -27.590  -0.032  2.734 1.0000000000
80513  -26.840  1.591  1.550 0.7142857313
78664  -28.048  -0.798  3.258 1.0000000000
78674  -27.318  -0.527  1.911 1.0000000000
131798  -27.338  0.964  2.515 1.0000000000
82174  -27.818  3.706  3.125 1.0000000000
82189  -26.793  3.852  1.976 0.8571428657
123507  -26.882  5.685  2.183 0.8571428657
123502  -28.273  7.867  3.231 0.8571428657
132394  -27.857  7.124  2.921 0.8571428657
123501  -27.457  6.368  2.567 1.0000000000
123497  -29.533  9.053  4.418 0.8571428657
126086  -29.421  8.554  4.256 0.8571428657
123516  -27.855  9.261  3.106 0.5714285970
87595  -29.677  9.766  4.835 0.7142857313
138220  -30.152  10.211  4.454 0.5714285970
87593  -28.053  10.031  4.780 0.5714285970
123503  -28.348  9.661  4.184 0.5714285970
88398  -28.730  10.284  5.811 0.4285714328
88399  -29.527  10.780  5.765 0.4285714328
89177  -30.259  11.667  5.467 0.4285714328
89166  -28.140  11.467  6.799 0.2857142985
132909  -27.300  12.101  7.046 0.2857142985
88382  -27.906  10.646  6.430 0.2857142985
60455  -21.812  -17.782  10.125 0.2857142985
66563  -26.435  -12.331  5.360 0.5714285970
141480  -28.944  -10.519  4.571 0.5714285970
72551  -28.734  -6.907  4.231 0.7142857313
72552  -29.145  -6.387  4.777 0.7142857313
74661  -29.043  -4.301  4.391 0.8571428657
75687  -29.405  -3.373  4.461 0.8571428657
77649  -28.605  -1.844  3.562 0.8571428657
80501  -27.269  1.735  2.157 0.8571428657
89932  -27.596  12.560  8.571 0.1428571492
61510  -20.656  -17.557  9.931 0.2857142985
61532  -21.229  -16.808  9.401 0.2857142985
61512  -22.270  -17.191  9.634 0.2857142985
134893  -23.743  -16.782  9.080 0.4285714328
131609  -21.525  -16.506  8.731 0.2857142985
63492  -22.718  -16.409  7.740 0.4285714328
137858  -22.535  -16.861  9.074 0.4285714328
63472  -23.536  -16.702  8.225 0.4285714328
63506  -22.133  -16.056  7.730 0.5714285970
64545  -22.681  -14.934  6.956 0.5714285970
64533  -24.899  -15.392  6.626 0.4285714328
65559  -23.046  -14.090  6.504 0.2857142985
64554  -24.770  -14.106  5.898 0.7142857313
148917  -25.403  -14.023  5.866 0.4285714328
66560  -23.950  -12.692  5.102 0.5714285970
66552  -28.573  -12.309  6.468 0.4285714328
66561  -24.734  -13.013  4.924 0.7142857313
66571  -24.736  -12.273  4.797 0.7142857313
65574  -27.295  -12.341  5.631 0.7142857313
66565  -28.343  -12.204  5.682 0.4285714328
141358  -27.832  -11.281  4.324 0.7142857313
141319  -28.201  -10.769  4.080 0.7142857313
141182  -23.928  -10.556  4.091 0.5714285970
67561  -25.125  -11.511  4.290 0.5714285970
70643  -30.416  -8.775  5.354 0.5714285970
142892  -24.652  -10.101  3.423 0.5714285970
141145  -30.560  -9.536  5.530 0.5714285970
140220  -27.637  -9.062  3.477 0.7142857313
70642  -30.008  -7.874  5.341 0.5714285970
123863  -26.601  -9.899  2.770 0.8571428657
71603  -28.260  -7.347  3.726 0.7142857313
74644  -29.923  -3.914  4.991 0.5714285970
74672  -28.038  -4.554  3.173 1.0000000000
78648  -28.490  -0.576  4.080 1.0000000000
76734  -27.232  -2.332  2.044 1.0000000000
149401  -27.025  1.054  1.881 0.8571428657
145376  -26.442  2.811  1.316 0.7142857313
81292  -27.572  2.520  2.402 1.0000000000
81279  -28.011  2.467  3.152 1.0000000000
134381  -27.926  3.006  2.837 1.0000000000
82198  -26.399  3.500  1.433 0.7142857313
83186  -27.269  4.477  2.580 0.8571428657
123509  -27.586  7.924  2.566 0.8571428657
123500  -27.575  5.464  2.978 1.0000000000
124254  -28.703  8.865  3.710 0.7142857313
124062  -27.735  9.726  3.242 0.5714285970
89167  -29.214  11.513  6.236 0.4285714328
88400  -30.188  10.822  5.047 0.4285714328
89956  -27.801  12.480  6.947 0.2857142985
66559  -22.867  -12.665  5.649 0.4285714328
88383  -28.738  10.791  6.306 0.4285714328
87594  -28.834  9.708  5.185 0.7142857313
59428  -21.416  -19.383  11.021 0.4285714328
59429  -22.269  -19.458  11.190 0.4285714328
60453  -20.511  -18.407  10.320 0.2857142985
140331  -23.150  -19.111  10.755 0.4285714328
59442  -22.750  -18.580  10.420 0.4285714328
61534  -22.760  -17.277  9.629 0.4285714328
62506  -21.686  -16.217  8.110 0.2857142985
62493  -23.104  -16.774  8.646 0.4285714328
62508  -22.889  -16.782  8.135 0.4285714328
63505  -21.356  -15.673  7.629 0.4285714328
63517  -21.828  -15.505  7.446 0.4285714328
65558  -22.125  -14.142  6.946 0.2857142985
65560  -23.921  -14.099  6.108 0.5714285970
140614  -25.211  -12.858  4.869 0.5714285970
66551  -27.853  -12.515  6.159 0.4285714328
141481  -26.943  -11.489  4.514 0.7142857313
67542  -29.095  -11.952  5.922 0.5714285970
67560  -24.412  -11.443  4.403 0.7142857313
67562  -26.031  -11.437  4.175 0.7142857313
66570  -24.107  -11.926  4.836 0.7142857313
141747  -26.495  -10.880  3.490 0.5714285970
70649  -28.852  -8.526  4.248 0.7142857313
141479  -26.201  -10.318  2.937 0.7142857313
148104  -27.135  -8.925  2.978 0.8571428657
70662  -26.792  -8.362  2.745 0.8571428657
75700  -28.301  -3.842  3.324 0.8571428657
126254  -28.541  -3.191  3.470 0.8571428657
73593  -27.753  -5.258  2.995 0.8571428657
79677  -27.179  0.324  1.918 1.0000000000
81305  -27.078  2.217  1.894 0.8571428657
124091  -28.691  8.373  3.605 0.8571428657
140266  -28.606  9.254  3.919 0.7142857313
123492  -30.181  9.561  4.465 0.7142857313
125110  -29.312  9.348  4.604 0.5714285970
88411  -27.776  10.338  5.600 0.4285714328
89955  -27.686  12.942  7.403 0.2857142985
89942  -27.464  12.816  7.947 0.1428571492
65569  -22.471  -13.371  6.259 0.2857142985
81291  -26.936  2.880  1.883 1.0000000000
87579  -29.518  10.187  5.248 0.5714285970
91463  -30.162  14.994  4.792 0.2857142985
92308  -29.551  16.057  4.935 0.1428571492
89968  -30.390  12.736  5.221 0.2857142985
89977  -30.895  13.615  4.246 0.2857142985
91462  -28.693  15.319  5.646 0.1428571492
92307  -28.165  16.488  5.572 0.1428571492
90743  -28.807  13.274  6.092 0.1428571492
90752  -29.709  13.204  5.556 0.2857142985
90742  -28.220  14.399  6.191 0.1428571492
89185  -31.125  13.095  3.429 0.2857142985
87615  -32.241  10.050  1.201 0.2857142985
88438  -30.028  11.618  1.826 0.2857142985
150207  -27.820  15.960  5.826 0.1428571492
87607  -31.165  10.022  3.452 0.2857142985
86763  -31.629  8.418  3.776 0.1428571492
88422  -29.669  10.628  2.261 0.2857142985
88420  -29.928  11.508  2.099 0.2857142985
88412  -30.386  10.843  4.109 0.2857142985
144561  -30.712  12.470  4.701 0.2857142985
130950  -32.695  5.933  3.098 0.1428571492
85853  -32.473  7.182  2.741 0.1428571492
86773  -31.696  9.195  2.749 0.4285714328
87606  -30.590  10.623  3.801 0.2857142985
124248  -30.542  6.499  5.218 0.2857142985
123486  -30.797  8.099  4.623 0.4285714328
87596  -30.955  9.659  4.189 0.2857142985
123476  -31.660  5.560  5.319 0.1428571492
123488  -31.280  6.956  5.070 0.2857142985
87597  -31.399  9.253  3.883 0.4285714328
127740  -29.964  7.897  4.703 0.5714285970
86750  -30.457  8.858  4.497 0.7142857313
123467  -30.947  4.153  5.977 0.1428571492
124002  -30.950  5.601  5.294 0.1428571492
141516  -29.441  6.393  4.862 0.4285714328
123471  -30.932  3.891  5.961 0.2857142985
125197  -30.167  4.109  5.363 0.7142857313
123496  -29.047  7.931  3.972 0.7142857313
83173  -27.813  4.627  3.474 0.8571428657
124253  -29.021  4.925  4.753 0.8571428657
124067  -28.666  6.555  4.352 0.5714285970
80445  -30.878  2.034  4.992 0.2857142985
81250  -30.938  3.130  6.082 0.2857142985
123495  -27.979  6.271  3.606 0.8571428657
80446  -31.091  2.230  6.044 0.1428571492
82159  -29.210  3.661  5.030 0.7142857313
137575  -31.569  1.259  5.159 0.1428571492
76750  -25.247  -2.262  0.520 0.5714285970
78673  -26.850  -0.896  1.254 0.8571428657
130768  -26.883  -0.160  1.408 0.8571428657
132625  -26.339  -1.151  0.692 0.4285714328
82190  -27.463  3.321  2.461 0.8571428657
80483  -28.052  1.686  3.664 0.8571428657
79620  -31.262  0.205  5.175 0.2857142985
81280  -28.426  2.376  3.989 0.8571428657
82158  -28.551  3.537  4.461 0.8571428657
131921  -30.800  0.055  6.586 0.4285714328
80463  -29.633  2.106  4.949 0.7142857313
81267  -29.397  2.894  5.115 0.7142857313
75738  -23.863  -3.142  0.512 0.2857142985
77665  -26.523  -1.830  1.282 0.5714285970
77675  -25.856  -1.741  0.609 0.5714285970
78663  -27.765  -1.019  2.481 0.8571428657
79651  -27.672  0.874  3.358 0.8571428657
80482  -27.647  1.747  2.859 0.8571428657
79619  -29.959  0.125  5.113 0.4285714328
137520  -28.722  1.075  4.709 0.8571428657
81266  -28.888  2.242  4.832 0.8571428657
78629  -30.204  -0.507  5.947 0.4285714328
147722  -24.716  -7.600  2.265 0.7142857313
132441  -24.175  -6.323  1.784 0.4285714328
71612  -25.421  -7.693  2.401 0.7142857313
72577  -26.616  -6.287  2.423 0.8571428657
73622  -25.234  -5.553  1.506 0.5714285970
149167  -24.462  -4.105  0.952 0.5714285970
74708  -23.882  -3.859  0.797 0.4285714328
142487  -26.509  -4.593  3.161 0.8571428657
74699  -25.580  -4.077  1.596 0.5714285970
75739  -25.145  -2.966  0.839 0.5714285970
142046  -27.867  -4.007  2.869 0.8571428657
75727  -26.947  -3.362  2.098 0.7142857313
75725  -25.632  -3.272  1.413 0.5714285970
77638  -29.401  -1.739  4.853 0.7142857313
77650  -28.786  -1.434  4.195 0.7142857313
148138  -28.354  0.110  4.196 0.7142857313
77620  -31.096  -1.759  7.114 0.2857142985
77629  -30.115  -1.257  6.144 0.4285714328
77628  -29.490  -0.852  5.727 0.5714285970
123739  -25.465  -10.079  2.960 0.4285714328
70655  -24.195  -8.586  2.809 0.4285714328
72574  -22.923  -6.913  2.175 0.4285714328
134429  -27.792  -6.833  3.064 0.7142857313
148614  -27.152  -6.709  2.661 0.7142857313
72564  -27.360  -5.975  2.778 0.7142857313
74685  -27.425  -4.530  2.712 0.8571428657
75664  -30.021  -3.138  5.060 0.7142857313
76676  -30.821  -2.467  6.418 0.2857142985
76674  -29.948  -2.401  5.246 0.5714285970
76690  -29.516  -2.611  4.572 0.5714285970
149480  -22.864  -8.326  3.657 0.5714285970
139805  -24.802  -8.315  2.543 0.5714285970
71614  -27.218  -7.502  2.737 0.7142857313
74645  -30.394  -4.419  5.675 0.4285714328
75665  -30.579  -3.622  5.567 0.4285714328
75666  -31.050  -3.315  6.213 0.4285714328
126145  -30.531  -2.878  5.651 0.4285714328
67558  -22.844  -10.885  4.960 0.5714285970
123740  -30.334  -10.448  5.818 0.4285714328
141693  -31.025  -9.175  6.113 0.4285714328
73554  -30.538  -5.788  6.541 0.4285714328
73555  -31.082  -5.392  7.060 0.4285714328
73570  -30.697  -4.901  6.429 0.4285714328
63473  -25.179  -16.410  8.742 0.1428571492
130630  -30.440  -8.254  5.966 0.4285714328
71568  -30.544  -7.622  6.441 0.4285714328
72523  -30.887  -6.323  7.157 0.4285714328
63494  -25.477  -15.800  8.185 0.1428571492
64520  -25.957  -15.352  7.506 0.1428571492
126270  -27.103  -13.281  7.019 0.2857142985
141375  -30.354  -10.471  7.717 0.2857142985
141694  -31.357  -8.675  8.957 0.2857142985
141447  -30.959  -9.730  7.604 0.2857142985
66553  -29.329  -11.781  6.829 0.4285714328
70614  -31.397  -8.355  8.080 0.2857142985
144338  -31.221  -9.460  6.654 0.2857142985
123839  -30.964  -10.163  6.621 0.2857142985
70629  -30.850  -8.344  6.752 0.4285714328
63474  -25.988  -15.803  8.993 0.1428571492
63495  -26.310  -15.300  8.452 0.1428571492
137376  -24.528  -16.293  8.078 0.1428571492
64521  -26.801  -14.711  7.806 0.2857142985
65546  -27.332  -13.910  7.643 0.2857142985
65548  -28.662  -12.625  8.440 0.2857142985
66541  -29.710  -11.559  8.601 0.2857142985
66540  -29.107  -11.820  8.074 0.2857142985
66539  -28.597  -12.344  7.464 0.2857142985
125160  -29.630  -11.151  7.855 0.2857142985
128047  -26.596  -15.270  9.227 0.1428571492
64524  -28.331  -13.557  9.079 0.2857142985
63496  -27.080  -14.821  8.887 0.2857142985
65533  -28.209  -13.143  8.674 0.2857142985
64522  -27.524  -14.227  8.461 0.2857142985
64535  -26.221  -14.793  7.040 0.2857142985
65547  -28.182  -12.957  7.890 0.2857142985
62471  -24.284  -17.086  9.752 0.1428571492
62470  -23.310  -17.149  9.487 0.2857142985
62495  -25.750  -16.437  9.518 0.1428571492
58367  -21.785  -20.088  11.546 0.2857142985
58353  -21.369  -20.930  11.735 0.2857142985
61514  -24.170  -17.931  10.029 0.2857142985
59399  -23.065  -20.266  12.187 0.1428571492
58352  -20.597  -21.076  11.732 0.2857142985
57299  -21.052  -21.553  12.100 0.1428571492
64499  -27.579  -14.101  9.533 0.2857142985
67509  -29.891  -10.811  8.649 0.2857142985
141128  -31.123  -9.783  6.038 0.4285714328
69586  -31.315  -8.859  7.028 0.2857142985
70631  -31.666  -7.772  8.414 0.2857142985
71634  -24.796  -6.575  1.801 0.7142857313
71569  -30.859  -7.362  7.208 0.4285714328
75726  -26.092  -3.617  2.395 0.5714285970
72540  -30.216  -6.306  5.904 0.4285714328
76667  -31.442  -2.761  7.054 0.2857142985
76675  -30.333  -2.129  5.881 0.5714285970
123508  -26.982  6.494  2.021 0.7142857313
78628  -29.414  -0.373  5.505 0.7142857313
124154  -27.900  8.600  2.940 0.5714285970
134827  -28.415  7.206  3.854 0.7142857313
78630  -30.688  -0.833  6.744 0.2857142985
123489  -28.165  3.979  4.031 0.8571428657
81268  -30.221  3.023  5.295 0.5714285970
92301  -27.556  15.738  6.630 0.1428571492
84984  -31.926  7.456  3.742 0.1428571492
89193  -31.435  12.965  2.273 0.2857142985
59414  -22.630  -19.998  11.693 0.1428571492
128663  -20.523  -19.352  10.957 0.2857142985
60439  -23.814  -19.224  11.134 0.1428571492
62496  -26.737  -15.892  9.868 0.1428571492
63475  -27.199  -14.919  9.886 0.1428571492
134112  -26.636  -14.054  7.027 0.2857142985
65532  -27.876  -13.603  8.153 0.2857142985
66520  -30.262  -11.760  9.125 0.2857142985
66538  -27.836  -12.740  6.994 0.2857142985
141176  -30.339  -10.137  8.939 0.2857142985
123759  -24.339  -9.202  3.334 0.5714285970
71609  -22.493  -7.384  2.694 0.2857142985
70615  -31.864  -8.061  9.199 0.2857142985
71571  -31.806  -7.221  8.646 0.2857142985
71625  -25.107  -7.014  2.064 0.7142857313
72575  -25.938  -6.832  2.170 0.5714285970
140297  -23.452  -5.132  1.281 0.4285714328
72588  -24.814  -6.062  1.613 0.5714285970
71570  -31.434  -7.352  7.956 0.4285714328
76748  -23.834  -2.434  0.176 0.2857142985
139749  -24.493  -3.398  0.782 0.5714285970
71555  -31.239  -6.749  7.673 0.2857142985
71583  -30.343  -7.263  5.826 0.4285714328
143549  -25.699  -4.944  1.539 0.7142857313
76749  -24.592  -1.896  0.126 0.2857142985
73539  -31.377  -5.903  7.780 0.1428571492
74629  -31.407  -4.532  6.871 0.4285714328
74612  -31.998  -4.266  7.539 0.1428571492
144342  -27.941  0.045  3.705 0.8571428657
75635  -31.877  -3.305  7.532 0.1428571492
126950  -29.844  -1.690  5.576 0.5714285970
77630  -30.569  -1.757  6.506 0.2857142985
79632  -29.614  1.013  4.528 0.7142857313
129636  -28.347  4.812  4.269 0.8571428657
79621  -31.429  0.880  6.500 0.2857142985
134386  -32.028  1.544  6.482 0.1428571492
89957  -28.618  12.353  6.599 0.2857142985
80435  -31.688  2.340  6.282 0.1428571492
81251  -31.092  3.016  6.335 0.1428571492
123470  -31.967  4.741  5.406 0.1428571492
124274  -31.684  4.331  6.491 0.1428571492
84970  -31.881  6.031  5.059 0.1428571492
124587  -32.363  5.946  4.183 0.1428571492
84985  -32.369  6.607  3.510 0.1428571492
86774  -32.587  9.093  1.522 0.2857142985
136624  -32.900  7.983  1.767 0.1428571492
60425  -24.487  -19.512  11.750 0.1428571492
62473  -26.365  -16.614  10.327 0.1428571492
123846  -30.890  -9.362  8.876 0.2857142985
76655  -31.868  -1.980  7.531 0.2857142985
130147  -33.225  6.885  1.813 0.1428571492
135595  -33.313  10.212  0.062 0.2857142985
59430  -23.054  -19.494  11.356 0.1428571492
61489  -24.058  -18.592  10.610 0.1428571492
146469  -24.245  -16.596  8.708 0.1428571492
141187  -29.654  -11.374  5.981 0.4285714328
70661  -25.810  -8.596  2.649 0.5714285970
69624  -25.950  -9.628  2.712 0.4285714328
71613  -26.297  -7.669  2.536 0.7142857313
135485  -27.218  -5.189  2.701 0.7142857313
133636  -29.073  -0.760  4.868 0.7142857313
77666  -27.275  -1.367  1.874 0.8571428657
141926  -27.559  -3.019  2.437 0.8571428657
130652  -30.618  11.678  4.478 0.2857142985
62494  -24.695  -16.712  9.337 0.1428571492
67553  -23.184  -11.805  5.245 0.5714285970
76733  -26.334  -2.816  1.729 0.5714285970
82175  -28.281  3.111  3.621 0.8571428657
123494  -28.008  5.376  3.791 0.8571428657
89967  -29.544  12.400  5.903 0.2857142985
73607  -26.771  -5.438  2.436 0.8571428657
90753  -30.282  13.848  4.900 0.2857142985
133657  -29.330  14.110  5.562 0.2857142985
87614  -31.017  10.351  2.045 0.2857142985
89198  -30.163  11.713  1.688 0.2857142985
88430  -29.587  10.935  1.733 0.2857142985
91453  -27.737  15.488  6.162 0.1428571492
89184  -30.798  11.775  3.339 0.2857142985
86764  -32.059  8.141  2.755 0.1428571492
88421  -29.618  10.853  2.961 0.2857142985
84997  -32.794  6.258  2.451 0.1428571492
123483  -31.446  6.194  5.201 0.1428571492
86751  -31.231  8.703  4.314 0.5714285970
84068  -31.835  5.448  5.366 0.1428571492
124079  -30.572  4.806  5.247 0.1428571492
85841  -31.399  7.685  4.509 0.2857142985
84969  -31.898  6.766  4.636 0.2857142985
124362  -30.664  7.388  4.973 0.4285714328
124033  -29.898  7.131  5.149 0.5714285970
123985  -29.180  7.214  4.621 0.7142857313
124047  -29.666  4.508  4.968 0.4285714328
123491  -29.903  5.431  4.910 0.5714285970
150289  -29.941  3.497  5.352 0.5714285970
123490  -28.706  4.223  4.747 0.7142857313
124130  -28.683  5.683  4.442 0.7142857313
79633  -30.775  1.016  4.661 0.4285714328
82176  -28.742  2.972  4.513 0.8571428657
76751  -25.831  -2.517  0.950 0.5714285970
78686  -26.398  -0.321  0.726 0.4285714328
77674  -25.340  -1.628  0.285 0.4285714328
79652  -28.249  0.810  4.161 0.8571428657
80462  -28.969  1.606  4.927 0.8571428657
78638  -28.856  0.269  4.773 0.7142857313
71611  -24.020  -7.787  2.370 0.5714285970
71624  -24.399  -7.073  2.054 0.4285714328
147524  -26.099  -5.709  1.863 0.7142857313
73621  -24.355  -5.450  1.393 0.4285714328
74698  -24.976  -4.693  1.127 0.5714285970
74709  -25.040  -3.746  1.088 0.5714285970
74697  -24.056  -4.654  0.933 0.4285714328
74707  -23.178  -4.207  1.018 0.2857142985
74684  -26.310  -4.185  3.037 0.7142857313
69623  -25.023  -9.261  2.869 0.5714285970
141303  -23.675  -8.624  3.625 0.5714285970
74628  -31.096  -4.080  6.143 0.4285714328
72522  -30.585  -6.757  6.453 0.4285714328
133498  -27.632  -13.212  7.557 0.2857142985
123372  -30.148  -10.958  6.759 0.2857142985
141376  -31.246  -9.013  7.691 0.2857142985
70630  -31.227  -8.095  7.613 0.4285714328
64523  -27.934  -13.822  8.937 0.2857142985
58338  -22.613  -20.862  12.714 0.1428571492
57300  -21.858  -21.308  12.300 0.1428571492
58339  -23.349  -20.376  13.101 0.1428571492
75649  -31.568  -3.745  6.813 0.2857142985
91452  -27.629  14.789  6.757 0.1428571492
59400  -23.685  -19.972  12.595 0.1428571492
60440  -24.758  -19.123  11.327 0.1428571492
90741  -27.992  13.504  6.798 0.1428571492
123513  -26.702  7.049  1.773 0.5714285970
84118  -25.844  5.825  1.039 0.4285714328
85016  -26.257  6.389  1.411 0.4285714328
83193  -25.919  4.996  1.399 0.4285714328
129236  -26.614  6.244  1.686 0.5714285970
123510  -27.295  7.127  2.235 0.4285714328
81318  -26.134  2.369  0.915 0.4285714328
83204  -25.832  4.160  1.023 0.4285714328
140763  -26.294  4.249  1.504 0.5714285970
83185  -26.563  4.844  1.872 0.5714285970
84106  -26.361  5.748  1.519 0.5714285970
79676  -26.696  0.652  1.229 0.5714285970
141726  -31.525  -8.731  10.169 0.1428571492
70616  -32.300  -7.748  9.768 0.1428571492
64543  -21.024  -14.412  7.026 0.2857142985
141636  -32.903  -9.909  11.508 0.1428571492
141168  -31.361  -9.441  11.113 0.1428571492
141130  -32.480  -9.152  11.906 0.1428571492
141083  -31.824  -9.179  11.431 0.1428571492
141689  -32.605  -8.713  13.537 0.1428571492
64532  -21.084  -15.106  7.310 0.2857142985
67510  -30.427  -10.900  9.392 0.1428571492
141702  -31.260  -10.206  10.882 0.1428571492
148738  -30.600  -10.442  9.619 0.1428571492
141634  -33.643  -10.445  13.640 0.1428571492
141662  -32.038  -10.002  11.054 0.1428571492
69500  -35.776  -9.934  15.509 0.1428571492
141253  -33.981  -10.738  15.216 0.1428571492
124102  -35.621  -9.809  15.597 0.1428571492
63504  -20.601  -15.239  7.570 0.2857142985
64531  -19.991  -14.562  7.524 0.2857142985
65534  -29.919  -13.264  9.697 0.1428571492
65535  -30.860  -12.826  9.888 0.1428571492
66519  -29.831  -12.855  9.097 0.1428571492
123720  -31.807  -11.405  10.714 0.1428571492
66522  -31.614  -12.163  10.519 0.1428571492
141293  -33.210  -10.986  10.940 0.1428571492
141409  -33.913  -11.060  12.609 0.1428571492
141269  -34.456  -11.223  14.652 0.1428571492
141254  -35.187  -10.148  15.875 0.1428571492
63491  -20.969  -15.763  7.883 0.2857142985
63489  -20.141  -15.194  8.311 0.2857142985
63470  -19.983  -15.431  9.142 0.2857142985
64502  -30.422  -13.919  10.049 0.1428571492
65515  -30.935  -13.550  9.935 0.1428571492
66523  -32.243  -12.461  10.744 0.1428571492
66521  -30.926  -11.919  9.978 0.1428571492
141167  -33.798  -12.428  11.686 0.1428571492
141487  -34.539  -11.774  13.812 0.1428571492
141635  -34.098  -11.880  12.302 0.1428571492
141473  -35.952  -10.064  16.213 0.1428571492
69501  -35.651  -9.492  15.723 0.1428571492
64500  -28.266  -13.792  9.905 0.1428571492
149931  -29.364  -13.355  9.738 0.1428571492
64501  -29.182  -13.202  10.387 0.1428571492
64503  -31.453  -14.231  10.334 0.1428571492
65516  -33.152  -13.853  10.297 0.1428571492
65517  -33.318  -13.130  10.868 0.1428571492
126387  -32.578  -13.930  10.157 0.1428571492
141095  -33.709  -12.160  10.789 0.1428571492
123780  -35.054  -11.915  14.068 0.1428571492
141084  -34.139  -12.774  12.609 0.1428571492
123729  -35.632  -11.017  15.800 0.1428571492
141472  -35.221  -11.195  15.047 0.1428571492
64480  -28.794  -13.902  10.961 0.1428571492
63454  -31.909  -14.941  11.141 0.1428571492
64482  -30.969  -14.789  10.412 0.1428571492
64481  -29.763  -14.421  10.952 0.1428571492
64483  -32.456  -14.704  10.615 0.1428571492
141294  -33.811  -13.839  10.329 0.1428571492
130979  -33.159  -14.820  9.824 0.1428571492
141663  -33.711  -13.154  11.058 0.1428571492
141292  -34.663  -13.332  11.997 0.1428571492
141132  -34.599  -12.341  13.301 0.1428571492
63453  -30.975  -14.716  11.432 0.1428571492
63477  -33.034  -15.708  9.518 0.1428571492
63455  -32.672  -15.836  9.890 0.1428571492
64484  -33.693  -14.658  9.771 0.1428571492
66475  -34.760  -13.071  12.522 0.1428571492
123805  -34.408  -13.748  10.954 0.1428571492
66504  -32.310  -13.178  10.584 0.1428571492
141701  -36.028  -10.908  16.286 0.1428571492
141716  -36.632  -9.423  16.883 0.1428571492
141184  -35.016  -10.700  15.338 0.1428571492
145234  -33.724  -10.589  11.785 0.1428571492
141705  -33.723  -10.842  14.585 0.1428571492
141637  -31.540  -8.874  11.210 0.1428571492
63471  -20.475  -15.810  8.570 0.2857142985
141256  -35.103  -12.637  13.355 0.1428571492
141124  -35.410  -12.533  14.227 0.1428571492
141142  -36.302  -10.329  16.532 0.1428571492
69477  -38.038  -9.131  17.020 0.1428571492
69502  -36.152  -9.058  16.406 0.1428571492
141488  -34.741  -10.382  15.256 0.1428571492
123905  -34.070  -10.225  15.812 0.1428571492
70541  -36.632  -8.973  15.555 0.1428571492
70602  -31.932  -8.109  10.845 0.1428571492
71556  -32.094  -7.542  9.148 0.1428571492
123518  -26.371  8.384  1.662 0.4285714328
124084  -27.208  8.903  2.004 0.4285714328
86787  -33.914  9.957  -0.621 0.1428571492
123514  -26.882  8.143  2.093 0.4285714328
63490  -20.498  -15.570  8.003 0.2857142985
87626  -32.996  11.018  0.343 0.1428571492
127937  -29.109  -13.146  9.128 0.1428571492
63476  -27.754  -13.970  10.683 0.1428571492
72524  -31.556  -6.680  8.235 0.1428571492
73540  -31.582  -5.997  8.511 0.1428571492
141692  -30.838  -9.951  9.688 0.1428571492
141134  -31.128  -9.292  10.032 0.1428571492
70601  -31.984  -8.229  10.127 0.1428571492
141686  -33.350  -10.096  12.361 0.1428571492
141113  -32.973  -9.487  12.959 0.1428571492
141688  -31.853  -8.700  11.590 0.1428571492
141131  -33.592  -10.115  14.434 0.1428571492
67511  -31.011  -10.929  10.131 0.1428571492
123733  -32.193  -11.042  11.000 0.1428571492
123718  -34.061  -11.155  13.695 0.1428571492
141114  -32.685  -12.169  10.940 0.1428571492
65536  -31.727  -13.014  10.389 0.1428571492
123700  -33.832  -11.501  11.788 0.1428571492
141687  -34.323  -11.784  12.974 0.1428571492
140199  -31.903  -13.793  9.890 0.1428571492
66505  -32.676  -13.094  10.752 0.1428571492
135836  -32.632  -14.746  10.316 0.1428571492
123992  -34.250  -14.518  10.058 0.1428571492
141661  -34.066  -13.137  11.738 0.1428571492
148057  -32.772  -15.383  9.940 0.1428571492
58350  -19.074  -20.995  12.413 0.1428571492
59413  -18.419  -20.364  12.220 0.1428571492
58364  -19.370  -20.301  11.989 0.1428571492
58365  -20.214  -20.379  11.544 0.1428571492
59427  -19.603  -19.549  11.380 0.1428571492
60438  -19.791  -18.761  10.734 0.1428571492
144042  -19.944  -18.108  10.258 0.1428571492
61508  -18.778  -17.514  10.576 0.1428571492
62469  -19.707  -16.595  9.920 0.1428571492
61509  -19.709  -17.404  10.182 0.1428571492
61531  -20.468  -16.771  9.671 0.1428571492
62455  -18.179  -16.850  10.832 0.1428571492
62468  -18.930  -15.973  10.456 0.1428571492
62488  -19.604  -15.912  9.733 0.1428571492
62489  -20.227  -16.177  9.315 0.1428571492
64475  -18.061  -14.358  10.174 0.1428571492
64496  -18.631  -14.153  9.249 0.1428571492
65531  -19.409  -13.897  8.109 0.1428571492
64517  -19.160  -14.078  8.650 0.1428571492
65542  -19.225  -13.239  8.327 0.2857142985
65544  -20.240  -14.256  7.171 0.1428571492
65556  -20.735  -13.631  6.948 0.1428571492
65543  -19.666  -13.692  7.833 0.2857142985
66550  -21.923  -12.727  6.067 0.2857142985
68584  -22.480  -10.055  4.709 0.4285714328
123747  -23.068  -8.811  4.235 0.4285714328
79688  -26.119  0.569  0.497 0.2857142985
80522  -25.827  1.921  0.477 0.2857142985
80512  -26.332  1.526  0.865 0.2857142985
85025  -24.478  6.546  0.213 0.2857142985
85014  -24.829  7.251  0.581 0.2857142985
85004  -25.907  7.575  1.509 0.2857142985
150006  -25.968  8.530  1.492 0.4285714328
63503  -20.152  -15.079  7.815 0.1428571492
66517  -18.890  -12.645  8.525 0.1428571492
66535  -19.718  -12.909  7.802 0.2857142985
65557  -21.536  -13.516  6.673 0.1428571492
60436  -18.300  -18.074  11.072 0.1428571492
65514  -18.404  -13.487  9.113 0.1428571492
65530  -18.850  -13.188  8.641 0.1428571492
67522  -19.172  -12.160  8.063 0.2857142985
66548  -20.414  -12.833  7.191 0.2857142985
67537  -19.881  -12.055  7.376 0.2857142985
66549  -21.133  -12.799  6.505 0.2857142985
148605  -22.405  -11.283  5.357 0.4285714328
68578  -22.028  -10.497  5.192 0.4285714328
149842  -21.311  -8.955  4.887 0.2857142985
78685  -25.793  -0.946  0.179 0.2857142985
79687  -25.554  0.477  -0.035 0.2857142985
139142  -25.753  1.243  0.246 0.2857142985
80530  -24.691  1.864  -0.320 0.2857142985
81317  -25.500  2.648  0.456 0.2857142985
82209  -25.988  3.162  0.949 0.2857142985
83203  -24.927  5.004  0.209 0.2857142985
84128  -23.554  5.694  -0.227 0.2857142985
84117  -25.155  5.983  0.402 0.2857142985
67539  -21.388  -12.009  5.987 0.2857142985
78697  -25.214  -0.326  -0.172 0.2857142985
139774  -25.154  1.142  -0.211 0.2857142985
78696  -24.437  0.017  -0.405 0.2857142985
81329  -24.922  2.464  -0.017 0.2857142985
133456  -24.244  3.749  -0.182 0.2857142985
82219  -24.799  3.234  0.204 0.2857142985
82208  -25.417  3.613  0.568 0.2857142985
128423  -23.899  4.996  -0.395 0.2857142985
127020  -25.466  5.092  0.752 0.2857142985
80529  -23.834  1.896  -0.499 0.2857142985
81327  -23.367  2.658  -0.469 0.2857142985
131421  -23.213  -10.525  4.528 0.4285714328
62490  -20.867  -16.283  9.025 0.1428571492
66558  -22.259  -11.941  5.652 0.4285714328
60452  -19.234  -18.153  10.633 0.1428571492
144053  -25.294  4.391  0.532 0.2857142985
65555  -20.190  -13.590  7.402 0.1428571492
64497  -19.591  -14.597  8.844 0.1428571492
60437  -18.920  -18.848  11.206 0.1428571492
124499  -19.082  -16.943  10.326 0.1428571492
63446  -18.252  -15.102  10.587 0.1428571492
63469  -19.029  -15.070  9.781 0.1428571492
137312  -18.797  -12.285  8.442 0.2857142985
68583  -21.679  -9.479  4.976 0.4285714328
67552  -21.656  -11.231  5.562 0.4285714328
82218  -23.644  3.462  -0.384 0.2857142985
123765  -22.105  -8.342  4.034 0.2857142985
142041  -23.268  -7.996  2.935 0.2857142985
89194  -33.367  13.408  1.504 0.1428571492
88423  -33.489  11.883  1.317 0.1428571492
89994  -33.184  13.996  -0.196 0.1428571492
89206  -32.743  13.144  -0.000 0.1428571492
88440  -32.817  12.007  0.389 0.1428571492
89187  -32.976  12.582  3.393 0.1428571492
89993  -32.507  13.719  0.225 0.1428571492
89984  -31.950  14.131  2.159 0.1428571492
91470  -31.685  15.487  3.835 0.1428571492
70660  -22.315  -7.882  3.344 0.2857142985
71601  -21.723  -7.464  3.176 0.2857142985
87625  -31.448  10.969  0.940 0.1428571492
89207  -33.568  13.119  -0.151 0.1428571492
88441  -33.487  11.637  0.474 0.1428571492
88431  -29.749  10.681  1.333 0.1428571492
138954  -31.834  11.834  0.842 0.1428571492
89985  -32.686  14.227  1.214 0.1428571492
90761  -31.846  14.757  3.596 0.1428571492
89978  -31.731  14.305  3.387 0.1428571492
90760  -31.021  14.755  3.912 0.1428571492
91469  -31.066  15.338  3.879 0.1428571492
139617  -31.623  12.232  0.993 0.1428571492
89199  -31.450  12.454  1.466 0.1428571492
141191  -23.139  -9.753  4.357 0.2857142985
89186  -32.603  13.524  2.477 0.1428571492
89200  -33.747  13.518  0.118 0.1428571492
89988  -32.338  13.963  1.067 0.1428571492
89980  -32.682  13.311  3.925 0.1428571492
88432  -33.622  12.503  0.236 0.1428571492
135366  -23.339  1.138  -0.427 0.1428571492
79697  -24.292  0.974  -0.382 0.1428571492
83215  -23.778  4.283  -0.379 0.1428571492
135627  -20.697  5.463  0.602 0.1428571492
85023  -22.226  6.366  0.083 0.1428571492
144960  -24.572  -0.678  -0.183 0.1428571492
130938  -23.061  4.768  -0.255 0.1428571492
86795  -21.923  7.967  0.656 0.1428571492
86796  -22.885  8.404  0.473 0.1428571492
86784  -22.432  8.836  1.048 0.2857142985
137595  -23.661  -5.770  1.625 0.2857142985
73619  -22.132  -5.499  1.856 0.1428571492
76747  -22.982  -2.103  -0.026 0.1428571492
138147  -23.810  -1.805  -0.027 0.1428571492
78695  -23.846  -0.617  -0.237 0.1428571492
125704  -31.204  0.005  7.093 0.1428571492
80528  -22.980  1.917  -0.503 0.1428571492
145085  -23.926  6.549  -0.032 0.1428571492
85881  -24.408  8.191  0.722 0.1428571492
86797  -23.655  8.537  0.571 0.1428571492
87632  -23.268  8.936  0.850 0.2857142985
124139  -26.410  9.670  0.771 0.2857142985
123528  -26.069  10.804  3.451 0.2857142985
123525  -24.648  10.987  4.219 0.2857142985
88410  -27.131  10.365  4.730 0.2857142985
89148  -26.619  11.456  8.468 0.1428571492
123519  -26.318  9.482  0.849 0.2857142985
87633  -24.118  9.012  1.106 0.2857142985
123526  -26.695  10.373  0.712 0.2857142985
141368  -27.178  9.851  2.166 0.2857142985
126457  -26.102  10.694  1.564 0.2857142985
123531  -24.767  11.341  2.981 0.2857142985
123515  -27.618  10.058  3.425 0.2857142985
124205  -25.199  11.123  3.481 0.2857142985
132155  -27.700  10.119  4.085 0.2857142985
88396  -25.518  10.738  5.494 0.2857142985
143815  -27.671  13.631  7.771 0.1428571492
124142  -23.911  11.004  3.921 0.1428571492
126381  -23.082  11.294  4.413 0.1428571492
87621  -21.879  9.471  1.656 0.2857142985
88408  -25.558  10.843  4.474 0.2857142985
88397  -26.517  10.602  5.630 0.1428571492
89165  -27.063  11.396  6.831 0.1428571492
88381  -26.836  10.892  6.337 0.1428571492
86772  -20.181  9.031  2.408 0.2857142985
136920  -25.315  10.509  5.761 0.1428571492
88380  -26.071  10.600  6.239 0.1428571492
86755  -17.649  8.207  3.662 0.1428571492
145986  -31.930  -2.572  7.650 0.1428571492
75737  -23.184  -2.841  0.414 0.1428571492
78693  -22.215  -0.773  -0.146 0.1428571492
78612  -31.875  -0.371  7.556 0.1428571492
79695  -22.587  0.117  -0.336 0.1428571492
81316  -22.281  2.070  -0.187 0.1428571492
81325  -22.037  2.991  -0.062 0.1428571492
82217  -22.691  3.339  -0.270 0.1428571492
84125  -21.336  4.541  0.407 0.1428571492
84127  -22.615  5.586  -0.083 0.1428571492
86782  -20.706  8.414  1.854 0.1428571492
85888  -23.593  7.365  0.118 0.1428571492
87620  -21.065  9.402  1.950 0.2857142985
129302  -24.931  9.499  1.566 0.1428571492
88436  -24.000  9.720  2.227 0.1428571492
123532  -25.597  10.489  1.719 0.2857142985
123915  -24.304  11.148  3.079 0.1428571492
124501  -25.214  10.925  2.481 0.1428571492
88395  -24.645  10.863  5.467 0.2857142985
89153  -26.642  11.079  7.307 0.1428571492
89154  -27.198  11.896  7.585 0.1428571492
77614  -31.679  -1.265  7.493 0.1428571492
78619  -31.274  -0.847  7.273 0.1428571492
88409  -26.417  10.605  4.253 0.2857142985
126299  -26.793  9.426  1.286 0.2857142985
144694  -23.377  -3.475  0.728 0.1428571492
75736  -22.706  -3.305  0.921 0.1428571492
148596  -27.302  9.284  2.250 0.2857142985
77687  -25.025  -1.150  -0.082 0.1428571492
75636  -32.184  -2.804  8.036 0.1428571492
124173  -26.679  10.280  0.441 0.2857142985
85889  -24.150  7.402  0.286 0.1428571492
85882  -24.924  8.170  1.037 0.1428571492
86785  -25.206  8.950  1.345 0.1428571492
79696  -23.490  0.203  -0.500 0.1428571492
81326  -22.667  2.592  -0.352 0.1428571492
83214  -22.388  4.147  -0.073 0.1428571492
80520  -21.886  1.405  0.081 0.1428571492
79686  -22.008  0.560  -0.035 0.1428571492
136385  -22.086  4.675  0.046 0.1428571492
84126  -21.719  5.336  0.177 0.1428571492
85013  -21.929  7.134  0.231 0.1428571492
85887  -22.794  7.245  0.077 0.1428571492
77685  -23.384  -1.299  -0.107 0.1428571492
86783  -21.584  8.650  1.439 0.1428571492
134794  -22.580  7.760  0.289 0.1428571492
85879  -23.285  7.967  0.227 0.1428571492
76757  -22.501  -1.420  -0.145 0.1428571492
86798  -24.319  8.694  0.989 0.2857142985
87623  -23.659  9.259  1.433 0.2857142985
128711  -25.678  10.177  1.195 0.2857142985
87624  -25.264  9.285  1.403 0.2857142985
123521  -26.950  10.384  3.509 0.2857142985
136853  -26.218  10.608  4.981 0.2857142985
124178  -26.220  10.509  0.929 0.2857142985
124060  -26.739  10.335  0.612 0.2857142985
141528  -26.884  10.529  1.197 0.2857142985
125654  -25.706  10.932  2.515 0.2857142985
125054  -26.711  10.603  1.419 0.2857142985
124329  -24.189  11.150  3.281 0.1428571492
134512  -26.463  10.628  2.390 0.2857142985
90729  -27.705  14.120  7.392 0.1428571492
88435  -22.984  9.750  2.127 0.1428571492
123976  -24.107  10.547  2.707 0.2857142985
67520  -17.883  -11.449  8.262 0.1428571492
67536  -19.165  -11.206  7.293 0.1428571492
68546  -16.949  -10.201  7.825 0.1428571492
69562  -16.887  -9.473  7.470 0.1428571492
70609  -17.077  -8.675  7.115 0.1428571492
68563  -19.071  -10.204  6.830 0.1428571492
141898  -17.913  -8.540  6.571 0.1428571492
69578  -18.405  -9.738  7.003 0.1428571492
67551  -20.830  -11.239  5.938 0.1428571492
143192  -18.630  -8.446  6.077 0.1428571492
69595  -19.816  -9.148  5.757 0.1428571492
68577  -21.163  -10.206  5.555 0.1428571492
69596  -20.502  -8.876  5.228 0.1428571492
69597  -21.059  -9.240  5.220 0.1428571492
70623  -17.329  -7.900  6.635 0.1428571492
141338  -19.050  -7.950  5.403 0.1428571492
141508  -20.995  -8.675  4.794 0.1428571492
141507  -20.952  -7.543  3.968 0.1428571492
71608  -21.748  -6.917  2.751 0.1428571492
127915  -22.295  -6.763  2.346 0.1428571492
87613  -21.365  10.103  2.169 0.1428571492
142149  -19.646  -10.559  6.581 0.1428571492
67505  -17.699  -11.709  8.886 0.1428571492
68531  -16.571  -10.199  8.690 0.1428571492
69563  -17.587  -10.041  7.425 0.1428571492
89176  -24.902  11.161  5.021 0.1428571492
72586  -22.547  -6.253  1.982 0.1428571492
141235  -21.505  -8.634  4.527 0.1428571492
67521  -18.416  -11.519  7.983 0.1428571492
133957  -20.052  -11.221  6.588 0.1428571492
68564  -20.329  -10.399  6.118 0.1428571492
141515  -20.976  -8.100  4.346 0.1428571492
68547  -17.682  -10.801  7.862 0.1428571492
68548  -18.343  -10.579  7.424 0.1428571492
70608  -16.323  -8.879  7.578 0.1428571492
69577  -17.740  -9.248  7.094 0.1428571492
123920  -18.553  -9.009  6.558 0.1428571492
70624  -19.200  -8.734  5.904 0.1428571492
69579  -19.138  -9.411  6.406 0.1428571492
136146  -19.755  -9.833  6.252 0.1428571492
141313  -19.857  -8.436  5.254 0.1428571492
123829  -18.182  -7.869  6.013 0.1428571492
68576  -20.452  -9.606  5.726 0.1428571492
123971  -20.475  -8.253  4.715 0.1428571492
124008  -16.074  -7.342  7.510 0.1428571492
67504  -16.902  -11.081  9.285 0.1428571492
58354  -22.262  -20.665  11.955 0.2857142985
59441  -22.070  -18.677  10.530 0.4285714328
60426  -25.246  -19.413  12.159 0.1428571492
60454  -21.101  -18.004  9.977 0.2857142985
60467  -22.470  -17.731  10.129 0.4285714328
61533  -21.880  -16.959  9.149 0.2857142985
62492  -22.724  -16.730  8.591 0.4285714328
62505  -20.951  -16.036  8.336 0.2857142985
63493  -23.914  -16.272  7.542 0.4285714328
63519  -23.425  -15.418  6.841 0.5714285970
64518  -19.742  -14.544  8.076 0.1428571492
65570  -23.438  -13.362  5.834 0.4285714328
66534  -19.185  -12.722  8.274 0.2857142985
67538  -20.599  -12.045  6.597 0.1428571492
68532  -17.293  -10.905  8.392 0.1428571492
71572  -32.149  -7.107  9.195 0.2857142985
71610  -23.271  -7.453  2.410 0.5714285970
71623  -23.678  -7.005  2.103 0.4285714328
72525  -31.847  -6.557  8.980 0.1428571492
72576  -26.647  -7.000  2.488 0.7142857313
72587  -23.321  -6.332  1.870 0.1428571492
72589  -25.373  -6.307  1.767 0.7142857313
73620  -22.934  -5.660  1.655 0.2857142985
74696  -22.545  -4.884  1.457 0.4285714328
75713  -27.483  -3.770  2.545 0.8571428657
77686  -24.207  -1.237  -0.036 0.1428571492
78694  -22.983  -0.639  -0.289 0.1428571492
79694  -22.027  -0.202  -0.012 0.1428571492
79698  -24.976  0.456  -0.289 0.2857142985
80461  -28.551  1.625  4.414 0.8571428657
80521  -25.370  1.886  -0.008 0.2857142985
80527  -22.546  1.128  -0.312 0.1428571492
81304  -26.649  2.241  1.392 0.8571428657
81315  -21.597  2.409  0.354 0.1428571492
81328  -24.221  2.757  -0.288 0.2857142985
82207  -24.808  4.078  0.238 0.2857142985
83202  -24.350  4.635  -0.197 0.2857142985
84077  -32.129  5.507  5.231 0.1428571492
84115  -20.821  4.676  0.630 0.1428571492
84116  -24.388  5.612  -0.106 0.2857142985
85015  -25.581  6.739  0.960 0.4285714328
85022  -21.275  6.106  0.394 0.1428571492
85024  -23.143  6.524  -0.075 0.1428571492
85869  -25.547  8.674  1.335 0.4285714328
85878  -21.044  7.059  0.570 0.1428571492
85880  -23.888  8.106  0.399 0.1428571492
86756  -17.810  8.481  3.653 0.1428571492
86794  -20.999  7.730  1.324 0.1428571492
87612  -20.562  9.890  2.633 0.1428571492
87622  -22.683  9.349  1.470 0.2857142985
88429  -29.762  11.603  2.044 0.2857142985
88437  -29.862  11.550  2.050 0.2857142985
88439  -30.076  11.255  0.989 0.2857142985
88443  -29.717  11.711  1.780 0.2857142985
88444  -29.885  11.583  1.990 0.2857142985
89192  -30.553  11.768  2.325 0.2857142985
89204  -29.769  11.683  1.925 0.2857142985
89205  -30.419  11.683  1.430 0.2857142985
89986  -33.263  14.216  0.276 0.1428571492
89989  -32.908  14.281  0.256 0.1428571492
123373  -29.251  -11.561  5.587 0.4285714328
123466  -25.916  10.150  0.823 0.2857142985
123520  -27.000  10.283  2.403 0.2857142985
123527  -26.456  10.678  1.582 0.2857142985
123744  -22.350  -9.093  4.575 0.2857142985
123767  -21.394  -7.937  4.019 0.2857142985
123784  -23.870  -9.457  3.939 0.4285714328
123930  -27.005  9.906  1.154 0.2857142985
124232  -26.753  10.573  0.908 0.2857142985
124307  -26.235  9.837  0.628 0.2857142985
125065  -24.506  11.170  3.465 0.1428571492
128539  -24.535  -2.677  0.498 0.2857142985
129055  -26.283  -4.762  1.878 0.8571428657
131557  -25.845  -0.119  0.188 0.2857142985
132643  -23.134  3.991  -0.288 0.2857142985
138887  -25.249  7.652  1.078 0.1428571492
141255  -34.991  -11.408  14.462 0.1428571492
141415  -24.944  10.088  2.020 0.1428571492
141431  -24.841  10.727  2.433 0.2857142985
141638  -34.844  -12.821  12.842 0.1428571492
141664  -33.110  -11.574  11.055 0.1428571492
142209  -35.985  -9.336  15.658 0.1428571492
143733  -21.065  5.160  0.388 0.1428571492
145603  -20.486  -14.761  7.194 0.2857142985
145996  -21.532  3.419  0.412 0.1428571492
146719  -22.406  10.424  2.514 0.1428571492
149205  -22.215  -15.291  7.271 0.5714285970
149208  -22.977  0.610  -0.436 0.1428571492
149238  -27.419  -14.704  10.819 0.1428571492
149516  -23.139  -19.898  11.787 0.1428571492
