#!ascii label  , from subject sub-02 vox2ras=TkReg
1092
97114  58.331  31.511  60.297 0.0000000000
135282  58.882  19.723  44.573 0.0000000000
91755  51.216  22.813  39.487 0.0000000000
85843  58.307  15.537  33.730 0.0000000000
92300  53.110  23.973  54.128 0.0000000000
93551  57.222  26.244  43.874 0.0000000000
91068  59.481  21.229  36.178 0.0000000000
91088  47.976  21.666  35.053 0.0000000000
93499  59.291  24.742  49.138 0.0000000000
91682  58.750  22.751  53.010 0.0000000000
86623  54.528  16.516  46.794 0.0000000000
92982  49.968  25.611  37.546 0.0000000000
91105  51.063  21.569  32.891 0.0000000000
91003  53.661  21.036  42.542 0.0000000000
90265  55.318  19.648  34.006 0.0000000000
142165  47.128  25.758  34.391 0.0000000000
94732  59.909  28.748  54.236 0.0000000000
126077  58.252  28.196  55.846 0.0000000000
88387  54.408  18.975  51.058 0.0000000000
93586  53.517  25.154  40.390 0.0000000000
93615  53.214  25.645  38.312 0.0000000000
120705  50.512  24.258  38.852 0.0000000000
92380  50.008  23.557  34.704 0.0000000000
91086  51.764  22.221  35.258 0.0000000000
90950  57.260  21.516  48.649 0.0000000000
91712  54.726  22.930  47.479 0.0000000000
90987  57.188  21.033  43.778 0.0000000000
88555  59.217  19.192  31.933 0.0000000000
90246  57.527  20.244  35.608 0.0000000000
141593  57.101  19.108  31.021 0.0000000000
87663  54.854  18.163  30.997 0.0000000000
85844  56.897  15.244  33.509 0.0000000000
83144  56.424  12.606  35.474 0.0000000000
95922  56.264  29.939  62.494 0.0000000000
94709  56.706  27.226  57.405 0.0000000000
93563  53.255  25.239  42.232 0.0000000000
87560  58.246  17.880  41.816 0.0000000000
90197  58.896  19.860  40.754 0.0000000000
89379  59.904  19.626  37.526 0.0000000000
89398  60.061  19.196  33.874 0.0000000000
119448  62.993  26.004  48.830 0.0000000000
94749  61.176  27.862  51.803 0.0000000000
142777  61.826  22.421  51.176 0.0000000000
89279  58.264  20.492  49.287 0.0000000000
92308  55.397  23.850  52.483 0.0000000000
88395  56.452  19.749  50.142 0.0000000000
87514  58.284  17.555  45.921 0.0000000000
85768  56.321  16.163  41.814 0.0000000000
133688  50.836  29.490  59.075 0.0000000000
94223  52.830  26.586  35.842 0.0000000000
94818  49.523  27.877  34.994 0.0000000000
126244  49.284  25.374  34.274 0.0000000000
126892  49.219  21.214  34.316 0.0000000000
123406  51.220  19.204  34.475 0.0000000000
93523  57.203  24.966  46.791 0.0000000000
131737  52.836  24.505  44.977 0.0000000000
91029  52.344  21.513  40.762 0.0000000000
91038  56.708  20.945  39.337 0.0000000000
144535  54.612  19.453  37.604 0.0000000000
90235  52.774  20.433  36.277 0.0000000000
90276  53.191  20.999  31.791 0.0000000000
87638  52.523  18.322  32.361 0.0000000000
94239  47.097  26.288  34.671 0.0000000000
94834  47.654  27.153  34.836 0.0000000000
95974  59.759  29.639  57.441 0.0000000000
95966  58.891  29.605  58.850 0.0000000000
92968  51.540  24.047  40.621 0.0000000000
92974  51.286  24.495  39.753 0.0000000000
92364  50.695  23.949  39.524 0.0000000000
92372  50.526  23.478  37.497 0.0000000000
91760  51.210  22.707  38.727 0.0000000000
90168  58.122  20.901  46.543 0.0000000000
90965  56.723  21.747  45.695 0.0000000000
90986  57.851  20.874  44.183 0.0000000000
87653  58.763  17.683  31.841 0.0000000000
89418  58.375  19.123  32.041 0.0000000000
87654  57.958  17.565  31.591 0.0000000000
129231  56.760  15.872  31.811 0.0000000000
125536  57.570  15.335  33.610 0.0000000000
84932  57.182  14.420  34.404 0.0000000000
84931  57.994  14.572  34.487 0.0000000000
94683  55.940  27.927  60.250 0.0000000000
124665  55.103  26.585  41.925 0.0000000000
94163  55.296  26.143  43.287 0.0000000000
87581  57.573  17.002  38.943 0.0000000000
88483  59.057  18.347  39.422 0.0000000000
144278  58.840  17.373  36.818 0.0000000000
88530  61.768  18.766  33.904 0.0000000000
88552  61.809  18.271  33.000 0.0000000000
87646  61.308  17.783  32.552 0.0000000000
92887  59.204  25.799  52.884 0.0000000000
92893  60.778  24.378  52.939 0.0000000000
91681  60.387  22.660  52.901 0.0000000000
90941  60.071  20.697  50.789 0.0000000000
89261  59.042  21.090  51.154 0.0000000000
93477  54.766  26.445  56.039 0.0000000000
93484  55.595  26.143  54.334 0.0000000000
92309  54.424  24.271  53.133 0.0000000000
87494  54.452  17.636  48.654 0.0000000000
88386  55.402  19.394  50.954 0.0000000000
87493  55.317  18.278  48.410 0.0000000000
88423  57.646  18.295  48.095 0.0000000000
120798  55.904  17.625  45.887 0.0000000000
138988  56.474  17.221  43.545 0.0000000000
85748  55.625  16.313  43.900 0.0000000000
84877  58.179  14.030  41.369 0.0000000000
93629  51.628  26.168  37.819 0.0000000000
93643  53.750  26.191  36.519 0.0000000000
124972  50.980  26.808  36.815 0.0000000000
94225  50.853  27.450  35.712 0.0000000000
94218  50.051  27.095  36.660 0.0000000000
93652  49.226  26.353  34.318 0.0000000000
127828  49.622  25.596  34.918 0.0000000000
91792  50.546  22.484  33.496 0.0000000000
91785  50.122  22.777  33.709 0.0000000000
90268  50.539  21.110  33.291 0.0000000000
89403  50.354  20.281  34.286 0.0000000000
89413  51.059  19.661  33.193 0.0000000000
94143  60.604  25.808  48.558 0.0000000000
93511  60.750  25.284  47.235 0.0000000000
93504  57.792  24.943  48.272 0.0000000000
90968  53.679  21.593  45.181 0.0000000000
92334  53.475  23.676  46.458 0.0000000000
91727  52.667  22.416  44.467 0.0000000000
132689  52.491  23.533  43.682 0.0000000000
91016  53.323  21.151  41.807 0.0000000000
91036  59.153  20.287  39.057 0.0000000000
127683  58.175  20.465  40.104 0.0000000000
143023  58.246  21.191  38.045 0.0000000000
89402  56.305  19.395  34.467 0.0000000000
91083  56.494  19.776  36.151 0.0000000000
122023  55.526  19.502  35.593 0.0000000000
90224  53.708  19.702  37.192 0.0000000000
90248  54.181  19.655  35.269 0.0000000000
144502  52.988  20.358  34.005 0.0000000000
134251  53.806  20.358  32.595 0.0000000000
86739  54.625  16.469  32.302 0.0000000000
87658  53.547  17.881  31.518 0.0000000000
86740  53.872  16.928  32.555 0.0000000000
87629  53.262  17.313  34.131 0.0000000000
93537  59.813  24.898  44.316 0.0000000000
141600  47.264  24.056  35.659 0.0000000000
92382  47.732  24.088  35.276 0.0000000000
95994  60.370  29.348  54.352 0.0000000000
95986  59.832  29.723  55.724 0.0000000000
132209  59.312  28.156  54.959 0.0000000000
129945  58.070  25.625  53.548 0.0000000000
90930  53.308  21.764  52.205 0.0000000000
93600  53.273  25.247  39.057 0.0000000000
93601  51.440  25.025  39.038 0.0000000000
92981  50.196  24.789  38.036 0.0000000000
92996  50.030  24.704  35.967 0.0000000000
139718  50.412  23.793  36.453 0.0000000000
91772  51.380  22.859  35.751 0.0000000000
91093  51.400  22.355  34.217 0.0000000000
92324  58.116  22.985  49.416 0.0000000000
92915  56.682  24.371  48.621 0.0000000000
91710  55.979  22.233  48.272 0.0000000000
90966  55.674  21.791  45.780 0.0000000000
91001  55.300  20.731  42.797 0.0000000000
89399  58.979  19.717  34.353 0.0000000000
139986  58.201  21.251  35.891 0.0000000000
89400  57.948  19.627  34.321 0.0000000000
89410  57.410  19.293  33.435 0.0000000000
119788  55.570  19.059  31.850 0.0000000000
128188  54.810  19.139  31.892 0.0000000000
87662  55.530  18.537  30.807 0.0000000000
86737  55.969  15.803  31.847 0.0000000000
84948  56.017  15.222  33.731 0.0000000000
128085  57.139  12.903  34.878 0.0000000000
96517  57.185  30.884  61.553 0.0000000000
95954  58.071  29.418  60.232 0.0000000000
95325  56.847  28.461  60.512 0.0000000000
94088  56.161  26.528  58.543 0.0000000000
92884  53.722  25.008  56.044 0.0000000000
94196  54.607  26.082  40.456 0.0000000000
93574  53.383  25.218  41.257 0.0000000000
92962  51.798  23.636  41.371 0.0000000000
88447  58.936  18.672  43.486 0.0000000000
90189  58.325  19.746  42.603 0.0000000000
88464  59.505  18.891  41.051 0.0000000000
89359  59.313  19.912  39.635 0.0000000000
89378  60.024  20.235  36.911 0.0000000000
144886  60.767  18.541  35.462 0.0000000000
89391  59.856  19.715  35.475 0.0000000000
90243  59.873  20.678  35.526 0.0000000000
89407  60.022  19.207  32.751 0.0000000000
87647  60.271  17.893  32.223 0.0000000000
86734  59.744  16.585  32.831 0.0000000000
144962  59.355  15.098  34.434 0.0000000000
135985  61.976  27.145  49.981 0.0000000000
94138  60.627  25.793  50.049 0.0000000000
121743  60.796  28.238  53.533 0.0000000000
93493  61.300  25.692  51.862 0.0000000000
123986  61.144  23.798  49.509 0.0000000000
121600  59.823  22.132  49.762 0.0000000000
90162  58.202  20.321  48.695 0.0000000000
89298  59.418  19.091  46.559 0.0000000000
94112  56.920  27.416  56.284 0.0000000000
93483  56.697  25.902  54.212 0.0000000000
91684  57.143  23.007  52.772 0.0000000000
90139  54.403  20.774  52.250 0.0000000000
90927  56.391  21.044  52.412 0.0000000000
90136  57.798  21.120  51.533 0.0000000000
143444  57.983  19.872  49.356 0.0000000000
88421  59.380  17.977  47.268 0.0000000000
141331  59.618  18.264  45.312 0.0000000000
87537  57.465  17.563  43.377 0.0000000000
87561  56.992  17.437  41.318 0.0000000000
85791  57.330  15.748  39.605 0.0000000000
137298  56.936  14.603  42.477 0.0000000000
85778  57.755  14.909  39.892 0.0000000000
96533  54.776  30.932  60.158 0.0000000000
96535  53.109  30.094  60.248 0.0000000000
95958  49.781  28.780  59.194 0.0000000000
143080  54.903  26.226  35.197 0.0000000000
94249  52.456  27.467  33.506 0.0000000000
94237  48.962  27.147  34.017 0.0000000000
93661  48.467  25.484  34.243 0.0000000000
127816  48.829  22.727  34.709 0.0000000000
93002  49.761  24.554  34.824 0.0000000000
91786  49.402  22.536  34.196 0.0000000000
91087  48.544  21.389  34.626 0.0000000000
93530  57.399  25.309  45.376 0.0000000000
139227  55.877  24.975  47.596 0.0000000000
93532  55.360  25.387  45.985 0.0000000000
120387  54.906  25.751  44.922 0.0000000000
93554  52.937  25.194  43.771 0.0000000000
92353  51.948  23.328  42.184 0.0000000000
139542  51.812  22.116  40.606 0.0000000000
90999  57.467  20.462  42.412 0.0000000000
91013  57.189  20.675  41.600 0.0000000000
125986  56.079  20.621  40.969 0.0000000000
91061  56.651  20.728  37.415 0.0000000000
91050  56.007  20.346  38.662 0.0000000000
90206  54.691  19.958  39.978 0.0000000000
90207  53.609  20.120  39.843 0.0000000000
90215  52.955  20.719  38.458 0.0000000000
91051  52.378  21.318  37.913 0.0000000000
91074  51.940  21.110  35.848 0.0000000000
91085  51.961  21.539  34.749 0.0000000000
91104  51.744  21.122  32.241 0.0000000000
90288  53.255  20.172  30.663 0.0000000000
89433  52.478  20.388  30.378 0.0000000000
135714  51.432  19.711  32.223 0.0000000000
88544  52.260  18.522  33.475 0.0000000000
125103  55.437  12.536  36.121 0.0000000000
94826  48.305  27.873  35.350 0.0000000000
97113  59.114  31.336  60.072 0.0000000000
95952  59.417  30.280  59.301 0.0000000000
96546  59.077  30.567  60.090 0.0000000000
91750  51.051  23.375  40.109 0.0000000000
92362  50.980  23.995  40.110 0.0000000000
91756  50.905  23.352  39.206 0.0000000000
90167  58.780  20.034  45.998 0.0000000000
90963  58.411  20.882  45.648 0.0000000000
90174  58.339  20.478  44.388 0.0000000000
132383  58.809  16.154  33.022 0.0000000000
86735  58.460  16.630  32.217 0.0000000000
86736  57.661  16.198  31.999 0.0000000000
85850  58.038  15.766  32.961 0.0000000000
84945  57.808  15.066  34.183 0.0000000000
93549  58.583  25.657  43.165 0.0000000000
94161  57.126  26.311  43.064 0.0000000000
94171  56.712  26.327  42.645 0.0000000000
94162  56.316  26.307  43.396 0.0000000000
87589  57.956  16.902  37.989 0.0000000000
127330  58.556  17.475  37.616 0.0000000000
86699  58.939  17.002  36.450 0.0000000000
88551  62.973  18.667  32.863 0.0000000000
86731  62.737  17.261  32.629 0.0000000000
87645  62.329  17.871  32.709 0.0000000000
90238  48.239  21.096  35.462 0.0000000000
128797  59.205  23.966  53.232 0.0000000000
136823  59.930  23.472  53.194 0.0000000000
92305  59.467  23.078  53.184 0.0000000000
90924  59.828  21.595  51.532 0.0000000000
90916  58.694  22.049  52.264 0.0000000000
92900  53.669  24.340  53.794 0.0000000000
92899  53.983  24.973  54.024 0.0000000000
92310  53.504  23.798  53.292 0.0000000000
143729  54.419  16.821  47.408 0.0000000000
87488  55.096  18.432  49.236 0.0000000000
87502  54.844  17.272  47.038 0.0000000000
87501  55.619  18.003  47.497 0.0000000000
86622  54.825  17.070  46.104 0.0000000000
134589  55.258  17.131  45.328 0.0000000000
129778  54.864  16.224  45.371 0.0000000000
94212  50.700  26.323  37.620 0.0000000000
93630  50.020  26.343  37.267 0.0000000000
93631  49.771  26.134  36.720 0.0000000000
91099  50.511  21.955  33.381 0.0000000000
89425  51.010  20.352  32.744 0.0000000000
93498  60.032  24.976  48.893 0.0000000000
93503  59.518  25.195  48.570 0.0000000000
92913  58.543  25.053  48.673 0.0000000000
136849  53.970  21.095  43.860 0.0000000000
91726  52.975  21.971  45.028 0.0000000000
90991  53.210  21.341  43.471 0.0000000000
90992  52.541  21.891  43.392 0.0000000000
91046  59.244  20.587  37.963 0.0000000000
91047  58.796  20.959  38.510 0.0000000000
91059  58.818  21.185  37.627 0.0000000000
90258  56.054  19.574  34.898 0.0000000000
90259  54.892  19.812  34.554 0.0000000000
90260  53.786  19.985  34.249 0.0000000000
90266  54.276  20.025  33.526 0.0000000000
85846  55.306  15.669  33.828 0.0000000000
86725  54.581  16.281  33.136 0.0000000000
86714  54.522  16.151  34.177 0.0000000000
93653  46.722  25.501  34.783 0.0000000000
93003  47.046  24.743  34.918 0.0000000000
96581  59.983  30.599  55.796 0.0000000000
96571  60.335  30.679  57.159 0.0000000000
95349  59.274  28.982  57.022 0.0000000000
95361  59.245  28.837  55.972 0.0000000000
94734  58.653  27.835  55.193 0.0000000000
132099  58.576  26.903  53.893 0.0000000000
94118  58.080  27.191  54.674 0.0000000000
94205  54.748  25.766  39.556 0.0000000000
93599  54.182  25.488  39.005 0.0000000000
139934  53.663  25.242  39.667 0.0000000000
92975  50.815  24.245  39.440 0.0000000000
93602  50.830  24.772  38.778 0.0000000000
93616  51.212  25.511  38.302 0.0000000000
92988  50.208  24.256  37.260 0.0000000000
92368  50.313  23.915  38.192 0.0000000000
122255  51.454  22.544  36.783 0.0000000000
92377  50.985  23.185  36.672 0.0000000000
91778  51.306  22.807  34.705 0.0000000000
91705  57.728  22.037  49.157 0.0000000000
91707  56.566  22.300  48.838 0.0000000000
90954  56.624  21.542  48.082 0.0000000000
90974  57.238  21.429  44.752 0.0000000000
90975  56.300  21.132  44.199 0.0000000000
122350  55.360  20.914  44.188 0.0000000000
90989  55.787  20.809  43.439 0.0000000000
89408  58.992  19.497  33.234 0.0000000000
121681  58.535  19.591  34.071 0.0000000000
89409  58.341  19.437  33.332 0.0000000000
89429  57.509  19.024  31.935 0.0000000000
89419  58.029  19.252  32.574 0.0000000000
125547  57.197  19.135  32.458 0.0000000000
89420  56.277  18.966  32.805 0.0000000000
89430  56.551  19.125  31.628 0.0000000000
88564  55.782  19.042  31.062 0.0000000000
88563  56.326  18.668  30.593 0.0000000000
85852  56.502  15.485  32.672 0.0000000000
86745  56.195  16.658  31.189 0.0000000000
85853  55.914  15.596  32.683 0.0000000000
85845  56.386  15.289  33.429 0.0000000000
84947  56.577  14.632  34.304 0.0000000000
137106  57.309  13.712  34.659 0.0000000000
96518  56.890  30.363  62.206 0.0000000000
95920  57.504  29.933  61.888 0.0000000000
95921  56.774  29.640  62.233 0.0000000000
94078  55.954  27.133  59.640 0.0000000000
94089  55.910  25.974  58.223 0.0000000000
93474  55.099  25.973  57.029 0.0000000000
93472  54.709  25.266  57.441 0.0000000000
94173  54.337  26.380  42.218 0.0000000000
94186  53.683  26.067  41.734 0.0000000000
93575  52.903  24.619  41.627 0.0000000000
92961  52.430  24.001  41.928 0.0000000000
88456  59.028  18.382  42.137 0.0000000000
88455  59.361  18.823  41.852 0.0000000000
88465  59.123  18.247  41.404 0.0000000000
88492  59.690  19.005  38.062 0.0000000000
88482  59.533  19.185  39.103 0.0000000000
89369  59.544  19.864  38.545 0.0000000000
89368  59.643  20.153  37.697 0.0000000000
87610  60.774  18.190  36.028 0.0000000000
87620  61.429  18.325  35.336 0.0000000000
88531  60.670  19.005  34.121 0.0000000000
88519  60.691  18.840  34.844 0.0000000000
126150  60.079  19.236  34.646 0.0000000000
89392  59.538  19.668  34.773 0.0000000000
86733  60.812  16.944  32.639 0.0000000000
86724  60.241  16.058  33.384 0.0000000000
85829  59.711  15.458  34.046 0.0000000000
94752  62.716  27.820  52.104 0.0000000000
118994  61.941  27.878  50.580 0.0000000000
94753  61.404  27.723  51.243 0.0000000000
121438  60.855  26.174  49.852 0.0000000000
94136  61.094  27.219  51.371 0.0000000000
95374  60.230  28.992  54.185 0.0000000000
95387  60.698  28.915  53.983 0.0000000000
94124  59.833  28.331  53.772 0.0000000000
92313  61.630  23.345  52.343 0.0000000000
93491  60.855  25.135  52.716 0.0000000000
92904  61.735  23.970  52.094 0.0000000000
92906  61.892  23.661  50.570 0.0000000000
144243  61.929  22.861  50.463 0.0000000000
91702  60.753  22.023  49.830 0.0000000000
90154  59.470  20.704  50.710 0.0000000000
90158  59.040  20.943  50.144 0.0000000000
90159  58.394  20.781  49.476 0.0000000000
121337  58.685  19.536  47.848 0.0000000000
89286  58.557  19.508  48.518 0.0000000000
94708  57.149  27.799  57.936 0.0000000000
95341  57.605  28.472  58.568 0.0000000000
92898  55.513  24.893  52.899 0.0000000000
93488  56.166  25.537  53.431 0.0000000000
92897  56.684  24.867  52.743 0.0000000000
92889  57.209  25.334  53.538 0.0000000000
120805  56.314  23.373  52.596 0.0000000000
90150  53.778  20.270  51.971 0.0000000000
90140  53.717  21.088  52.153 0.0000000000
89265  54.239  19.589  51.585 0.0000000000
88385  56.099  20.071  50.766 0.0000000000
89253  55.741  19.895  51.912 0.0000000000
128941  56.396  20.431  51.671 0.0000000000
90137  56.857  20.774  51.829 0.0000000000
89263  56.855  20.640  51.082 0.0000000000
89262  57.964  20.891  50.906 0.0000000000
88394  57.495  20.050  49.876 0.0000000000
87499  57.813  17.902  47.254 0.0000000000
88422  58.680  18.028  47.833 0.0000000000
87509  58.347  17.591  46.697 0.0000000000
87507  59.691  17.969  46.257 0.0000000000
87513  59.185  17.624  45.598 0.0000000000
87536  58.586  18.036  43.817 0.0000000000
87526  58.079  17.710  44.212 0.0000000000
86650  56.127  16.490  42.586 0.0000000000
123748  56.477  17.161  42.814 0.0000000000
86664  56.534  16.692  41.100 0.0000000000
87572  56.942  17.044  40.410 0.0000000000
86663  56.844  16.210  40.316 0.0000000000
84858  56.772  14.605  43.139 0.0000000000
123465  58.466  14.307  40.484 0.0000000000
84895  58.674  14.701  39.638 0.0000000000
96547  54.290  30.835  59.133 0.0000000000
96563  51.959  30.145  59.160 0.0000000000
96549  52.517  30.188  59.679 0.0000000000
95955  51.942  29.808  59.890 0.0000000000
95940  52.360  29.651  60.433 0.0000000000
95956  51.338  29.510  59.602 0.0000000000
94234  53.475  26.412  35.166 0.0000000000
94233  54.285  26.364  34.598 0.0000000000
94248  53.338  26.918  33.725 0.0000000000
94235  52.297  27.080  34.556 0.0000000000
119813  50.175  27.645  35.693 0.0000000000
94833  48.691  27.397  34.365 0.0000000000
94226  49.094  27.600  34.494 0.0000000000
94251  48.760  26.391  34.065 0.0000000000
93007  48.876  24.613  34.410 0.0000000000
136269  48.520  24.228  34.727 0.0000000000
92387  49.048  23.507  34.634 0.0000000000
92995  50.193  23.963  35.485 0.0000000000
91793  49.964  22.283  33.687 0.0000000000
128997  49.679  23.088  34.321 0.0000000000
91094  49.144  21.805  34.074 0.0000000000
91787  48.587  22.075  34.429 0.0000000000
89404  49.720  20.777  34.568 0.0000000000
88534  50.757  19.618  34.011 0.0000000000
94145  63.649  25.790  48.234 0.0000000000
123161  58.876  24.919  47.044 0.0000000000
93520  60.607  24.854  46.399 0.0000000000
127299  58.633  24.749  46.330 0.0000000000
93528  58.889  24.809  45.633 0.0000000000
127761  57.911  24.897  46.008 0.0000000000
92919  55.109  24.128  48.292 0.0000000000
93506  56.143  24.798  48.166 0.0000000000
92924  54.823  24.389  47.523 0.0000000000
92932  52.999  24.164  45.816 0.0000000000
92931  53.671  24.504  46.265 0.0000000000
93533  54.263  25.211  45.694 0.0000000000
93541  53.939  25.511  44.758 0.0000000000
120289  53.543  25.682  43.952 0.0000000000
92939  53.128  25.233  44.566 0.0000000000
91739  51.951  22.239  42.104 0.0000000000
122617  52.051  23.086  43.005 0.0000000000
91740  51.719  22.822  42.291 0.0000000000
91745  51.604  22.699  41.710 0.0000000000
91018  51.898  22.200  41.299 0.0000000000
90188  58.552  19.714  41.651 0.0000000000
91012  57.863  19.953  42.011 0.0000000000
91011  58.347  19.924  41.042 0.0000000000
91037  57.730  21.013  39.493 0.0000000000
91026  57.649  20.455  40.826 0.0000000000
91027  56.923  20.817  40.932 0.0000000000
91014  56.448  20.934  41.645 0.0000000000
135166  56.493  20.679  40.191 0.0000000000
91081  57.538  21.019  35.796 0.0000000000
91070  57.809  21.267  36.537 0.0000000000
91082  57.194  20.312  35.913 0.0000000000
90222  55.424  19.579  37.220 0.0000000000
91072  56.237  19.919  36.892 0.0000000000
90213  55.372  19.668  38.090 0.0000000000
128520  55.288  20.094  39.087 0.0000000000
143253  54.694  19.657  38.333 0.0000000000
125969  54.287  19.996  39.043 0.0000000000
121523  53.616  19.708  36.537 0.0000000000
90225  52.995  20.484  37.603 0.0000000000
91040  52.263  21.402  38.856 0.0000000000
90236  52.282  21.004  36.904 0.0000000000
91084  52.450  20.794  34.324 0.0000000000
91091  52.411  20.951  33.300 0.0000000000
91098  51.847  21.380  32.617 0.0000000000
91103  52.274  21.177  31.729 0.0000000000
88570  54.760  18.715  31.317 0.0000000000
89432  54.125  19.304  31.505 0.0000000000
88571  54.195  18.631  31.223 0.0000000000
87650  53.245  17.574  32.043 0.0000000000
88556  52.830  18.394  31.517 0.0000000000
88557  52.102  18.960  31.671 0.0000000000
89423  51.836  19.792  31.190 0.0000000000
88545  51.701  19.045  32.635 0.0000000000
86715  53.663  16.649  34.576 0.0000000000
86716  52.960  17.308  34.972 0.0000000000
83159  56.208  12.960  35.189 0.0000000000
83145  56.020  12.617  35.715 0.0000000000
125515  46.215  25.982  35.448 0.0000000000
96559  60.341  31.047  58.100 0.0000000000
96560  60.093  30.695  58.795 0.0000000000
95965  59.671  29.952  58.428 0.0000000000
95350  58.628  28.829  57.460 0.0000000000
92967  52.179  24.541  40.351 0.0000000000
126661  53.049  24.840  39.960 0.0000000000
129735  50.593  23.779  38.860 0.0000000000
91761  50.678  23.272  38.390 0.0000000000
91766  51.110  22.691  37.698 0.0000000000
91075  51.875  21.990  36.326 0.0000000000
125112  57.215  21.046  47.475 0.0000000000
136837  56.506  21.504  47.322 0.0000000000
90964  57.713  21.379  45.656 0.0000000000
121183  58.812  19.386  32.497 0.0000000000
88561  58.609  18.576  31.716 0.0000000000
88562  57.782  18.653  31.564 0.0000000000
133267  57.194  18.186  30.921 0.0000000000
85851  57.231  15.521  32.774 0.0000000000
84946  57.186  14.968  34.072 0.0000000000
129227  58.316  14.103  34.749 0.0000000000
95910  55.529  29.723  62.311 0.0000000000
95311  56.323  28.996  61.826 0.0000000000
121319  55.217  28.960  61.924 0.0000000000
94184  55.878  26.520  41.711 0.0000000000
94172  55.871  26.406  42.527 0.0000000000
137283  55.017  26.342  42.633 0.0000000000
94164  54.473  26.103  43.050 0.0000000000
87580  58.133  17.668  39.610 0.0000000000
88473  59.136  18.231  40.458 0.0000000000
128673  58.249  17.576  38.575 0.0000000000
87579  59.164  18.274  38.390 0.0000000000
88500  59.941  18.688  37.102 0.0000000000
88518  61.791  18.663  34.472 0.0000000000
137924  62.818  18.717  33.402 0.0000000000
88542  62.407  18.606  33.267 0.0000000000
88543  61.029  18.760  33.354 0.0000000000
94747  62.234  28.362  52.257 0.0000000000
93480  59.272  26.678  53.109 0.0000000000
94125  59.520  27.210  53.189 0.0000000000
93487  59.932  25.681  52.888 0.0000000000
92304  60.666  23.496  53.062 0.0000000000
92314  61.218  22.878  52.678 0.0000000000
90940  60.662  21.306  50.991 0.0000000000
90935  60.471  21.689  51.586 0.0000000000
90146  59.639  20.724  51.060 0.0000000000
90155  59.366  20.780  50.811 0.0000000000
94114  55.663  26.577  56.439 0.0000000000
94121  55.530  26.676  55.349 0.0000000000
133053  54.690  26.595  55.042 0.0000000000
143417  54.686  25.178  53.526 0.0000000000
91686  54.795  23.407  52.720 0.0000000000
87483  54.462  17.890  50.232 0.0000000000
88397  54.879  18.621  50.503 0.0000000000
87482  55.037  18.512  49.947 0.0000000000
88406  55.808  19.127  49.688 0.0000000000
88415  56.123  18.754  49.013 0.0000000000
88405  56.864  19.240  49.488 0.0000000000
87492  56.471  18.403  48.286 0.0000000000
122920  56.429  17.913  46.859 0.0000000000
87515  57.047  17.590  45.336 0.0000000000
137973  56.970  17.448  44.295 0.0000000000
87516  55.934  17.411  44.865 0.0000000000
87527  55.940  17.058  44.053 0.0000000000
85747  55.873  15.969  43.207 0.0000000000
120468  57.613  14.231  42.889 0.0000000000
84876  59.235  14.177  41.254 0.0000000000
93628  52.628  26.018  37.781 0.0000000000
93627  53.692  25.811  37.560 0.0000000000
136323  51.963  26.424  37.155 0.0000000000
94224  51.799  26.874  35.991 0.0000000000
94219  49.612  27.046  36.087 0.0000000000
93644  49.458  26.666  35.169 0.0000000000
92379  50.774  23.209  34.714 0.0000000000
92386  50.222  23.154  34.055 0.0000000000
90269  49.817  21.539  33.824 0.0000000000
90261  49.931  20.873  33.983 0.0000000000
89414  50.469  20.262  33.578 0.0000000000
88533  51.415  19.165  33.741 0.0000000000
93502  61.613  26.096  48.465 0.0000000000
93510  61.881  25.451  47.450 0.0000000000
139248  60.110  25.328  47.997 0.0000000000
93512  59.147  25.200  47.945 0.0000000000
93522  58.031  24.865  46.941 0.0000000000
91715  54.240  22.340  46.646 0.0000000000
92333  54.014  23.204  46.998 0.0000000000
91716  53.519  22.825  46.287 0.0000000000
91720  52.698  22.699  44.973 0.0000000000
92338  52.720  23.529  45.189 0.0000000000
92940  52.644  23.999  44.367 0.0000000000
120695  52.442  22.595  43.730 0.0000000000
91004  52.615  21.619  42.579 0.0000000000
91017  52.470  21.627  41.588 0.0000000000
90205  59.164  20.027  39.632 0.0000000000
91025  58.338  20.060  40.590 0.0000000000
123476  58.603  20.724  39.374 0.0000000000
139440  57.243  21.124  38.806 0.0000000000
90257  57.019  19.491  35.219 0.0000000000
90247  56.927  19.567  35.519 0.0000000000
90233  55.484  19.426  36.438 0.0000000000
90234  54.463  19.478  36.129 0.0000000000
119596  53.410  19.800  35.844 0.0000000000
90249  53.122  19.944  34.883 0.0000000000
90267  53.288  20.506  33.104 0.0000000000
86747  54.753  16.803  31.752 0.0000000000
87657  54.343  17.586  31.400 0.0000000000
87649  54.000  17.128  31.925 0.0000000000
86726  53.802  16.794  33.578 0.0000000000
87637  53.118  17.653  33.179 0.0000000000
85833  54.239  15.871  35.085 0.0000000000
93538  58.758  25.402  44.147 0.0000000000
92997  46.773  25.220  35.448 0.0000000000
91780  47.793  23.218  35.461 0.0000000000
91779  48.246  22.519  35.000 0.0000000000
95985  59.995  29.946  55.182 0.0000000000
95375  59.841  28.931  54.523 0.0000000000
95973  60.174  29.968  56.846 0.0000000000
95360  59.640  29.063  55.281 0.0000000000
94733  59.408  28.350  54.351 0.0000000000
129050  58.928  26.901  53.420 0.0000000000
128529  58.703  25.036  52.933 0.0000000000
92895  58.472  24.366  53.124 0.0000000000
92316  53.149  23.182  52.792 0.0000000000
90931  52.484  21.656  52.303 0.0000000000
90151  52.938  20.230  51.552 0.0000000000
127247  53.312  18.813  51.316 0.0000000000
88398  53.980  17.987  50.787 0.0000000000
86605  54.308  17.533  49.607 0.0000000000
86616  54.146  16.741  48.044 0.0000000000
85729  54.588  16.193  46.163 0.0000000000
93613  54.509  25.519  38.041 0.0000000000
93614  53.951  25.484  38.277 0.0000000000
92973  52.234  24.915  39.493 0.0000000000
119525  52.245  25.461  38.557 0.0000000000
92989  49.956  25.189  37.040 0.0000000000
92376  50.703  23.490  35.646 0.0000000000
91784  50.761  22.896  33.811 0.0000000000
143020  51.002  22.410  33.524 0.0000000000
91791  51.131  21.883  33.121 0.0000000000
130402  58.494  23.723  49.444 0.0000000000
92911  58.442  24.449  49.192 0.0000000000
92912  57.506  23.919  49.149 0.0000000000
92328  55.562  23.692  48.828 0.0000000000
90959  55.998  21.832  46.637 0.0000000000
91714  55.146  22.278  47.188 0.0000000000
90967  54.423  21.579  45.774 0.0000000000
90977  54.407  21.192  44.604 0.0000000000
122660  54.192  20.801  43.148 0.0000000000
91079  59.657  21.026  35.472 0.0000000000
91080  58.875  21.199  35.689 0.0000000000
90244  58.905  20.648  35.361 0.0000000000
90245  58.129  20.820  35.433 0.0000000000
90256  57.668  19.910  35.348 0.0000000000
89401  57.172  19.393  34.609 0.0000000000
89411  56.582  19.203  33.859 0.0000000000
89412  55.659  19.241  33.503 0.0000000000
89421  55.140  19.146  32.541 0.0000000000
90274  54.584  19.749  32.920 0.0000000000
89431  55.027  18.928  31.550 0.0000000000
87655  56.507  17.626  30.711 0.0000000000
87656  55.679  17.704  30.686 0.0000000000
142886  55.027  17.396  31.209 0.0000000000
86738  55.315  16.052  32.075 0.0000000000
85854  55.329  15.848  32.821 0.0000000000
84934  56.403  14.310  34.587 0.0000000000
84046  56.472  13.224  34.897 0.0000000000
84933  56.569  13.619  34.680 0.0000000000
84045  56.696  13.101  34.837 0.0000000000
130268  56.480  12.937  34.964 0.0000000000
97103  57.858  31.089  61.071 0.0000000000
95937  58.432  30.176  60.548 0.0000000000
96531  57.994  30.373  61.173 0.0000000000
94688  57.427  28.560  59.706 0.0000000000
94696  57.010  27.761  58.866 0.0000000000
94689  56.597  27.835  59.654 0.0000000000
94103  56.256  26.577  57.818 0.0000000000
93478  53.947  26.063  55.559 0.0000000000
92891  53.397  24.622  54.582 0.0000000000
94195  55.374  26.103  40.103 0.0000000000
131284  55.354  26.479  41.009 0.0000000000
94197  53.834  25.914  40.828 0.0000000000
93587  52.947  24.677  40.796 0.0000000000
130900  52.261  24.241  41.158 0.0000000000
92361  51.362  23.509  40.802 0.0000000000
89322  59.023  19.189  43.986 0.0000000000
90182  58.361  19.952  43.689 0.0000000000
89335  58.808  19.272  43.129 0.0000000000
89334  59.041  19.249  42.223 0.0000000000
89351  59.282  19.676  40.534 0.0000000000
88472  59.491  19.093  40.113 0.0000000000
123754  59.274  20.061  39.134 0.0000000000
90212  59.390  20.177  38.319 0.0000000000
91057  59.827  21.036  36.516 0.0000000000
131381  60.157  17.715  36.365 0.0000000000
88509  60.203  18.424  36.375 0.0000000000
124973  60.231  18.938  35.792 0.0000000000
88499  60.161  19.369  36.631 0.0000000000
89385  60.088  20.122  36.130 0.0000000000
90232  60.044  20.749  36.294 0.0000000000
91067  60.033  21.040  35.806 0.0000000000
90254  59.331  20.245  35.306 0.0000000000
89417  59.442  19.355  32.425 0.0000000000
88553  60.769  18.621  32.520 0.0000000000
88554  60.026  19.083  31.963 0.0000000000
87652  59.428  18.396  31.846 0.0000000000
87648  59.290  17.153  32.206 0.0000000000
85842  59.205  15.755  33.604 0.0000000000
85830  58.683  15.191  34.234 0.0000000000
118773  61.887  26.531  49.366 0.0000000000
120004  60.971  26.228  49.259 0.0000000000
93497  60.390  25.708  49.191 0.0000000000
92908  60.492  24.965  49.415 0.0000000000
96004  61.046  29.278  53.895 0.0000000000
95386  61.243  28.569  53.591 0.0000000000
94745  60.781  27.759  52.700 0.0000000000
94132  60.137  26.633  52.672 0.0000000000
142379  60.880  25.743  52.386 0.0000000000
121978  60.609  26.925  52.024 0.0000000000
93495  61.419  25.696  50.906 0.0000000000
92907  61.331  24.572  50.143 0.0000000000
92910  60.227  24.279  49.379 0.0000000000
92323  59.175  23.053  49.595 0.0000000000
91704  58.838  22.112  49.432 0.0000000000
90945  58.470  21.453  49.313 0.0000000000
131495  59.223  21.372  49.807 0.0000000000
90948  58.529  21.098  49.439 0.0000000000
90953  57.542  20.954  48.238 0.0000000000
90165  57.988  20.337  47.663 0.0000000000
90164  58.582  19.784  46.961 0.0000000000
89304  59.438  19.256  45.475 0.0000000000
95335  58.149  29.179  59.252 0.0000000000
95351  57.786  28.432  57.436 0.0000000000
94722  57.600  28.147  56.412 0.0000000000
94120  56.435  26.816  55.632 0.0000000000
94119  57.295  27.030  55.393 0.0000000000
94127  57.212  26.461  54.697 0.0000000000
93482  57.542  25.731  54.033 0.0000000000
92896  57.722  24.457  53.026 0.0000000000
92307  57.931  23.462  53.017 0.0000000000
91694  53.708  22.576  52.459 0.0000000000
91693  54.619  22.682  52.579 0.0000000000
91692  55.166  22.018  52.552 0.0000000000
90149  54.983  20.001  52.165 0.0000000000
90928  55.299  21.023  52.417 0.0000000000
90919  55.965  21.801  52.678 0.0000000000
123828  56.496  22.445  52.755 0.0000000000
143212  57.199  22.243  52.748 0.0000000000
91683  57.904  22.501  52.751 0.0000000000
90135  58.726  21.312  51.377 0.0000000000
90156  58.697  20.940  50.673 0.0000000000
89280  58.250  20.616  50.060 0.0000000000
88404  57.800  19.172  49.139 0.0000000000
88413  58.303  18.620  48.510 0.0000000000
88412  58.975  18.549  48.144 0.0000000000
88420  59.605  18.422  46.714 0.0000000000
89303  59.778  18.549  46.065 0.0000000000
88438  59.421  18.956  44.726 0.0000000000
88439  59.178  18.408  44.373 0.0000000000
87547  58.420  18.159  42.817 0.0000000000
87548  57.258  17.541  42.330 0.0000000000
87571  57.891  17.655  40.662 0.0000000000
119927  57.417  17.196  39.807 0.0000000000
86672  57.243  16.550  39.608 0.0000000000
86681  57.715  16.220  38.622 0.0000000000
85741  55.339  15.759  44.542 0.0000000000
85740  55.769  15.425  43.833 0.0000000000
85760  56.339  15.444  42.588 0.0000000000
84868  57.472  14.272  41.996 0.0000000000
84878  57.272  14.725  41.188 0.0000000000
85767  56.680  15.721  41.065 0.0000000000
85801  58.372  15.674  38.028 0.0000000000
139491  57.534  31.716  60.380 0.0000000000
97104  56.964  31.424  60.820 0.0000000000
97097  56.421  31.016  61.544 0.0000000000
96532  55.445  30.883  61.154 0.0000000000
96548  53.339  30.489  59.388 0.0000000000
120628  53.970  30.418  60.079 0.0000000000
131989  54.529  30.239  60.900 0.0000000000
96521  54.117  29.524  61.257 0.0000000000
95957  50.572  29.022  59.479 0.0000000000
95942  51.144  28.670  60.046 0.0000000000
95926  51.760  28.585  60.712 0.0000000000
94250  51.605  27.781  33.765 0.0000000000
94236  51.287  27.819  34.808 0.0000000000
94832  51.045  28.188  34.436 0.0000000000
94238  48.178  26.931  34.051 0.0000000000
94252  47.824  26.071  34.138 0.0000000000
93009  47.480  25.284  34.469 0.0000000000
92389  47.936  24.543  34.956 0.0000000000
92388  48.402  23.542  35.073 0.0000000000
92381  49.383  24.072  34.477 0.0000000000
90250  48.953  20.999  34.939 0.0000000000
93519  61.502  24.925  46.599 0.0000000000
92930  59.963  24.703  45.215 0.0000000000
125026  59.141  25.032  44.892 0.0000000000
93539  57.786  25.684  44.554 0.0000000000
93505  57.037  24.752  48.159 0.0000000000
93515  56.617  24.928  47.540 0.0000000000
92925  54.083  24.037  47.010 0.0000000000
93524  55.320  24.929  47.136 0.0000000000
139657  57.051  25.145  46.082 0.0000000000
93531  56.472  25.494  45.666 0.0000000000
120793  56.869  25.954  44.835 0.0000000000
138260  56.375  26.239  44.273 0.0000000000
93540  55.534  26.081  44.123 0.0000000000
94165  53.886  25.907  43.370 0.0000000000
93553  53.310  25.545  43.165 0.0000000000
92948  52.726  24.402  43.645 0.0000000000
92955  52.561  23.925  42.827 0.0000000000
135061  52.832  24.531  42.325 0.0000000000
125999  51.402  22.834  40.959 0.0000000000
91030  51.456  22.486  40.094 0.0000000000
133046  57.664  20.593  43.422 0.0000000000
136667  57.171  20.815  43.036 0.0000000000
126636  57.744  20.138  41.382 0.0000000000
91000  56.740  20.974  42.376 0.0000000000
120139  56.109  20.870  42.742 0.0000000000
120954  55.269  20.807  42.218 0.0000000000
123160  58.088  21.284  37.323 0.0000000000
91060  57.421  21.193  37.994 0.0000000000
91049  56.560  20.857  38.336 0.0000000000
91071  56.994  20.721  36.494 0.0000000000
91039  56.041  20.484  39.497 0.0000000000
90199  54.983  20.241  40.958 0.0000000000
119777  54.537  20.825  41.867 0.0000000000
90194  53.915  20.575  41.161 0.0000000000
141121  53.457  20.402  40.568 0.0000000000
90201  52.778  20.680  40.255 0.0000000000
90214  53.813  19.772  38.134 0.0000000000
90208  52.785  20.683  39.396 0.0000000000
127407  52.096  21.510  39.885 0.0000000000
91041  51.666  22.158  39.225 0.0000000000
91052  51.760  22.046  38.294 0.0000000000
91063  51.807  21.925  37.334 0.0000000000
91073  52.559  20.514  35.365 0.0000000000
91092  51.667  21.751  33.592 0.0000000000
89422  54.300  19.587  32.056 0.0000000000
90282  53.542  20.112  31.352 0.0000000000
90283  53.392  21.035  30.853 0.0000000000
88566  53.241  18.773  31.104 0.0000000000
89441  52.881  20.434  30.264 0.0000000000
91108  52.701  21.181  30.830 0.0000000000
89434  51.915  20.667  30.768 0.0000000000
89424  51.595  20.475  31.705 0.0000000000
90278  51.397  21.025  32.376 0.0000000000
88532  51.834  18.640  34.440 0.0000000000
87630  52.618  17.940  34.267 0.0000000000
84846  56.376  14.624  43.818 0.0000000000
84887  57.730  14.554  40.635 0.0000000000
85717  54.232  16.038  47.406 0.0000000000
85723  54.541  15.661  46.743 0.0000000000
85759  56.768  15.128  41.830 0.0000000000
85779  57.158  15.279  40.397 0.0000000000
86611  53.885  16.622  48.902 0.0000000000
86634  55.378  16.745  44.634 0.0000000000
86642  55.965  16.740  43.313 0.0000000000
86680  58.323  16.346  37.603 0.0000000000
86746  55.461  16.663  31.427 0.0000000000
87498  58.769  17.704  47.172 0.0000000000
87500  56.779  18.208  47.574 0.0000000000
87508  59.080  17.592  46.523 0.0000000000
87525  59.012  17.755  44.678 0.0000000000
87549  56.435  17.021  41.945 0.0000000000
87599  59.287  18.074  37.346 0.0000000000
87600  58.505  16.917  37.176 0.0000000000
87611  59.522  17.667  36.549 0.0000000000
88396  55.618  19.301  50.331 0.0000000000
88403  58.399  19.311  48.728 0.0000000000
88414  57.290  18.677  48.852 0.0000000000
88565  53.974  18.318  31.216 0.0000000000
88567  52.563  19.352  30.954 0.0000000000
88572  53.567  18.922  31.086 0.0000000000
89264  55.183  19.556  51.600 0.0000000000
89266  53.372  19.666  51.420 0.0000000000
89273  57.769  20.700  50.591 0.0000000000
89274  56.908  20.345  50.537 0.0000000000
89292  59.277  18.767  47.549 0.0000000000
89343  59.210  19.399  41.364 0.0000000000
89439  53.709  19.226  31.213 0.0000000000
89440  53.023  19.733  30.636 0.0000000000
90134  59.474  21.201  51.274 0.0000000000
90138  56.002  20.323  52.166 0.0000000000
90147  58.278  21.158  51.363 0.0000000000
90148  57.348  20.925  51.459 0.0000000000
90160  58.861  20.948  50.218 0.0000000000
90170  58.708  20.287  45.134 0.0000000000
90198  55.641  20.222  40.149 0.0000000000
90200  54.147  20.146  40.486 0.0000000000
90221  59.711  20.626  37.233 0.0000000000
90223  54.546  19.446  36.787 0.0000000000
90242  60.049  20.749  35.724 0.0000000000
90255  58.488  19.954  35.032 0.0000000000
90275  53.694  20.433  31.909 0.0000000000
90277  51.790  21.036  31.251 0.0000000000
90284  53.002  20.943  30.119 0.0000000000
90285  52.262  20.985  30.529 0.0000000000
90915  59.580  22.436  52.631 0.0000000000
90917  57.691  21.784  52.416 0.0000000000
90918  56.833  21.692  52.618 0.0000000000
90923  60.199  22.097  52.163 0.0000000000
90925  58.246  21.524  51.938 0.0000000000
90926  57.302  21.197  52.094 0.0000000000
90929  54.323  21.740  52.324 0.0000000000
90936  60.052  21.001  51.226 0.0000000000
90937  52.894  20.961  51.867 0.0000000000
90944  59.779  20.897  50.343 0.0000000000
90949  57.948  21.110  48.928 0.0000000000
90955  55.891  21.973  47.602 0.0000000000
90958  57.091  21.455  46.516 0.0000000000
90960  54.993  21.971  46.482 0.0000000000
90973  58.170  21.024  44.931 0.0000000000
90976  55.426  21.333  44.958 0.0000000000
90978  53.433  21.486  44.406 0.0000000000
90979  52.810  21.879  44.119 0.0000000000
90988  56.574  20.942  43.220 0.0000000000
90990  54.826  20.797  43.672 0.0000000000
90998  57.940  20.306  43.057 0.0000000000
91002  54.604  20.814  42.507 0.0000000000
91015  55.602  20.768  41.698 0.0000000000
91024  58.906  20.154  39.941 0.0000000000
91028  53.003  20.950  41.040 0.0000000000
91048  58.038  21.144  38.711 0.0000000000
91058  59.410  21.128  37.045 0.0000000000
91062  56.123  19.996  37.754 0.0000000000
91069  58.711  21.335  36.598 0.0000000000
91097  52.552  20.989  32.438 0.0000000000
91109  52.063  21.131  31.142 0.0000000000
91685  55.546  22.774  52.703 0.0000000000
91690  61.594  22.574  51.970 0.0000000000
91691  60.961  22.205  52.279 0.0000000000
91695  52.846  22.416  52.474 0.0000000000
91698  61.237  21.923  51.482 0.0000000000
91699  61.294  22.024  50.534 0.0000000000
91700  60.487  21.357  50.414 0.0000000000
91703  60.043  21.508  50.049 0.0000000000
91708  55.696  22.920  48.655 0.0000000000
91711  55.357  22.623  47.969 0.0000000000
91718  53.558  22.049  45.813 0.0000000000
91719  53.017  22.688  45.583 0.0000000000
91735  52.114  22.377  42.885 0.0000000000
92303  61.243  23.601  52.816 0.0000000000
92306  58.744  23.629  53.213 0.0000000000
92311  52.682  23.467  53.513 0.0000000000
92315  54.021  23.366  52.783 0.0000000000
92318  61.991  23.264  51.426 0.0000000000
92321  61.657  23.450  49.989 0.0000000000
92322  60.314  23.142  49.708 0.0000000000
92325  57.000  23.060  49.242 0.0000000000
92327  56.330  23.809  49.082 0.0000000000
92330  55.122  23.386  48.244 0.0000000000
92331  54.673  23.692  47.593 0.0000000000
92337  53.075  23.381  45.916 0.0000000000
92344  52.570  23.128  44.417 0.0000000000
92357  51.529  23.117  41.597 0.0000000000
92888  57.920  25.098  53.400 0.0000000000
92890  53.620  25.331  54.979 0.0000000000
92894  59.854  24.472  53.095 0.0000000000
92902  61.377  24.159  52.624 0.0000000000
92914  57.668  24.644  48.704 0.0000000000
92916  55.754  24.339  48.613 0.0000000000
93008  48.252  24.856  34.538 0.0000000000
93471  55.387  25.614  57.858 0.0000000000
93475  54.262  25.653  56.614 0.0000000000
93481  58.551  26.130  53.300 0.0000000000
93485  54.328  25.951  54.297 0.0000000000
93489  55.249  25.586  53.620 0.0000000000
93513  58.276  25.072  47.855 0.0000000000
93514  57.466  24.924  47.623 0.0000000000
93516  55.400  24.720  48.022 0.0000000000
93521  59.592  24.771  46.173 0.0000000000
93525  54.520  24.754  46.653 0.0000000000
93529  58.281  25.108  45.114 0.0000000000
93534  53.388  24.943  45.404 0.0000000000
93550  57.797  26.058  43.085 0.0000000000
93552  54.534  25.854  43.912 0.0000000000
93564  52.909  24.849  42.999 0.0000000000
93585  54.116  25.539  39.963 0.0000000000
93617  50.484  25.526  37.893 0.0000000000
93651  54.563  26.127  35.979 0.0000000000
94104  55.837  26.173  57.421 0.0000000000
94113  56.254  26.794  56.867 0.0000000000
94117  58.893  27.713  54.263 0.0000000000
94126  58.048  26.335  54.051 0.0000000000
94128  56.324  26.378  54.822 0.0000000000
94131  60.080  27.784  53.203 0.0000000000
94140  60.146  25.316  48.577 0.0000000000
94146  62.939  25.446  48.226 0.0000000000
94174  53.731  26.002  42.642 0.0000000000
94185  54.415  26.399  41.354 0.0000000000
94217  52.796  26.323  36.874 0.0000000000
94672  56.107  28.588  61.039 0.0000000000
94697  56.648  27.105  58.273 0.0000000000
94721  58.972  28.334  55.643 0.0000000000
94735  57.735  27.702  55.571 0.0000000000
94741  60.519  28.698  53.924 0.0000000000
94742  59.170  27.675  53.685 0.0000000000
94744  61.629  28.092  53.006 0.0000000000
94748  61.567  28.123  52.296 0.0000000000
95296  55.976  29.289  62.263 0.0000000000
95310  57.096  29.157  61.452 0.0000000000
95362  58.487  28.600  56.541 0.0000000000
95376  59.620  28.595  54.754 0.0000000000
95397  62.165  28.397  53.003 0.0000000000
95402  63.146  28.220  52.173 0.0000000000
95938  57.823  29.684  61.045 0.0000000000
95939  53.095  29.372  60.910 0.0000000000
95953  58.757  29.891  59.827 0.0000000000
95975  59.103  29.321  57.923 0.0000000000
95987  59.649  29.403  56.356 0.0000000000
95995  59.947  29.334  54.783 0.0000000000
96519  55.911  30.399  62.223 0.0000000000
96520  54.939  29.994  61.891 0.0000000000
96530  58.627  30.837  60.691 0.0000000000
96534  53.754  29.917  60.698 0.0000000000
96545  59.617  31.020  59.464 0.0000000000
96570  60.284  31.005  56.540 0.0000000000
96572  60.151  30.303  57.847 0.0000000000
96582  60.051  30.360  56.206 0.0000000000
97105  56.101  31.634  60.554 0.0000000000
97115  56.753  32.196  59.934 0.0000000000
97144  60.407  31.432  57.413 0.0000000000
118767  61.406  26.568  50.087 0.0000000000
119097  61.287  26.493  50.703 0.0000000000
119327  61.407  27.229  50.721 0.0000000000
119398  61.912  28.209  51.474 0.0000000000
119861  55.917  26.053  45.040 0.0000000000
120256  58.061  25.907  43.775 0.0000000000
120347  57.043  23.943  52.576 0.0000000000
120714  58.377  14.027  42.397 0.0000000000
120868  59.306  23.961  49.527 0.0000000000
121123  55.954  20.945  42.221 0.0000000000
121285  61.729  24.510  51.356 0.0000000000
121409  57.297  17.720  46.345 0.0000000000
121890  56.242  25.107  46.683 0.0000000000
122376  56.194  24.250  52.356 0.0000000000
124062  57.550  28.983  60.660 0.0000000000
124136  61.066  26.558  51.424 0.0000000000
124754  57.357  21.163  37.178 0.0000000000
125189  55.882  20.050  51.495 0.0000000000
125299  59.084  21.610  51.597 0.0000000000
125752  57.112  27.922  57.046 0.0000000000
126462  58.365  28.928  58.268 0.0000000000
126923  50.290  29.266  58.964 0.0000000000
127658  59.805  25.081  47.130 0.0000000000
128036  56.135  23.198  49.061 0.0000000000
128145  54.693  17.531  47.828 0.0000000000
128224  56.424  27.108  58.998 0.0000000000
128630  52.984  20.178  36.907 0.0000000000
129131  53.486  20.261  38.946 0.0000000000
130107  60.418  29.847  54.541 0.0000000000
130265  55.457  28.646  61.445 0.0000000000
131580  57.342  20.858  40.187 0.0000000000
131625  55.444  17.590  46.673 0.0000000000
134242  58.223  17.567  44.975 0.0000000000
134532  61.425  24.794  52.308 0.0000000000
134631  59.058  19.969  40.111 0.0000000000
134801  59.091  18.797  42.620 0.0000000000
135261  52.108  21.049  52.146 0.0000000000
135690  59.400  19.439  33.644 0.0000000000
136192  57.085  16.955  31.264 0.0000000000
136568  52.799  24.737  44.269 0.0000000000
136645  61.377  22.805  49.840 0.0000000000
137243  60.927  25.694  47.922 0.0000000000
137393  58.026  20.480  43.804 0.0000000000
138166  49.760  25.700  36.056 0.0000000000
138286  60.015  31.161  56.149 0.0000000000
138526  58.811  19.922  40.418 0.0000000000
139009  59.532  22.024  51.973 0.0000000000
139797  56.179  15.189  43.292 0.0000000000
140322  56.341  21.603  45.089 0.0000000000
140473  56.012  26.578  59.128 0.0000000000
141651  57.502  30.525  61.612 0.0000000000
142630  56.425  19.236  30.911 0.0000000000
142694  59.435  19.407  32.909 0.0000000000
142750  59.413  28.542  55.282 0.0000000000
143381  58.271  24.031  53.120 0.0000000000
143518  53.303  20.749  30.554 0.0000000000
143594  59.119  19.233  47.247 0.0000000000
143744  53.768  19.248  51.288 0.0000000000
144332  51.693  19.291  31.873 0.0000000000
