#!ascii label  , from subject sub-02 vox2ras=TkReg
795
143633  35.209  -24.506  93.949 0.0000000000
66125  56.025  -5.179  74.136 0.0000000000
63161  66.350  -8.738  70.590 0.0000000000
60035  54.338  -11.695  84.503 0.0000000000
122341  42.702  -24.733  88.296 0.0000000000
45075  39.939  -26.349  93.191 0.0000000000
128689  60.712  -7.557  72.153 0.0000000000
63104  60.125  -8.996  76.271 0.0000000000
61002  49.142  -10.476  87.101 0.0000000000
50761  44.409  -20.786  90.697 0.0000000000
71269  69.646  -0.218  63.417 0.0000000000
68198  66.486  -3.296  69.477 0.0000000000
61052  53.221  -9.989  81.274 0.0000000000
65020  57.325  -6.515  81.260 0.0000000000
46967  39.335  -24.100  91.260 0.0000000000
46043  37.612  -25.133  92.975 0.0000000000
65102  58.738  -7.471  73.162 0.0000000000
65081  61.057  -8.710  74.697 0.0000000000
123538  58.465  -6.210  75.857 0.0000000000
54882  48.014  -15.540  88.540 0.0000000000
46965  43.304  -25.356  91.325 0.0000000000
48958  43.993  -22.617  89.624 0.0000000000
46962  45.348  -24.333  91.307 0.0000000000
72280  68.403  1.175  65.248 0.0000000000
132612  69.068  -2.527  64.608 0.0000000000
71254  68.186  -0.748  66.602 0.0000000000
65148  62.940  -6.209  70.029 0.0000000000
68184  63.385  -3.278  70.914 0.0000000000
66184  65.916  -6.019  69.806 0.0000000000
65179  68.123  -6.841  67.562 0.0000000000
62180  67.228  -8.998  68.150 0.0000000000
140413  52.407  -10.925  86.693 0.0000000000
62021  51.025  -9.544  84.628 0.0000000000
63021  53.725  -8.824  83.921 0.0000000000
64053  55.058  -7.806  81.671 0.0000000000
62028  56.341  -9.448  83.573 0.0000000000
62049  58.276  -9.208  81.380 0.0000000000
125891  56.985  -12.089  82.651 0.0000000000
46966  41.491  -25.543  91.436 0.0000000000
66174  60.486  -6.128  71.143 0.0000000000
63175  63.368  -8.595  70.471 0.0000000000
63128  63.149  -9.450  73.196 0.0000000000
61130  62.310  -10.642  74.502 0.0000000000
55932  45.590  -15.305  89.552 0.0000000000
57900  48.166  -13.397  89.576 0.0000000000
58973  51.059  -12.984  88.096 0.0000000000
57934  53.236  -13.454  86.418 0.0000000000
56953  54.607  -14.613  83.210 0.0000000000
53792  43.597  -17.504  89.469 0.0000000000
52810  45.830  -18.910  90.947 0.0000000000
70322  69.144  -1.918  61.396 0.0000000000
70266  65.834  -1.320  67.792 0.0000000000
68213  67.511  -3.711  67.918 0.0000000000
65194  66.932  -6.314  65.796 0.0000000000
67138  56.687  -4.925  77.556 0.0000000000
138002  58.728  -7.583  78.695 0.0000000000
61089  59.554  -10.446  78.580 0.0000000000
46929  35.268  -24.777  93.735 0.0000000000
46940  36.297  -24.882  92.963 0.0000000000
45060  36.586  -25.153  92.936 0.0000000000
66141  57.480  -6.255  73.719 0.0000000000
123991  59.072  -6.647  75.040 0.0000000000
67160  58.514  -4.698  75.282 0.0000000000
46964  43.872  -24.865  91.143 0.0000000000
72282  67.270  0.604  64.761 0.0000000000
71259  68.279  0.028  66.149 0.0000000000
71256  67.200  -0.133  66.310 0.0000000000
64167  63.947  -7.932  69.530 0.0000000000
65146  65.083  -6.066  70.104 0.0000000000
64166  66.043  -7.746  69.894 0.0000000000
64165  66.821  -7.663  69.555 0.0000000000
143025  53.468  -10.836  85.567 0.0000000000
62005  53.030  -9.633  84.970 0.0000000000
122514  54.044  -9.757  84.801 0.0000000000
62029  55.085  -8.857  83.979 0.0000000000
61028  55.704  -10.287  84.371 0.0000000000
61035  57.316  -10.773  82.853 0.0000000000
59024  55.827  -12.073  83.722 0.0000000000
121100  40.025  -24.933  91.239 0.0000000000
46054  40.325  -25.528  92.869 0.0000000000
46052  42.099  -26.127  92.486 0.0000000000
64137  58.953  -7.824  71.860 0.0000000000
65135  59.020  -6.996  71.289 0.0000000000
64147  60.554  -7.794  71.384 0.0000000000
63176  61.469  -8.342  70.149 0.0000000000
63165  62.234  -8.513  71.293 0.0000000000
63150  64.172  -8.472  72.897 0.0000000000
124533  62.556  -7.546  73.598 0.0000000000
63116  60.762  -9.134  75.455 0.0000000000
63122  61.780  -9.596  74.204 0.0000000000
62106  61.571  -9.864  75.108 0.0000000000
60133  61.997  -11.251  75.352 0.0000000000
61107  60.939  -10.003  76.545 0.0000000000
55904  47.161  -15.869  91.226 0.0000000000
141425  47.122  -14.624  90.263 0.0000000000
55916  48.619  -15.123  90.312 0.0000000000
56893  49.265  -13.629  87.741 0.0000000000
57925  52.113  -13.691  87.509 0.0000000000
132786  43.992  -21.715  89.701 0.0000000000
131708  43.596  -20.015  89.722 0.0000000000
52823  44.093  -18.738  90.127 0.0000000000
52822  44.665  -18.310  90.521 0.0000000000
132093  45.230  -19.647  91.060 0.0000000000
74126  69.313  1.995  63.210 0.0000000000
132973  69.523  -1.122  61.962 0.0000000000
68258  68.233  -2.780  64.811 0.0000000000
69215  64.434  -2.725  70.386 0.0000000000
132783  63.516  -2.420  69.063 0.0000000000
70258  65.043  -1.940  68.835 0.0000000000
70267  64.737  -1.381  67.441 0.0000000000
70250  66.209  -2.351  69.066 0.0000000000
69238  67.083  -2.502  68.497 0.0000000000
68197  67.282  -3.704  68.785 0.0000000000
63208  67.609  -8.157  67.028 0.0000000000
65185  68.090  -6.629  66.441 0.0000000000
120522  48.033  -11.162  87.100 0.0000000000
61023  48.822  -10.781  85.541 0.0000000000
62030  52.079  -9.282  83.222 0.0000000000
61045  50.961  -11.311  83.190 0.0000000000
64052  56.129  -7.327  81.693 0.0000000000
64065  55.782  -7.251  80.161 0.0000000000
65044  56.301  -6.496  79.633 0.0000000000
66088  56.383  -5.850  78.200 0.0000000000
66078  57.424  -5.749  79.387 0.0000000000
140000  57.605  -6.493  78.594 0.0000000000
134328  58.389  -6.324  80.058 0.0000000000
59053  58.307  -11.853  80.405 0.0000000000
61064  58.662  -10.375  79.805 0.0000000000
142093  59.295  -12.449  79.408 0.0000000000
59090  59.999  -12.844  78.230 0.0000000000
47970  38.024  -24.421  92.721 0.0000000000
125160  38.363  -25.464  93.197 0.0000000000
44034  38.724  -26.657  93.081 0.0000000000
45078  37.281  -25.675  92.982 0.0000000000
65121  59.991  -7.302  72.772 0.0000000000
130205  61.917  -7.112  74.016 0.0000000000
65088  60.079  -7.817  74.655 0.0000000000
65083  59.779  -8.143  75.329 0.0000000000
65073  59.334  -8.233  76.161 0.0000000000
46980  42.705  -25.207  90.513 0.0000000000
48037  43.308  -24.008  88.821 0.0000000000
135623  43.764  -24.031  90.370 0.0000000000
48020  44.227  -23.093  90.397 0.0000000000
48937  44.998  -22.181  91.220 0.0000000000
49823  45.406  -21.381  91.295 0.0000000000
46961  46.076  -24.026  91.239 0.0000000000
72279  69.423  1.115  64.390 0.0000000000
132667  69.189  -1.028  64.100 0.0000000000
124076  68.833  -1.134  64.794 0.0000000000
70282  68.725  -1.790  65.068 0.0000000000
144222  68.357  -2.962  65.135 0.0000000000
66160  61.904  -4.717  71.320 0.0000000000
67186  63.284  -4.319  71.233 0.0000000000
135568  65.218  -4.047  70.571 0.0000000000
67192  66.113  -4.308  69.992 0.0000000000
67200  67.269  -4.264  68.820 0.0000000000
138528  67.109  -5.958  69.009 0.0000000000
122389  67.473  -8.282  67.621 0.0000000000
61000  50.972  -10.437  87.134 0.0000000000
139238  50.243  -9.822  85.769 0.0000000000
62007  51.429  -9.552  85.196 0.0000000000
62019  52.136  -8.924  83.787 0.0000000000
63054  53.194  -8.910  82.392 0.0000000000
62051  54.100  -8.765  80.920 0.0000000000
63053  54.078  -8.571  82.617 0.0000000000
63052  55.748  -8.254  82.890 0.0000000000
64031  57.384  -7.842  82.132 0.0000000000
64049  58.164  -7.561  81.350 0.0000000000
62050  57.958  -9.430  82.169 0.0000000000
61051  58.000  -11.061  82.138 0.0000000000
57994  56.807  -13.277  81.134 0.0000000000
46983  39.502  -24.791  90.295 0.0000000000
46982  40.064  -25.480  90.099 0.0000000000
46981  41.825  -25.477  90.535 0.0000000000
46075  42.377  -25.547  91.347 0.0000000000
45089  42.908  -26.445  92.343 0.0000000000
65149  61.933  -6.332  70.153 0.0000000000
64168  62.983  -7.959  69.441 0.0000000000
63174  64.534  -8.486  70.333 0.0000000000
124494  65.551  -8.935  72.132 0.0000000000
62124  65.002  -9.629  73.363 0.0000000000
61137  63.623  -10.148  72.968 0.0000000000
144808  62.264  -8.937  74.035 0.0000000000
62119  62.727  -9.977  73.291 0.0000000000
56908  44.839  -14.671  88.215 0.0000000000
143837  46.114  -13.598  88.451 0.0000000000
58962  47.367  -12.844  89.097 0.0000000000
59986  48.840  -12.233  88.883 0.0000000000
56894  48.233  -14.488  88.429 0.0000000000
58959  49.441  -13.304  88.248 0.0000000000
59996  50.367  -11.789  88.164 0.0000000000
143674  51.716  -11.758  87.562 0.0000000000
58997  53.210  -12.419  86.406 0.0000000000
59006  53.856  -12.361  84.906 0.0000000000
57955  54.325  -13.385  83.817 0.0000000000
129086  53.681  -14.226  85.017 0.0000000000
54883  44.520  -16.361  89.604 0.0000000000
53780  45.435  -17.158  90.768 0.0000000000
121451  47.108  -18.178  91.109 0.0000000000
49822  46.162  -21.025  91.232 0.0000000000
50759  47.217  -20.382  90.634 0.0000000000
71299  68.737  -0.777  59.862 0.0000000000
71257  66.343  -0.592  66.623 0.0000000000
71249  67.338  -0.891  67.537 0.0000000000
69250  67.605  -2.382  66.813 0.0000000000
131274  68.115  -3.718  66.149 0.0000000000
66191  67.517  -4.662  68.169 0.0000000000
66203  68.110  -4.757  66.408 0.0000000000
66214  68.048  -4.808  65.495 0.0000000000
119828  50.179  -10.477  84.384 0.0000000000
124327  55.176  -5.198  76.751 0.0000000000
67155  56.656  -4.279  75.801 0.0000000000
67145  58.005  -5.412  76.944 0.0000000000
66083  58.315  -7.284  77.318 0.0000000000
64075  59.047  -8.150  77.605 0.0000000000
63077  58.876  -8.546  79.681 0.0000000000
62072  59.151  -9.051  78.982 0.0000000000
62096  60.139  -9.707  77.127 0.0000000000
60119  60.414  -11.445  77.405 0.0000000000
57968  55.686  -13.435  83.205 0.0000000000
56963  56.809  -14.490  81.784 0.0000000000
47959  35.635  -24.593  93.429 0.0000000000
46928  36.161  -24.950  93.350 0.0000000000
66124  57.067  -5.074  74.151 0.0000000000
66123  58.190  -5.290  74.423 0.0000000000
72275  67.651  0.494  65.664 0.0000000000
71260  66.769  -0.048  65.199 0.0000000000
63173  65.491  -8.230  70.097 0.0000000000
63184  64.943  -7.962  69.615 0.0000000000
64155  66.759  -8.429  70.052 0.0000000000
135493  66.789  -9.111  70.339 0.0000000000
130695  54.383  -10.950  84.822 0.0000000000
61018  53.954  -10.525  85.090 0.0000000000
61029  54.764  -10.258  84.815 0.0000000000
123886  55.053  -11.035  84.515 0.0000000000
60033  55.870  -11.248  84.188 0.0000000000
60034  55.074  -11.892  84.090 0.0000000000
46041  39.933  -25.870  93.211 0.0000000000
44032  40.263  -26.731  93.092 0.0000000000
133445  59.734  -7.794  71.954 0.0000000000
64148  59.762  -7.613  71.518 0.0000000000
64146  61.449  -8.062  71.522 0.0000000000
64135  62.575  -7.815  72.572 0.0000000000
64136  61.743  -7.395  72.864 0.0000000000
63115  61.412  -9.510  74.815 0.0000000000
128107  61.054  -9.420  75.665 0.0000000000
128963  61.430  -9.848  75.783 0.0000000000
141903  61.090  -9.584  76.102 0.0000000000
54860  47.391  -16.632  91.186 0.0000000000
55917  47.789  -15.141  91.066 0.0000000000
55903  48.108  -15.856  91.059 0.0000000000
49841  44.369  -21.514  90.452 0.0000000000
144590  43.571  -20.574  89.451 0.0000000000
138499  44.082  -20.249  90.314 0.0000000000
51786  43.539  -19.149  89.754 0.0000000000
51779  44.082  -19.558  90.198 0.0000000000
51778  44.621  -19.166  90.618 0.0000000000
124311  44.538  -20.010  90.703 0.0000000000
72286  69.691  0.878  63.531 0.0000000000
73240  69.805  1.580  62.841 0.0000000000
131757  69.806  0.614  62.714 0.0000000000
136978  69.614  -0.042  62.148 0.0000000000
71276  69.708  -0.659  62.738 0.0000000000
69214  65.293  -2.792  70.196 0.0000000000
69227  64.906  -2.384  69.630 0.0000000000
69226  65.770  -2.561  69.607 0.0000000000
70251  65.637  -2.262  69.204 0.0000000000
69225  66.356  -2.834  69.365 0.0000000000
69239  66.665  -2.611  68.898 0.0000000000
69224  66.936  -3.179  68.982 0.0000000000
63219  65.992  -8.043  66.402 0.0000000000
64205  67.103  -7.764  66.646 0.0000000000
60011  48.610  -10.938  87.561 0.0000000000
60017  48.218  -11.078  86.235 0.0000000000
61013  48.923  -10.469  86.321 0.0000000000
62038  52.812  -9.540  81.960 0.0000000000
61053  52.579  -10.463  81.688 0.0000000000
65021  56.782  -6.703  81.434 0.0000000000
65035  56.297  -6.898  80.938 0.0000000000
65034  56.910  -5.986  80.843 0.0000000000
65043  56.919  -5.822  80.035 0.0000000000
66066  57.539  -5.644  80.151 0.0000000000
66065  58.136  -5.683  80.074 0.0000000000
65019  58.092  -6.467  80.867 0.0000000000
59052  58.691  -12.919  80.502 0.0000000000
59060  58.953  -12.247  79.925 0.0000000000
58023  59.281  -13.230  80.009 0.0000000000
119801  59.510  -12.985  79.138 0.0000000000
122016  37.545  -24.934  92.862 0.0000000000
46938  38.282  -25.034  93.050 0.0000000000
140949  37.686  -25.439  93.110 0.0000000000
45077  38.207  -25.990  93.191 0.0000000000
65103  57.962  -7.128  73.037 0.0000000000
65124  57.653  -7.095  72.317 0.0000000000
65122  59.104  -7.825  72.450 0.0000000000
65101  59.535  -7.267  73.479 0.0000000000
65100  60.195  -7.098  73.861 0.0000000000
66121  59.704  -7.229  74.409 0.0000000000
66116  58.985  -7.410  75.619 0.0000000000
66108  59.174  -7.918  75.950 0.0000000000
65074  58.831  -7.722  76.461 0.0000000000
46995  43.176  -24.588  89.809 0.0000000000
46979  43.457  -24.776  90.625 0.0000000000
46963  44.536  -24.571  91.233 0.0000000000
48003  44.112  -23.976  90.958 0.0000000000
125901  44.764  -23.703  91.209 0.0000000000
48002  44.676  -23.005  90.971 0.0000000000
48001  45.212  -22.993  91.194 0.0000000000
72281  67.696  1.402  64.457 0.0000000000
73227  68.171  1.571  64.854 0.0000000000
73233  69.078  1.827  63.990 0.0000000000
73226  68.800  1.544  64.706 0.0000000000
71264  69.170  0.110  64.676 0.0000000000
140714  69.120  0.982  65.204 0.0000000000
70283  68.477  -1.206  65.588 0.0000000000
69265  68.331  -2.454  65.219 0.0000000000
70274  67.941  -1.869  66.113 0.0000000000
66172  62.422  -5.402  70.913 0.0000000000
66159  62.770  -4.756  71.215 0.0000000000
66171  63.480  -5.148  70.772 0.0000000000
66170  64.613  -5.094  70.486 0.0000000000
66169  65.595  -5.089  70.202 0.0000000000
66183  66.294  -5.125  69.653 0.0000000000
120874  66.547  -5.973  69.339 0.0000000000
63195  67.330  -8.361  68.477 0.0000000000
64164  67.259  -7.558  68.905 0.0000000000
63202  67.007  -8.675  67.448 0.0000000000
62181  66.554  -9.228  68.080 0.0000000000
60999  51.793  -10.596  86.973 0.0000000000
61010  51.396  -10.053  86.488 0.0000000000
131672  52.180  -10.253  86.366 0.0000000000
62018  53.440  -9.149  84.404 0.0000000000
127390  52.512  -9.093  84.382 0.0000000000
63022  52.947  -8.857  83.831 0.0000000000
63036  52.714  -8.972  83.164 0.0000000000
63035  53.494  -8.781  83.239 0.0000000000
63034  54.323  -8.719  83.595 0.0000000000
141300  55.796  -9.213  83.975 0.0000000000
145003  55.575  -8.770  83.472 0.0000000000
63033  56.151  -8.876  83.302 0.0000000000
64032  56.401  -7.732  82.338 0.0000000000
63051  56.667  -8.442  82.735 0.0000000000
63050  57.340  -8.855  82.439 0.0000000000
62037  56.843  -9.160  83.121 0.0000000000
60043  56.848  -11.451  83.155 0.0000000000
60053  57.390  -11.689  82.222 0.0000000000
59044  57.367  -12.320  81.353 0.0000000000
59034  56.876  -12.679  81.899 0.0000000000
48021  39.051  -23.794  90.413 0.0000000000
138282  40.756  -25.239  91.674 0.0000000000
128921  40.898  -25.430  90.843 0.0000000000
119657  41.215  -25.467  89.812 0.0000000000
65151  59.896  -6.988  71.108 0.0000000000
65150  61.105  -6.685  70.485 0.0000000000
63188  62.208  -8.622  70.317 0.0000000000
64169  61.955  -8.089  69.607 0.0000000000
63187  62.748  -8.368  69.788 0.0000000000
63186  63.607  -8.268  69.781 0.0000000000
130572  64.313  -8.613  71.111 0.0000000000
63163  65.272  -8.617  71.324 0.0000000000
133909  64.796  -8.595  72.130 0.0000000000
63135  64.025  -8.582  73.484 0.0000000000
137908  64.883  -8.864  73.067 0.0000000000
62125  64.208  -9.331  73.512 0.0000000000
142522  64.042  -9.949  73.039 0.0000000000
62118  63.369  -9.935  73.023 0.0000000000
65098  61.459  -8.092  74.379 0.0000000000
64118  62.614  -7.785  74.207 0.0000000000
64111  61.759  -8.684  74.333 0.0000000000
128965  61.806  -9.858  74.325 0.0000000000
62111  62.188  -9.999  73.793 0.0000000000
61129  62.456  -10.315  73.715 0.0000000000
61138  62.925  -10.267  73.231 0.0000000000
60142  62.613  -10.794  73.836 0.0000000000
56896  45.467  -14.626  88.830 0.0000000000
57915  45.555  -13.996  88.194 0.0000000000
139362  46.104  -14.649  89.412 0.0000000000
57887  47.996  -13.890  90.096 0.0000000000
57902  47.033  -13.517  89.445 0.0000000000
57901  47.749  -13.305  89.693 0.0000000000
136747  48.353  -11.960  88.737 0.0000000000
58960  48.652  -12.949  89.142 0.0000000000
54871  48.882  -15.464  89.623 0.0000000000
55931  47.905  -15.012  88.594 0.0000000000
57898  49.352  -13.526  87.905 0.0000000000
145340  48.969  -13.688  88.158 0.0000000000
57913  50.061  -13.150  87.885 0.0000000000
58974  49.998  -12.642  88.411 0.0000000000
138012  50.597  -12.544  88.182 0.0000000000
60008  51.186  -11.939  87.923 0.0000000000
56919  52.755  -13.962  87.094 0.0000000000
58986  52.843  -13.184  87.146 0.0000000000
59007  53.541  -12.126  85.600 0.0000000000
58996  53.538  -12.933  85.590 0.0000000000
57943  53.851  -13.367  84.733 0.0000000000
56928  53.495  -13.849  85.624 0.0000000000
137261  43.729  -23.077  88.988 0.0000000000
48968  43.405  -23.027  88.244 0.0000000000
48959  43.654  -22.097  88.820 0.0000000000
52839  42.966  -18.043  89.185 0.0000000000
53797  43.298  -17.223  88.609 0.0000000000
54894  43.722  -16.450  88.498 0.0000000000
54893  44.202  -15.909  88.828 0.0000000000
54884  43.870  -16.716  89.172 0.0000000000
52811  45.137  -18.692  91.013 0.0000000000
53769  45.251  -17.915  90.842 0.0000000000
53768  45.927  -17.608  91.017 0.0000000000
53767  46.739  -17.342  91.177 0.0000000000
52809  46.618  -18.902  90.929 0.0000000000
51777  47.639  -19.565  90.465 0.0000000000
71290  69.135  -0.875  60.885 0.0000000000
70330  68.679  -1.666  60.403 0.0000000000
70297  69.048  -2.124  64.094 0.0000000000
68185  62.656  -3.469  70.820 0.0000000000
68199  62.356  -3.193  70.043 0.0000000000
70276  65.537  -0.938  66.993 0.0000000000
70284  65.316  -0.794  66.081 0.0000000000
71250  66.578  -0.813  67.453 0.0000000000
134656  67.175  -0.488  67.058 0.0000000000
69237  67.440  -2.986  67.633 0.0000000000
143159  67.310  -2.058  67.736 0.0000000000
68226  67.731  -3.529  66.936 0.0000000000
128158  67.788  -3.129  66.577 0.0000000000
132188  67.872  -3.847  66.800 0.0000000000
128671  67.328  -5.347  68.614 0.0000000000
65171  67.787  -5.683  67.874 0.0000000000
64220  67.650  -7.039  66.219 0.0000000000
65193  67.898  -5.976  65.851 0.0000000000
66215  67.275  -5.011  65.683 0.0000000000
61030  50.222  -9.886  84.940 0.0000000000
125178  50.779  -10.008  84.210 0.0000000000
63068  54.238  -8.418  81.701 0.0000000000
64071  55.762  -7.288  79.213 0.0000000000
66102  56.458  -5.231  77.838 0.0000000000
66103  55.726  -5.512  77.527 0.0000000000
67139  55.958  -4.835  77.260 0.0000000000
67148  55.684  -4.601  76.373 0.0000000000
67147  56.614  -4.619  76.866 0.0000000000
67146  57.497  -4.646  76.533 0.0000000000
67137  57.347  -5.246  77.397 0.0000000000
65041  58.219  -7.236  78.595 0.0000000000
66084  57.900  -7.037  77.656 0.0000000000
65048  58.175  -7.385  77.905 0.0000000000
65047  58.616  -7.743  77.400 0.0000000000
63083  59.056  -7.940  78.208 0.0000000000
63078  58.580  -8.030  80.487 0.0000000000
128483  58.616  -8.945  80.544 0.0000000000
61080  59.140  -10.844  79.217 0.0000000000
133767  59.106  -9.959  79.123 0.0000000000
62083  59.509  -9.557  78.465 0.0000000000
62082  59.621  -9.267  77.751 0.0000000000
126605  59.912  -10.048  77.907 0.0000000000
61108  60.349  -10.515  77.288 0.0000000000
125517  59.958  -10.946  77.972 0.0000000000
58065  60.269  -13.171  77.237 0.0000000000
56944  54.446  -14.088  83.506 0.0000000000
57954  54.930  -13.548  83.313 0.0000000000
122084  55.291  -14.176  83.062 0.0000000000
47971  36.948  -24.592  92.845 0.0000000000
46939  36.993  -24.852  92.880 0.0000000000
46044  37.102  -25.171  92.916 0.0000000000
46029  36.784  -24.935  93.033 0.0000000000
46030  36.064  -24.958  93.104 0.0000000000
65104  57.103  -6.687  72.979 0.0000000000
66140  58.388  -6.579  73.871 0.0000000000
66139  59.253  -6.717  74.110 0.0000000000
66122  58.786  -5.965  74.610 0.0000000000
141848  58.810  -5.125  74.831 0.0000000000
145234  58.969  -4.990  75.942 0.0000000000
46064  43.600  -25.928  92.062 0.0000000000
46063  44.271  -25.451  91.490 0.0000000000
121564  67.907  1.172  65.198 0.0000000000
72273  68.463  0.641  65.499 0.0000000000
72274  68.070  0.688  65.671 0.0000000000
72267  67.896  0.202  66.245 0.0000000000
71255  67.803  -0.417  66.832 0.0000000000
65162  63.464  -7.160  69.532 0.0000000000
65147  64.045  -6.132  70.142 0.0000000000
65161  64.536  -7.127  69.708 0.0000000000
65160  65.528  -7.045  69.728 0.0000000000
65159  66.323  -6.897  69.567 0.0000000000
63183  67.201  -8.432  69.318 0.0000000000
61019  52.953  -10.633  86.145 0.0000000000
61020  52.665  -9.919  85.764 0.0000000000
134008  53.327  -10.198  85.384 0.0000000000
62017  54.349  -9.091  84.294 0.0000000000
62016  55.104  -9.547  84.391 0.0000000000
141919  55.776  -9.686  84.224 0.0000000000
62015  56.274  -9.831  84.051 0.0000000000
62027  56.821  -9.908  83.425 0.0000000000
61027  56.541  -10.642  83.776 0.0000000000
60044  56.317  -11.527  83.616 0.0000000000
59023  56.445  -12.308  83.164 0.0000000000
121479  39.507  -24.618  92.093 0.0000000000
46951  39.721  -24.985  92.741 0.0000000000
46950  40.310  -24.960  92.289 0.0000000000
46067  40.988  -25.510  92.260 0.0000000000
46066  41.896  -25.751  92.180 0.0000000000
46053  41.253  -25.898  92.714 0.0000000000
64157  60.459  -7.673  70.854 0.0000000000
64156  61.143  -7.732  70.229 0.0000000000
63166  61.036  -8.158  70.666 0.0000000000
132834  61.588  -8.502  70.704 0.0000000000
138000  62.829  -8.648  71.130 0.0000000000
63164  63.728  -8.571  71.652 0.0000000000
63151  63.192  -8.390  72.111 0.0000000000
64117  63.424  -7.920  73.526 0.0000000000
64098  60.566  -8.826  75.362 0.0000000000
64097  61.182  -9.162  74.753 0.0000000000
62112  62.030  -10.177  74.297 0.0000000000
61120  61.870  -10.323  75.139 0.0000000000
61121  61.482  -10.591  76.010 0.0000000000
60134  61.326  -11.553  76.174 0.0000000000
55919  46.084  -15.699  90.359 0.0000000000
56883  46.460  -15.014  90.013 0.0000000000
55918  46.874  -15.193  90.950 0.0000000000
56882  47.507  -14.747  90.687 0.0000000000
56881  48.072  -14.575  90.345 0.0000000000
55930  48.269  -14.715  87.856 0.0000000000
130391  50.186  -13.507  87.525 0.0000000000
58972  51.505  -13.383  87.793 0.0000000000
57912  50.980  -13.864  87.350 0.0000000000
56920  51.414  -14.089  87.031 0.0000000000
49858  43.584  -21.128  89.209 0.0000000000
51792  42.445  -19.717  88.660 0.0000000000
51787  42.883  -19.469  89.362 0.0000000000
52834  42.966  -18.737  89.454 0.0000000000
52833  43.500  -18.334  89.716 0.0000000000
53782  44.062  -17.860  90.106 0.0000000000
72297  69.904  0.807  61.867 0.0000000000
69273  69.017  -2.262  64.565 0.0000000000
139640  63.749  -2.829  70.560 0.0000000000
69229  62.969  -2.714  69.517 0.0000000000
69228  63.830  -2.431  69.882 0.0000000000
69240  64.233  -2.163  69.015 0.0000000000
70259  64.429  -1.757  68.248 0.0000000000
126534  65.141  -1.533  68.210 0.0000000000
70257  65.968  -1.801  68.567 0.0000000000
70265  66.757  -1.274  68.094 0.0000000000
70256  66.707  -1.984  68.560 0.0000000000
68214  67.260  -3.258  68.597 0.0000000000
64192  68.060  -7.717  67.227 0.0000000000
64191  68.225  -7.049  66.940 0.0000000000
64204  68.032  -7.548  66.722 0.0000000000
64221  66.737  -7.334  66.198 0.0000000000
140680  47.582  -11.668  87.297 0.0000000000
139251  51.497  -9.447  83.848 0.0000000000
61036  51.183  -10.350  83.531 0.0000000000
62039  51.678  -9.914  83.184 0.0000000000
61044  51.587  -10.747  82.849 0.0000000000
64066  55.481  -7.589  80.947 0.0000000000
63079  55.142  -8.078  80.325 0.0000000000
65050  56.124  -6.508  78.758 0.0000000000
65065  55.788  -6.403  77.925 0.0000000000
65049  56.827  -6.035  79.078 0.0000000000
66087  56.978  -5.703  78.494 0.0000000000
66086  57.219  -5.916  78.655 0.0000000000
67120  57.350  -5.928  78.155 0.0000000000
66077  57.501  -6.086  79.039 0.0000000000
65042  58.270  -6.327  79.279 0.0000000000
138880  58.468  -6.982  79.384 0.0000000000
60069  58.251  -10.851  80.501 0.0000000000
61065  58.439  -9.864  80.573 0.0000000000
60068  58.695  -11.301  79.808 0.0000000000
60081  59.189  -11.698  79.284 0.0000000000
60096  59.538  -11.329  78.639 0.0000000000
59067  59.539  -12.188  78.759 0.0000000000
48004  38.421  -23.697  91.294 0.0000000000
47986  38.110  -23.795  92.169 0.0000000000
46968  38.834  -24.012  92.149 0.0000000000
46952  38.911  -24.795  92.660 0.0000000000
46042  39.266  -25.367  93.135 0.0000000000
45076  39.164  -26.111  93.254 0.0000000000
44035  37.860  -26.404  92.938 0.0000000000
64119  60.956  -6.977  73.328 0.0000000000
65099  60.889  -7.513  74.218 0.0000000000
65087  60.592  -8.300  74.716 0.0000000000
134733  59.474  -7.613  75.042 0.0000000000
65082  60.448  -8.551  75.197 0.0000000000
128057  59.945  -8.460  75.635 0.0000000000
64088  60.059  -8.743  75.928 0.0000000000
126598  49.184  -16.463  90.068 0.0000000000
46996  42.766  -24.863  89.067 0.0000000000
48036  43.722  -23.586  89.689 0.0000000000
48948  44.335  -22.205  90.196 0.0000000000
48947  44.622  -22.209  90.816 0.0000000000
49824  44.769  -21.434  91.094 0.0000000000
50746  44.931  -20.623  91.159 0.0000000000
48936  45.717  -22.363  91.189 0.0000000000
48000  46.007  -23.207  91.146 0.0000000000
73232  69.484  1.490  63.592 0.0000000000
139514  69.515  0.227  64.044 0.0000000000
132516  69.455  -1.434  63.418 0.0000000000
70290  69.192  -1.900  64.411 0.0000000000
72272  68.741  0.009  65.365 0.0000000000
69264  68.652  -2.398  64.696 0.0000000000
68250  68.654  -2.882  65.221 0.0000000000
126954  68.121  -3.381  65.485 0.0000000000
68174  62.210  -4.081  71.144 0.0000000000
68173  62.957  -3.804  71.226 0.0000000000
67185  63.706  -3.713  71.133 0.0000000000
67193  64.154  -4.327  70.992 0.0000000000
68183  64.418  -3.671  70.940 0.0000000000
128982  64.850  -3.248  70.676 0.0000000000
68182  65.514  -3.302  70.351 0.0000000000
68181  66.059  -3.564  70.064 0.0000000000
130367  66.942  -3.655  69.078 0.0000000000
67201  66.692  -4.313  69.302 0.0000000000
66182  66.886  -5.134  69.068 0.0000000000
65172  67.490  -6.537  68.499 0.0000000000
121381  66.962  -6.770  69.212 0.0000000000
64178  67.712  -7.596  68.061 0.0000000000
63209  66.452  -8.299  66.957 0.0000000000
61001  50.030  -10.469  87.308 0.0000000000
61012  49.741  -10.152  86.478 0.0000000000
61011  50.554  -10.029  86.527 0.0000000000
61997  51.032  -9.769  85.866 0.0000000000
62006  52.207  -9.525  85.098 0.0000000000
62020  51.747  -9.244  84.427 0.0000000000
63055  52.568  -9.309  82.624 0.0000000000
63069  53.480  -9.004  81.539 0.0000000000
142152  53.652  -8.655  81.994 0.0000000000
64034  54.878  -8.117  82.434 0.0000000000
123995  54.979  -8.499  83.219 0.0000000000
64033  55.561  -7.761  82.211 0.0000000000
64051  56.988  -7.054  81.989 0.0000000000
64050  57.570  -6.986  81.603 0.0000000000
63067  58.048  -8.487  81.952 0.0000000000
62036  57.330  -9.722  82.726 0.0000000000
122331  57.826  -10.254  82.322 0.0000000000
61050  58.173  -10.311  81.501 0.0000000000
60061  57.823  -11.469  81.146 0.0000000000
138841  57.853  -12.316  80.782 0.0000000000
120290  41.844  -25.153  88.843 0.0000000000
46997  40.613  -25.153  89.082 0.0000000000
123236  42.258  -25.193  89.728 0.0000000000
46065  42.789  -25.822  92.109 0.0000000000
66173  61.396  -5.598  71.097 0.0000000000
65164  61.659  -7.250  69.860 0.0000000000
65163  62.444  -7.205  69.563 0.0000000000
63185  64.412  -8.162  69.754 0.0000000000
136263  65.665  -8.531  70.723 0.0000000000
62150  66.611  -9.373  70.955 0.0000000000
63162  66.098  -8.905  71.343 0.0000000000
62141  65.451  -9.420  72.628 0.0000000000
64110  63.213  -8.504  73.964 0.0000000000
64105  61.764  -9.142  74.210 0.0000000000
63121  62.460  -9.515  73.660 0.0000000000
56922  45.003  -14.360  87.421 0.0000000000
57926  46.117  -13.225  87.985 0.0000000000
56895  46.771  -14.308  89.663 0.0000000000
57914  46.612  -13.258  88.709 0.0000000000
58977  46.907  -12.641  88.303 0.0000000000
58976  47.687  -12.219  88.609 0.0000000000
60012  48.019  -11.547  87.960 0.0000000000
60010  49.345  -10.891  87.862 0.0000000000
54872  48.903  -15.897  90.480 0.0000000000
56880  48.163  -14.697  89.444 0.0000000000
56879  48.056  -14.360  89.043 0.0000000000
132038  48.557  -13.871  88.643 0.0000000000
57899  48.423  -13.661  89.118 0.0000000000
58975  49.325  -12.737  88.782 0.0000000000
59997  49.556  -11.784  88.437 0.0000000000
138838  49.982  -11.023  88.016 0.0000000000
60009  50.682  -11.050  87.731 0.0000000000
135360  51.441  -11.188  87.433 0.0000000000
60007  52.177  -11.509  87.222 0.0000000000
129263  52.292  -12.996  87.529 0.0000000000
58998  52.633  -12.321  87.164 0.0000000000
60016  52.830  -11.547  86.642 0.0000000000
60025  53.356  -11.481  85.980 0.0000000000
60024  53.805  -11.430  85.177 0.0000000000
59015  54.295  -12.537  84.109 0.0000000000
56945  54.088  -14.752  83.824 0.0000000000
56936  53.617  -14.927  84.732 0.0000000000
48055  43.055  -23.906  87.842 0.0000000000
49859  42.923  -21.260  88.639 0.0000000000
56909  44.308  -15.278  88.198 0.0000000000
56897  44.792  -15.210  88.836 0.0000000000
55920  45.253  -16.020  90.038 0.0000000000
53791  44.145  -17.023  89.958 0.0000000000
54873  44.926  -16.719  90.300 0.0000000000
129317  45.739  -16.436  90.588 0.0000000000
54862  46.131  -16.822  91.068 0.0000000000
53766  47.600  -17.486  91.091 0.0000000000
50745  45.667  -20.447  91.213 0.0000000000
51764  46.113  -19.669  91.042 0.0000000000
50744  46.499  -20.396  91.089 0.0000000000
50743  46.912  -19.641  90.889 0.0000000000
52808  47.383  -18.879  90.854 0.0000000000
128249  35.131  -24.004  94.004 0.0000000000
70275  67.707  -1.178  67.254 0.0000000000
128227  67.153  -1.528  68.064 0.0000000000
69258  68.014  -2.805  65.871 0.0000000000
68238  68.079  -3.373  66.029 0.0000000000
67254  68.101  -3.621  65.252 0.0000000000
67211  67.462  -4.064  68.503 0.0000000000
67210  67.672  -4.194  67.567 0.0000000000
65178  68.203  -5.932  66.905 0.0000000000
66198  67.839  -4.835  67.263 0.0000000000
67225  68.024  -4.190  66.639 0.0000000000
66213  68.168  -4.367  65.688 0.0000000000
66228  66.903  -4.467  65.003 0.0000000000
66126  55.172  -5.282  74.257 0.0000000000
61022  49.555  -10.208  85.634 0.0000000000
61031  49.503  -10.682  84.815 0.0000000000
65075  55.076  -6.170  77.052 0.0000000000
66111  54.855  -4.850  75.827 0.0000000000
67156  55.579  -4.580  75.422 0.0000000000
67162  56.394  -4.601  74.806 0.0000000000
67161  57.480  -4.437  74.900 0.0000000000
67153  58.395  -4.782  76.233 0.0000000000
67152  58.337  -5.689  76.456 0.0000000000
67136  57.629  -6.105  77.548 0.0000000000
67144  58.064  -6.217  76.948 0.0000000000
66099  58.444  -7.202  76.822 0.0000000000
65064  58.733  -7.802  76.908 0.0000000000
64089  59.247  -8.401  76.733 0.0000000000
138133  59.371  -8.671  77.015 0.0000000000
64064  58.452  -7.107  80.367 0.0000000000
64063  58.697  -7.703  79.507 0.0000000000
62062  58.798  -9.459  79.780 0.0000000000
63084  59.121  -8.205  78.700 0.0000000000
63090  59.325  -8.504  77.858 0.0000000000
123409  59.709  -9.186  76.992 0.0000000000
60118  60.885  -10.992  76.745 0.0000000000
60135  60.840  -11.915  76.825 0.0000000000
59066  60.013  -11.858  78.060 0.0000000000
59089  60.395  -12.352  77.399 0.0000000000
59014  55.083  -12.755  83.515 0.0000000000
127510  55.923  -12.771  83.343 0.0000000000
57967  56.365  -13.287  83.023 0.0000000000
56965  55.870  -14.552  82.722 0.0000000000
57980  56.605  -13.921  82.411 0.0000000000
57966  56.642  -13.017  82.523 0.0000000000
57979  56.758  -13.731  81.917 0.0000000000
50762  43.900  -20.851  89.984 0.0000000000
53781  44.734  -17.482  90.438 0.0000000000
54861  46.737  -16.527  91.196 0.0000000000
55905  46.435  -16.046  91.066 0.0000000000
55915  47.906  -14.876  89.058 0.0000000000
55933  44.833  -15.750  89.375 0.0000000000
56951  56.176  -14.045  82.854 0.0000000000
57886  48.308  -14.061  89.806 0.0000000000
57888  47.433  -13.937  89.986 0.0000000000
57903  46.249  -13.997  88.956 0.0000000000
58961  48.170  -12.636  89.243 0.0000000000
58987  51.907  -12.412  87.706 0.0000000000
58988  47.089  -12.153  87.005 0.0000000000
59998  48.808  -11.474  88.327 0.0000000000
61003  48.527  -10.719  86.879 0.0000000000
61021  50.746  -9.649  85.259 0.0000000000
61146  64.667  -10.202  73.194 0.0000000000
61996  51.873  -9.774  85.874 0.0000000000
62095  60.567  -9.460  76.437 0.0000000000
63066  58.346  -8.424  81.207 0.0000000000
64076  58.626  -7.601  78.018 0.0000000000
65033  57.591  -5.960  80.716 0.0000000000
65192  68.073  -5.442  66.072 0.0000000000
66075  57.761  -6.847  78.463 0.0000000000
66076  57.988  -5.952  79.212 0.0000000000
66085  57.600  -6.727  77.975 0.0000000000
66100  58.152  -6.826  77.145 0.0000000000
66101  57.917  -6.666  77.414 0.0000000000
66109  58.624  -7.206  76.285 0.0000000000
66110  58.281  -6.522  76.658 0.0000000000
66117  58.971  -5.399  75.260 0.0000000000
67112  57.473  -6.341  78.284 0.0000000000
67121  57.028  -5.437  78.025 0.0000000000
67154  57.717  -4.399  75.723 0.0000000000
67163  55.537  -4.823  74.706 0.0000000000
67187  62.617  -4.296  71.268 0.0000000000
67238  68.242  -4.110  66.010 0.0000000000
69213  66.047  -2.931  70.031 0.0000000000
69216  63.149  -2.917  70.361 0.0000000000
120985  54.024  -14.141  84.308 0.0000000000
122522  46.334  -18.191  91.028 0.0000000000
123783  48.710  -13.996  88.063 0.0000000000
126672  48.481  -14.321  87.940 0.0000000000
128920  45.672  -18.266  90.963 0.0000000000
130722  48.827  -13.344  88.786 0.0000000000
131633  47.301  -12.094  87.793 0.0000000000
132857  57.892  -5.533  79.646 0.0000000000
133056  66.473  -3.751  69.534 0.0000000000
133981  60.549  -7.131  70.701 0.0000000000
134756  64.086  -3.182  70.877 0.0000000000
140436  59.329  -13.652  79.580 0.0000000000
140740  47.789  -18.233  90.992 0.0000000000
141534  57.197  -11.488  82.748 0.0000000000
142460  68.497  -1.536  59.491 0.0000000000
143367  60.043  -8.625  75.763 0.0000000000
143817  59.367  -8.814  78.333 0.0000000000
144495  56.465  -6.425  80.373 0.0000000000
145232  57.718  -11.591  81.808 0.0000000000
145351  47.669  -14.384  90.264 0.0000000000
