#!ascii label  , from subject sub-02 vox2ras=TkReg
1359
22080  53.657  -55.480  11.170 0.6000000238
22071  55.071  -55.675  12.458 0.5000000000
23806  52.868  -53.116  11.807 0.6999999881
121116  51.664  -52.648  11.522 0.6000000238
137021  51.606  -51.562  11.358 0.6000000238
22079  54.416  -54.913  11.757 0.6999999881
22929  53.348  -54.657  11.719 0.6000000238
23797  52.806  -53.966  11.882 0.5000000000
120212  51.653  -53.696  11.733 0.5000000000
142637  51.226  -54.330  11.717 0.5000000000
23807  50.602  -53.137  11.405 0.6000000238
24645  50.568  -52.259  11.274 0.6000000238
22078  55.013  -55.502  11.657 0.5000000000
127363  52.663  -55.282  11.512 0.6000000238
25443  50.407  -51.443  11.621 0.6000000238
21176  54.099  -56.773  13.990 0.5000000000
21177  53.370  -56.741  14.463 0.5000000000
26330  52.294  -50.094  12.001 0.6000000238
24635  53.889  -52.550  11.917 0.6000000238
24644  52.800  -52.123  11.557 0.6999999881
125363  52.775  -51.199  11.416 0.6000000238
126773  52.041  -50.670  11.587 0.6000000238
26331  51.072  -50.795  11.859 0.6000000238
23796  53.940  -53.744  12.062 0.6000000238
22923  55.008  -54.875  12.369 0.5000000000
23785  54.715  -54.133  12.518 0.5000000000
26332  50.212  -50.807  12.106 0.6000000238
21194  54.558  -56.229  13.271 0.5000000000
26326  49.558  -50.425  12.459 0.6000000238
22064  53.835  -55.960  13.990 0.5000000000
25437  48.928  -50.991  12.328 0.6000000238
27181  49.165  -49.854  13.626 0.6999999881
26327  48.763  -50.612  12.673 0.6000000238
26305  48.526  -50.333  14.153 0.6999999881
26319  48.195  -51.121  12.977 0.6000000238
26306  48.132  -51.044  13.816 0.6000000238
25416  47.421  -51.526  14.375 0.6000000238
25375  44.172  -51.034  16.986 0.5000000000
27137  43.541  -49.727  16.374 0.6999999881
25376  43.378  -51.154  16.987 0.6000000238
136482  42.788  -49.547  15.970 0.8000000119
128029  42.704  -50.133  16.379 0.6999999881
27191  52.713  -49.746  11.953 0.6000000238
27187  52.154  -49.629  12.470 0.6999999881
24643  53.637  -51.615  11.665 0.6999999881
26329  52.903  -50.339  11.602 0.6000000238
26325  51.599  -50.217  12.267 0.6999999881
27179  51.662  -49.297  13.092 0.6999999881
24634  54.252  -51.957  11.990 0.6000000238
27188  51.195  -49.802  12.792 0.8000000119
119755  53.889  -53.030  13.462 0.5000000000
24625  54.348  -52.798  12.308 0.5000000000
27180  50.787  -49.455  13.235 0.8000000119
27189  50.168  -49.838  12.824 0.6000000238
134432  54.057  -53.847  13.644 0.5000000000
23786  54.480  -53.510  12.687 0.5000000000
131885  49.882  -49.536  13.302 0.8000000119
136390  52.835  -55.893  14.578 0.5000000000
27164  49.649  -49.255  14.035 0.8000000119
26317  49.278  -49.993  12.907 0.6999999881
26291  48.177  -50.026  15.076 0.6999999881
27165  48.857  -49.577  14.502 0.6999999881
125693  47.718  -50.614  15.877 0.6999999881
126216  47.142  -50.391  16.619 0.6000000238
25403  47.312  -51.348  15.375 0.6000000238
26292  47.894  -50.836  14.787 0.6000000238
26261  45.555  -50.579  17.060 0.6999999881
127660  46.206  -51.483  16.261 0.6999999881
139327  46.697  -51.632  15.704 0.6000000238
26262  44.452  -50.326  17.111 0.6999999881
25393  45.526  -51.164  16.699 0.6000000238
27123  44.048  -49.996  16.946 0.8000000119
25374  44.925  -50.787  16.997 0.6000000238
27913  43.313  -49.210  15.706 0.8999999762
27138  42.038  -49.606  16.133 0.6999999881
27178  52.487  -49.070  12.815 0.6000000238
122051  52.781  -48.589  13.127 0.6999999881
27947  51.942  -48.734  13.505 0.6000000238
26324  54.213  -50.071  11.736 0.4000000060
25436  53.997  -50.976  11.900 0.6000000238
27190  53.300  -49.659  11.762 0.6000000238
27948  51.229  -49.036  13.522 0.8000000119
122480  53.807  -52.245  13.592 0.4000000060
25429  54.422  -51.936  12.618 0.5000000000
27163  50.484  -49.073  13.721 0.8000000119
27145  49.329  -48.925  14.904 0.8000000119
22066  52.310  -55.096  14.747 0.5000000000
27146  48.558  -49.344  15.526 0.8000000119
145131  47.116  -48.741  17.017 0.8000000119
27134  48.070  -49.439  16.219 0.6999999881
27120  46.218  -49.411  17.305 0.8000000119
26259  47.179  -49.761  16.823 0.6999999881
128573  45.778  -48.815  17.214 0.8999999762
125716  45.904  -50.076  17.294 0.8999999762
26260  46.644  -49.979  17.137 0.6999999881
27121  45.456  -49.505  17.284 0.8999999762
26280  46.296  -50.721  16.819 0.6999999881
133852  45.145  -50.135  17.253 0.6000000238
132903  44.034  -49.131  16.187 0.8999999762
27136  44.368  -49.333  16.770 0.8999999762
126733  42.363  -48.280  15.379 0.8000000119
27922  41.660  -48.243  15.731 0.8000000119
27148  41.446  -48.998  15.950 0.8000000119
27921  43.062  -48.714  15.162 0.8000000119
27147  42.368  -48.947  15.655 0.6999999881
27933  52.376  -48.445  14.015 0.6000000238
27186  52.927  -49.296  12.151 0.6000000238
27956  53.204  -48.807  12.386 0.5000000000
28730  52.203  -48.279  15.007 0.6999999881
27184  54.449  -49.323  11.572 0.4000000060
142875  53.862  -49.611  11.663 0.5000000000
27185  53.724  -49.074  11.727 0.6000000238
143354  51.800  -48.497  14.046 0.6999999881
25427  54.436  -50.527  12.207 0.5000000000
27934  51.153  -48.590  14.069 0.6999999881
26316  54.442  -50.705  13.064 0.5000000000
25428  54.332  -51.298  12.336 0.6000000238
25415  53.724  -51.475  13.924 0.4000000060
28697  49.751  -47.619  16.409 0.8000000119
27919  49.874  -48.300  15.463 0.8000000119
119818  52.825  -51.881  14.628 0.4000000060
27920  49.106  -48.752  15.711 0.8000000119
22917  52.367  -54.099  14.454 0.3000000119
28685  47.258  -47.412  17.090 0.8000000119
27894  47.740  -48.222  16.901 0.8000000119
27911  48.459  -48.778  16.349 0.8000000119
27895  46.861  -48.120  17.060 0.8000000119
27135  47.582  -49.186  16.724 0.8000000119
28687  45.783  -47.541  16.787 0.8999999762
135278  46.507  -48.757  17.180 0.8999999762
28699  45.235  -47.834  16.505 0.8999999762
27897  45.429  -48.281  16.876 0.8999999762
27912  44.704  -48.555  16.487 0.8999999762
28714  41.995  -47.438  15.561 0.8000000119
131113  41.067  -47.570  15.834 0.8000000119
28701  44.057  -48.695  15.582 0.8999999762
28713  42.826  -48.021  14.936 0.8000000119
28712  43.678  -48.368  14.838 0.8000000119
27932  53.167  -48.311  13.404 0.6000000238
122734  52.648  -48.033  15.339 0.6000000238
27946  53.768  -48.021  12.612 0.6000000238
133024  54.592  -48.644  11.378 0.4000000060
27955  53.841  -48.411  11.910 0.5000000000
28731  51.627  -48.329  14.687 0.6999999881
26323  54.806  -49.860  11.860 0.4000000060
28709  51.156  -47.874  15.304 0.6999999881
26315  54.773  -50.230  12.725 0.5000000000
28710  50.557  -47.706  15.704 0.6999999881
26303  54.552  -50.245  13.981 0.5000000000
28684  48.169  -47.314  17.095 0.8000000119
27910  49.224  -48.303  16.184 0.8000000119
129017  46.853  -46.813  17.024 0.8000000119
27896  46.125  -48.138  17.067 0.8999999762
29400  45.449  -47.077  16.336 0.8999999762
28700  44.788  -47.877  16.030 0.8999999762
28711  44.421  -48.107  15.155 1.0000000000
29426  42.517  -47.065  14.908 0.8000000119
137227  44.197  -48.105  14.500 1.0000000000
29425  43.548  -47.814  14.355 0.8000000119
28729  52.943  -48.301  14.402 0.6000000238
28708  51.902  -47.522  15.911 0.6999999881
27945  54.555  -47.816  11.623 0.4000000060
120683  55.284  -49.127  11.327 0.4000000060
28696  51.133  -47.327  15.988 0.6999999881
27162  55.339  -49.804  12.744 0.5000000000
27183  55.852  -48.573  11.312 0.4000000060
28683  49.131  -47.136  17.155 0.8000000119
29413  49.977  -46.831  17.042 0.8000000119
30066  47.933  -45.811  17.210 0.8000000119
30067  46.962  -46.020  16.906 0.8000000119
29399  46.220  -46.790  16.774 0.8999999762
122330  45.319  -46.564  15.865 0.8999999762
30091  45.540  -46.016  15.585 0.8999999762
29415  44.918  -47.330  15.550 1.0000000000
29424  44.643  -47.732  14.529 1.0000000000
137433  44.831  -47.601  13.980 1.0000000000
29442  43.058  -47.110  14.076 0.8000000119
142375  41.977  -46.751  15.449 0.8000000119
120555  44.416  -47.810  14.043 1.0000000000
29441  43.876  -47.338  13.714 0.8000000119
28706  54.131  -47.666  13.940 0.6000000238
28728  53.667  -48.005  13.646 0.6000000238
28707  53.491  -47.816  14.905 0.6000000238
131508  51.894  -46.631  16.670 0.6999999881
125598  54.284  -47.539  12.813 0.5000000000
29411  51.359  -46.847  16.569 0.8000000119
121098  51.198  -45.907  16.777 0.8000000119
27954  55.475  -48.371  11.116 0.4000000060
29412  50.721  -46.537  16.793 0.8000000119
27182  55.860  -48.490  11.350 0.4000000060
27953  55.852  -48.282  11.358 0.4000000060
29397  49.271  -46.254  17.250 0.8000000119
29398  48.487  -46.487  17.261 0.8000000119
29414  46.060  -46.121  16.336 0.8999999762
30748  46.441  -44.491  16.041 0.8000000119
30105  45.438  -45.737  14.872 1.0000000000
29423  45.090  -46.812  14.754 1.0000000000
29440  45.036  -47.196  13.690 1.0000000000
30128  44.052  -46.514  12.895 1.0000000000
29455  43.071  -46.384  13.426 0.8999999762
30107  42.474  -46.169  14.487 0.8000000119
30767  42.288  -45.269  14.019 0.8999999762
30134  43.124  -45.947  12.207 1.0000000000
30132  44.102  -46.299  12.240 1.0000000000
30795  43.877  -46.099  10.612 1.0000000000
30135  43.397  -46.426  11.164 1.0000000000
30796  42.836  -46.161  10.522 1.0000000000
29421  53.776  -47.069  15.740 0.6999999881
29422  52.741  -47.238  16.114 0.6999999881
29409  53.220  -46.407  16.422 0.6999999881
141666  54.323  -47.357  14.829 0.6000000238
29410  52.482  -46.322  16.715 0.6999999881
28727  54.797  -47.288  13.708 0.6000000238
122740  55.042  -47.290  12.254 0.5000000000
144489  51.292  -45.229  16.758 0.8000000119
28747  55.938  -47.792  11.814 0.4000000060
145137  50.561  -45.641  16.997 0.8000000119
30083  49.987  -45.906  17.156 0.8000000119
135576  49.239  -45.391  17.346 0.8000000119
134623  48.425  -45.090  17.321 0.8000000119
30085  46.682  -45.169  16.583 0.6999999881
30084  47.518  -45.041  17.076 0.8000000119
30090  45.997  -45.338  15.819 0.8999999762
30758  45.867  -44.831  15.099 1.0000000000
30765  45.849  -44.266  14.428 1.0000000000
140932  45.194  -46.403  14.050 1.0000000000
30766  45.375  -45.429  13.979 1.0000000000
31508  45.711  -44.609  13.371 1.0000000000
30126  45.001  -46.381  13.363 1.0000000000
127754  45.288  -45.506  13.046 1.0000000000
30789  44.974  -45.671  11.367 1.0000000000
30790  44.284  -46.127  11.755 1.0000000000
30783  42.395  -45.322  12.910 1.0000000000
30791  42.773  -46.299  11.091 1.0000000000
31528  42.577  -45.068  10.220 1.0000000000
30799  44.121  -45.162  9.935 1.0000000000
30800  43.216  -45.597  9.998 1.0000000000
137219  53.937  -46.270  16.057 0.6999999881
30080  52.757  -45.505  16.649 0.6999999881
29419  55.475  -46.256  15.068 0.5000000000
30081  51.869  -45.540  16.730 0.6999999881
141840  54.832  -47.121  14.688 0.6000000238
28726  55.780  -47.295  13.273 0.5000000000
30082  50.834  -45.062  16.923 0.8000000119
30064  50.017  -44.908  17.293 0.8000000119
30727  49.100  -44.487  17.366 0.8000000119
30728  48.156  -44.138  17.129 0.8000000119
31472  46.835  -43.753  16.098 0.6999999881
30747  47.187  -44.302  16.648 0.6999999881
31486  46.324  -43.928  15.379 0.8999999762
131764  47.425  -42.344  15.037 0.8000000119
32377  47.129  -42.280  14.115 0.8000000119
33271  47.871  -41.956  13.800 0.8000000119
141984  46.299  -43.473  14.768 0.8999999762
32366  46.605  -42.827  14.488 0.8000000119
31497  46.037  -43.521  13.903 1.0000000000
32383  46.468  -42.911  13.516 0.8999999762
32382  47.170  -42.507  13.195 0.8999999762
32381  48.036  -42.236  12.922 0.8000000119
31507  46.047  -43.760  12.856 0.8999999762
31519  45.665  -44.986  12.200 1.0000000000
30782  44.981  -45.763  12.510 1.0000000000
31527  45.695  -45.030  10.962 1.0000000000
30794  44.971  -45.353  10.405 1.0000000000
31542  42.683  -43.824  10.348 1.0000000000
31539  45.929  -44.895  9.950 1.0000000000
30798  45.144  -44.747  9.654 1.0000000000
31549  45.170  -43.786  9.265 1.0000000000
32421  44.545  -43.105  10.065 1.0000000000
30089  55.180  -45.662  15.542 0.6999999881
138387  54.377  -45.641  16.007 0.6999999881
30079  53.579  -45.557  16.410 0.6999999881
30743  53.169  -44.719  16.572 0.6999999881
30744  52.301  -44.639  16.700 0.6999999881
29439  55.324  -46.871  14.474 0.5000000000
30745  51.411  -44.599  16.886 0.6999999881
132544  50.648  -44.268  17.227 0.8000000119
31455  49.817  -43.804  17.319 0.6999999881
139432  48.965  -43.719  17.236 0.6999999881
31471  48.425  -43.144  16.841 0.6999999881
30746  47.562  -43.412  16.456 0.6999999881
31485  46.909  -43.043  15.561 0.6999999881
32376  47.821  -41.943  14.532 0.8000000119
33270  48.493  -41.643  14.407 0.8000000119
33269  49.400  -41.349  14.158 0.8000000119
145044  49.352  -41.522  13.258 0.8000000119
33288  48.856  -41.873  12.659 0.8000000119
32397  46.509  -43.174  12.492 1.0000000000
32396  47.272  -42.777  12.192 0.8999999762
32395  48.221  -42.490  11.975 0.8000000119
32408  47.475  -42.991  11.086 1.0000000000
31518  45.966  -43.999  11.679 1.0000000000
32409  46.625  -43.449  11.342 1.0000000000
31526  46.382  -44.480  10.469 1.0000000000
31538  46.639  -44.506  9.464 1.0000000000
31529  42.081  -44.006  10.734 1.0000000000
31548  46.021  -44.523  9.007 1.0000000000
32429  45.931  -43.302  8.810 1.0000000000
32420  45.219  -42.626  9.473 1.0000000000
32422  43.626  -43.493  10.264 1.0000000000
30757  54.772  -44.833  15.915 0.6999999881
30742  54.028  -44.830  16.414 0.6999999881
31468  52.866  -43.802  16.843 0.6000000238
30725  51.897  -43.863  16.991 0.6000000238
31453  51.429  -43.267  17.087 0.6000000238
31454  50.665  -43.461  17.164 0.6999999881
31469  50.094  -42.808  17.035 0.6999999881
31470  49.243  -42.957  17.054 0.6999999881
123890  48.725  -42.388  16.607 0.6999999881
126866  48.994  -41.476  15.121 0.8000000119
32350  47.893  -42.379  16.126 0.6999999881
32365  48.179  -41.798  15.279 0.8000000119
33286  50.594  -41.683  12.636 0.8000000119
33287  49.689  -41.684  12.572 0.8000000119
32406  49.473  -42.853  10.881 0.8000000119
32407  48.442  -42.683  10.927 0.8000000119
31525  47.084  -43.849  10.098 1.0000000000
32419  47.741  -43.153  10.105 1.0000000000
32418  48.731  -43.159  9.954 0.6999999881
142704  47.420  -43.637  9.603 1.0000000000
31537  47.785  -43.222  9.439 0.8999999762
129434  47.137  -44.018  9.242 1.0000000000
31547  46.788  -44.100  8.831 1.0000000000
31552  47.113  -43.536  8.794 1.0000000000
32410  42.210  -42.652  10.733 1.0000000000
124540  45.748  -42.090  9.282 1.0000000000
33313  43.883  -42.570  10.627 1.0000000000
33300  43.022  -42.065  10.633 1.0000000000
33312  44.787  -42.175  10.306 1.0000000000
145196  53.628  -44.153  16.552 0.6999999881
32333  50.951  -42.682  16.926 0.6000000238
32348  50.437  -41.972  16.633 0.6999999881
32349  49.478  -41.980  16.610 0.6999999881
32364  48.700  -41.736  16.033 0.6999999881
33257  49.356  -41.401  15.824 0.8000000119
33276  50.094  -41.251  13.363 0.6999999881
33296  50.106  -42.395  11.856 0.6999999881
122220  50.623  -43.290  11.008 0.6999999881
31536  49.054  -43.319  9.402 0.8000000119
32417  49.834  -43.523  9.940 0.6999999881
31546  47.335  -43.621  9.072 0.8999999762
32432  47.780  -42.507  8.867 1.0000000000
34121  42.231  -41.582  10.892 1.0000000000
33322  46.340  -42.033  9.056 1.0000000000
33299  44.132  -41.913  10.834 1.0000000000
33311  45.533  -41.676  9.840 1.0000000000
31467  53.741  -43.442  16.635 0.6000000238
129511  53.098  -42.826  16.848 0.6000000238
31452  52.225  -43.105  17.073 0.6000000238
32346  52.270  -42.358  16.716 0.6000000238
32332  51.651  -42.659  16.925 0.6000000238
32347  51.391  -41.964  16.531 0.6000000238
33238  50.789  -41.428  16.201 0.6000000238
33239  50.056  -41.334  16.059 0.6000000238
123190  50.747  -41.063  15.416 0.6999999881
123319  51.084  -41.173  13.552 0.6999999881
33285  51.420  -41.905  12.704 0.6999999881
32394  50.976  -42.704  12.069 0.6999999881
125545  51.357  -43.176  11.512 0.6999999881
130149  56.022  -39.892  8.024 0.3000000119
31535  50.103  -43.462  9.231 0.6999999881
31534  50.863  -43.688  9.857 0.6999999881
125084  56.384  -38.448  7.798 0.3000000119
128066  49.278  -43.178  9.038 0.8000000119
32400  39.822  -41.823  12.506 0.8999999762
31550  48.422  -42.863  9.052 1.0000000000
32412  41.097  -41.833  11.653 1.0000000000
33301  41.518  -41.690  11.223 1.0000000000
33327  46.908  -41.160  8.939 1.0000000000
34137  46.116  -41.087  9.884 1.0000000000
33323  46.150  -41.247  9.550 1.0000000000
33298  45.278  -41.585  10.443 1.0000000000
32344  53.984  -42.668  16.553 0.6000000238
145054  53.467  -42.403  16.582 0.6000000238
33236  53.277  -41.466  16.140 0.6000000238
33237  52.320  -41.586  16.191 0.6000000238
34050  52.869  -41.014  15.728 0.6000000238
34066  52.448  -40.622  15.238 0.6999999881
34067  51.650  -40.965  15.311 0.6999999881
33256  51.467  -41.263  15.956 0.6000000238
34086  51.248  -40.907  14.611 0.6999999881
34968  56.559  -39.214  12.731 0.3000000119
34978  55.985  -39.925  12.829 0.3000000119
32393  51.645  -42.604  12.020 0.6999999881
34156  56.022  -41.192  8.061 0.3000000119
34145  55.479  -41.731  8.056 0.4000000060
120118  55.649  -39.904  8.361 0.4000000060
32401  38.999  -41.800  12.807 0.6999999881
33289  38.485  -41.223  12.361 0.6999999881
133800  55.594  -35.900  9.431 0.3000000119
35909  56.008  -38.879  8.239 0.3000000119
32427  50.160  -43.156  8.821 0.6999999881
145199  40.219  -40.910  11.879 0.8999999762
35901  55.297  -38.916  8.847 0.3000000119
33302  40.755  -41.141  11.681 0.8999999762
37465  55.507  -36.765  9.319 0.3000000119
129656  55.459  -38.263  9.734 0.3000000119
125559  47.619  -40.532  8.715 1.0000000000
34150  46.557  -40.036  9.097 1.0000000000
34119  44.644  -41.363  11.275 1.0000000000
34120  43.362  -41.371  11.404 1.0000000000
126765  46.677  -40.544  9.238 1.0000000000
142240  45.369  -41.232  10.916 1.0000000000
34118  46.039  -40.887  10.348 1.0000000000
140520  46.211  -40.332  11.046 1.0000000000
34940  53.039  -39.965  15.062 0.6999999881
35845  56.484  -38.924  13.695 0.3000000119
35846  55.719  -39.204  13.971 0.4000000060
34085  51.887  -40.748  14.773 0.6999999881
34093  51.759  -40.954  14.036 0.6999999881
33275  51.749  -41.468  13.307 0.6999999881
33284  52.049  -42.005  12.693 0.6999999881
34098  55.936  -40.871  12.287 0.3000000119
32392  52.417  -42.568  11.654 0.6999999881
32405  51.830  -43.141  11.357 0.6999999881
34113  55.772  -41.905  11.839 0.5000000000
33305  56.522  -42.664  9.918 0.4000000060
32414  54.722  -43.294  9.706 0.6000000238
33315  55.206  -43.069  8.205 0.5000000000
31524  51.579  -43.610  10.644 0.6999999881
33314  55.972  -42.584  8.511 0.3000000119
36676  54.111  -36.903  12.047 0.4000000060
35015  54.951  -41.187  8.429 0.4000000060
31545  51.050  -43.492  9.215 0.6999999881
34106  38.074  -40.590  12.070 0.6999999881
38210  54.533  -35.642  11.543 0.4000000060
137769  55.490  -40.812  8.344 0.4000000060
35014  55.173  -39.971  8.957 0.4000000060
38226  55.558  -35.239  9.795 0.3000000119
37458  55.508  -36.263  10.287 0.3000000119
37446  55.014  -36.247  11.184 0.4000000060
35009  54.510  -40.305  9.307 0.4000000060
33320  50.479  -42.472  9.056 0.6999999881
126853  39.360  -41.203  12.112 0.6999999881
36694  55.070  -37.101  10.837 0.4000000060
35896  55.247  -38.950  9.867 0.4000000060
35897  54.849  -39.487  9.901 0.4000000060
33321  49.498  -42.238  8.910 0.8000000119
36701  55.487  -37.409  10.027 0.3000000119
35886  54.777  -38.803  10.666 0.4000000060
33324  48.838  -41.904  8.797 0.8000000119
141997  41.642  -41.167  11.270 1.0000000000
34157  48.823  -40.930  8.650 0.8999999762
135241  47.106  -40.499  8.936 1.0000000000
34101  45.347  -40.710  11.488 1.0000000000
35002  46.571  -40.084  10.095 1.0000000000
34136  46.588  -40.441  9.425 1.0000000000
35019  46.715  -39.621  9.285 1.0000000000
34981  45.891  -39.863  11.971 1.0000000000
34982  44.812  -39.970  12.337 1.0000000000
34980  46.601  -39.545  11.187 1.0000000000
35865  45.257  -39.069  12.545 1.0000000000
34939  53.626  -39.800  15.374 0.6000000238
34960  53.634  -39.545  14.927 0.6000000238
34083  53.210  -39.907  14.522 0.6000000238
132224  53.309  -40.310  13.675 0.6999999881
34959  54.448  -39.350  14.623 0.5000000000
34971  53.951  -39.725  14.010 0.6000000238
144925  52.871  -40.907  13.326 0.6999999881
34969  55.555  -39.525  13.341 0.5000000000
34979  55.064  -40.131  12.787 0.4000000060
34092  52.227  -41.279  13.396 0.6999999881
34091  54.115  -40.263  13.118 0.6000000238
121958  52.948  -41.668  12.463 0.6999999881
34099  55.263  -41.157  12.211 0.6000000238
33294  55.262  -42.918  11.110 0.6000000238
132313  52.850  -43.004  10.891 0.6999999881
32416  52.689  -43.459  10.051 0.6999999881
33306  55.662  -43.133  9.518 0.5000000000
32413  54.858  -43.270  8.539 0.6000000238
32415  53.890  -43.397  9.657 0.6000000238
31523  52.098  -43.877  10.063 0.6000000238
37431  52.733  -36.577  12.620 0.4000000060
119674  55.098  -42.638  7.950 0.4000000060
33316  54.490  -43.083  7.942 0.4000000060
124090  54.156  -43.414  8.578 0.5000000000
32424  53.321  -43.423  8.930 0.6000000238
31533  51.726  -43.812  9.704 0.6999999881
37429  53.925  -35.970  12.210 0.4000000060
33307  53.931  -42.546  8.277 0.5000000000
31544  51.770  -43.567  9.330 0.6999999881
124029  54.644  -36.857  11.502 0.4000000060
36677  53.224  -37.314  12.255 0.5000000000
34131  54.183  -41.447  8.689 0.4000000060
32426  51.161  -43.299  9.033 0.6999999881
34124  39.431  -40.430  11.771 0.8999999762
33304  38.951  -40.767  11.811 0.6999999881
35885  55.222  -38.084  10.514 0.4000000060
34997  54.292  -39.530  10.385 0.4000000060
34148  49.597  -41.283  9.095 0.6999999881
34105  40.690  -40.336  11.806 0.8999999762
34158  48.063  -40.144  8.574 0.8999999762
34104  41.478  -40.598  11.690 0.8999999762
34102  44.213  -40.771  12.033 1.0000000000
34103  42.295  -40.920  11.542 1.0000000000
34149  47.040  -39.604  9.336 1.0000000000
133724  43.168  -40.594  12.247 1.0000000000
35011  46.376  -39.749  9.086 1.0000000000
34983  43.852  -40.022  12.426 1.0000000000
125014  43.068  -39.585  12.486 1.0000000000
125874  46.820  -39.596  10.217 1.0000000000
37462  46.789  -36.588  10.981 0.8999999762
36695  46.949  -37.623  11.217 1.0000000000
142878  46.674  -38.841  11.646 1.0000000000
122193  45.532  -38.207  12.518 1.0000000000
36681  46.468  -38.089  11.980 1.0000000000
36682  45.596  -37.456  12.268 1.0000000000
36683  44.583  -37.493  12.460 0.8999999762
36696  46.155  -36.935  11.784 1.0000000000
37435  45.109  -36.733  12.089 0.8999999762
34100  53.607  -40.921  12.772 0.6999999881
33295  53.465  -42.518  11.413 0.6999999881
34114  54.927  -41.964  11.922 0.6000000238
121923  54.442  -42.531  11.486 0.6000000238
32402  54.279  -43.066  10.748 0.6999999881
32403  53.436  -43.198  10.470 0.6000000238
144459  53.217  -43.404  9.642 0.6000000238
31531  52.727  -43.499  9.352 0.6000000238
38193  52.453  -35.707  12.865 0.3000000119
31543  52.474  -43.451  9.354 0.6000000238
37432  51.758  -36.571  12.756 0.4000000060
33317  53.691  -43.200  8.344 0.6000000238
128900  53.065  -43.284  8.900 0.6000000238
33308  53.018  -42.675  9.002 0.5000000000
33318  52.355  -43.172  9.233 0.6000000238
34132  53.313  -41.544  9.268 0.4000000060
33319  51.450  -42.860  9.193 0.6000000238
35861  52.623  -38.145  12.140 0.5000000000
132269  53.501  -39.572  10.852 0.4000000060
34998  53.758  -40.422  9.807 0.4000000060
122648  54.087  -38.856  11.288 0.4000000060
34147  50.386  -41.241  9.790 0.6000000238
35860  53.640  -38.145  11.907 0.4000000060
34123  40.233  -40.665  11.834 0.8999999762
35017  49.122  -40.264  8.829 0.8999999762
34985  41.354  -39.802  12.185 0.8999999762
35867  42.161  -39.118  12.427 0.8999999762
34984  42.251  -40.193  12.247 0.8999999762
35018  47.288  -39.476  9.310 1.0000000000
35891  47.067  -38.766  10.980 1.0000000000
124263  44.037  -39.033  12.595 1.0000000000
137654  44.613  -38.321  12.636 0.8999999762
134824  45.663  -36.147  11.654 1.0000000000
37450  44.632  -36.061  11.686 1.0000000000
37436  44.091  -36.664  12.107 0.8999999762
38213  45.228  -35.534  11.151 1.0000000000
38214  44.177  -35.502  11.133 0.8999999762
33283  53.983  -41.708  12.033 0.6999999881
38967  52.734  -34.735  12.755 0.3000000119
38194  51.360  -35.705  12.923 0.3000000119
37433  50.791  -36.472  12.598 0.4000000060
34115  52.895  -40.443  10.369 0.5000000000
34133  52.425  -41.449  9.986 0.5000000000
33309  52.024  -42.342  9.777 0.5000000000
36678  52.159  -37.382  12.473 0.5000000000
34116  51.971  -40.364  10.777 0.5000000000
35862  51.672  -38.114  12.177 0.5000000000
34999  52.536  -39.556  11.174 0.5000000000
33310  51.174  -41.855  9.726 0.6000000238
35887  52.101  -38.752  11.668 0.5000000000
120854  53.123  -38.857  11.583 0.5000000000
35016  49.691  -40.117  9.557 0.6999999881
35888  51.221  -38.702  11.695 0.5000000000
35027  48.552  -39.776  8.631 0.8999999762
35911  48.046  -39.067  8.816 0.8999999762
35028  47.963  -39.469  8.732 0.8999999762
125733  47.799  -38.822  9.121 0.8999999762
36705  47.243  -37.328  10.528 0.8999999762
35890  47.490  -38.197  10.433 0.8999999762
35899  47.279  -39.035  9.946 1.0000000000
35866  43.002  -38.526  12.729 0.8999999762
125958  43.760  -38.020  12.751 0.8999999762
38212  46.330  -35.738  10.995 0.8000000119
38231  45.773  -35.014  10.395 0.6999999881
36684  42.882  -37.653  12.885 0.8999999762
37451  43.651  -35.979  11.706 0.8999999762
133491  43.548  -37.206  12.584 0.8999999762
125372  52.995  -34.012  12.713 0.3000000119
38184  51.865  -34.889  13.020 0.3000000119
38955  51.411  -34.119  13.128 0.4000000060
38956  50.488  -34.177  13.193 0.3000000119
38968  50.955  -34.891  13.059 0.3000000119
38969  50.182  -34.812  12.921 0.4000000060
36679  51.156  -37.419  12.414 0.5000000000
37448  50.401  -37.046  11.971 0.4000000060
34134  51.593  -41.156  10.323 0.5000000000
35889  50.675  -38.472  11.482 0.5000000000
35000  51.509  -39.492  11.343 0.5000000000
143710  50.934  -40.972  10.428 0.5000000000
35001  50.593  -39.461  11.273 0.5000000000
34135  50.494  -40.309  10.525 0.5000000000
35010  50.108  -39.537  10.324 0.5000000000
35898  50.173  -38.765  10.649 0.5000000000
35902  49.744  -38.689  9.356 0.6000000238
137849  49.164  -39.348  8.870 0.6000000238
36711  49.852  -37.735  8.691 0.6999999881
35903  49.043  -38.260  8.659 0.6999999881
35910  48.609  -39.048  8.694 0.6999999881
143411  49.526  -37.499  8.485 0.6999999881
35904  48.533  -38.445  8.852 0.8000000119
36704  47.680  -37.557  9.724 0.8999999762
127868  47.714  -38.384  9.641 0.8999999762
38229  47.129  -35.847  10.218 0.6999999881
138233  42.822  -36.970  12.718 0.8999999762
134798  43.194  -36.493  12.302 0.8999999762
38232  44.685  -35.016  10.518 1.0000000000
39727  50.026  -33.481  13.370 0.3000000119
37434  50.012  -36.249  12.090 0.4000000060
38970  49.567  -34.257  12.900 0.3000000119
143620  49.805  -35.676  12.223 0.4000000060
130382  49.611  -35.072  12.353 0.4000000060
131606  50.412  -37.928  10.764 0.4000000060
37449  49.891  -36.664  10.974 0.4000000060
38196  49.569  -35.660  11.382 0.4000000060
143764  50.317  -37.360  11.143 0.4000000060
37459  49.976  -37.357  10.156 0.5000000000
36702  50.027  -37.893  9.532 0.5000000000
36713  49.032  -37.458  8.462 0.6000000238
36714  48.326  -37.981  9.156 0.8000000119
37461  47.407  -36.655  9.919 0.6999999881
38230  46.749  -35.181  9.967 0.6999999881
38215  43.213  -35.274  11.170 0.8999999762
38197  42.740  -35.860  11.875 0.8999999762
123692  44.123  -34.425  10.133 0.8999999762
39002  43.356  -34.626  10.581 0.8000000119
39014  43.651  -33.705  9.807 0.6999999881
39776  42.979  -33.036  9.707 0.8000000119
40501  49.717  -32.693  13.394 0.3000000119
39744  49.179  -33.374  12.945 0.3000000119
38971  48.794  -34.073  12.293 0.3000000119
39745  48.474  -33.200  12.167 0.4000000060
38981  48.964  -34.751  11.500 0.4000000060
138772  48.628  -34.592  10.332 0.4000000060
38998  49.163  -35.224  10.262 0.5000000000
38211  49.589  -36.024  10.034 0.5000000000
38227  49.304  -35.565  9.097 0.5000000000
38228  48.857  -34.848  9.254 0.5000000000
37466  49.666  -36.411  8.930 0.5000000000
38238  48.866  -35.238  8.552 0.5000000000
38237  49.192  -36.024  8.388 0.5000000000
139021  48.862  -36.044  8.192 0.6000000238
37467  48.365  -36.725  8.781 0.6999999881
124861  47.730  -35.962  9.145 0.6999999881
39000  46.268  -34.527  9.409 0.6999999881
39001  45.209  -34.455  9.772 0.8000000119
39013  44.775  -33.826  9.412 0.6999999881
131662  50.236  -32.073  13.669 0.3000000119
41235  49.188  -31.477  13.191 0.3000000119
41236  48.519  -31.503  12.499 0.4000000060
40517  48.907  -32.373  12.896 0.3000000119
38982  48.321  -33.884  11.099 0.4000000060
38999  48.284  -34.076  9.416 0.3000000119
39017  48.475  -35.028  8.325 0.6000000238
39010  48.456  -34.651  8.574 0.5000000000
39771  48.034  -34.107  8.427 0.4000000060
37473  48.378  -35.742  8.433 0.6999999881
38246  48.325  -35.191  8.321 0.6999999881
39011  47.888  -34.612  8.282 0.6000000238
138611  47.350  -35.398  9.304 0.6999999881
38240  47.161  -34.745  8.670 0.6999999881
130199  46.598  -34.220  8.383 0.6000000238
40518  48.145  -32.326  11.988 0.3000000119
132888  47.966  -33.028  11.347 0.3000000119
39753  47.740  -33.234  10.256 0.3000000119
40528  47.693  -32.347  10.968 0.3000000119
40535  47.426  -32.439  9.831 0.3000000119
41251  47.493  -31.537  10.625 0.3000000119
39762  47.647  -33.341  8.815 0.3000000119
39772  47.469  -33.894  8.013 0.5000000000
40543  47.173  -32.493  8.802 0.5000000000
143356  46.957  -33.684  7.803 0.6000000238
39773  46.515  -33.750  7.939 0.6000000238
42004  49.247  -30.022  13.183 0.4000000060
133227  48.811  -30.742  12.925 0.3000000119
133223  48.234  -30.722  12.124 0.3000000119
41250  47.965  -31.477  11.565 0.3000000119
134250  47.682  -30.729  11.249 0.3000000119
42025  47.222  -30.818  10.539 0.3000000119
41256  47.157  -31.663  9.747 0.4000000060
42032  46.765  -30.918  9.889 0.4000000060
133776  46.656  -32.554  8.270 0.6000000238
41261  46.771  -31.754  9.039 0.4000000060
40544  46.426  -33.211  7.832 0.6000000238
39775  43.970  -32.935  9.301 0.6999999881
39763  42.527  -33.626  10.170 0.8000000119
42876  48.933  -29.249  12.919 0.4000000060
42877  48.039  -29.152  12.380 0.3000000119
42018  47.678  -29.946  11.955 0.3000000119
42019  47.220  -29.957  11.138 0.3000000119
42026  46.793  -30.007  10.522 0.4000000060
133338  46.302  -30.967  9.337 0.4000000060
41274  46.216  -31.739  8.645 0.4000000060
40554  46.015  -32.433  8.079 0.5000000000
42044  45.769  -30.742  8.972 0.4000000060
40555  45.646  -32.973  8.067 0.6000000238
41275  45.602  -31.589  8.540 0.4000000060
40545  44.397  -32.203  9.002 0.6999999881
41276  44.813  -31.495  8.657 0.4000000060
134365  44.374  -30.757  8.518 0.4000000060
41262  43.786  -31.480  8.877 0.5000000000
40546  43.386  -32.333  9.290 0.6000000238
40547  42.393  -32.469  9.524 0.6999999881
43915  49.482  -28.568  13.089 0.3000000119
43916  48.714  -28.480  12.560 0.3000000119
43928  47.823  -28.335  12.067 0.3000000119
42891  47.349  -29.079  11.658 0.3000000119
42892  46.950  -29.027  10.963 0.3000000119
42033  46.314  -30.068  9.828 0.3000000119
42908  46.293  -29.283  9.608 0.3000000119
42917  45.874  -29.759  9.241 0.3000000119
43960  45.942  -28.852  9.177 0.3000000119
42045  45.158  -30.758  8.602 0.4000000060
133748  45.409  -29.970  8.719 0.3000000119
139835  45.597  -29.288  8.831 0.3000000119
42046  44.763  -30.071  8.447 0.3000000119
42918  45.102  -29.361  8.520 0.3000000119
139407  44.100  -30.163  8.414 0.3000000119
42919  44.285  -29.408  8.423 0.4000000060
42047  43.571  -30.637  8.574 0.5000000000
41277  42.975  -31.108  8.767 0.5000000000
41264  41.838  -31.965  9.327 0.5000000000
44949  49.400  -27.178  12.724 0.3000000119
44950  48.482  -27.657  12.212 0.3000000119
139393  47.753  -27.760  11.704 0.3000000119
43929  47.346  -28.289  11.420 0.3000000119
43940  47.119  -28.269  11.094 0.3000000119
43950  46.150  -28.155  9.488 0.3000000119
131627  45.404  -28.734  8.683 0.3000000119
137515  44.796  -28.800  8.450 0.3000000119
42920  43.466  -29.853  8.518 0.4000000060
42048  42.753  -30.396  8.725 0.5000000000
42921  42.584  -29.446  8.575 0.5000000000
42034  42.111  -31.103  9.078 0.5000000000
45917  48.622  -26.840  12.123 0.3000000119
44960  47.958  -27.269  11.725 0.3000000119
44961  47.483  -27.738  11.380 0.3000000119
44974  47.046  -27.758  10.933 0.3000000119
127486  46.596  -28.057  10.125 0.3000000119
44982  45.822  -27.453  9.328 0.3000000119
43961  45.619  -28.100  8.917 0.3000000119
127465  43.502  -29.111  8.487 0.4000000060
43965  42.007  -28.617  8.363 0.4000000060
42049  41.833  -30.202  8.825 0.5000000000
42922  41.446  -29.394  8.540 0.4000000060
45915  50.113  -26.509  12.972 0.3000000119
131530  47.631  -27.137  11.377 0.3000000119
45938  47.177  -26.720  10.894 0.3000000119
131709  46.563  -27.290  10.361 0.3000000119
44981  46.255  -27.598  9.784 0.3000000119
45952  45.632  -26.700  9.129 0.3000000119
43962  44.871  -28.042  8.421 0.3000000119
44993  44.525  -27.255  8.372 0.3000000119
43963  44.044  -28.485  8.300 0.3000000119
43964  43.038  -28.566  8.353 0.4000000060
45916  49.348  -26.295  12.466 0.3000000119
46817  48.689  -26.096  11.930 0.3000000119
46830  48.877  -25.360  11.585 0.3000000119
45925  48.139  -26.644  11.642 0.3000000119
46832  47.680  -25.856  10.948 0.3000000119
46840  46.967  -25.833  10.445 0.3000000119
45939  46.582  -26.504  10.301 0.3000000119
45951  46.092  -26.777  9.732 0.3000000119
46841  46.377  -25.837  9.812 0.3000000119
45961  45.194  -27.185  8.736 0.3000000119
47836  49.682  -24.821  12.043 0.3000000119
46831  48.245  -25.935  11.443 0.3000000119
47851  48.913  -24.478  11.255 0.3000000119
47852  48.246  -25.180  11.096 0.3000000119
47864  47.475  -24.973  10.502 0.3000000119
143099  45.811  -25.803  9.067 0.3000000119
120095  45.248  -26.175  8.578 0.3000000119
45962  44.601  -26.500  8.252 0.3000000119
47850  49.528  -23.852  11.749 0.3000000119
129132  49.033  -23.654  11.201 0.3000000119
130921  48.167  -24.458  10.783 0.3000000119
47865  46.788  -25.187  9.991 0.3000000119
127115  46.312  -24.946  9.274 0.3000000119
48832  47.719  -23.915  10.218 0.4000000060
48830  48.771  -23.003  10.959 0.4000000060
47879  47.004  -24.466  9.761 0.4000000060
49714  48.617  -22.330  10.482 0.4000000060
30106  44.627  -47.409  13.635 1.0000000000
143055  44.595  -46.265  12.760 1.0000000000
144320  44.531  -33.314  9.186 0.6999999881
22924  54.707  -54.522  13.241 0.5000000000
22065  53.641  -54.913  14.111 0.5000000000
25442  53.444  -50.874  11.535 0.6000000238
27122  44.720  -49.674  17.149 0.8999999762
26328  53.625  -50.238  11.631 0.5000000000
140684  54.236  -51.210  13.196 0.5000000000
131090  52.493  -53.245  14.257 0.4000000060
27935  50.202  -48.677  14.470 0.6999999881
27119  46.894  -49.315  17.098 0.8999999762
26304  53.934  -50.819  14.134 0.5000000000
125424  50.498  -47.215  16.445 0.8000000119
24613  52.632  -52.566  14.406 0.4000000060
28698  48.776  -47.936  16.772 0.8000000119
126798  51.633  -47.928  15.388 0.6999999881
27177  55.962  -49.070  11.918 0.4000000060
28748  55.572  -47.737  11.432 0.5000000000
30133  43.565  -46.170  11.683 1.0000000000
29420  54.692  -46.613  15.394 0.6999999881
31541  43.303  -44.590  9.916 1.0000000000
31540  44.311  -44.153  9.781 1.0000000000
33297  49.125  -42.174  11.787 0.8000000119
33268  50.381  -41.024  14.365 0.6999999881
131166  48.196  -42.999  9.316 0.8000000119
32433  47.064  -42.518  8.789 1.0000000000
123089  46.483  -40.974  9.290 1.0000000000
32431  48.338  -42.173  8.816 1.0000000000
33255  52.149  -41.111  15.677 0.6000000238
132404  40.247  -41.291  11.970 1.0000000000
34122  41.021  -40.956  11.522 1.0000000000
33293  56.227  -42.476  11.023 0.4000000060
141820  53.931  -37.561  12.000 0.4000000060
141902  54.560  -37.837  11.481 0.4000000060
35864  46.248  -38.972  12.202 1.0000000000
38233  43.877  -35.013  10.662 0.8000000119
35863  51.087  -38.096  11.988 0.5000000000
34117  51.101  -40.308  10.971 0.5000000000
139567  49.320  -38.545  8.779 0.6999999881
36703  50.092  -37.182  8.923 0.5000000000
36712  49.653  -36.945  8.395 0.5000000000
136970  45.936  -33.427  8.036 0.6999999881
40556  45.290  -32.298  8.473 0.6000000238
42902  46.661  -29.238  10.183 0.3000000119
25417  46.758  -51.944  14.960 0.5000000000
25404  46.090  -52.049  15.579 0.5000000000
24626  46.081  -52.616  13.453 0.5000000000
24606  45.965  -52.493  14.576 0.5000000000
24636  47.196  -52.152  12.168 0.5000000000
25431  46.782  -52.121  13.928 0.5000000000
25445  48.724  -51.665  11.846 0.4000000060
25438  48.324  -51.298  12.408 0.5000000000
145095  48.853  -52.181  11.369 0.4000000060
133049  39.591  -44.163  14.511 0.6999999881
30770  38.761  -44.528  14.657 0.6999999881
30769  40.372  -44.320  14.518 0.8000000119
30768  41.317  -44.691  14.329 0.8000000119
30109  40.707  -45.035  14.916 0.8000000119
31499  39.061  -43.765  14.114 0.6999999881
30785  40.876  -43.999  13.899 0.8999999762
30784  41.683  -44.541  13.490 0.8999999762
30793  41.818  -44.519  12.414 0.8999999762
31511  39.336  -43.041  13.675 0.6000000238
31498  40.028  -43.540  14.100 0.8000000119
31509  41.251  -43.767  13.090 0.8999999762
31520  41.867  -44.515  11.356 0.8999999762
30797  42.258  -45.491  10.773 0.8999999762
32362  56.253  -42.063  15.873 0.5000000000
134380  54.855  -42.728  16.328 0.5000000000
136841  55.079  -44.151  15.839 0.6000000238
31465  55.017  -43.469  16.063 0.5000000000
31466  54.405  -43.257  16.397 0.5000000000
32386  38.728  -42.485  13.363 0.6000000238
31510  40.090  -42.895  13.429 0.8999999762
31522  40.797  -42.928  12.774 0.8999999762
31521  41.552  -43.578  12.146 0.8999999762
31530  41.731  -43.468  11.324 0.8999999762
34047  55.166  -40.674  16.346 0.5000000000
34048  54.425  -40.608  16.239 0.5000000000
33233  55.703  -41.278  16.292 0.5000000000
129239  54.491  -42.001  16.429 0.5000000000
33235  54.083  -41.334  16.294 0.5000000000
33254  56.509  -41.135  15.963 0.5000000000
32343  55.347  -42.053  16.287 0.5000000000
32384  40.154  -42.419  12.834 0.8999999762
32385  39.529  -42.390  13.146 0.6999999881
32398  41.343  -42.670  11.886 0.8999999762
34064  54.923  -39.992  16.010 0.5000000000
34049  53.643  -40.736  15.974 0.5000000000
34046  55.828  -40.498  16.101 0.5000000000
34063  56.673  -40.349  15.702 0.5000000000
32399  40.585  -42.113  12.249 0.8999999762
32411  41.639  -42.686  11.109 0.8999999762
129641  53.984  -40.028  15.870 0.5000000000
34937  55.131  -39.576  15.448 0.5000000000
34938  54.339  -39.531  15.411 0.5000000000
34936  55.887  -39.843  15.527 0.5000000000
35834  55.669  -39.252  14.674 0.4000000060
34125  38.627  -40.185  11.751 0.6000000238
34126  38.356  -39.467  11.810 0.6000000238
35004  39.128  -39.798  11.810 0.6999999881
34988  38.913  -39.050  12.091 0.6999999881
142013  38.788  -38.362  12.288 0.6999999881
35871  38.233  -37.754  12.386 0.6999999881
34987  39.676  -39.323  12.253 0.8000000119
35003  39.914  -40.057  11.790 0.8000000119
35870  39.461  -38.500  12.438 0.6999999881
36686  39.148  -37.707  12.490 0.6999999881
37439  39.614  -36.867  12.575 0.6999999881
35868  41.238  -38.793  12.554 0.8000000119
128382  41.081  -37.654  12.768 0.8000000119
37438  40.499  -36.752  12.534 0.6999999881
134102  41.458  -36.591  12.561 0.8000000119
125115  42.061  -38.115  12.887 0.8000000119
38218  40.364  -35.162  11.782 0.6000000238
135116  42.107  -37.214  12.842 0.8000000119
38217  41.307  -35.234  11.512 0.6000000238
38985  40.750  -34.639  11.085 0.6000000238
39005  40.182  -34.082  10.614 0.6000000238
38198  41.826  -35.801  12.060 0.8000000119
38984  41.673  -34.741  10.913 0.6000000238
39004  41.164  -34.186  10.597 0.6000000238
37437  42.354  -36.461  12.478 0.8000000119
39765  40.682  -33.668  10.291 0.6000000238
38216  42.211  -35.272  11.357 0.6999999881
39003  42.062  -34.212  10.494 0.6000000238
39777  41.994  -33.045  10.022 0.6999999881
39778  41.073  -33.120  10.092 0.6000000238
39764  41.580  -33.663  10.299 0.6000000238
40548  41.449  -32.543  9.742 0.6000000238
38983  42.563  -34.717  10.801 0.6999999881
127847  42.935  -34.169  10.371 0.6999999881
24646  49.539  -52.052  11.375 0.5000000000
25444  49.542  -51.234  12.026 0.5000000000
25439  47.634  -51.701  12.594 0.5000000000
25430  47.502  -51.631  13.374 0.5000000000
30792  42.278  -45.504  11.616 0.8999999762
35833  56.350  -39.113  14.371 0.3000000119
34986  40.507  -39.526  12.226 0.8000000119
25440  46.798  -52.198  12.835 0.5000000000
25446  47.823  -51.833  11.907 0.5000000000
32363  55.729  -42.891  15.922 0.5000000000
35869  40.309  -38.625  12.591 0.8000000119
36685  40.014  -37.697  12.557 0.6999999881
38200  39.936  -35.903  12.409 0.6999999881
38199  40.915  -35.878  12.130 0.6999999881
28741  56.320  -47.517  12.614 0.4000000060
29438  56.678  -46.902  13.550 0.4000000060
28742  56.256  -47.491  12.604 0.4000000060
30104  56.086  -46.481  14.388 0.5000000000
144751  57.384  -46.783  13.197 0.4000000060
29453  57.496  -46.972  12.915 0.4000000060
30088  55.992  -45.649  15.068 0.5000000000
30756  55.638  -44.752  15.476 0.5000000000
30103  56.897  -45.863  14.448 0.5000000000
30102  57.989  -45.704  14.042 0.4000000060
30125  57.927  -46.440  13.369 0.4000000060
29437  57.349  -46.519  13.609 0.4000000060
29452  58.500  -46.652  12.960 0.4000000060
30755  56.582  -44.993  15.139 0.5000000000
30124  58.871  -46.090  13.314 0.4000000060
125878  61.072  -45.402  11.961 0.4000000060
30123  59.994  -45.771  12.718 0.4000000060
30122  62.083  -45.236  11.764 0.4000000060
30131  60.520  -46.208  11.741 0.4000000060
136261  56.251  -44.202  15.286 0.5000000000
30764  57.441  -45.031  14.745 0.4000000060
34075  67.402  -41.451  14.202 0.3000000119
30763  58.239  -44.952  14.454 0.4000000060
32369  65.331  -42.531  14.833 0.3000000119
30101  59.150  -45.220  13.819 0.4000000060
32368  65.992  -42.577  15.344 0.3000000119
129076  64.525  -42.689  14.841 0.3000000119
31490  63.715  -43.026  14.809 0.3000000119
31506  62.388  -44.165  13.897 0.3000000119
30780  61.553  -44.867  12.563 0.4000000060
30760  63.728  -43.858  15.032 0.3000000119
31505  62.966  -43.820  14.367 0.3000000119
30779  62.122  -44.854  12.697 0.4000000060
31483  56.480  -43.378  15.377 0.4000000060
30754  56.958  -44.162  14.957 0.4000000060
31496  57.802  -44.201  14.683 0.4000000060
122845  66.307  -41.585  14.063 0.3000000119
33262  64.012  -41.820  14.616 0.3000000119
33260  66.325  -42.088  14.670 0.3000000119
127409  64.473  -42.532  14.717 0.3000000119
32371  62.839  -42.981  14.532 0.3000000119
31492  62.291  -43.675  14.173 0.4000000060
30761  61.791  -44.369  13.579 0.4000000060
30781  60.435  -45.017  13.115 0.4000000060
31491  63.109  -43.455  14.504 0.3000000119
31484  55.681  -43.794  15.625 0.4000000060
33265  61.151  -41.372  14.694 0.3000000119
124283  60.233  -41.737  14.883 0.3000000119
32374  59.546  -42.439  14.892 0.4000000060
127805  58.872  -42.994  14.716 0.4000000060
31495  58.281  -43.548  14.700 0.4000000060
120936  63.012  -41.441  14.664 0.3000000119
129863  61.966  -40.958  14.712 0.3000000119
32373  61.164  -42.398  14.557 0.3000000119
136355  60.390  -42.705  14.625 0.4000000060
31494  59.917  -43.452  14.429 0.4000000060
33264  62.221  -42.100  14.594 0.3000000119
31493  61.187  -43.491  14.270 0.4000000060
122138  58.711  -44.340  14.413 0.4000000060
33263  63.494  -42.411  14.668 0.3000000119
32372  61.954  -42.972  14.376 0.3000000119
30762  60.790  -44.335  13.726 0.4000000060
129712  59.700  -44.372  14.042 0.4000000060
33253  57.413  -40.984  15.578 0.4000000060
133376  56.973  -41.732  15.556 0.4000000060
143750  56.371  -42.719  15.630 0.4000000060
33251  58.888  -40.699  15.078 0.3000000119
33252  58.345  -41.302  15.273 0.4000000060
32360  57.725  -41.924  15.303 0.4000000060
32361  57.029  -42.571  15.368 0.4000000060
33267  59.239  -41.548  15.081 0.4000000060
32375  58.625  -42.163  15.091 0.4000000060
31481  57.978  -42.762  15.009 0.4000000060
31482  57.400  -43.414  14.974 0.4000000060
135749  39.164  -36.126  12.656 0.6000000238
39766  39.789  -33.664  10.062 0.5000000000
144833  40.309  -33.262  9.951 0.5000000000
132077  40.954  -32.053  9.466 0.5000000000
138245  41.359  -31.492  9.300 0.4000000060
46868  44.981  -24.836  7.578 0.3000000119
46869  44.445  -25.024  7.146 0.3000000119
127071  46.529  -24.147  9.220 0.3000000119
138870  45.749  -24.913  8.585 0.3000000119
46862  45.351  -25.260  8.238 0.3000000119
47893  45.327  -24.287  7.859 0.3000000119
47903  44.609  -23.979  7.137 0.3000000119
47904  43.940  -24.257  6.739 0.3000000119
48870  44.196  -23.324  6.493 0.3000000119
48844  47.094  -23.668  9.470 0.3000000119
48845  46.234  -23.407  8.987 0.3000000119
47892  45.901  -24.210  8.688 0.3000000119
48857  45.500  -23.455  8.124 0.3000000119
48858  44.910  -23.198  7.183 0.3000000119
142920  44.543  -23.220  6.758 0.3000000119
48884  43.919  -22.705  6.084 0.3000000119
129224  43.292  -21.643  5.440 0.3000000119
130180  47.626  -23.054  9.737 0.3000000119
138188  46.995  -22.997  9.308 0.3000000119
49738  45.636  -22.808  8.504 0.3000000119
49739  45.171  -22.657  7.575 0.3000000119
50658  45.368  -21.945  8.294 0.3000000119
49750  44.752  -22.424  6.787 0.3000000119
49751  44.397  -22.517  6.346 0.3000000119
133100  44.054  -21.763  5.958 0.3000000119
49715  48.028  -22.355  9.952 0.3000000119
50636  47.745  -21.644  9.715 0.3000000119
49726  46.283  -22.399  9.133 0.3000000119
51679  44.933  -21.102  7.567 0.3000000119
50673  44.485  -21.313  6.610 0.3000000119
51690  44.614  -20.384  6.942 0.3000000119
51644  48.185  -20.957  9.852 0.3000000119
51670  47.419  -20.893  9.542 0.3000000119
50647  46.019  -21.511  9.102 0.3000000119
51671  46.478  -20.712  9.229 0.3000000119
130023  45.373  -20.035  7.845 0.3000000119
137885  47.169  -20.225  9.400 0.3000000119
52699  47.404  -19.527  9.363 0.3000000119
52700  46.658  -19.814  9.074 0.3000000119
52698  48.188  -19.381  9.686 0.3000000119
131505  48.470  -18.443  9.726 0.3000000119
29451  59.537  -46.583  12.481 0.4000000060
123227  56.232  -47.778  12.169 0.4000000060
29459  58.580  -47.117  12.581 0.4000000060
28740  57.204  -47.469  12.701 0.4000000060
30129  62.445  -45.846  11.627 0.4000000060
30130  61.554  -45.985  11.488 0.4000000060
140821  60.173  -46.707  11.741 0.4000000060
33250  66.859  -41.996  15.675 0.3000000119
31461  65.821  -43.155  15.838 0.3000000119
30752  64.582  -43.321  15.496 0.3000000119
30119  62.820  -44.430  14.372 0.3000000119
30121  62.322  -45.218  12.287 0.3000000119
32358  67.056  -41.935  15.026 0.3000000119
34076  65.222  -40.890  13.955 0.3000000119
34078  62.654  -40.442  14.498 0.3000000119
34077  63.872  -40.848  14.405 0.3000000119
139132  57.386  -40.172  15.428 0.4000000060
34062  58.069  -40.429  15.246 0.4000000060
34080  60.067  -39.985  14.680 0.3000000119
132532  60.428  -40.836  14.751 0.3000000119
34935  56.929  -39.653  15.251 0.4000000060
135565  38.783  -36.912  12.652 0.6000000238
50634  49.068  -21.631  10.507 0.3000000119
125119  48.772  -21.056  10.204 0.3000000119
129998  48.703  -20.211  10.061 0.3000000119
52675  48.905  -19.198  10.174 0.3000000119
53611  49.541  -19.082  10.497 0.3000000119
34089  67.712  -40.607  13.800 0.3000000119
141660  55.783  -47.519  12.088 0.4000000060
33261  65.160  -41.807  14.461 0.3000000119
49725  47.313  -22.354  9.521 0.3000000119
127394  44.504  -21.919  6.291 0.3000000119
51678  45.566  -20.894  8.599 0.3000000119
144210  46.011  -20.149  8.711 0.3000000119
53629  49.333  -18.324  10.272 0.3000000119
27139  41.207  -49.748  16.205 0.6000000238
27149  40.675  -49.145  15.961 0.6999999881
142380  40.208  -48.642  15.790 0.6999999881
24603  52.520  -51.845  15.276 0.3000000119
25402  53.127  -51.183  14.880 0.3000000119
28716  39.350  -47.536  15.410 0.6999999881
131962  56.020  -48.623  11.592 0.3000000119
126669  40.189  -47.932  15.698 0.6999999881
27176  56.195  -48.526  11.975 0.3000000119
27951  57.229  -47.878  12.456 0.3000000119
27923  40.866  -48.391  15.903 0.6999999881
27944  56.935  -48.419  12.575 0.3000000119
27942  59.049  -48.472  13.285 0.3000000119
27943  58.014  -48.486  12.927 0.3000000119
28739  60.715  -47.885  12.681 0.3000000119
28745  60.411  -47.659  12.000 0.3000000119
27950  58.619  -47.978  12.661 0.3000000119
26290  53.754  -50.548  14.901 0.3000000119
27144  55.281  -49.903  14.324 0.4000000060
29428  40.251  -46.348  15.375 0.6999999881
127985  56.447  -49.053  12.693 0.3000000119
27161  55.974  -49.547  13.428 0.3000000119
28715  40.255  -47.130  15.536 0.6999999881
126888  56.897  -48.920  12.987 0.3000000119
27175  57.651  -49.064  13.310 0.3000000119
27174  58.535  -49.193  13.703 0.3000000119
130505  58.169  -47.573  12.549 0.3000000119
27941  59.920  -48.202  13.621 0.3000000119
30094  39.351  -46.115  15.454 0.6999999881
27143  55.883  -49.734  14.535 0.3000000119
27159  57.392  -49.607  13.836 0.3000000119
27160  56.577  -49.603  13.959 0.3000000119
30093  41.018  -45.816  15.223 0.6999999881
135792  58.124  -49.769  13.981 0.3000000119
29427  41.282  -46.677  15.574 0.6999999881
28746  59.323  -47.523  12.520 0.3000000119
28738  61.408  -47.434  13.080 0.3000000119
28744  61.346  -47.538  11.942 0.3000000119
135551  40.006  -45.552  15.230 0.6999999881
26301  58.222  -50.822  14.199 0.3000000119
26302  57.324  -50.535  14.282 0.3000000119
30092  41.916  -46.210  15.195 0.6999999881
28743  61.910  -46.976  12.487 0.3000000119
30108  41.763  -45.398  14.812 0.6999999881
29457  61.836  -46.636  11.677 0.3000000119
34957  58.334  -39.261  14.659 0.3000000119
26283  41.847  -50.376  16.476 0.5000000000
131797  39.883  -49.380  15.540 0.6999999881
26284  40.910  -50.652  16.250 0.6000000238
26293  40.254  -50.260  15.751 0.6000000238
29429  38.831  -46.746  15.478 0.6999999881
25401  53.279  -50.939  15.406 0.3000000119
26289  54.550  -50.154  15.057 0.4000000060
30110  39.042  -45.307  15.291 0.6999999881
26288  55.428  -50.018  15.181 0.4000000060
130432  39.739  -44.757  14.967 0.6999999881
26287  56.379  -50.210  14.957 0.3000000119
145024  56.448  -51.060  15.297 0.3000000119
24601  56.505  -52.311  14.804 0.3000000119
27952  56.063  -48.151  11.768 0.3000000119
141432  40.580  -49.822  16.004 0.6000000238
25414  57.077  -51.594  14.486 0.3000000119
26275  55.798  -50.661  15.582 0.3000000119
24607  45.257  -52.326  15.433 0.5000000000
25395  43.775  -51.879  16.682 0.5000000000
120702  43.892  -52.463  16.049 0.5000000000
24594  45.419  -51.814  16.195 0.4000000060
24651  38.194  -52.190  11.404 0.4000000060
128125  36.780  -53.472  12.495 0.5000000000
24595  44.599  -52.134  16.154 0.4000000060
22925  35.455  -54.696  12.896 0.4000000060
132729  35.176  -55.560  12.745 0.4000000060
23820  37.608  -52.610  11.717 0.5000000000
26282  42.586  -50.920  16.826 0.4000000060
133453  34.475  -54.916  13.235 0.4000000060
126067  34.510  -56.054  12.865 0.4000000060
23792  36.331  -53.164  12.935 0.4000000060
24642  37.032  -52.612  12.353 0.5000000000
24640  38.384  -51.524  11.822 0.5000000000
25418  39.470  -50.885  13.539 0.4000000060
25406  39.730  -50.952  14.551 0.4000000060
25405  40.208  -51.219  15.612 0.4000000060
23782  31.265  -53.384  13.639 0.4000000060
23793  35.503  -53.700  13.161 0.4000000060
123788  32.598  -52.168  13.390 0.4000000060
24632  36.673  -52.230  13.229 0.5000000000
24620  33.561  -52.437  13.860 0.4000000060
24631  37.181  -51.814  12.566 0.5000000000
129383  34.483  -51.250  14.548 0.4000000060
26311  33.700  -50.929  14.183 0.4000000060
25441  37.696  -51.386  12.474 0.5000000000
26321  38.318  -50.568  13.428 0.5000000000
26310  34.328  -50.394  14.639 0.4000000060
27169  33.828  -49.663  14.526 0.4000000060
25433  38.567  -51.045  12.647 0.5000000000
26320  38.956  -50.537  13.324 0.6000000238
26307  39.189  -50.231  14.260 0.6000000238
26294  39.744  -50.257  15.122 0.5000000000
22919  31.914  -54.309  13.648 0.4000000060
23781  32.301  -53.638  13.489 0.4000000060
119944  32.907  -53.061  13.601 0.4000000060
25435  36.782  -51.785  13.936 0.5000000000
24633  35.831  -52.961  13.770 0.4000000060
25434  37.086  -51.373  13.066 0.5000000000
25422  34.914  -51.945  14.779 0.4000000060
121007  34.079  -51.817  14.278 0.4000000060
26322  37.730  -50.930  13.205 0.5000000000
26308  38.555  -50.134  14.074 0.5000000000
27155  34.584  -49.456  14.915 0.4000000060
27166  38.851  -49.695  14.631 0.6000000238
130984  39.276  -49.658  14.885 0.6000000238
23779  34.786  -53.306  13.908 0.4000000060
23795  33.283  -53.845  13.653 0.4000000060
23780  33.838  -53.258  14.042 0.4000000060
25419  37.208  -51.076  13.916 0.5000000000
25408  35.271  -51.031  14.799 0.4000000060
26298  35.112  -50.189  14.966 0.4000000060
130421  37.746  -50.238  14.253 0.5000000000
22926  33.658  -55.249  13.397 0.4000000060
144361  33.698  -54.520  13.564 0.4000000060
24618  35.330  -52.505  14.480 0.4000000060
24619  34.442  -52.594  14.377 0.4000000060
24617  36.225  -52.260  14.289 0.5000000000
25421  35.766  -51.811  14.746 0.5000000000
25420  36.519  -51.521  14.507 0.5000000000
25407  36.156  -51.073  14.968 0.5000000000
26309  36.902  -50.784  14.766 0.5000000000
26296  36.460  -50.479  15.151 0.5000000000
26297  35.836  -50.411  15.150 0.4000000060
27167  38.332  -49.548  14.824 0.6000000238
27154  35.515  -49.624  15.244 0.5000000000
134390  35.149  -48.773  15.231 0.4000000060
27924  39.540  -48.440  15.431 0.6000000238
27150  38.976  -48.996  14.937 0.6000000238
27168  37.565  -49.470  15.141 0.6000000238
26295  37.033  -50.111  15.171 0.5000000000
130561  36.317  -49.875  15.360 0.5000000000
143605  36.857  -49.463  15.355 0.5000000000
27925  38.732  -48.182  15.223 0.6000000238
30096  37.499  -45.829  15.400 0.5000000000
29431  37.042  -46.515  15.435 0.5000000000
29430  37.946  -46.622  15.583 0.6000000238
28718  37.543  -47.311  15.456 0.6000000238
28719  36.513  -47.215  15.407 0.5000000000
27151  38.042  -48.725  15.194 0.6000000238
27152  37.086  -48.798  15.355 0.5000000000
27153  36.135  -48.975  15.364 0.5000000000
27928  35.602  -48.222  15.296 0.5000000000
28720  35.599  -47.502  15.267 0.5000000000
30111  38.078  -45.211  15.089 0.5000000000
30771  37.703  -44.586  14.364 0.5000000000
30095  38.437  -45.950  15.518 0.6000000238
139928  37.302  -48.024  15.321 0.6000000238
27927  36.383  -48.107  15.360 0.5000000000
24597  42.057  -52.740  16.287 0.4000000060
25397  41.686  -51.347  16.653 0.4000000060
26281  43.372  -50.456  16.776 0.5000000000
25396  42.570  -51.940  16.822 0.4000000060
27926  38.030  -47.948  15.285 0.6000000238
23755  43.499  -52.783  15.226 0.5000000000
24608  44.428  -52.567  15.325 0.5000000000
24596  43.063  -52.569  16.257 0.5000000000
24641  37.625  -51.952  11.960 0.5000000000
138666  34.790  -54.083  13.295 0.4000000060
25423  33.111  -51.464  13.527 0.4000000060
139151  32.912  -54.483  13.614 0.4000000060
24621  31.856  -52.769  13.427 0.3000000119
26312  32.763  -50.556  13.913 0.3000000119
135461  32.407  -51.617  13.430 0.3000000119
133294  33.355  -50.151  14.347 0.3000000119
130774  32.124  -51.088  13.596 0.3000000119
133548  32.535  -49.952  14.215 0.3000000119
26313  31.691  -50.250  14.089 0.3000000119
21211  54.495  -55.808  11.119 0.5000000000
22072  54.688  -55.290  13.278 0.5000000000
23794  34.102  -53.976  13.651 0.4000000060
25392  47.008  -51.138  16.208 0.6000000238
25394  44.739  -51.495  16.676 0.4000000060
26263  43.880  -50.587  16.995 0.6000000238
26278  48.036  -49.882  15.860 0.8000000119
26279  47.635  -49.904  16.395 0.6999999881
26318  48.658  -50.414  13.230 0.6999999881
27898  45.020  -48.969  17.081 0.8999999762
27918  50.775  -48.213  14.918 0.6999999881
27949  59.764  -48.014  12.655 0.3000000119
28686  46.480  -47.435  16.987 0.8000000119
28717  38.405  -47.408  15.428 0.6000000238
29449  62.490  -45.840  12.512 0.4000000060
29454  56.934  -47.127  13.007 0.4000000060
29458  60.841  -46.875  11.651 0.4000000060
30065  48.680  -45.794  17.295 0.8000000119
30127  44.711  -46.921  13.177 1.0000000000
30726  51.192  -43.868  17.159 0.6000000238
30741  54.375  -44.009  16.244 0.5000000000
30778  62.182  -44.555  13.551 0.3000000119
31488  65.845  -43.210  15.870 0.3000000119
31489  65.338  -42.998  15.455 0.3000000119
31532  52.194  -43.760  9.531 0.6000000238
31551  47.640  -43.126  8.994 1.0000000000
32340  66.237  -42.573  15.925 0.3000000119
32345  53.004  -42.110  16.468 0.6000000238
32359  66.234  -42.569  15.720 0.3000000119
32370  63.819  -42.842  14.749 0.3000000119
32404  52.231  -43.413  10.799 0.6999999881
32423  43.044  -42.919  10.661 1.0000000000
32425  51.815  -43.392  9.230 0.6000000238
32428  46.633  -43.223  8.726 1.0000000000
32430  49.151  -42.750  8.866 0.8000000119
33234  54.883  -41.304  16.429 0.5000000000
33266  59.693  -40.831  14.882 0.3000000119
33277  48.672  -41.709  13.542 0.8000000119
33303  39.722  -40.819  11.884 0.8999999762
33325  48.210  -41.161  8.640 0.8999999762
33326  47.522  -41.491  8.756 1.0000000000
34042  67.059  -41.525  15.806 0.3000000119
34061  67.602  -41.302  15.042 0.3000000119
34065  53.291  -40.308  15.502 0.6000000238
34084  52.453  -40.445  14.318 0.6999999881
34146  54.718  -42.271  8.020 0.4000000060
34934  57.804  -39.730  15.082 0.3000000119
34970  54.877  -39.473  13.738 0.5000000000
35026  55.854  -40.761  8.146 0.3000000119
35029  47.489  -39.421  9.170 0.8999999762
35813  56.216  -39.367  14.999 0.3000000119
35814  55.026  -39.247  15.031 0.5000000000
35847  55.138  -39.271  14.436 0.4000000060
36680  50.686  -37.743  11.744 0.5000000000
37430  53.477  -36.528  12.388 0.4000000060
37447  54.469  -36.305  11.741 0.4000000060
37460  49.838  -36.743  9.725 0.5000000000
37472  49.146  -36.585  8.260 0.6000000238
38195  50.381  -35.563  12.660 0.4000000060
38239  47.852  -35.251  8.513 0.6999999881
38245  48.731  -35.498  8.305 0.6999999881
39012  45.821  -33.878  8.790 0.6999999881
39774  45.268  -33.350  8.607 0.6000000238
39783  44.884  -32.842  8.705 0.6999999881
41263  42.743  -31.767  9.112 0.5000000000
42005  48.457  -29.975  12.639 0.3000000119
43941  46.810  -28.531  10.541 0.3000000119
43949  46.484  -28.694  9.795 0.3000000119
44938  49.970  -27.847  13.248 0.3000000119
47863  48.482  -23.766  10.785 0.4000000060
48831  48.208  -23.060  10.360 0.4000000060
49762  43.889  -22.145  5.863 0.3000000119
50635  48.423  -21.669  10.102 0.3000000119
50646  46.899  -21.599  9.393 0.3000000119
50659  44.846  -21.965  7.038 0.3000000119
51669  47.886  -20.211  9.624 0.3000000119
54687  49.693  -17.394  10.197 0.3000000119
121141  49.817  -52.720  11.136 0.5000000000
122928  59.846  -47.130  11.981 0.4000000060
123300  47.392  -39.890  8.936 0.8999999762
123591  47.134  -34.130  7.971 0.5000000000
123611  50.634  -50.298  12.439 0.6000000238
123646  54.484  -40.958  12.392 0.6000000238
127642  49.310  -25.614  12.159 0.3000000119
128337  47.591  -46.626  17.175 0.8000000119
131712  59.084  -43.733  14.494 0.4000000060
132803  49.799  -41.170  15.142 0.8000000119
136399  54.914  -56.068  11.218 0.5000000000
137058  47.118  -33.223  8.005 0.6000000238
137143  49.170  -34.568  12.343 0.3000000119
139074  53.728  -41.989  16.439 0.5000000000
139081  53.377  -48.428  12.678 0.5000000000
139837  55.577  -39.410  15.158 0.5000000000
140859  56.838  -49.302  13.402 0.3000000119
141230  47.815  -26.485  11.301 0.3000000119
141386  40.593  -43.410  13.496 0.8999999762
142201  46.258  -36.307  11.450 0.8000000119
142343  39.328  -35.692  12.408 0.6000000238
142367  46.043  -30.378  9.367 0.4000000060
142757  43.500  -34.228  10.230 0.8000000119
143806  56.070  -39.335  13.398 0.4000000060
144543  39.600  -46.805  15.416 0.6999999881
144981  54.477  -39.840  13.375 0.4000000060
