#!ascii label  , from subject sub-09 vox2ras=TkReg
1530
88782  -43.756  22.867  50.701 0.0000000000
82541  -55.147  13.877  47.714 0.0000000000
93063  -53.406  28.659  52.389 0.0000000000
86516  -53.315  20.678  55.720 0.0000000000
123304  -50.029  15.631  61.444 0.0000000000
87363  -51.277  20.404  44.554 0.0000000000
92408  -52.236  27.367  41.064 0.0000000000
95105  -44.226  30.865  37.865 0.0000000000
83325  -43.659  16.361  61.687 0.0000000000
88041  -48.421  21.244  53.238 0.0000000000
87288  -52.222  20.969  50.512 0.0000000000
125376  -47.477  22.302  48.268 0.0000000000
94332  -55.296  30.702  52.187 0.0000000000
91563  -56.332  26.946  45.949 0.0000000000
94372  -51.489  30.441  46.862 0.0000000000
140493  -46.582  29.003  42.924 0.0000000000
126436  -49.973  32.423  41.135 0.0000000000
138992  -57.840  15.511  42.716 0.0000000000
91514  -42.702  26.201  52.839 0.0000000000
92305  -47.189  27.991  50.038 0.0000000000
81547  -54.175  13.362  57.452 0.0000000000
85005  -51.903  17.049  58.576 0.0000000000
85784  -46.099  18.880  55.760 0.0000000000
83390  -44.478  15.446  57.758 0.0000000000
87326  -57.416  20.552  47.036 0.0000000000
88162  -56.621  21.118  40.216 0.0000000000
90821  -50.389  26.035  46.114 0.0000000000
90223  -51.892  24.347  40.494 0.0000000000
88900  -53.484  23.911  35.491 0.0000000000
90230  -48.533  24.790  38.875 0.0000000000
92416  -45.479  27.206  40.130 0.0000000000
88052  -46.016  21.230  52.091 0.0000000000
119705  -48.165  21.707  50.336 0.0000000000
88790  -46.363  22.688  49.656 0.0000000000
130911  -55.091  33.824  50.422 0.0000000000
94348  -55.184  30.624  48.777 0.0000000000
96494  -53.473  33.275  47.337 0.0000000000
122053  -49.941  32.504  45.080 0.0000000000
82565  -57.716  14.329  45.409 0.0000000000
135285  -43.668  25.885  55.291 0.0000000000
92272  -46.005  26.752  54.439 0.0000000000
121086  -50.643  15.716  59.559 0.0000000000
85030  -49.224  17.649  56.626 0.0000000000
83393  -48.150  15.576  57.618 0.0000000000
83360  -43.579  15.326  59.239 0.0000000000
87236  -40.989  20.079  56.048 0.0000000000
88770  -40.272  22.012  53.531 0.0000000000
88014  -38.972  21.174  55.664 0.0000000000
86523  -53.312  19.821  53.318 0.0000000000
118867  -52.074  20.328  47.297 0.0000000000
88104  -55.422  21.178  48.838 0.0000000000
86571  -54.403  19.830  46.120 0.0000000000
87380  -57.097  21.034  43.423 0.0000000000
87391  -54.015  20.097  42.417 0.0000000000
93071  -50.527  28.613  51.447 0.0000000000
92327  -48.784  27.457  48.113 0.0000000000
92313  -52.004  27.753  49.137 0.0000000000
92385  -55.031  27.295  42.625 0.0000000000
90847  -54.415  26.434  42.880 0.0000000000
91616  -53.871  26.953  40.019 0.0000000000
90239  -54.433  25.650  37.321 0.0000000000
91641  -53.156  26.546  37.355 0.0000000000
90244  -50.156  24.470  36.223 0.0000000000
92434  -50.236  27.029  39.186 0.0000000000
95088  -44.679  30.857  41.065 0.0000000000
131078  -46.083  28.151  39.646 0.0000000000
93203  -43.702  28.351  38.427 0.0000000000
93172  -43.370  28.075  40.508 0.0000000000
93822  -42.523  28.744  37.684 0.0000000000
88029  -50.923  21.153  54.642 0.0000000000
88058  -53.297  21.671  53.222 0.0000000000
88068  -50.037  21.508  51.744 0.0000000000
87293  -50.001  20.758  49.155 0.0000000000
88129  -49.147  21.437  46.110 0.0000000000
93066  -56.087  27.789  53.176 0.0000000000
92316  -55.736  27.016  49.381 0.0000000000
93729  -56.990  28.218  49.508 0.0000000000
93121  -54.660  28.542  46.162 0.0000000000
93145  -51.690  28.069  44.652 0.0000000000
92395  -49.745  27.607  42.410 0.0000000000
93770  -48.989  29.654  45.384 0.0000000000
95771  -46.615  32.053  43.250 0.0000000000
95820  -46.862  32.197  39.542 0.0000000000
135481  -55.525  17.447  41.327 0.0000000000
90789  -42.882  25.050  50.904 0.0000000000
90794  -44.373  25.380  49.476 0.0000000000
92297  -44.939  27.362  51.478 0.0000000000
93057  -48.027  27.934  52.877 0.0000000000
93044  -51.752  27.964  54.505 0.0000000000
92243  -51.956  26.447  58.358 0.0000000000
92268  -55.190  27.533  56.679 0.0000000000
84235  -51.598  16.029  56.851 0.0000000000
81544  -52.116  14.108  58.261 0.0000000000
85782  -52.372  18.490  57.420 0.0000000000
86513  -49.397  20.010  55.991 0.0000000000
87263  -47.428  20.406  54.453 0.0000000000
84161  -49.586  17.301  62.262 0.0000000000
84976  -46.173  17.445  62.215 0.0000000000
84195  -46.492  16.231  60.807 0.0000000000
82435  -47.409  15.074  58.838 0.0000000000
84231  -45.912  16.766  56.593 0.0000000000
88049  -42.640  21.554  52.514 0.0000000000
84290  -53.480  16.171  48.464 0.0000000000
88072  -55.589  21.358  51.986 0.0000000000
85823  -56.162  19.480  49.311 0.0000000000
85080  -56.273  17.244  46.373 0.0000000000
129187  -57.548  18.123  44.180 0.0000000000
85880  -57.638  18.847  41.536 0.0000000000
86648  -55.906  19.008  38.656 0.0000000000
90804  -46.587  25.509  48.034 0.0000000000
90177  -48.485  24.789  46.300 0.0000000000
89527  -49.694  23.499  44.359 0.0000000000
91570  -53.401  26.282  45.801 0.0000000000
90200  -51.463  24.776  43.537 0.0000000000
88152  -50.760  22.345  42.042 0.0000000000
88169  -53.874  21.855  39.102 0.0000000000
88886  -56.474  22.607  36.864 0.0000000000
87430  -53.490  20.206  37.425 0.0000000000
92419  -48.096  27.337  40.142 0.0000000000
91614  -46.857  26.534  39.927 0.0000000000
90205  -45.395  24.506  42.469 0.0000000000
91589  -44.234  26.078  42.974 0.0000000000
92379  -42.716  27.607  43.590 0.0000000000
88063  -45.513  21.575  51.296 0.0000000000
88076  -46.050  21.906  50.743 0.0000000000
125600  -45.097  22.488  50.109 0.0000000000
96490  -55.142  33.609  48.521 0.0000000000
119472  -52.921  33.253  45.948 0.0000000000
82554  -56.812  13.820  46.403 0.0000000000
83350  -50.482  15.430  60.719 0.0000000000
83394  -49.012  15.645  58.143 0.0000000000
83382  -48.927  15.271  58.754 0.0000000000
121707  -40.782  18.838  56.686 0.0000000000
87240  -39.678  20.746  55.688 0.0000000000
85789  -52.046  18.522  55.102 0.0000000000
128352  -53.777  20.549  54.457 0.0000000000
119477  -51.140  20.206  45.963 0.0000000000
87336  -53.016  20.252  47.036 0.0000000000
87364  -52.228  20.022  44.634 0.0000000000
86607  -53.666  19.726  43.897 0.0000000000
129607  -52.394  20.295  43.184 0.0000000000
93072  -51.409  28.697  51.705 0.0000000000
93093  -51.338  28.354  49.865 0.0000000000
93083  -52.941  28.438  50.439 0.0000000000
92397  -54.069  27.457  41.712 0.0000000000
92410  -54.491  27.191  41.262 0.0000000000
92424  -54.032  27.116  40.484 0.0000000000
91635  -53.733  26.772  38.327 0.0000000000
92436  -52.734  27.272  39.543 0.0000000000
91624  -50.931  26.808  38.417 0.0000000000
92435  -51.427  27.151  39.367 0.0000000000
95098  -44.547  31.142  39.192 0.0000000000
93814  -44.024  29.814  39.385 0.0000000000
94424  -43.702  29.535  38.385 0.0000000000
129087  -42.949  28.473  37.762 0.0000000000
94432  -43.248  29.101  37.226 0.0000000000
88027  -49.259  21.275  53.733 0.0000000000
88056  -50.251  21.580  52.578 0.0000000000
88055  -49.303  21.583  52.091 0.0000000000
88089  -47.682  21.888  48.970 0.0000000000
139280  -48.815  21.407  50.230 0.0000000000
88102  -48.410  21.423  48.669 0.0000000000
87318  -49.724  20.791  47.443 0.0000000000
88114  -48.387  21.731  47.261 0.0000000000
94333  -55.698  29.806  52.686 0.0000000000
130688  -57.038  28.290  51.130 0.0000000000
122150  -56.378  30.212  50.979 0.0000000000
94346  -53.182  31.235  48.342 0.0000000000
94362  -54.707  30.055  48.275 0.0000000000
93761  -52.867  29.303  46.522 0.0000000000
93133  -53.181  28.533  45.698 0.0000000000
138277  -51.336  29.330  46.127 0.0000000000
93131  -50.380  28.977  45.288 0.0000000000
93758  -50.193  30.104  46.251 0.0000000000
120636  -50.004  33.031  42.848 0.0000000000
95761  -48.437  32.229  44.437 0.0000000000
127340  -48.649  32.640  42.123 0.0000000000
130109  -46.967  32.428  40.968 0.0000000000
120598  -48.346  32.316  40.123 0.0000000000
84347  -56.815  16.081  42.370 0.0000000000
90786  -42.499  25.466  51.545 0.0000000000
91522  -43.735  26.271  50.675 0.0000000000
91516  -44.337  27.092  52.145 0.0000000000
92274  -47.751  27.199  54.693 0.0000000000
92286  -47.348  27.492  53.583 0.0000000000
92287  -48.586  27.455  54.751 0.0000000000
93049  -49.439  27.990  53.698 0.0000000000
131380  -50.364  27.262  55.013 0.0000000000
93694  -51.708  29.420  56.952 0.0000000000
92257  -53.693  26.710  58.213 0.0000000000
93019  -54.889  28.267  58.550 0.0000000000
93710  -55.821  29.231  56.492 0.0000000000
94290  -56.322  30.830  58.104 0.0000000000
81552  -51.159  13.918  56.503 0.0000000000
119009  -51.882  13.751  57.245 0.0000000000
81531  -53.012  13.926  58.955 0.0000000000
83384  -51.974  15.821  59.061 0.0000000000
83396  -52.059  15.934  58.384 0.0000000000
85770  -52.404  18.073  58.004 0.0000000000
86502  -51.332  19.425  56.832 0.0000000000
85780  -50.930  18.805  57.154 0.0000000000
136287  -47.530  18.314  56.112 0.0000000000
85786  -47.967  19.041  55.838 0.0000000000
86510  -46.378  19.521  55.381 0.0000000000
84974  -44.817  16.831  62.206 0.0000000000
142989  -45.300  15.719  60.250 0.0000000000
83362  -45.248  15.347  59.535 0.0000000000
83347  -47.040  15.606  60.073 0.0000000000
123457  -46.010  15.271  58.203 0.0000000000
83392  -46.220  15.614  57.437 0.0000000000
83402  -44.797  15.908  57.102 0.0000000000
88779  -42.278  22.215  52.220 0.0000000000
88036  -41.523  21.729  53.064 0.0000000000
126134  -52.950  15.878  49.162 0.0000000000
125134  -52.512  21.596  51.964 0.0000000000
88059  -54.822  21.365  53.203 0.0000000000
118640  -53.948  21.575  51.450 0.0000000000
88116  -57.082  21.032  48.002 0.0000000000
88094  -57.453  21.267  49.828 0.0000000000
86552  -57.645  20.641  48.979 0.0000000000
85833  -55.705  18.660  47.903 0.0000000000
85834  -57.335  19.086  47.282 0.0000000000
85093  -57.049  17.345  45.984 0.0000000000
85850  -57.485  19.089  45.614 0.0000000000
87393  -56.725  21.060  42.130 0.0000000000
87395  -57.288  20.822  42.979 0.0000000000
87415  -57.169  20.711  40.963 0.0000000000
85907  -57.255  19.232  40.043 0.0000000000
87423  -57.012  21.154  39.337 0.0000000000
92308  -45.954  27.229  49.564 0.0000000000
90803  -45.760  25.357  48.499 0.0000000000
91529  -46.360  26.912  48.829 0.0000000000
91546  -49.706  26.639  47.231 0.0000000000
90812  -48.460  25.802  47.101 0.0000000000
90178  -49.079  25.172  45.872 0.0000000000
90184  -48.865  24.410  45.707 0.0000000000
90186  -50.317  24.948  44.993 0.0000000000
91538  -56.066  26.911  47.948 0.0000000000
92345  -54.433  26.950  47.653 0.0000000000
91571  -55.463  26.531  45.665 0.0000000000
90852  -53.375  25.858  41.454 0.0000000000
90846  -53.406  25.886  43.134 0.0000000000
90208  -52.085  24.976  41.852 0.0000000000
89543  -51.147  23.955  42.154 0.0000000000
89561  -51.497  23.441  40.560 0.0000000000
88159  -52.332  21.664  40.340 0.0000000000
88863  -51.994  23.160  39.699 0.0000000000
90246  -54.950  25.067  35.919 0.0000000000
88884  -55.439  23.957  37.103 0.0000000000
88893  -55.258  23.148  35.785 0.0000000000
88189  -55.132  21.373  36.574 0.0000000000
88200  -53.303  22.160  36.200 0.0000000000
87438  -51.750  20.987  37.166 0.0000000000
131918  -51.625  22.810  35.625 0.0000000000
90237  -49.411  24.720  37.545 0.0000000000
89578  -49.472  23.306  36.783 0.0000000000
93166  -48.187  27.994  42.599 0.0000000000
92405  -48.542  27.546  41.104 0.0000000000
135768  -47.567  27.716  40.840 0.0000000000
92430  -45.629  27.676  39.456 0.0000000000
91619  -46.417  27.465  39.640 0.0000000000
91613  -46.231  26.948  39.799 0.0000000000
138058  -46.538  25.484  41.280 0.0000000000
91598  -45.379  26.152  41.733 0.0000000000
121391  -44.879  25.512  42.607 0.0000000000
91597  -44.715  26.627  42.024 0.0000000000
93182  -42.727  28.457  39.890 0.0000000000
93163  -43.270  28.149  41.751 0.0000000000
93170  -41.975  29.057  41.645 0.0000000000
93152  -41.540  28.541  43.438 0.0000000000
88039  -47.040  21.163  52.611 0.0000000000
88066  -48.532  21.592  51.637 0.0000000000
88077  -46.876  21.820  50.913 0.0000000000
88791  -47.143  22.303  49.690 0.0000000000
88797  -46.907  22.701  48.888 0.0000000000
95029  -55.929  31.526  50.244 0.0000000000
95725  -55.661  32.311  49.811 0.0000000000
95728  -54.393  32.701  48.576 0.0000000000
95735  -52.453  32.229  47.603 0.0000000000
95053  -50.561  31.434  46.651 0.0000000000
95755  -52.145  32.733  46.291 0.0000000000
119651  -51.460  32.835  44.111 0.0000000000
83508  -58.150  14.686  44.251 0.0000000000
91501  -43.090  26.378  54.348 0.0000000000
91510  -44.263  26.905  53.157 0.0000000000
91493  -44.415  26.131  54.975 0.0000000000
84210  -51.224  16.359  59.061 0.0000000000
85031  -50.568  17.935  57.433 0.0000000000
84220  -50.118  16.403  58.189 0.0000000000
84233  -48.610  16.804  56.713 0.0000000000
85028  -47.117  17.580  56.371 0.0000000000
83344  -43.323  15.933  60.766 0.0000000000
83389  -42.790  15.628  57.792 0.0000000000
87242  -41.423  20.322  55.420 0.0000000000
134456  -40.467  21.273  54.078 0.0000000000
88019  -40.033  21.007  54.813 0.0000000000
88018  -39.280  21.418  55.061 0.0000000000
142125  -52.154  20.583  49.248 0.0000000000
87296  -53.712  21.105  49.907 0.0000000000
87309  -53.551  20.588  48.501 0.0000000000
87323  -54.821  20.529  47.505 0.0000000000
87339  -56.342  20.694  46.485 0.0000000000
87354  -56.960  20.594  45.241 0.0000000000
86597  -55.685  20.380  44.290 0.0000000000
86618  -54.936  20.149  42.615 0.0000000000
87392  -55.030  20.249  41.731 0.0000000000
93079  -48.589  28.383  50.278 0.0000000000
92311  -48.196  27.675  48.727 0.0000000000
93091  -49.325  28.387  49.468 0.0000000000
92329  -50.644  27.585  48.261 0.0000000000
134620  -51.405  26.754  47.052 0.0000000000
92372  -55.515  27.344  44.177 0.0000000000
91581  -55.524  26.835  43.974 0.0000000000
91600  -55.208  27.084  42.334 0.0000000000
90853  -54.554  26.678  41.516 0.0000000000
90867  -53.464  25.716  39.759 0.0000000000
90231  -53.160  24.860  39.171 0.0000000000
90232  -54.037  25.946  38.296 0.0000000000
90885  -54.035  26.545  37.496 0.0000000000
90902  -53.818  26.035  35.808 0.0000000000
89588  -51.145  23.918  35.287 0.0000000000
90893  -51.661  25.586  36.358 0.0000000000
90884  -50.383  25.710  37.174 0.0000000000
90876  -49.192  26.196  38.489 0.0000000000
119646  -45.209  29.911  41.748 0.0000000000
93174  -46.271  28.483  40.682 0.0000000000
93804  -45.004  29.416  40.784 0.0000000000
93184  -44.708  28.438  39.129 0.0000000000
92429  -44.683  27.919  38.937 0.0000000000
92403  -44.069  27.765  39.983 0.0000000000
93192  -43.360  28.199  38.552 0.0000000000
93191  -42.720  28.292  38.802 0.0000000000
93813  -41.628  28.988  38.911 0.0000000000
88020  -52.007  21.280  55.111 0.0000000000
88031  -53.624  21.341  54.825 0.0000000000
121074  -51.569  21.434  54.129 0.0000000000
88057  -51.369  21.618  52.641 0.0000000000
88081  -51.821  21.270  51.276 0.0000000000
88067  -49.279  21.511  51.348 0.0000000000
88092  -50.131  21.093  50.553 0.0000000000
124481  -50.881  20.613  49.437 0.0000000000
87306  -50.606  20.554  48.550 0.0000000000
124890  -50.460  20.499  47.112 0.0000000000
87361  -49.814  20.980  44.859 0.0000000000
120483  -55.750  27.435  52.460 0.0000000000
93074  -54.601  28.346  51.123 0.0000000000
93086  -56.332  27.175  51.038 0.0000000000
92317  -56.534  26.992  49.571 0.0000000000
93116  -56.708  27.573  48.015 0.0000000000
94349  -55.866  30.005  49.009 0.0000000000
93750  -55.502  29.241  47.731 0.0000000000
93136  -55.953  27.927  45.616 0.0000000000
93147  -54.772  27.720  44.418 0.0000000000
134408  -52.982  27.689  44.224 0.0000000000
92384  -51.710  27.551  42.712 0.0000000000
135738  -50.422  27.463  41.906 0.0000000000
93157  -50.205  28.082  43.886 0.0000000000
93156  -49.311  28.335  43.912 0.0000000000
93142  -47.789  29.087  44.250 0.0000000000
95052  -49.277  31.659  45.850 0.0000000000
94391  -47.359  30.752  44.717 0.0000000000
94397  -46.400  30.660  43.691 0.0000000000
95082  -45.637  31.355  42.362 0.0000000000
95809  -45.681  31.957  40.668 0.0000000000
95106  -45.062  31.597  38.531 0.0000000000
89482  -43.402  23.629  50.586 0.0000000000
90152  -43.994  24.089  50.004 0.0000000000
90790  -43.458  25.472  50.465 0.0000000000
91523  -44.447  26.551  50.228 0.0000000000
118840  -46.184  27.916  51.023 0.0000000000
92283  -44.961  27.245  52.906 0.0000000000
92299  -46.478  27.820  51.946 0.0000000000
140309  -47.736  28.197  51.488 0.0000000000
93070  -48.969  28.376  51.656 0.0000000000
93060  -50.649  28.519  52.410 0.0000000000
93052  -52.515  28.316  53.781 0.0000000000
121752  -50.958  26.264  57.216 0.0000000000
92266  -52.337  26.581  57.005 0.0000000000
92279  -53.181  27.424  56.041 0.0000000000
93054  -54.766  28.175  54.148 0.0000000000
92281  -55.659  28.153  54.769 0.0000000000
93716  -56.052  28.976  54.696 0.0000000000
94321  -55.189  30.712  54.517 0.0000000000
133345  -50.780  15.696  55.840 0.0000000000
85038  -52.312  17.471  56.396 0.0000000000
81540  -54.409  13.552  58.741 0.0000000000
81545  -52.509  13.583  57.785 0.0000000000
136468  -51.713  15.070  57.802 0.0000000000
85032  -52.394  17.076  57.262 0.0000000000
86504  -52.536  19.438  56.549 0.0000000000
87251  -51.515  20.335  56.099 0.0000000000
87265  -50.251  20.880  55.108 0.0000000000
127355  -49.274  20.811  54.640 0.0000000000
86500  -48.979  19.288  56.151 0.0000000000
87249  -48.814  20.301  55.303 0.0000000000
87274  -47.881  20.820  53.832 0.0000000000
121701  -46.984  20.680  53.616 0.0000000000
85728  -47.621  18.523  62.676 0.0000000000
84193  -44.885  16.116  60.838 0.0000000000
84181  -45.965  16.789  61.543 0.0000000000
84977  -47.557  17.505  61.844 0.0000000000
84183  -47.786  16.846  61.345 0.0000000000
84197  -48.086  16.123  60.643 0.0000000000
130583  -49.144  15.374  60.076 0.0000000000
83381  -47.514  15.199  58.164 0.0000000000
142779  -47.179  16.247  56.798 0.0000000000
132301  -45.792  18.257  56.075 0.0000000000
88061  -43.066  21.934  51.865 0.0000000000
130851  -42.606  22.798  51.657 0.0000000000
89478  -42.055  23.655  51.699 0.0000000000
90785  -41.775  25.156  51.828 0.0000000000
91513  -41.964  25.944  52.997 0.0000000000
81636  -52.848  13.828  49.705 0.0000000000
83471  -53.500  15.126  48.764 0.0000000000
82546  -54.805  14.978  47.425 0.0000000000
87275  -54.567  21.174  54.251 0.0000000000
86525  -55.018  20.827  52.922 0.0000000000
88084  -55.496  21.602  50.927 0.0000000000
87290  -56.969  21.030  51.119 0.0000000000
86538  -54.299  19.346  50.022 0.0000000000
85832  -54.874  18.342  48.061 0.0000000000
140599  -54.747  17.078  47.585 0.0000000000
83486  -55.493  15.301  46.841 0.0000000000
83492  -56.841  15.716  45.944 0.0000000000
84328  -57.839  16.354  44.940 0.0000000000
84342  -58.294  16.138  43.244 0.0000000000
86598  -57.454  20.080  44.318 0.0000000000
130805  -57.644  18.080  43.132 0.0000000000
84357  -57.563  16.926  42.176 0.0000000000
85165  -56.887  17.639  40.612 0.0000000000
85893  -55.580  18.110  39.953 0.0000000000
85904  -55.163  18.619  39.200 0.0000000000
90156  -45.248  24.322  49.223 0.0000000000
89495  -45.928  24.015  48.968 0.0000000000
89504  -46.723  23.972  47.876 0.0000000000
91536  -47.654  26.737  47.876 0.0000000000
90172  -47.442  24.861  47.170 0.0000000000
88811  -47.623  23.102  46.955 0.0000000000
126647  -48.099  23.137  46.239 0.0000000000
88819  -49.224  22.279  45.005 0.0000000000
88139  -49.788  21.893  43.827 0.0000000000
92332  -53.886  27.428  48.494 0.0000000000
92344  -53.369  27.170  47.832 0.0000000000
91569  -52.342  26.305  45.934 0.0000000000
91580  -54.512  26.393  44.431 0.0000000000
90831  -52.248  25.740  44.750 0.0000000000
90837  -51.260  25.323  44.836 0.0000000000
89528  -50.122  23.750  43.664 0.0000000000
88831  -50.151  22.730  42.714 0.0000000000
88148  -51.269  21.215  42.917 0.0000000000
87389  -51.768  21.142  42.034 0.0000000000
127674  -54.899  21.484  39.127 0.0000000000
88873  -53.427  23.536  38.551 0.0000000000
88875  -55.799  22.938  37.566 0.0000000000
88180  -56.676  21.903  38.144 0.0000000000
87442  -56.479  21.459  37.321 0.0000000000
86668  -55.055  19.821  37.318 0.0000000000
88197  -50.289  22.614  36.286 0.0000000000
122325  -49.922  27.297  40.535 0.0000000000
131013  -49.242  26.822  39.109 0.0000000000
91622  -48.301  26.559  39.249 0.0000000000
93175  -46.784  27.960  40.093 0.0000000000
91621  -47.475  26.797  39.523 0.0000000000
90866  -48.154  25.516  39.275 0.0000000000
90858  -47.488  24.947  40.813 0.0000000000
89550  -46.415  23.762  41.464 0.0000000000
89549  -45.404  23.431  41.855 0.0000000000
92392  -44.270  27.289  41.883 0.0000000000
92380  -43.413  27.261  43.197 0.0000000000
95114  -44.777  30.872  35.802 0.0000000000
94437  -43.329  29.945  35.728 0.0000000000
94436  -42.353  30.118  36.646 0.0000000000
94430  -41.421  30.833  37.887 0.0000000000
94418  -41.206  29.879  39.031 0.0000000000
88062  -44.607  21.751  51.208 0.0000000000
88075  -45.230  22.028  50.616 0.0000000000
88783  -44.454  22.453  50.538 0.0000000000
127726  -55.989  13.678  47.003 0.0000000000
83328  -50.758  15.437  61.366 0.0000000000
124484  -51.460  15.302  61.622 0.0000000000
83366  -49.916  15.385  59.972 0.0000000000
85773  -40.151  18.976  56.916 0.0000000000
85790  -52.733  19.265  55.891 0.0000000000
86519  -53.182  19.846  55.226 0.0000000000
86520  -53.560  20.701  55.404 0.0000000000
87350  -51.016  20.414  45.275 0.0000000000
87351  -51.781  20.163  45.377 0.0000000000
87376  -52.700  19.827  43.844 0.0000000000
131206  -51.869  20.182  43.833 0.0000000000
93062  -52.367  28.793  51.986 0.0000000000
121947  -52.202  28.699  51.097 0.0000000000
93073  -53.435  28.664  51.330 0.0000000000
92396  -52.673  27.373  41.845 0.0000000000
92409  -53.626  27.329  41.025 0.0000000000
92423  -53.109  27.298  40.317 0.0000000000
92422  -51.813  27.313  40.240 0.0000000000
94433  -43.808  30.288  38.191 0.0000000000
94425  -44.190  30.439  39.365 0.0000000000
95104  -43.429  29.854  36.826 0.0000000000
121801  -49.290  21.489  52.893 0.0000000000
88054  -48.527  21.497  52.401 0.0000000000
88101  -48.032  21.709  48.091 0.0000000000
88806  -47.744  22.338  47.498 0.0000000000
94336  -56.043  29.978  51.731 0.0000000000
94360  -52.763  30.627  47.758 0.0000000000
93748  -53.217  29.776  47.410 0.0000000000
94373  -52.315  30.141  47.106 0.0000000000
93760  -51.819  29.689  46.550 0.0000000000
93771  -50.642  29.414  45.938 0.0000000000
94371  -50.684  30.661  46.645 0.0000000000
95800  -49.535  32.743  42.061 0.0000000000
95786  -48.976  32.711  43.022 0.0000000000
135171  -49.120  32.555  41.391 0.0000000000
95799  -48.449  32.529  41.457 0.0000000000
140680  -49.325  32.387  40.869 0.0000000000
82581  -57.260  14.712  43.578 0.0000000000
84341  -56.449  15.735  42.841 0.0000000000
83512  -57.237  15.401  42.803 0.0000000000
91518  -42.900  26.147  51.996 0.0000000000
91515  -43.500  26.615  52.680 0.0000000000
92261  -48.232  26.697  55.856 0.0000000000
92275  -49.220  26.988  55.507 0.0000000000
92288  -49.328  27.582  54.505 0.0000000000
122252  -50.041  26.784  55.692 0.0000000000
124645  -55.013  29.977  58.370 0.0000000000
93686  -55.607  29.953  57.970 0.0000000000
81555  -53.760  13.402  56.629 0.0000000000
120340  -52.441  13.443  56.974 0.0000000000
84222  -52.083  16.901  58.472 0.0000000000
85017  -51.809  17.668  58.285 0.0000000000
85769  -51.687  18.270  57.754 0.0000000000
85785  -46.992  18.932  55.714 0.0000000000
141376  -46.238  19.967  54.983 0.0000000000
83379  -45.074  15.203  58.573 0.0000000000
119585  -45.990  15.115  59.040 0.0000000000
83391  -45.365  15.526  57.639 0.0000000000
137140  -42.086  20.966  54.031 0.0000000000
139323  -41.620  21.304  53.573 0.0000000000
85063  -53.082  17.871  49.298 0.0000000000
88082  -52.831  21.477  51.297 0.0000000000
87289  -53.229  21.261  50.558 0.0000000000
87325  -57.071  20.864  47.157 0.0000000000
88117  -57.660  20.944  48.650 0.0000000000
86560  -57.537  20.459  47.891 0.0000000000
86559  -57.487  19.918  48.110 0.0000000000
85835  -57.583  19.807  47.335 0.0000000000
85843  -57.545  19.211  46.520 0.0000000000
86572  -57.649  20.069  46.834 0.0000000000
87403  -56.632  20.972  41.289 0.0000000000
87404  -57.037  21.068  41.715 0.0000000000
120689  -56.825  20.935  40.845 0.0000000000
86650  -57.157  20.358  39.971 0.0000000000
88171  -56.835  21.308  39.416 0.0000000000
92309  -46.806  27.492  49.427 0.0000000000
91556  -50.032  26.381  46.682 0.0000000000
90820  -49.541  25.772  46.298 0.0000000000
90828  -49.869  25.372  45.655 0.0000000000
91552  -56.309  26.937  46.454 0.0000000000
91551  -56.105  26.828  46.997 0.0000000000
91562  -56.114  26.764  46.149 0.0000000000
90215  -52.319  25.083  40.937 0.0000000000
90214  -51.573  24.222  41.248 0.0000000000
89568  -52.100  24.030  39.749 0.0000000000
89595  -54.007  24.872  35.242 0.0000000000
89590  -55.133  24.118  35.969 0.0000000000
89589  -54.535  24.111  35.694 0.0000000000
88892  -54.023  23.106  35.876 0.0000000000
88891  -52.626  23.004  35.583 0.0000000000
88199  -52.065  22.215  36.126 0.0000000000
90236  -48.914  24.440  38.105 0.0000000000
89572  -49.070  23.855  37.401 0.0000000000
135851  -47.598  28.399  42.914 0.0000000000
93165  -47.317  28.021  42.067 0.0000000000
91606  -45.804  26.545  40.759 0.0000000000
91605  -45.255  26.823  41.103 0.0000000000
93181  -42.027  28.975  40.496 0.0000000000
93171  -42.678  28.568  41.108 0.0000000000
88064  -46.946  21.496  51.680 0.0000000000
126395  -46.281  21.585  51.337 0.0000000000
88784  -45.803  22.378  50.150 0.0000000000
88785  -46.637  22.240  50.261 0.0000000000
89487  -46.165  23.267  49.235 0.0000000000
95723  -55.638  32.264  50.211 0.0000000000
96485  -55.537  33.151  49.968 0.0000000000
96489  -54.309  33.419  47.935 0.0000000000
95727  -53.274  32.666  48.081 0.0000000000
95031  -52.908  31.950  48.262 0.0000000000
96493  -52.750  32.867  47.412 0.0000000000
95744  -52.234  32.568  46.991 0.0000000000
96503  -52.795  33.141  46.797 0.0000000000
96517  -53.166  33.231  44.947 0.0000000000
135104  -52.301  32.884  44.475 0.0000000000
135125  -51.437  32.866  43.314 0.0000000000
81659  -56.676  13.025  46.082 0.0000000000
81670  -57.162  13.273  45.326 0.0000000000
81672  -57.917  14.198  44.971 0.0000000000
143454  -43.807  26.357  54.450 0.0000000000
83367  -51.886  15.323  60.258 0.0000000000
84219  -48.918  16.176  57.361 0.0000000000
84218  -47.956  16.130  56.958 0.0000000000
132873  -47.608  16.828  56.580 0.0000000000
127441  -41.568  18.670  56.547 0.0000000000
86496  -41.273  19.390  56.323 0.0000000000
86506  -41.790  19.800  55.915 0.0000000000
87256  -40.910  20.746  54.739 0.0000000000
87241  -40.558  20.522  55.505 0.0000000000
119436  -52.048  20.437  48.090 0.0000000000
87308  -52.601  20.532  48.769 0.0000000000
87321  -52.837  20.383  47.891 0.0000000000
86570  -53.346  19.873  46.230 0.0000000000
87337  -54.076  20.161  46.896 0.0000000000
87338  -55.177  20.321  46.719 0.0000000000
87352  -55.436  20.158  45.914 0.0000000000
86585  -55.655  20.239  45.101 0.0000000000
86584  -54.719  19.775  45.345 0.0000000000
87377  -53.286  19.981  43.140 0.0000000000
86608  -54.329  19.938  43.225 0.0000000000
93080  -49.565  28.531  50.293 0.0000000000
92312  -51.003  28.001  48.977 0.0000000000
92330  -51.630  27.521  48.386 0.0000000000
92342  -51.295  27.164  47.620 0.0000000000
92371  -54.999  27.425  43.533 0.0000000000
92386  -55.351  27.090  43.157 0.0000000000
133011  -54.338  26.991  40.890 0.0000000000
91608  -54.919  27.089  41.680 0.0000000000
133940  -53.929  26.461  40.931 0.0000000000
90860  -53.767  26.565  40.263 0.0000000000
90877  -53.698  25.982  39.028 0.0000000000
90868  -53.744  26.613  39.457 0.0000000000
91634  -53.329  26.877  38.189 0.0000000000
90895  -53.943  26.567  36.711 0.0000000000
90894  -52.933  26.095  36.505 0.0000000000
90901  -52.482  25.321  35.893 0.0000000000
91640  -51.938  26.172  37.063 0.0000000000
91632  -50.967  26.324  37.474 0.0000000000
91631  -50.065  26.349  37.877 0.0000000000
90883  -49.687  25.594  37.687 0.0000000000
91623  -49.867  26.699  38.577 0.0000000000
94413  -45.057  30.690  41.762 0.0000000000
94412  -44.615  30.138  41.055 0.0000000000
93815  -44.066  28.750  38.648 0.0000000000
93193  -44.374  28.124  38.754 0.0000000000
92414  -44.032  27.843  38.967 0.0000000000
92428  -43.884  28.121  38.582 0.0000000000
93201  -42.822  28.364  38.102 0.0000000000
93200  -42.221  28.579  38.411 0.0000000000
136170  -50.793  21.515  52.050 0.0000000000
88069  -51.598  21.504  51.983 0.0000000000
88080  -50.759  21.299  51.321 0.0000000000
136576  -47.768  21.708  51.128 0.0000000000
88078  -48.657  21.568  50.871 0.0000000000
88091  -49.441  21.089  49.841 0.0000000000
136203  -50.294  20.784  49.908 0.0000000000
88123  -49.123  21.293  46.973 0.0000000000
87333  -49.781  20.761  46.454 0.0000000000
87334  -50.559  20.411  46.384 0.0000000000
87348  -49.589  20.985  45.633 0.0000000000
92295  -55.961  27.466  52.755 0.0000000000
140670  -56.115  27.305  52.286 0.0000000000
92300  -56.289  27.476  52.220 0.0000000000
93727  -57.125  27.996  50.444 0.0000000000
93098  -56.664  27.214  50.412 0.0000000000
137400  -56.992  27.398  49.831 0.0000000000
92318  -56.908  27.462  49.041 0.0000000000
93738  -56.772  28.286  48.609 0.0000000000
95030  -55.908  31.309  49.825 0.0000000000
94341  -56.157  30.266  49.608 0.0000000000
95034  -55.564  30.994  49.373 0.0000000000
93749  -54.238  29.529  47.617 0.0000000000
93763  -54.924  28.828  46.975 0.0000000000
135562  -55.915  28.461  46.999 0.0000000000
118644  -55.584  28.321  46.242 0.0000000000
93135  -55.464  28.084  45.431 0.0000000000
93134  -54.416  28.157  45.359 0.0000000000
121694  -52.434  28.250  45.198 0.0000000000
143818  -51.987  27.651  43.650 0.0000000000
92383  -50.865  27.758  43.426 0.0000000000
92369  -50.899  28.020  44.213 0.0000000000
93130  -49.692  29.161  45.117 0.0000000000
93143  -49.169  28.977  44.677 0.0000000000
118595  -48.535  28.784  44.289 0.0000000000
93780  -48.369  29.388  44.795 0.0000000000
95741  -49.908  32.223  45.834 0.0000000000
139792  -49.979  31.773  46.298 0.0000000000
95752  -49.387  32.200  45.356 0.0000000000
95772  -47.394  32.278  43.459 0.0000000000
95069  -48.035  31.671  44.873 0.0000000000
95077  -47.012  31.753  43.902 0.0000000000
95067  -46.806  31.054  44.206 0.0000000000
95076  -46.435  31.388  43.566 0.0000000000
94396  -45.982  31.025  43.101 0.0000000000
95783  -46.265  32.092  42.385 0.0000000000
95810  -46.482  32.269  40.440 0.0000000000
95797  -46.200  32.200  41.348 0.0000000000
95819  -45.872  32.076  39.856 0.0000000000
125113  -45.258  31.783  39.370 0.0000000000
95835  -45.978  31.989  38.999 0.0000000000
85140  -55.564  17.056  42.140 0.0000000000
85163  -54.856  17.801  40.849 0.0000000000
90150  -42.897  24.272  50.844 0.0000000000
90151  -43.384  24.570  50.408 0.0000000000
91520  -44.290  26.907  51.116 0.0000000000
92302  -44.972  27.173  50.681 0.0000000000
140156  -45.452  27.600  51.048 0.0000000000
91511  -44.838  26.961  53.650 0.0000000000
92284  -45.512  27.164  53.651 0.0000000000
142566  -47.396  27.762  52.841 0.0000000000
92294  -46.808  27.642  52.793 0.0000000000
93056  -47.381  27.995  52.175 0.0000000000
93069  -48.212  28.233  51.984 0.0000000000
93058  -48.849  28.221  52.488 0.0000000000
93043  -50.749  27.939  54.138 0.0000000000
93050  -50.087  28.207  53.256 0.0000000000
121602  -50.859  28.386  53.203 0.0000000000
93051  -51.580  28.342  53.514 0.0000000000
93016  -52.310  27.127  58.685 0.0000000000
92242  -51.053  26.607  58.299 0.0000000000
92265  -51.478  26.563  56.592 0.0000000000
92256  -52.603  26.391  58.081 0.0000000000
92258  -54.522  27.137  57.527 0.0000000000
92267  -53.949  27.122  56.888 0.0000000000
92280  -54.418  27.531  55.778 0.0000000000
93046  -53.971  28.025  54.965 0.0000000000
137398  -54.919  27.872  54.965 0.0000000000
92289  -55.397  28.029  54.350 0.0000000000
92269  -55.740  27.991  55.890 0.0000000000
94309  -55.861  30.283  56.660 0.0000000000
125428  -55.822  29.314  55.795 0.0000000000
94322  -55.638  29.917  55.289 0.0000000000
94330  -55.674  29.676  53.863 0.0000000000
81560  -50.622  13.950  55.392 0.0000000000
83405  -50.885  15.165  56.505 0.0000000000
84241  -51.667  16.537  56.087 0.0000000000
143746  -52.603  13.814  58.433 0.0000000000
81539  -53.633  13.636  58.871 0.0000000000
120352  -53.074  13.497  58.286 0.0000000000
85019  -52.492  17.999  58.032 0.0000000000
84223  -52.433  17.609  58.118 0.0000000000
85033  -52.561  18.097  57.493 0.0000000000
87237  -52.347  20.030  56.485 0.0000000000
86503  -52.184  19.323  56.941 0.0000000000
86514  -50.617  20.072  56.200 0.0000000000
87250  -49.774  20.522  55.597 0.0000000000
85779  -49.732  18.574  56.571 0.0000000000
85778  -48.555  18.422  56.256 0.0000000000
86511  -47.428  19.582  55.427 0.0000000000
86512  -48.414  19.724  55.618 0.0000000000
87248  -47.883  20.107  55.110 0.0000000000
87264  -48.304  20.550  54.551 0.0000000000
83304  -49.721  16.287  62.072 0.0000000000
84956  -45.638  17.495  62.916 0.0000000000
84957  -46.183  17.981  62.872 0.0000000000
85715  -46.656  18.352  63.246 0.0000000000
83361  -43.864  15.523  60.000 0.0000000000
122476  -44.128  16.031  60.793 0.0000000000
83345  -44.641  15.619  60.091 0.0000000000
84194  -45.643  16.152  60.847 0.0000000000
84182  -46.897  17.005  61.585 0.0000000000
84978  -48.298  17.537  61.820 0.0000000000
84196  -47.351  16.292  60.742 0.0000000000
83363  -46.838  15.208  59.318 0.0000000000
136606  -47.740  15.710  60.159 0.0000000000
83364  -47.785  15.266  59.453 0.0000000000
83348  -48.421  15.492  59.997 0.0000000000
82441  -48.137  15.114  58.776 0.0000000000
83403  -45.622  15.990  56.905 0.0000000000
83404  -46.465  16.090  56.838 0.0000000000
85027  -46.258  17.547  56.344 0.0000000000
134038  -45.413  17.544  56.339 0.0000000000
88038  -43.124  21.010  53.002 0.0000000000
139000  -43.460  20.697  53.648 0.0000000000
141694  -43.279  21.383  52.355 0.0000000000
136813  -43.709  21.122  52.601 0.0000000000
140716  -43.134  22.447  51.454 0.0000000000
141859  -41.348  22.989  52.309 0.0000000000
88778  -41.862  22.949  52.111 0.0000000000
138330  -40.695  25.220  52.510 0.0000000000
90781  -41.338  25.511  52.476 0.0000000000
123905  -41.309  25.816  53.122 0.0000000000
91507  -41.738  26.034  53.739 0.0000000000
81631  -52.197  13.577  50.158 0.0000000000
82525  -52.355  14.583  49.847 0.0000000000
82540  -54.283  14.574  48.165 0.0000000000
83480  -54.066  15.591  47.911 0.0000000000
88045  -53.525  21.593  54.068 0.0000000000
88046  -54.238  21.328  54.367 0.0000000000
120580  -54.293  21.506  53.739 0.0000000000
119454  -55.186  21.329  52.510 0.0000000000
87281  -54.989  21.207  52.940 0.0000000000
87297  -54.356  21.027  49.232 0.0000000000
88093  -54.667  21.363  50.147 0.0000000000
130683  -55.681  21.496  49.945 0.0000000000
87298  -57.678  20.923  50.157 0.0000000000
87291  -57.427  21.045  50.632 0.0000000000
86540  -56.997  20.159  50.089 0.0000000000
86539  -55.736  19.771  50.073 0.0000000000
85813  -54.835  19.180  49.218 0.0000000000
127631  -55.314  18.918  48.562 0.0000000000
122030  -56.225  18.306  47.152 0.0000000000
85079  -55.144  17.931  47.587 0.0000000000
138771  -55.472  17.175  47.101 0.0000000000
84304  -54.860  16.134  47.300 0.0000000000
84305  -55.704  16.293  46.603 0.0000000000
83491  -56.233  15.463  46.355 0.0000000000
84318  -56.320  16.278  46.137 0.0000000000
85104  -57.499  17.268  45.432 0.0000000000
85118  -57.827  17.213  44.628 0.0000000000
84335  -58.250  16.257  44.101 0.0000000000
85131  -57.921  17.119  43.687 0.0000000000
87366  -57.035  20.869  44.273 0.0000000000
87367  -57.196  20.429  44.806 0.0000000000
87381  -57.278  20.736  43.852 0.0000000000
86619  -57.502  19.838  42.384 0.0000000000
140071  -57.466  19.170  42.996 0.0000000000
85870  -57.652  18.552  42.303 0.0000000000
140812  -57.718  17.645  42.385 0.0000000000
85154  -57.630  17.863  41.725 0.0000000000
85153  -57.184  17.407  41.417 0.0000000000
85166  -57.463  18.075  40.932 0.0000000000
135429  -56.607  19.230  39.102 0.0000000000
85906  -56.835  18.722  39.631 0.0000000000
85905  -56.179  18.577  39.352 0.0000000000
127907  -55.203  18.944  38.367 0.0000000000
90155  -44.533  24.607  49.524 0.0000000000
89485  -44.807  23.644  49.671 0.0000000000
90795  -44.961  25.236  48.927 0.0000000000
90164  -45.588  24.704  48.730 0.0000000000
90165  -46.267  24.544  48.336 0.0000000000
89496  -46.495  23.583  48.547 0.0000000000
90171  -46.869  24.683  47.692 0.0000000000
121610  -48.055  27.269  48.128 0.0000000000
91537  -48.465  26.857  47.717 0.0000000000
90818  -48.072  25.179  46.801 0.0000000000
90811  -47.760  25.558  47.315 0.0000000000
89511  -47.836  24.421  46.663 0.0000000000
89505  -47.217  23.974  47.152 0.0000000000
142906  -47.767  23.718  46.599 0.0000000000
89512  -48.305  23.987  46.203 0.0000000000
89519  -49.329  23.884  45.098 0.0000000000
130234  -49.134  23.002  45.296 0.0000000000
127485  -49.471  23.047  44.875 0.0000000000
88133  -49.537  21.700  44.536 0.0000000000
88824  -49.586  22.565  44.264 0.0000000000
93096  -55.003  27.865  49.835 0.0000000000
93095  -53.674  28.113  49.719 0.0000000000
92315  -54.453  27.591  49.130 0.0000000000
119736  -54.561  26.700  47.060 0.0000000000
91549  -53.616  26.748  47.120 0.0000000000
91548  -52.376  26.826  47.249 0.0000000000
91559  -52.962  26.458  46.520 0.0000000000
91590  -55.016  26.650  43.312 0.0000000000
130852  -53.889  26.233  43.755 0.0000000000
90845  -52.287  25.350  43.388 0.0000000000
90839  -52.815  25.659  44.019 0.0000000000
90838  -51.792  25.237  44.132 0.0000000000
90194  -50.792  24.564  44.122 0.0000000000
90206  -50.827  24.204  43.122 0.0000000000
89552  -50.545  23.034  41.941 0.0000000000
89542  -50.315  23.426  42.744 0.0000000000
88147  -50.581  21.943  42.767 0.0000000000
127881  -51.059  21.696  42.233 0.0000000000
88153  -51.237  21.788  41.515 0.0000000000
88168  -52.916  22.076  39.447 0.0000000000
88160  -53.565  21.495  39.821 0.0000000000
90238  -53.656  24.634  38.333 0.0000000000
89573  -54.470  24.422  37.708 0.0000000000
88885  -56.153  23.240  36.856 0.0000000000
88876  -56.469  22.425  37.416 0.0000000000
88179  -56.155  22.166  38.278 0.0000000000
87443  -56.657  21.633  38.089 0.0000000000
88190  -56.599  22.092  36.885 0.0000000000
87440  -54.586  20.334  36.969 0.0000000000
86667  -54.377  19.748  37.456 0.0000000000
86659  -54.667  19.254  37.942 0.0000000000
86657  -52.650  19.775  38.140 0.0000000000
90251  -50.686  24.331  35.697 0.0000000000
89587  -50.470  23.506  35.848 0.0000000000
89579  -50.022  23.802  36.172 0.0000000000
89577  -48.857  22.846  37.407 0.0000000000
88882  -49.257  22.280  37.024 0.0000000000
92407  -50.836  27.360  41.034 0.0000000000
92406  -49.611  27.428  41.384 0.0000000000
92420  -49.054  27.369  40.370 0.0000000000
92433  -48.619  27.062  39.634 0.0000000000
119770  -45.669  28.766  40.352 0.0000000000
92417  -46.576  27.668  39.640 0.0000000000
91620  -46.868  26.949  39.542 0.0000000000
92431  -46.988  27.276  39.571 0.0000000000
91615  -47.355  26.377  39.707 0.0000000000
90874  -47.890  26.193  39.356 0.0000000000
90865  -47.807  25.436  40.039 0.0000000000
90857  -47.147  25.683  40.628 0.0000000000
127417  -46.097  24.999  41.870 0.0000000000
90212  -46.096  24.304  41.916 0.0000000000
90844  -44.317  25.349  43.269 0.0000000000
91588  -43.683  26.438  43.453 0.0000000000
123690  -43.928  27.708  41.236 0.0000000000
92390  -43.093  28.045  42.802 0.0000000000
94447  -42.769  30.765  35.194 0.0000000000
94441  -42.725  30.359  35.866 0.0000000000
95111  -41.605  30.891  37.113 0.0000000000
94431  -41.434  30.048  38.250 0.0000000000
88789  -45.468  22.948  49.687 0.0000000000
138759  -55.479  33.705  49.395 0.0000000000
140899  -55.181  34.140  47.743 0.0000000000
96504  -53.938  33.565  46.447 0.0000000000
96512  -54.051  33.609  45.444 0.0000000000
96518  -54.679  33.467  44.344 0.0000000000
82555  -57.425  14.152  45.864 0.0000000000
90759  -43.620  25.483  56.236 0.0000000000
90767  -44.420  25.408  55.918 0.0000000000
82419  -51.375  15.292  60.832 0.0000000000
119768  -51.226  15.501  60.152 0.0000000000
83395  -49.880  15.684  58.843 0.0000000000
140004  -49.570  15.431  59.282 0.0000000000
119786  -48.317  15.298  58.280 0.0000000000
86495  -40.392  19.609  56.483 0.0000000000
87235  -40.280  20.273  56.083 0.0000000000
85794  -52.487  19.175  54.693 0.0000000000
86521  -53.096  19.706  54.286 0.0000000000
87335  -51.243  20.279  46.792 0.0000000000
86569  -52.173  20.081  46.310 0.0000000000
86582  -52.714  19.896  45.465 0.0000000000
86583  -53.722  19.741  45.433 0.0000000000
86596  -54.128  19.743  44.670 0.0000000000
86595  -53.153  19.774  44.661 0.0000000000
87390  -52.806  20.531  42.374 0.0000000000
93081  -50.457  28.608  50.495 0.0000000000
93082  -51.306  28.657  50.803 0.0000000000
137743  -52.008  28.443  50.394 0.0000000000
93094  -52.466  28.128  49.749 0.0000000000
130331  -54.207  27.446  42.487 0.0000000000
92398  -54.913  27.289  41.864 0.0000000000
91627  -53.714  26.861  39.203 0.0000000000
92437  -53.640  27.105  39.731 0.0000000000
91626  -53.433  27.073  38.959 0.0000000000
91633  -52.123  26.537  37.950 0.0000000000
91625  -52.389  27.038  38.756 0.0000000000
92421  -50.610  27.197  40.043 0.0000000000
95092  -44.632  31.006  40.230 0.0000000000
94419  -44.392  30.355  40.255 0.0000000000
93823  -43.343  28.573  37.838 0.0000000000
122517  -42.950  28.826  37.275 0.0000000000
88028  -50.031  21.218  54.242 0.0000000000
136187  -50.676  21.370  53.910 0.0000000000
88042  -50.050  21.494  53.425 0.0000000000
142009  -47.780  21.919  49.798 0.0000000000
88090  -48.475  21.475  49.527 0.0000000000
88103  -49.134  21.053  48.899 0.0000000000
87305  -49.755  20.739  48.303 0.0000000000
88115  -48.891  21.165  47.943 0.0000000000
88122  -48.640  21.792  46.530 0.0000000000
93718  -56.193  28.923  53.180 0.0000000000
93725  -56.790  27.986  51.795 0.0000000000
93721  -56.378  28.945  52.249 0.0000000000
93724  -56.696  29.132  51.403 0.0000000000
94342  -56.720  29.309  49.934 0.0000000000
94347  -54.151  30.981  48.656 0.0000000000
94361  -53.634  30.307  48.133 0.0000000000
93762  -53.877  29.073  46.857 0.0000000000
93120  -53.749  28.683  46.156 0.0000000000
93772  -52.127  28.972  45.965 0.0000000000
93132  -51.304  28.739  45.484 0.0000000000
127235  -50.837  28.457  44.856 0.0000000000
129015  -49.863  29.587  45.686 0.0000000000
94381  -49.413  30.270  45.892 0.0000000000
137744  -49.987  32.811  44.358 0.0000000000
95762  -49.257  32.484  44.603 0.0000000000
95774  -49.601  32.840  43.731 0.0000000000
95773  -48.203  32.442  43.675 0.0000000000
95785  -47.999  32.530  42.852 0.0000000000
95784  -47.128  32.365  42.666 0.0000000000
132640  -47.841  32.481  41.984 0.0000000000
126438  -47.835  32.466  41.040 0.0000000000
95821  -47.709  32.317  39.631 0.0000000000
84346  -56.040  16.406  42.676 0.0000000000
84355  -56.411  16.723  42.109 0.0000000000
90787  -43.125  25.882  51.163 0.0000000000
91519  -43.603  26.556  51.605 0.0000000000
92273  -46.864  26.875  54.508 0.0000000000
92285  -46.388  27.297  53.610 0.0000000000
131233  -48.208  27.777  53.897 0.0000000000
93048  -48.792  28.059  53.321 0.0000000000
136342  -48.865  27.870  54.043 0.0000000000
93042  -49.994  27.618  54.187 0.0000000000
92277  -51.139  27.381  55.325 0.0000000000
93017  -53.356  27.472  58.665 0.0000000000
92244  -52.949  26.800  58.654 0.0000000000
92245  -53.905  27.135  58.758 0.0000000000
128937  -54.577  27.552  58.574 0.0000000000
92246  -55.029  27.491  57.856 0.0000000000
92259  -55.543  27.893  56.904 0.0000000000
93696  -55.719  29.226  57.358 0.0000000000
94296  -55.886  30.181  57.425 0.0000000000
144074  -51.828  13.576  56.460 0.0000000000
82451  -51.189  14.679  56.975 0.0000000000
82442  -52.258  14.924  59.202 0.0000000000
119550  -51.990  14.998  58.485 0.0000000000
85018  -52.345  17.673  58.201 0.0000000000
85781  -52.004  18.731  57.432 0.0000000000
86501  -50.168  19.390  56.411 0.0000000000
87247  -46.978  20.002  55.030 0.0000000000
87262  -46.584  20.269  54.442 0.0000000000
122092  -44.412  15.290  59.313 0.0000000000
83346  -46.073  15.535  59.990 0.0000000000
83380  -46.740  15.124  58.573 0.0000000000
133431  -46.726  15.289  57.905 0.0000000000
84230  -44.986  16.712  56.656 0.0000000000
87259  -43.414  20.477  54.345 0.0000000000
87270  -42.822  20.794  53.803 0.0000000000
88037  -42.236  21.270  53.208 0.0000000000
88048  -42.011  21.792  52.672 0.0000000000
88775  -41.522  22.401  52.560 0.0000000000
83458  -52.281  15.593  49.663 0.0000000000
84277  -52.992  16.903  48.944 0.0000000000
127722  -53.618  16.969  48.360 0.0000000000
143598  -53.112  21.676  52.542 0.0000000000
134563  -54.032  21.603  52.916 0.0000000000
88070  -53.517  21.651  52.095 0.0000000000
88071  -54.734  21.511  52.378 0.0000000000
119080  -55.141  21.528  51.623 0.0000000000
87311  -55.414  20.909  48.067 0.0000000000
124739  -56.556  21.418  49.337 0.0000000000
88106  -57.322  21.210  48.919 0.0000000000
87299  -57.756  20.951  49.563 0.0000000000
86551  -57.298  19.945  49.157 0.0000000000
141862  -56.321  19.226  48.580 0.0000000000
85824  -56.880  19.190  48.026 0.0000000000
85081  -57.034  18.244  46.527 0.0000000000
128148  -57.298  18.229  45.870 0.0000000000
125488  -57.433  18.167  45.093 0.0000000000
87379  -56.676  20.960  42.974 0.0000000000
87394  -57.089  21.094  42.578 0.0000000000
87405  -57.318  20.845  42.032 0.0000000000
86627  -57.463  19.901  41.375 0.0000000000
85895  -57.522  18.992  40.720 0.0000000000
86635  -57.372  19.856  40.596 0.0000000000
143140  -57.023  19.498  39.535 0.0000000000
86649  -56.956  20.250  39.195 0.0000000000
91527  -44.699  26.111  49.303 0.0000000000
91528  -45.521  26.562  49.050 0.0000000000
91534  -46.013  26.152  48.503 0.0000000000
91535  -46.827  26.480  48.182 0.0000000000
92340  -49.307  26.986  47.662 0.0000000000
91545  -48.896  26.397  47.371 0.0000000000
91555  -49.210  26.117  46.873 0.0000000000
90819  -48.772  25.485  46.533 0.0000000000
90185  -49.529  24.714  45.318 0.0000000000
90193  -49.922  24.266  44.569 0.0000000000
134351  -56.008  26.858  48.826 0.0000000000
92333  -55.112  27.180  48.681 0.0000000000
91550  -55.343  26.793  47.460 0.0000000000
91560  -54.246  26.457  46.322 0.0000000000
122322  -54.161  26.252  42.189 0.0000000000
90851  -52.805  25.568  42.471 0.0000000000
90207  -51.707  24.834  42.772 0.0000000000
89553  -51.114  23.378  41.408 0.0000000000
88843  -51.124  22.574  41.206 0.0000000000
88158  -51.493  21.864  40.837 0.0000000000
88852  -51.662  22.474  40.364 0.0000000000
88853  -52.200  22.441  39.766 0.0000000000
88864  -52.616  22.906  39.165 0.0000000000
89580  -55.058  25.028  36.653 0.0000000000
88894  -55.847  23.266  36.326 0.0000000000
88202  -55.915  22.370  36.376 0.0000000000
88201  -54.790  22.197  35.957 0.0000000000
88188  -53.827  21.152  36.651 0.0000000000
87439  -52.771  20.824  37.171 0.0000000000
88187  -52.513  21.455  36.659 0.0000000000
88186  -51.414  21.688  36.605 0.0000000000
90243  -49.628  24.193  36.748 0.0000000000
92381  -49.040  27.901  43.013 0.0000000000
92394  -48.840  27.635  42.090 0.0000000000
92393  -48.057  27.697  41.790 0.0000000000
93195  -46.058  27.808  39.515 0.0000000000
91607  -46.467  26.188  40.640 0.0000000000
133506  -45.988  25.806  41.467 0.0000000000
90850  -45.569  25.385  42.130 0.0000000000
93162  -42.560  28.562  42.240 0.0000000000
93153  -42.354  28.357  43.166 0.0000000000
93161  -41.807  28.886  42.624 0.0000000000
88053  -47.869  21.317  52.675 0.0000000000
88065  -47.766  21.529  52.020 0.0000000000
88786  -47.405  21.971  50.365 0.0000000000
94335  -55.857  30.893  51.292 0.0000000000
95721  -55.567  31.703  50.778 0.0000000000
95729  -55.433  32.025  49.479 0.0000000000
96487  -55.383  33.061  49.266 0.0000000000
122587  -55.082  32.686  49.044 0.0000000000
95033  -54.875  31.745  48.991 0.0000000000
95032  -53.660  31.927  48.653 0.0000000000
95044  -52.517  31.463  47.786 0.0000000000
95043  -51.883  31.642  47.270 0.0000000000
94358  -51.243  31.157  47.041 0.0000000000
95042  -51.226  31.826  46.908 0.0000000000
95743  -51.547  32.306  46.609 0.0000000000
95753  -50.609  32.526  45.523 0.0000000000
121135  -51.399  32.769  45.041 0.0000000000
95763  -50.649  32.767  44.652 0.0000000000
95775  -50.566  32.966  43.675 0.0000000000
95787  -50.932  32.921  42.742 0.0000000000
136317  -50.495  32.640  42.007 0.0000000000
83514  -58.179  14.911  43.488 0.0000000000
139676  -43.098  26.435  53.434 0.0000000000
91509  -43.682  26.590  53.657 0.0000000000
91502  -44.349  26.647  54.055 0.0000000000
91503  -45.138  26.562  54.500 0.0000000000
91494  -45.133  25.756  55.554 0.0000000000
136895  -45.723  26.122  55.160 0.0000000000
91504  -46.416  26.153  55.291 0.0000000000
83383  -51.595  15.830  59.439 0.0000000000
84221  -51.356  16.969  58.551 0.0000000000
135433  -50.758  17.222  57.998 0.0000000000
84234  -49.683  16.971  57.247 0.0000000000
85029  -48.079  17.608  56.422 0.0000000000
85777  -46.617  18.261  56.058 0.0000000000
123332  -43.072  15.503  59.935 0.0000000000
83376  -42.404  15.503  58.529 0.0000000000
83378  -44.055  15.249  58.508 0.0000000000
87257  -41.810  20.622  54.730 0.0000000000
88026  -41.294  21.011  54.069 0.0000000000
88025  -39.554  21.780  54.175 0.0000000000
87295  -52.705  20.756  49.718 0.0000000000
123997  -53.358  20.737  49.229 0.0000000000
87310  -54.516  20.714  48.291 0.0000000000
87322  -53.781  20.422  47.681 0.0000000000
87324  -56.125  20.925  47.428 0.0000000000
87340  -57.031  20.654  46.247 0.0000000000
87353  -56.473  20.579  45.595 0.0000000000
129997  -56.530  20.661  44.718 0.0000000000
87365  -56.612  20.876  43.863 0.0000000000
131869  -54.700  19.909  43.997 0.0000000000
139374  -55.559  20.381  43.341 0.0000000000
87378  -55.865  20.609  42.409 0.0000000000
137326  -56.145  20.785  41.693 0.0000000000
118952  -55.839  20.855  40.958 0.0000000000
93089  -47.864  28.182  49.969 0.0000000000
92310  -47.622  27.779  49.384 0.0000000000
93090  -48.420  28.154  49.413 0.0000000000
93106  -49.060  28.044  48.701 0.0000000000
93092  -50.288  28.456  49.592 0.0000000000
93107  -49.994  28.152  48.808 0.0000000000
92328  -49.682  27.570  48.171 0.0000000000
92341  -50.211  27.127  47.644 0.0000000000
91547  -50.587  26.779  47.139 0.0000000000
91557  -50.928  26.482  46.603 0.0000000000
92373  -55.972  27.248  44.747 0.0000000000
91582  -55.988  26.932  44.713 0.0000000000
91592  -55.620  27.056  43.929 0.0000000000
91591  -55.398  26.993  43.052 0.0000000000
91599  -55.135  26.817  42.265 0.0000000000
90859  -53.315  25.708  40.582 0.0000000000
90224  -52.672  24.881  40.120 0.0000000000
90878  -53.804  26.601  38.592 0.0000000000
90245  -54.408  25.916  36.314 0.0000000000
90254  -54.319  25.470  35.520 0.0000000000
90253  -53.246  25.120  35.355 0.0000000000
89593  -52.205  24.260  35.295 0.0000000000
90252  -51.797  24.574  35.517 0.0000000000
90900  -51.330  24.952  35.824 0.0000000000
90892  -50.634  25.141  36.259 0.0000000000
91639  -51.001  25.866  36.765 0.0000000000
90891  -49.989  24.952  36.932 0.0000000000
90882  -49.038  25.283  38.245 0.0000000000
93796  -45.970  29.539  42.521 0.0000000000
93164  -46.429  28.545  42.015 0.0000000000
93173  -45.655  29.067  41.434 0.0000000000
93803  -44.485  29.412  39.876 0.0000000000
93185  -45.223  28.640  39.704 0.0000000000
93194  -45.339  28.015  39.118 0.0000000000
92415  -44.807  27.645  39.551 0.0000000000
92404  -44.724  27.361  40.852 0.0000000000
93183  -43.398  28.040  39.324 0.0000000000
93202  -43.288  28.382  38.181 0.0000000000
93190  -42.034  28.692  39.304 0.0000000000
93809  -41.387  29.460  39.904 0.0000000000
87253  -53.249  21.024  55.701 0.0000000000
88022  -53.574  21.140  55.291 0.0000000000
88021  -53.067  21.260  55.402 0.0000000000
88030  -52.707  21.499  54.531 0.0000000000
88044  -52.274  21.630  53.455 0.0000000000
88043  -51.010  21.564  53.301 0.0000000000
135784  -52.353  21.654  52.609 0.0000000000
88079  -49.364  21.346  50.640 0.0000000000
121800  -49.908  21.377  51.114 0.0000000000
87287  -51.108  20.850  50.425 0.0000000000
87294  -51.770  20.635  49.710 0.0000000000
87307  -51.590  20.512  48.796 0.0000000000
87320  -51.175  20.396  47.775 0.0000000000
87319  -50.330  20.536  47.835 0.0000000000
87349  -50.277  20.565  45.615 0.0000000000
127120  -50.521  20.634  44.885 0.0000000000
119448  -54.603  28.333  51.973 0.0000000000
93085  -55.355  27.815  50.657 0.0000000000
93097  -56.185  27.021  50.214 0.0000000000
93087  -56.772  27.477  51.235 0.0000000000
92334  -56.494  27.161  48.536 0.0000000000
92346  -56.413  27.200  47.292 0.0000000000
92353  -56.443  27.219  46.338 0.0000000000
94338  -56.326  30.487  50.286 0.0000000000
94350  -56.548  29.247  49.151 0.0000000000
93736  -55.520  29.804  48.467 0.0000000000
93737  -56.225  29.181  48.416 0.0000000000
93751  -56.428  28.311  47.651 0.0000000000
93122  -56.148  28.072  46.422 0.0000000000
93123  -56.343  27.524  46.009 0.0000000000
92360  -55.876  27.619  44.971 0.0000000000
143366  -55.359  27.781  44.801 0.0000000000
140928  -54.144  27.659  44.071 0.0000000000
93146  -53.616  27.858  44.901 0.0000000000
92370  -54.158  27.502  43.360 0.0000000000
141408  -53.217  27.534  43.299 0.0000000000
124630  -52.964  27.446  42.644 0.0000000000
120610  -51.386  27.451  41.892 0.0000000000
134029  -50.659  27.618  42.629 0.0000000000
92382  -49.965  27.878  43.237 0.0000000000
93144  -50.067  28.579  44.550 0.0000000000
93155  -48.231  28.459  43.533 0.0000000000
93154  -47.216  28.929  43.499 0.0000000000
94370  -49.827  30.982  46.314 0.0000000000
94380  -48.645  30.439  45.585 0.0000000000
95751  -48.751  31.942  45.171 0.0000000000
95061  -48.423  31.209  45.486 0.0000000000
94379  -47.936  30.604  45.237 0.0000000000
93779  -47.627  29.936  44.713 0.0000000000
93789  -47.169  29.573  44.096 0.0000000000
93788  -46.560  29.743  43.512 0.0000000000
94407  -46.101  30.305  43.084 0.0000000000
94406  -45.607  30.481  42.490 0.0000000000
95089  -45.208  31.309  41.574 0.0000000000
95796  -45.543  31.768  41.291 0.0000000000
95093  -45.049  31.433  40.888 0.0000000000
95099  -45.117  31.614  40.081 0.0000000000
89483  -44.167  23.230  50.204 0.0000000000
90154  -43.896  24.995  49.903 0.0000000000
90791  -43.997  25.862  49.912 0.0000000000
91524  -45.165  26.895  49.824 0.0000000000
92303  -45.677  27.469  50.385 0.0000000000
132380  -46.442  27.722  50.181 0.0000000000
144002  -45.110  27.442  52.178 0.0000000000
92293  -45.831  27.527  52.694 0.0000000000
92298  -45.657  27.625  51.718 0.0000000000
93068  -47.044  28.093  51.337 0.0000000000
93078  -47.668  28.205  50.722 0.0000000000
122119  -48.361  28.327  51.180 0.0000000000
119756  -49.022  28.448  50.913 0.0000000000
121045  -49.698  28.555  51.158 0.0000000000
127115  -49.380  28.238  52.982 0.0000000000
93059  -49.720  28.446  52.199 0.0000000000
93061  -51.512  28.595  52.613 0.0000000000
135432  -52.386  28.598  52.902 0.0000000000
142271  -53.257  28.545  53.208 0.0000000000
92264  -50.688  26.754  56.078 0.0000000000
92278  -52.058  27.410  55.697 0.0000000000
138113  -53.140  26.798  57.296 0.0000000000
93045  -52.794  27.937  54.776 0.0000000000
93053  -53.629  28.398  54.005 0.0000000000
93064  -54.518  28.279  53.111 0.0000000000
93065  -55.554  27.823  53.377 0.0000000000
92290  -55.735  27.972  53.662 0.0000000000
92291  -55.859  28.216  54.216 0.0000000000
93040  -55.819  28.554  55.900 0.0000000000
133637  -55.986  28.488  54.744 0.0000000000
93719  -56.088  28.390  53.797 0.0000000000
140565  -56.122  28.944  53.870 0.0000000000
94329  -55.136  30.648  53.253 0.0000000000
95007  -54.997  31.699  55.181 0.0000000000
82458  -50.419  14.759  55.615 0.0000000000
84245  -50.700  16.315  55.036 0.0000000000
124322  -51.818  17.726  55.344 0.0000000000
85787  -52.500  18.421  56.376 0.0000000000
86515  -53.132  20.002  56.129 0.0000000000
82446  -51.647  14.325  57.496 0.0000000000
83406  -51.638  15.566  57.459 0.0000000000
84236  -52.248  16.591  57.952 0.0000000000
85788  -52.487  19.006  56.766 0.0000000000
87238  -52.984  20.365  56.124 0.0000000000
87252  -52.494  20.769  55.897 0.0000000000
87266  -51.268  20.839  55.460 0.0000000000
138957  -51.671  19.861  56.588 0.0000000000
129044  -50.621  20.547  55.722 0.0000000000
135339  -48.610  20.987  53.997 0.0000000000
88040  -47.626  21.061  53.184 0.0000000000
88051  -44.930  21.264  51.943 0.0000000000
85716  -47.415  18.708  63.566 0.0000000000
85729  -48.399  19.197  62.763 0.0000000000
84180  -44.446  16.497  61.567 0.0000000000
121592  -45.185  16.654  61.509 0.0000000000
84958  -46.956  17.927  62.327 0.0000000000
136378  -47.799  18.030  62.182 0.0000000000
84959  -48.412  18.480  62.291 0.0000000000
84185  -48.990  16.992  61.793 0.0000000000
84184  -48.485  16.514  61.286 0.0000000000
83327  -49.222  15.965  61.384 0.0000000000
83326  -48.816  15.665  60.690 0.0000000000
83349  -49.598  15.460  60.694 0.0000000000
83365  -48.855  15.242  59.375 0.0000000000
130811  -47.165  15.663  57.328 0.0000000000
84232  -46.746  16.825  56.575 0.0000000000
84229  -44.350  16.348  56.837 0.0000000000
85026  -44.568  17.600  56.386 0.0000000000
133322  -44.164  18.522  56.335 0.0000000000
127670  -44.997  18.363  56.128 0.0000000000
85776  -45.401  18.877  55.909 0.0000000000
86509  -45.482  19.337  55.621 0.0000000000
88050  -43.920  21.426  51.901 0.0000000000
88780  -43.716  22.220  51.230 0.0000000000
89479  -43.191  22.908  51.102 0.0000000000
89481  -42.707  23.613  51.172 0.0000000000
90147  -42.308  24.526  51.353 0.0000000000
90782  -42.207  25.761  52.276 0.0000000000
88035  -41.002  21.571  53.537 0.0000000000
88771  -40.896  22.227  53.045 0.0000000000
90143  -41.050  24.963  52.069 0.0000000000
91508  -42.476  26.255  53.650 0.0000000000
91500  -42.254  26.252  54.516 0.0000000000
91499  -41.470  26.070  54.545 0.0000000000
91492  -42.863  25.982  55.403 0.0000000000
83470  -52.898  15.133  49.404 0.0000000000
82534  -53.204  14.418  49.381 0.0000000000
82539  -53.865  14.099  48.840 0.0000000000
88032  -53.974  21.126  54.837 0.0000000000
86524  -54.500  20.737  53.696 0.0000000000
87276  -54.690  21.223  53.939 0.0000000000
87280  -54.860  21.162  53.726 0.0000000000
132899  -54.026  20.185  52.824 0.0000000000
88083  -54.325  21.481  50.749 0.0000000000
119237  -56.037  21.499  51.487 0.0000000000
135838  -56.813  21.475  50.204 0.0000000000
86532  -55.314  20.204  50.863 0.0000000000
85821  -53.847  18.524  49.254 0.0000000000
85071  -53.588  17.716  48.687 0.0000000000
85072  -54.286  17.560  48.078 0.0000000000
84291  -54.074  16.584  47.855 0.0000000000
82547  -55.478  14.454  47.080 0.0000000000
82553  -56.143  14.545  46.597 0.0000000000
130500  -56.879  14.746  46.132 0.0000000000
83493  -57.441  15.027  45.587 0.0000000000
84319  -56.770  16.596  45.964 0.0000000000
84320  -57.310  16.277  45.593 0.0000000000
127271  -57.760  15.575  45.147 0.0000000000
83507  -58.179  15.477  44.512 0.0000000000
84336  -58.366  15.400  43.683 0.0000000000
83519  -58.218  15.410  43.042 0.0000000000
87341  -57.355  20.313  45.948 0.0000000000
121764  -57.511  19.894  45.276 0.0000000000
85856  -57.365  19.084  44.706 0.0000000000
86609  -57.471  20.161  43.410 0.0000000000
85862  -57.363  19.118  43.780 0.0000000000
85141  -57.868  16.972  42.846 0.0000000000
84348  -57.979  16.091  42.666 0.0000000000
84356  -57.023  16.676  41.926 0.0000000000
85152  -56.434  17.211  41.388 0.0000000000
133998  -57.154  18.325  40.198 0.0000000000
85894  -56.507  18.099  39.991 0.0000000000
85164  -56.033  17.607  40.579 0.0000000000
88788  -44.759  22.869  49.942 0.0000000000
89486  -45.554  23.629  49.368 0.0000000000
89497  -47.137  23.122  47.877 0.0000000000
92326  -47.325  27.242  48.617 0.0000000000
91543  -47.335  25.975  47.707 0.0000000000
91544  -48.109  26.191  47.505 0.0000000000
90810  -47.187  25.317  47.583 0.0000000000
88812  -48.121  22.377  46.661 0.0000000000
88818  -48.682  22.343  45.802 0.0000000000
89518  -48.717  23.478  45.687 0.0000000000
124982  -49.300  21.566  45.305 0.0000000000
87362  -50.434  20.836  44.238 0.0000000000
93084  -54.160  28.379  50.488 0.0000000000
92314  -53.139  27.737  49.078 0.0000000000
143813  -54.470  27.191  48.163 0.0000000000
92343  -52.249  27.264  47.880 0.0000000000
91558  -51.883  26.527  46.562 0.0000000000
90822  -51.343  26.241  46.003 0.0000000000
123622  -55.441  26.570  44.849 0.0000000000
119763  -54.461  26.358  45.384 0.0000000000
141881  -53.645  26.266  45.144 0.0000000000
90832  -53.271  26.066  44.608 0.0000000000
138766  -52.751  26.134  45.310 0.0000000000
90830  -51.776  25.945  45.397 0.0000000000
90829  -50.808  25.601  45.525 0.0000000000
88836  -49.872  23.167  43.174 0.0000000000
89535  -49.754  23.147  43.762 0.0000000000
88830  -49.819  22.605  43.478 0.0000000000
88140  -50.423  21.399  43.532 0.0000000000
87374  -51.123  20.685  43.690 0.0000000000
87375  -51.736  20.596  43.264 0.0000000000
120176  -51.980  20.715  42.735 0.0000000000
136182  -51.851  21.343  41.113 0.0000000000
87413  -55.495  21.076  39.996 0.0000000000
89569  -52.654  23.754  39.081 0.0000000000
88865  -53.569  22.560  38.758 0.0000000000
88874  -54.561  23.257  38.032 0.0000000000
88178  -54.753  22.151  38.363 0.0000000000
88170  -56.529  21.599  39.139 0.0000000000
121659  -56.812  21.562  38.791 0.0000000000
87432  -56.924  21.068  38.687 0.0000000000
87431  -56.435  20.688  37.992 0.0000000000
132508  -56.134  21.634  36.768 0.0000000000
86669  -55.808  20.431  37.519 0.0000000000
86660  -55.607  19.577  37.947 0.0000000000
88898  -51.741  23.493  35.323 0.0000000000
88890  -50.953  23.148  35.604 0.0000000000
88889  -49.875  22.967  36.442 0.0000000000
88883  -49.684  22.266  36.751 0.0000000000
132400  -49.586  27.182  39.763 0.0000000000
90875  -48.445  25.848  38.839 0.0000000000
120698  -46.870  28.134  41.108 0.0000000000
92418  -47.219  27.484  39.847 0.0000000000
92432  -47.703  27.071  39.591 0.0000000000
90222  -48.164  24.855  39.651 0.0000000000
90221  -47.813  24.497  40.283 0.0000000000
89551  -47.173  24.136  40.907 0.0000000000
90213  -46.789  24.761  41.385 0.0000000000
89558  -46.630  23.129  40.709 0.0000000000
88842  -45.680  22.770  40.986 0.0000000000
90199  -44.425  24.528  43.147 0.0000000000
91596  -44.020  26.913  42.695 0.0000000000
92391  -43.699  27.602  42.323 0.0000000000
92378  -42.020  27.957  43.932 0.0000000000
120297  -50.703  31.995  40.290 0.0000000000
122242  -47.541  32.228  39.036 0.0000000000
95836  -46.880  32.023  38.588 0.0000000000
95107  -45.954  31.791  38.013 0.0000000000
119612  -44.928  31.284  37.342 0.0000000000
95113  -43.995  30.451  36.477 0.0000000000
95123  -44.071  30.476  34.687 0.0000000000
126347  -44.016  30.007  35.416 0.0000000000
93829  -43.004  29.638  36.417 0.0000000000
93828  -42.677  29.285  37.040 0.0000000000
95112  -41.969  31.126  36.414 0.0000000000
93827  -41.930  29.768  37.484 0.0000000000
93821  -41.800  29.176  38.262 0.0000000000
81538  -52.564  14.341  59.019 0.0000000000
81551  -50.723  14.442  56.205 0.0000000000
81660  -57.229  13.716  45.871 0.0000000000
81671  -57.615  13.894  45.462 0.0000000000
82574  -57.795  14.157  44.545 0.0000000000
83377  -43.204  15.383  58.486 0.0000000000
83500  -57.987  14.815  45.015 0.0000000000
83513  -57.897  14.974  43.129 0.0000000000
85822  -54.369  18.403  48.609 0.0000000000
86529  -56.200  20.866  51.576 0.0000000000
86533  -56.611  20.533  50.798 0.0000000000
86534  -57.410  20.819  50.542 0.0000000000
86541  -57.541  20.624  50.009 0.0000000000
86542  -57.667  20.757  49.649 0.0000000000
86586  -57.595  19.748  46.061 0.0000000000
86647  -54.658  18.955  38.691 0.0000000000
86661  -56.484  19.927  38.534 0.0000000000
87254  -53.654  21.007  55.342 0.0000000000
87267  -54.071  21.077  54.818 0.0000000000
87268  -54.413  21.167  54.426 0.0000000000
87282  -55.598  21.320  52.039 0.0000000000
87312  -57.678  20.852  48.798 0.0000000000
87414  -56.964  21.037  40.079 0.0000000000
87441  -55.516  20.829  37.107 0.0000000000
88086  -57.258  21.256  50.583 0.0000000000
88087  -57.718  21.017  50.103 0.0000000000
88105  -56.349  21.217  48.387 0.0000000000
88107  -57.774  21.004  49.354 0.0000000000
88134  -49.936  21.324  44.181 0.0000000000
88191  -56.639  22.064  37.372 0.0000000000
88198  -51.087  22.395  36.104 0.0000000000
88899  -52.562  23.820  35.299 0.0000000000
89581  -55.413  24.085  36.399 0.0000000000
89594  -53.093  24.519  35.279 0.0000000000
91468  -51.335  26.131  58.003 0.0000000000
91561  -55.351  26.633  46.615 0.0000000000
91572  -56.127  26.853  45.432 0.0000000000
91573  -56.265  27.130  45.296 0.0000000000
91642  -53.817  26.757  37.570 0.0000000000
92255  -51.786  26.107  57.690 0.0000000000
92270  -55.817  28.332  55.157 0.0000000000
92276  -49.845  27.230  54.942 0.0000000000
92304  -46.896  28.047  50.669 0.0000000000
92331  -52.684  27.473  48.451 0.0000000000
92361  -56.204  27.446  45.360 0.0000000000
92362  -56.371  27.259  45.750 0.0000000000
93020  -55.255  28.864  58.062 0.0000000000
93033  -55.480  28.319  57.556 0.0000000000
93039  -55.759  28.545  56.635 0.0000000000
93075  -55.656  27.469  51.576 0.0000000000
93076  -56.302  27.285  51.830 0.0000000000
93685  -55.064  29.264  58.416 0.0000000000
93717  -55.890  28.718  55.482 0.0000000000
93722  -56.361  28.122  52.687 0.0000000000
93759  -50.981  29.908  46.470 0.0000000000
93769  -48.248  30.003  45.244 0.0000000000
94339  -56.769  29.288  50.695 0.0000000000
94359  -52.024  30.943  47.308 0.0000000000
94369  -49.072  30.919  45.896 0.0000000000
94390  -46.906  30.296  44.231 0.0000000000
94442  -43.424  30.159  35.414 0.0000000000
94968  -56.244  31.224  58.251 0.0000000000
95027  -56.107  31.010  50.695 0.0000000000
95060  -47.747  31.107  45.107 0.0000000000
95068  -47.408  31.406  44.531 0.0000000000
95083  -46.122  31.649  42.996 0.0000000000
95734  -51.831  32.133  47.114 0.0000000000
95742  -50.672  32.158  46.320 0.0000000000
95754  -51.354  32.585  45.920 0.0000000000
95760  -47.699  32.034  44.189 0.0000000000
95764  -52.171  32.863  45.443 0.0000000000
95782  -45.734  31.798  41.825 0.0000000000
95798  -47.014  32.389  41.750 0.0000000000
95811  -47.376  32.366  40.277 0.0000000000
120204  -53.804  13.332  58.184 0.0000000000
122378  -48.881  32.575  43.904 0.0000000000
122840  -54.818  34.010  45.722 0.0000000000
124779  -56.473  27.626  46.919 0.0000000000
126437  -48.764  32.414  40.822 0.0000000000
126907  -54.661  24.887  35.600 0.0000000000
130444  -54.379  27.055  58.438 0.0000000000
131716  -55.257  27.725  55.514 0.0000000000
133012  -57.455  16.041  42.387 0.0000000000
133718  -57.488  20.747  47.973 0.0000000000
134137  -55.330  26.989  48.189 0.0000000000
134687  -54.713  27.382  56.468 0.0000000000
135730  -51.590  16.987  55.440 0.0000000000
135994  -50.130  22.118  43.267 0.0000000000
139423  -45.305  25.918  48.755 0.0000000000
140329  -55.112  28.003  58.295 0.0000000000
140951  -54.971  19.862  44.681 0.0000000000
141208  -55.492  32.996  49.607 0.0000000000
142066  -55.859  26.707  45.121 0.0000000000
142899  -56.589  27.464  51.729 0.0000000000
143199  -47.005  28.555  42.727 0.0000000000
143556  -41.363  31.434  37.587 0.0000000000
143667  -56.323  28.163  47.062 0.0000000000
