#!ascii label  , from subject sub-09 vox2ras=TkReg
876
58566  -23.978  -9.594  14.044 0.5555555820
58567  -24.650  -9.980  13.433 0.6666666865
58604  -25.116  -9.499  12.305 0.7777777910
58605  -25.744  -9.731  12.322 0.7777777910
60669  -25.488  -8.020  10.744 0.8888888955
59684  -27.450  -8.418  10.941 0.8888888955
58557  -22.727  -9.465  15.225 0.5555555820
126726  -23.241  -9.321  14.491 0.5555555820
59648  -23.863  -8.352  13.070 0.6666666865
59664  -24.163  -8.178  12.278 0.8888888955
58615  -25.764  -9.266  11.657 0.8888888955
59676  -26.160  -8.831  10.915 0.8888888955
60682  -26.640  -7.755  10.061 1.0000000000
60684  -27.981  -7.358  10.819 0.8888888955
61675  -27.820  -7.022  9.835 1.0000000000
60650  -23.111  -7.715  13.468 0.7777777910
61653  -24.119  -6.881  11.432 1.0000000000
62744  -24.218  -5.882  11.243 1.0000000000
140620  -24.478  -7.142  10.968 1.0000000000
61690  -25.677  -7.000  9.222 1.0000000000
61673  -24.632  -6.618  10.627 1.0000000000
61699  -26.380  -6.521  8.721 1.0000000000
62787  -24.841  -5.565  9.317 1.0000000000
62772  -25.572  -6.088  8.957 1.0000000000
62773  -27.784  -5.946  9.041 1.0000000000
62788  -25.936  -5.628  8.309 1.0000000000
62789  -26.775  -5.574  8.337 1.0000000000
62774  -28.283  -5.619  9.425 1.0000000000
63862  -27.538  -4.609  8.173 1.0000000000
63863  -27.988  -4.375  8.518 0.7777777910
63825  -23.450  -4.394  11.209 0.8888888955
62756  -24.495  -5.709  10.293 1.0000000000
141431  -25.230  -5.472  8.521 1.0000000000
63834  -24.093  -4.830  9.694 1.0000000000
63859  -24.598  -4.823  8.493 1.0000000000
63860  -25.867  -4.465  7.632 1.0000000000
63882  -27.184  -4.127  7.763 1.0000000000
65023  -27.425  -3.720  8.016 1.0000000000
65024  -28.008  -3.520  8.615 0.8888888955
66184  -27.810  -2.485  8.345 1.0000000000
66170  -28.645  -2.894  9.023 0.7777777910
66171  -29.661  -2.401  9.255 0.7777777910
64998  -23.121  -3.471  10.097 0.5555555820
66180  -23.544  -2.048  8.556 0.7777777910
65006  -23.542  -3.268  9.383 0.8888888955
66182  -25.396  -3.455  7.784 1.0000000000
65022  -25.136  -4.362  7.734 1.0000000000
66181  -24.675  -2.674  8.324 0.8888888955
65043  -26.346  -2.858  7.471 1.0000000000
66200  -27.064  -2.166  6.902 1.0000000000
66201  -27.642  -1.947  7.209 0.8888888955
67299  -28.322  -1.539  8.038 0.8888888955
68367  -29.652  -0.662  8.397 0.7777777910
67289  -30.749  -0.924  8.886 0.6666666865
67286  -22.248  -1.314  8.891 0.4444444478
67287  -22.545  -1.718  8.702 0.7777777910
67296  -22.612  -0.935  8.403 0.6666666865
67311  -24.238  -1.083  7.511 0.7777777910
67298  -24.648  -1.865  7.716 0.8888888955
66197  -25.731  -2.129  6.797 0.8888888955
66199  -26.714  -2.233  6.873 1.0000000000
67328  -25.985  -1.718  6.145 1.0000000000
67329  -26.817  -1.638  6.173 1.0000000000
67313  -27.369  -1.697  6.584 1.0000000000
67331  -27.523  -1.381  6.596 0.8888888955
68379  -27.919  -0.651  7.330 0.7777777910
124232  -31.106  -0.668  9.368 0.5555555820
69443  -29.678  0.065  8.447 0.7777777910
69444  -30.246  0.260  8.771 0.6666666865
69442  -22.717  0.244  8.171 0.6666666865
68366  -22.467  -0.386  8.691 0.6666666865
68376  -23.490  -0.510  7.823 0.7777777910
69451  -23.759  0.427  7.297 0.7777777910
68377  -24.454  -0.395  6.994 0.8888888955
68394  -25.725  -1.187  5.933 0.8888888955
68393  -25.167  -0.531  6.022 1.0000000000
68410  -25.767  -0.628  5.655 1.0000000000
68395  -26.837  -0.650  5.853 1.0000000000
67330  -27.127  -1.443  6.148 0.8888888955
68378  -27.520  0.158  6.999 0.8888888955
69452  -28.170  0.492  7.617 0.8888888955
68380  -28.841  -0.162  8.106 0.7777777910
134514  -27.465  1.258  7.133 0.8888888955
70446  -28.447  1.376  7.665 0.7777777910
129474  -29.677  0.736  8.467 0.7777777910
70439  -30.073  1.178  8.827 0.6666666865
69450  -22.138  1.043  8.286 0.6666666865
69441  -22.167  0.526  8.651 0.5555555820
70445  -22.958  1.298  7.466 0.7777777910
128691  -24.531  0.307  6.132 0.8888888955
69480  -24.650  0.903  5.546 1.0000000000
68409  -25.200  0.151  5.524 1.0000000000
69465  -26.325  0.842  6.175 1.0000000000
69466  -26.931  0.358  6.387 0.8888888955
70437  -28.727  1.989  7.719 0.7777777910
71535  -29.544  2.028  8.521 0.6666666865
71536  -30.342  1.999  9.340 0.5555555820
70431  -30.657  1.368  9.499 0.5555555820
70444  -22.332  1.718  7.838 0.7777777910
71534  -22.157  2.099  8.111 0.6666666865
70458  -24.159  1.768  5.845 1.0000000000
70475  -25.646  1.508  5.440 1.0000000000
70460  -27.147  2.279  6.238 0.8888888955
127578  -26.825  1.552  6.478 0.8888888955
71551  -27.392  2.798  6.227 0.8888888955
138447  -27.472  2.067  6.645 0.8888888955
72594  -28.791  2.568  7.991 0.7777777910
118139  -28.781  3.385  8.556 0.7777777910
72595  -29.287  2.821  8.819 0.7777777910
72596  -29.956  2.756  9.305 0.5555555820
73635  -27.851  3.909  7.161 0.7777777910
118133  -29.507  3.614  9.256 0.5555555820
127063  -30.492  3.551  9.479 0.5555555820
138662  -28.912  4.136  8.915 0.6666666865
72587  -21.089  3.433  9.787 0.4444444478
128355  -21.630  3.276  9.023 0.5555555820
126272  -22.298  3.378  6.945 0.7777777910
71549  -23.584  2.582  5.959 1.0000000000
71548  -22.714  2.761  6.517 0.8888888955
72608  -24.116  3.254  5.673 1.0000000000
72618  -25.640  3.178  5.312 0.8888888955
72611  -26.167  3.122  5.561 0.8888888955
71550  -26.709  2.560  5.859 0.8888888955
128910  -26.794  3.126  5.954 0.8888888955
72602  -27.969  3.070  6.650 0.8888888955
118134  -30.139  4.283  9.403 0.5555555820
74628  -21.891  6.506  7.219 0.6666666865
73639  -21.220  5.490  7.908 0.6666666865
73647  -23.433  4.992  6.428 0.7777777910
73657  -25.188  3.801  5.301 0.8888888955
73648  -24.420  4.444  5.995 0.7777777910
73649  -25.222  4.290  5.742 0.7777777910
72610  -25.650  3.742  5.447 0.8888888955
121323  -25.813  4.294  6.053 0.7777777910
73650  -26.336  3.705  5.979 0.8888888955
73641  -26.607  4.627  6.505 0.7777777910
118151  -27.322  4.522  6.918 0.7777777910
118158  -27.174  5.489  7.148 0.6666666865
118146  -28.169  5.353  8.390 0.6666666865
118152  -27.687  4.858  7.664 0.6666666865
118145  -28.286  4.230  8.226 0.5555555820
75564  -28.108  6.501  8.387 0.6666666865
118570  -28.692  5.895  9.159 0.5555555820
118144  -29.361  5.383  9.317 0.5555555820
118138  -29.488  4.609  9.265 0.4444444478
118183  -22.386  8.053  7.264 0.3333333433
75563  -21.767  7.523  7.468 0.3333333433
75571  -22.028  7.338  7.201 0.5555555820
75575  -22.824  6.368  6.795 0.6666666865
118179  -22.653  7.456  7.157 0.5555555820
74632  -23.889  5.698  6.225 0.7777777910
74633  -24.703  5.067  6.244 0.7777777910
118555  -25.257  6.596  7.046 0.6666666865
118097  -25.889  5.166  6.417 0.6666666865
143728  -25.857  6.009  6.571 0.6666666865
119464  -26.469  5.716  6.747 0.6666666865
136530  -26.812  6.262  7.258 0.6666666865
76452  -27.609  7.390  8.109 0.6666666865
76453  -28.277  7.615  8.735 0.6666666865
75565  -28.725  6.896  9.394 0.5555555820
137340  -29.443  7.189  9.687 0.5555555820
76454  -28.926  7.865  9.528 0.6666666865
118186  -22.692  8.402  7.358 0.4444444478
118180  -22.666  8.360  7.301 0.4444444478
118181  -23.207  8.714  7.373 0.5555555820
119679  -23.417  7.493  7.372 0.5555555820
121242  -24.309  6.591  6.861 0.6666666865
118162  -26.151  6.513  7.124 0.6666666865
119565  -26.649  7.195  7.694 0.6666666865
77405  -28.572  8.527  8.831 0.6666666865
77406  -29.549  8.629  9.052 0.5555555820
77401  -23.877  9.012  7.445 0.4444444478
76464  -24.829  8.443  7.786 0.6666666865
118773  -25.522  7.393  7.593 0.6666666865
76465  -25.905  8.280  7.777 0.6666666865
118713  -27.780  8.367  8.481 0.6666666865
59675  -25.185  -8.465  11.323 0.8888888955
60659  -23.797  -7.561  12.747 1.0000000000
60668  -24.584  -7.651  11.208 1.0000000000
60680  -24.979  -7.342  10.600 1.0000000000
60690  -27.161  -7.310  9.442 1.0000000000
141675  -22.281  -0.747  8.913 0.5555555820
68396  -27.353  -0.752  6.374 0.8888888955
70436  -21.880  1.462  8.544 0.5555555820
73628  -20.645  4.574  9.525 0.5555555820
70456  -22.621  2.047  7.102 0.7777777910
71562  -24.605  2.473  5.524 1.0000000000
71543  -28.269  2.543  7.154 0.8888888955
72586  -20.549  4.026  10.006 0.2222222239
118169  -25.352  4.835  6.222 0.7777777910
118170  -24.317  7.607  7.717 0.6666666865
69431  -22.364  0.002  9.105 0.4444444478
69440  -21.694  1.014  8.747 0.4444444478
132695  -29.969  7.898  9.760 0.5555555820
118184  -23.149  8.715  7.391 0.2222222239
57592  -24.038  -11.057  14.838 0.5555555820
56592  -24.956  -11.387  14.552 0.5555555820
58588  -25.306  -10.114  12.861 0.5555555820
57642  -26.009  -10.085  12.766 0.5555555820
58607  -26.885  -9.195  11.912 0.7777777910
59666  -27.480  -8.691  11.586 0.8888888955
57591  -23.171  -10.482  15.387 0.5555555820
58606  -26.334  -9.566  12.093 0.6666666865
58616  -26.678  -9.207  11.307 0.8888888955
59678  -28.083  -8.049  11.437 0.7777777910
142499  -28.484  -7.361  11.452 0.7777777910
61676  -28.421  -6.594  10.254 0.8888888955
57590  -22.278  -9.937  15.971 0.4444444478
59631  -22.349  -8.213  14.981 0.5555555820
61693  -28.154  -6.379  9.534 1.0000000000
60649  -22.410  -7.198  14.054 0.2222222239
61642  -23.455  -7.036  13.133 0.6666666865
63835  -28.772  -5.089  9.913 0.8888888955
63846  -29.096  -4.271  9.754 0.6666666865
66160  -29.924  -2.825  9.932 0.6666666865
63818  -22.601  -5.019  12.360 0.5555555820
66172  -30.345  -1.947  9.494 0.6666666865
63824  -22.724  -4.151  11.768 0.4444444478
67290  -30.821  -1.216  9.261 0.5555555820
125960  -22.077  -2.086  10.363 0.2222222239
69434  -31.339  0.085  9.694 0.5555555820
70432  -31.189  1.066  9.958 0.5555555820
123604  -21.534  1.247  9.421 0.3333333433
71529  -31.146  2.052  9.956 0.5555555820
141945  -21.422  2.449  9.529 0.4444444478
119399  -31.737  2.900  9.851 0.4444444478
72579  -20.952  3.267  10.267 0.3333333433
127533  -31.460  3.566  9.570 0.5555555820
74614  -30.236  5.207  9.393 0.4444444478
122049  -21.693  7.424  7.680 0.3333333433
118182  -21.387  7.181  7.866 0.3333333433
75562  -21.063  6.786  7.755 0.4444444478
74624  -29.620  6.233  9.505 0.4444444478
75566  -30.353  6.978  9.627 0.4444444478
77407  -30.735  8.536  9.300 0.2222222239
76451  -23.968  9.018  7.515 0.6666666865
76466  -26.919  8.237  8.144 0.6666666865
77404  -27.189  9.120  8.390 0.6666666865
78358  -28.013  9.284  8.622 0.6666666865
78359  -29.040  9.321  8.729 0.6666666865
78360  -30.207  9.305  8.829 0.4444444478
77419  -25.309  8.901  7.892 0.5555555820
57601  -23.617  -10.079  14.675 0.5555555820
57602  -24.568  -10.531  14.141 0.6666666865
57626  -25.169  -10.505  13.514 0.6666666865
58587  -24.160  -9.191  13.331 0.6666666865
135759  -24.719  -9.613  12.856 0.7777777910
59649  -24.449  -8.930  12.616 0.7777777910
59665  -24.797  -8.774  11.927 0.8888888955
60683  -27.325  -7.747  10.320 1.0000000000
59677  -26.907  -8.665  10.743 0.8888888955
58617  -27.073  -9.038  11.147 0.8888888955
127926  -22.366  -8.682  15.344 0.5555555820
58565  -22.731  -8.751  14.683 0.5555555820
59632  -23.320  -8.717  13.876 0.6666666865
120527  -24.448  -8.116  11.689 0.8888888955
59683  -26.257  -8.167  10.533 1.0000000000
60681  -25.762  -7.549  9.979 1.0000000000
61691  -26.399  -7.246  9.221 1.0000000000
61692  -27.603  -6.791  9.061 1.0000000000
61641  -22.829  -6.948  13.489 0.6666666865
60633  -22.591  -8.034  14.300 0.6666666865
60660  -24.058  -7.534  11.916 1.0000000000
61652  -23.781  -6.739  12.491 0.8888888955
136275  -23.938  -6.082  11.992 0.8888888955
125830  -23.530  -5.184  11.759 0.8888888955
61674  -25.181  -7.057  9.942 1.0000000000
61689  -25.105  -6.315  9.756 1.0000000000
122997  -26.993  -6.969  8.878 1.0000000000
61700  -27.212  -6.241  8.733 1.0000000000
62790  -27.442  -5.357  8.497 1.0000000000
128332  -26.317  -4.949  7.853 1.0000000000
129269  -25.385  -5.032  7.899 1.0000000000
63861  -27.137  -4.776  7.919 1.0000000000
62791  -27.868  -5.119  8.823 1.0000000000
63845  -28.386  -4.742  9.285 0.8888888955
65008  -28.557  -3.874  9.148 0.7777777910
63833  -23.575  -4.220  10.444 1.0000000000
64990  -23.094  -3.629  10.998 0.5555555820
62755  -23.949  -5.026  10.831 1.0000000000
65007  -24.015  -4.177  9.093 1.0000000000
63844  -23.633  -4.013  9.706 0.8888888955
65021  -24.424  -3.738  8.475 1.0000000000
63880  -25.911  -3.759  7.485 1.0000000000
63881  -26.629  -4.086  7.536 1.0000000000
65044  -26.771  -3.033  7.647 1.0000000000
66183  -27.157  -2.616  7.663 1.0000000000
66185  -29.097  -1.965  8.689 0.8888888955
67288  -30.232  -1.493  8.862 0.6666666865
64997  -22.514  -2.957  10.477 0.5555555820
66159  -22.644  -2.752  9.689 0.6666666865
66169  -22.782  -2.371  9.140 0.7777777910
67297  -23.384  -1.379  8.174 0.8888888955
65020  -23.874  -2.746  8.933 0.8888888955
138726  -25.450  -2.594  7.600 0.8888888955
66198  -26.035  -2.763  7.163 1.0000000000
66214  -26.980  -1.816  6.404 1.0000000000
67314  -27.881  -1.436  7.168 0.8888888955
67315  -28.701  -0.963  7.958 0.8888888955
67300  -29.473  -1.233  8.432 0.7777777910
137015  -30.265  -0.995  8.613 0.7777777910
68368  -30.330  -0.504  8.684 0.6666666865
68360  -30.837  -0.324  9.055 0.6666666865
68359  -22.241  -0.988  9.271 0.3333333433
67279  -22.180  -1.753  9.557 0.3333333433
66168  -22.187  -2.028  9.150 0.4444444478
142865  -22.368  -2.297  9.424 0.6666666865
67312  -25.184  -1.326  6.646 0.8888888955
66213  -26.629  -1.881  6.439 1.0000000000
67343  -26.709  -1.345  5.897 1.0000000000
69453  -29.012  0.708  8.170 0.7777777910
69433  -30.718  0.561  9.294 0.5555555820
136018  -26.347  0.092  5.763 1.0000000000
70438  -29.262  1.355  8.210 0.7777777910
69430  -21.712  0.839  9.053 0.4444444478
69464  -23.889  1.147  6.454 0.8888888955
69482  -25.920  1.029  5.772 1.0000000000
70459  -26.450  1.834  5.851 0.8888888955
130899  -28.020  2.044  7.109 0.7777777910
118130  -30.868  2.784  9.600 0.5555555820
71533  -21.809  2.211  8.808 0.5555555820
71541  -22.363  2.468  7.365 0.6666666865
70457  -23.230  1.947  6.510 0.8888888955
70476  -26.031  1.828  5.515 1.0000000000
71542  -27.752  2.507  6.587 0.8888888955
72593  -28.346  3.236  7.517 0.8888888955
72612  -27.209  3.633  6.456 0.8888888955
72592  -22.089  3.124  8.038 0.5555555820
72607  -23.145  3.407  6.033 1.0000000000
143280  -22.627  3.579  6.416 0.7777777910
72601  -21.961  4.342  7.518 0.7777777910
72617  -25.022  3.270  5.178 0.8888888955
118135  -30.954  4.381  9.486 0.5555555820
74623  -20.544  6.171  7.987 0.5555555820
75570  -21.432  7.030  7.387 0.4444444478
73640  -21.958  5.451  7.399 0.6666666865
73646  -22.617  5.336  6.860 0.6666666865
131901  -22.405  4.345  6.806 0.7777777910
124820  -21.524  4.315  8.364 0.7777777910
73634  -20.812  5.342  8.673 0.6666666865
129535  -23.715  3.977  5.956 0.7777777910
75572  -27.394  6.424  7.695 0.6666666865
118153  -27.705  5.723  7.838 0.6666666865
123777  -28.800  4.941  8.902 0.5555555820
118178  -23.511  6.532  6.736 0.6666666865
134636  -24.243  5.978  6.184 0.7777777910
70427  -21.495  1.512  9.326 0.4444444478
73633  -20.589  5.342  9.202 0.3333333433
76455  -31.023  7.627  9.388 0.3333333433
59650  -27.567  -8.698  12.634 0.6666666865
57579  -22.719  -10.837  16.112 0.5555555820
62757  -28.676  -5.975  9.974 0.7777777910
136243  -21.721  -9.575  16.587 0.3333333433
65009  -29.306  -3.375  9.581 0.6666666865
61659  -23.293  -5.848  12.515 0.7777777910
66158  -22.248  -2.303  9.899 0.3333333433
66150  -22.154  -2.520  10.926 0.3333333433
69419  -22.134  0.508  9.415 0.4444444478
70415  -21.283  1.780  9.701 0.3333333433
71525  -21.155  2.316  9.960 0.3333333433
75544  -20.561  6.079  8.575 0.3333333433
57593  -28.212  -10.990  15.563 0.4444444478
57581  -29.578  -10.797  16.379 0.2222222239
125130  -25.306  -11.945  14.998 0.4444444478
135420  -26.057  -11.741  15.089 0.4444444478
57603  -25.447  -10.951  13.995 0.4444444478
56594  -26.441  -11.242  14.565 0.4444444478
56585  -27.346  -10.990  14.874 0.4444444478
57606  -28.185  -10.435  14.914 0.4444444478
58558  -29.717  -9.760  15.067 0.2222222239
57628  -26.271  -10.359  13.460 0.4444444478
57629  -26.805  -9.907  13.708 0.4444444478
135637  -27.621  -9.638  13.882 0.4444444478
58559  -30.544  -9.533  15.363 0.1111111119
58560  -31.275  -9.199  15.696 0.1111111119
58570  -29.417  -9.384  14.322 0.3333333433
58569  -28.552  -9.534  14.034 0.3333333433
58592  -29.012  -8.970  13.666 0.3333333433
59622  -30.900  -8.782  15.051 0.2222222239
58591  -27.963  -9.003  13.432 0.4444444478
58589  -26.476  -9.689  12.833 0.5555555820
58590  -27.016  -9.161  13.183 0.4444444478
60651  -29.674  -7.643  13.240 0.2222222239
60634  -30.873  -7.713  14.184 0.1111111119
61626  -30.980  -6.845  14.183 0.1111111119
59668  -28.945  -7.889  12.782 0.3333333433
136870  -28.671  -7.644  12.041 0.4444444478
60670  -29.004  -7.023  11.824 0.5555555820
61661  -29.187  -6.357  11.555 0.6666666865
62725  -29.921  -6.042  12.960 0.4444444478
61677  -28.912  -6.155  10.739 0.6666666865
63819  -30.571  -4.329  12.262 0.3333333433
62758  -29.034  -5.317  10.567 0.6666666865
63827  -30.253  -4.364  11.423 0.5555555820
63837  -30.193  -4.138  10.708 0.5555555820
64991  -30.610  -3.596  11.463 0.3333333433
63836  -29.461  -4.552  10.324 0.5555555820
66161  -30.437  -2.297  10.315 0.4444444478
66173  -30.739  -1.591  9.914 0.5555555820
65000  -30.228  -3.176  10.644 0.4444444478
67280  -31.214  -1.007  9.995 0.4444444478
77403  -26.345  8.976  8.185 0.5555555820
119241  -28.400  10.097  8.690 0.5555555820
56573  -27.471  -11.464  15.706 0.4444444478
58571  -30.225  -9.156  14.640 0.2222222239
59653  -30.249  -8.098  13.700 0.2222222239
61643  -29.764  -6.861  13.156 0.4444444478
60661  -29.235  -7.269  12.593 0.4444444478
62745  -29.303  -5.520  11.340 0.6666666865
62737  -29.608  -5.772  12.139 0.4444444478
66154  -30.709  -2.599  11.106 0.3333333433
66162  -30.991  -1.777  10.625 0.4444444478
141512  -26.780  9.609  8.266 0.5555555820
78357  -26.723  10.115  8.250 0.5555555820
57627  -25.748  -10.535  13.412 0.4444444478
62726  -30.563  -5.540  13.423 0.2222222239
131508  -26.104  -12.558  16.327 0.4444444478
139338  -26.895  -12.319  16.576 0.4444444478
55532  -27.520  -11.937  16.432 0.4444444478
140879  -29.070  -11.587  16.874 0.2222222239
56575  -30.035  -11.230  17.074 0.2222222239
57561  -30.805  -10.835  17.291 0.1111111119
56583  -23.647  -11.424  15.596 0.4444444478
55544  -25.623  -12.296  15.587 0.4444444478
57595  -30.073  -10.177  15.816 0.1111111119
58546  -30.922  -9.919  16.072 0.1111111119
59612  -31.949  -8.757  16.040 0.1111111119
59635  -31.275  -8.056  14.742 0.1111111119
60624  -31.900  -7.699  15.184 0.1111111119
61627  -31.737  -6.486  14.565 0.1111111119
62708  -31.155  -5.851  14.109 0.1111111119
62727  -31.052  -5.077  13.800 0.2222222239
64985  -31.066  -3.485  12.285 0.1111111119
63806  -30.818  -4.729  13.157 0.2222222239
66145  -31.045  -2.889  11.788 0.2222222239
66155  -31.391  -2.049  11.516 0.2222222239
68353  -31.519  -0.305  10.000 0.4444444478
138390  -31.712  0.126  10.138 0.3333333433
69426  -31.849  0.741  10.409 0.3333333433
74622  -20.460  5.934  8.520 0.4444444478
75546  -30.737  6.113  9.452 0.3333333433
77402  -24.483  9.085  7.638 0.4444444478
119218  -29.607  10.033  8.644 0.5555555820
78356  -26.006  9.401  8.326 0.5555555820
135908  -27.367  10.085  8.241 0.5555555820
120612  -27.866  10.854  8.542 0.5555555820
118691  -25.558  9.843  8.653 0.5555555820
56584  -24.547  -11.820  15.190 0.4444444478
59667  -28.222  -8.248  12.225 0.6666666865
61660  -28.674  -6.790  11.102 0.6666666865
64999  -29.854  -3.834  10.116 0.5555555820
70422  -31.812  1.676  10.383 0.4444444478
57580  -28.833  -11.034  16.161 0.4444444478
57582  -30.449  -10.516  16.591 0.1111111119
137176  -24.962  -12.414  15.446 0.4444444478
56593  -25.741  -11.435  14.478 0.4444444478
55531  -26.622  -11.941  15.867 0.4444444478
57604  -26.100  -10.975  13.948 0.4444444478
57605  -26.690  -10.677  14.150 0.4444444478
58568  -27.428  -10.255  14.354 0.4444444478
57594  -29.070  -10.429  15.534 0.4444444478
57607  -28.854  -9.914  14.724 0.4444444478
143437  -28.144  -9.979  14.382 0.4444444478
58547  -31.684  -9.545  16.387 0.1111111119
59652  -29.406  -8.286  13.421 0.3333333433
59651  -28.442  -8.406  13.092 0.3333333433
59633  -29.870  -8.746  13.988 0.2222222239
59634  -30.598  -8.430  14.351 0.2222222239
60652  -30.326  -7.312  13.706 0.2222222239
61644  -30.437  -6.416  13.623 0.1111111119
60635  -31.565  -7.302  14.597 0.1111111119
61654  -29.442  -6.578  12.365 0.4444444478
62738  -30.195  -5.206  12.647 0.3333333433
63820  -31.178  -3.969  12.951 0.1111111119
62746  -29.812  -4.928  11.863 0.4444444478
63826  -29.591  -4.764  11.083 0.5555555820
68343  -31.711  -0.591  10.643 0.4444444478
56574  -28.241  -11.498  16.287 0.4444444478
79269  -26.205  10.687  8.685 0.5555555820
55533  -28.263  -12.034  16.864 0.4444444478
56571  -24.226  -12.303  15.939 0.4444444478
57583  -31.329  -10.277  16.775 0.1111111119
59623  -31.557  -8.416  15.415 0.1111111119
51901  -27.258  -16.256  21.345 0.1111111119
129973  -23.879  -14.924  19.110 0.3333333433
51915  -26.193  -15.225  20.731 0.2222222239
51900  -26.433  -15.844  21.060 0.2222222239
143837  -27.546  -15.409  21.360 0.1111111119
54386  -22.193  -13.127  18.540 0.3333333433
54378  -22.705  -13.967  18.946 0.3333333433
53126  -23.096  -14.745  19.205 0.3333333433
53137  -25.067  -14.378  19.002 0.3333333433
53129  -26.308  -14.208  19.801 0.3333333433
53114  -26.013  -14.768  20.257 0.2222222239
53115  -26.672  -14.501  20.513 0.2222222239
51916  -27.817  -14.796  21.337 0.1111111119
53116  -27.450  -14.228  20.791 0.2222222239
56548  -21.404  -11.955  17.964 0.2222222239
55502  -21.955  -12.602  17.983 0.2222222239
54387  -23.199  -13.706  18.260 0.3333333433
53135  -23.563  -14.328  18.689 0.3333333433
53136  -24.383  -14.416  18.726 0.3333333433
53130  -27.075  -13.783  20.093 0.1111111119
56557  -21.890  -11.425  17.478 0.2222222239
55509  -22.453  -12.209  17.560 0.3333333433
56558  -22.853  -11.892  17.081 0.3333333433
55503  -22.974  -13.015  17.766 0.3333333433
55529  -23.668  -12.457  16.707 0.3333333433
55510  -23.900  -13.123  17.166 0.3333333433
54395  -23.725  -13.511  17.772 0.3333333433
54396  -24.466  -13.531  17.646 0.3333333433
54390  -26.051  -13.598  18.324 0.3333333433
54397  -25.386  -13.412  17.619 0.3333333433
54391  -26.943  -13.281  18.218 0.3333333433
122539  -27.462  -13.242  18.729 0.3333333433
54380  -27.597  -13.332  19.512 0.1111111119
55495  -28.094  -12.956  18.860 0.2222222239
57560  -21.490  -10.561  17.370 0.2222222239
56569  -22.283  -11.113  16.830 0.2222222239
55511  -24.811  -13.222  16.912 0.3333333433
55512  -25.719  -13.037  16.900 0.3333333433
54398  -26.322  -13.203  17.597 0.3333333433
55513  -26.625  -12.754  17.034 0.3333333433
55504  -27.814  -12.918  18.020 0.3333333433
57577  -21.502  -10.006  16.973 0.3333333433
57578  -21.841  -10.292  16.635 0.3333333433
130509  -25.107  -12.807  16.129 0.3333333433
55514  -27.586  -12.503  17.149 0.3333333433
67272  -31.477  -1.300  10.828 0.2222222239
118127  -31.929  2.409  10.239 0.2222222239
53127  -24.612  -14.873  19.297 0.3333333433
53128  -25.437  -14.687  19.666 0.3333333433
53102  -27.042  -15.144  21.075 0.2222222239
54389  -25.025  -13.852  18.377 0.3333333433
54379  -25.794  -14.051  19.048 0.3333333433
121281  -26.750  -13.623  19.135 0.3333333433
135718  -23.223  -12.535  17.276 0.3333333433
56570  -23.244  -11.694  16.387 0.3333333433
50797  -26.874  -17.228  21.364 0.1111111119
128276  -27.792  -17.186  21.520 0.1111111119
53113  -22.766  -15.217  19.586 0.3333333433
51920  -23.401  -15.471  19.430 0.3333333433
51913  -23.598  -16.210  19.656 0.3333333433
128228  -24.560  -16.183  20.181 0.3333333433
51899  -25.617  -15.996  20.801 0.3333333433
140044  -28.607  -17.272  21.592 0.1111111119
51902  -28.046  -15.505  21.572 0.1111111119
51903  -28.871  -15.593  21.736 0.1111111119
55501  -21.263  -12.394  18.529 0.2222222239
53117  -28.266  -13.986  21.085 0.1111111119
56556  -21.142  -11.008  18.262 0.2222222239
54369  -27.867  -13.498  20.359 0.1111111119
54382  -29.066  -12.623  19.860 0.1111111119
55496  -28.762  -12.603  18.997 0.1111111119
55505  -28.524  -12.659  18.303 0.1111111119
55515  -28.658  -12.381  17.549 0.1111111119
68354  -32.017  0.190  10.605 0.2222222239
118094  -32.345  3.517  9.726 0.2222222239
118128  -32.467  2.972  10.148 0.2222222239
137352  -21.970  -8.911  16.139 0.2222222239
61651  -23.028  -6.426  13.092 0.5555555820
70423  -32.400  1.425  10.704 0.2222222239
50798  -28.288  -16.482  21.561 0.1111111119
51921  -24.125  -15.540  19.529 0.3333333433
51922  -24.795  -15.297  19.835 0.3333333433
51914  -25.421  -15.331  20.323 0.3333333433
54385  -21.326  -12.747  19.167 0.2222222239
54377  -21.878  -13.354  19.492 0.2222222239
54388  -24.062  -13.936  18.189 0.3333333433
55530  -24.375  -12.844  16.529 0.3333333433
54399  -27.097  -12.980  17.586 0.3333333433
54381  -28.329  -12.976  19.709 0.1111111119
50796  -26.221  -16.755  21.051 0.2222222239
51912  -22.934  -15.939  19.703 0.3333333433
51911  -22.170  -15.284  20.206 0.2222222239
53124  -21.380  -13.522  20.134 0.2222222239
68344  -32.210  -0.197  11.250 0.1111111119
69416  -33.203  0.823  11.421 0.1111111119
69415  -32.673  0.555  11.143 0.1111111119
118118  -33.181  1.129  11.125 0.1111111119
118116  -33.472  1.422  11.527 0.1111111119
118085  -33.286  1.730  11.211 0.1111111119
118122  -32.518  2.278  10.610 0.1111111119
118091  -33.108  2.588  10.980 0.1111111119
124671  -32.016  4.398  9.495 0.2222222239
118126  -32.921  3.052  10.518 0.1111111119
75547  -31.706  6.056  9.410 0.1111111119
74615  -31.300  5.269  9.484 0.2222222239
76435  -31.341  6.803  9.347 0.1111111119
125263  -32.224  5.352  9.494 0.1111111119
75548  -32.572  6.044  9.290 0.1111111119
120674  -24.220  9.972  8.083 0.4444444478
78355  -24.777  9.166  8.142 0.4444444478
76456  -31.978  7.204  8.662 0.1111111119
79271  -30.877  10.020  8.533 0.3333333433
78361  -31.391  9.044  8.785 0.1111111119
77408  -31.635  8.023  8.682 0.1111111119
78362  -32.136  8.193  7.702 0.1111111119
79270  -27.134  10.945  8.260 0.4444444478
133548  -27.149  11.733  8.369 0.4444444478
80193  -27.623  11.604  8.484 0.4444444478
80194  -28.598  11.628  8.710 0.4444444478
80195  -29.816  11.577  8.572 0.4444444478
119106  -30.021  10.712  8.616 0.2222222239
79282  -30.715  10.939  8.233 0.2222222239
79283  -31.479  10.268  7.781 0.2222222239
81150  -29.355  12.684  3.042 0.1111111119
81144  -31.152  11.739  4.813 0.1111111119
79294  -32.454  9.464  6.290 0.1111111119
79267  -23.279  10.361  7.921 0.4444444478
80190  -24.160  10.850  8.689 0.4444444478
79268  -24.833  10.372  8.857 0.4444444478
80191  -25.408  11.378  8.922 0.3333333433
80192  -26.525  11.595  8.534 0.4444444478
121277  -27.535  12.428  8.351 0.4444444478
138576  -28.232  12.243  8.464 0.4444444478
81956  -29.111  13.465  8.066 0.3333333433
81106  -30.155  12.401  8.212 0.3333333433
81117  -30.691  12.636  7.527 0.1111111119
142480  -31.076  12.086  7.368 0.1111111119
81118  -31.261  12.210  6.877 0.1111111119
137588  -31.264  11.085  7.601 0.2222222239
80206  -31.405  11.605  7.199 0.1111111119
80220  -31.714  11.433  6.497 0.1111111119
136265  -23.286  10.487  8.319 0.2222222239
81103  -26.723  12.378  8.423 0.3333333433
81104  -28.400  12.983  8.255 0.3333333433
81105  -29.235  12.536  8.415 0.4444444478
81116  -29.966  13.165  8.002 0.2222222239
81967  -30.320  13.424  7.369 0.2222222239
81130  -30.822  13.056  6.552 0.1111111119
136770  -29.583  13.890  7.495 0.1111111119
81981  -30.155  13.883  6.733 0.1111111119
81143  -30.811  12.775  5.238 0.1111111119
81980  -29.831  14.195  5.966 0.1111111119
81993  -30.390  13.652  5.672 0.1111111119
81102  -25.745  12.348  8.893 0.3333333433
122975  -25.355  13.130  9.557 0.3333333433
81097  -26.215  13.269  8.790 0.3333333433
81098  -27.023  13.026  8.337 0.3333333433
133264  -27.676  13.265  8.241 0.3333333433
81954  -28.062  13.850  8.157 0.2222222239
81955  -28.665  14.145  7.824 0.2222222239
82866  -28.797  14.426  7.294 0.1111111119
82884  -29.162  14.699  5.557 0.1111111119
81997  -30.209  13.371  4.365 0.1111111119
82895  -27.759  14.049  2.916 0.1111111119
81944  -23.857  13.981  10.651 0.1111111119
81945  -25.417  13.932  9.908 0.2222222239
136671  -26.328  14.203  9.391 0.2222222239
81950  -27.103  13.892  8.618 0.3333333433
82843  -26.690  14.820  9.182 0.2222222239
82850  -27.329  14.583  8.508 0.3333333433
82865  -27.940  14.755  7.577 0.1111111119
83762  -27.185  15.816  7.419 0.1111111119
82875  -28.131  15.151  6.859 0.1111111119
82876  -29.240  14.513  6.619 0.1111111119
82883  -28.273  15.429  4.894 0.1111111119
81992  -29.791  14.108  4.908 0.1111111119
82837  -24.450  14.346  10.588 0.1111111119
82838  -25.272  15.080  10.697 0.1111111119
83750  -26.324  16.781  9.337 0.1111111119
83744  -26.293  15.891  9.382 0.1111111119
131317  -26.870  15.330  8.808 0.2222222239
83751  -26.595  16.302  8.690 0.1111111119
84610  -26.754  17.100  7.516 0.1111111119
83770  -27.246  16.341  6.611 0.1111111119
83774  -27.224  16.202  5.462 0.1111111119
134078  -25.704  15.629  10.975 0.1111111119
84581  -26.242  16.158  11.015 0.1111111119
84589  -26.240  17.006  10.257 0.1111111119
84596  -26.077  17.078  9.930 0.1111111119
84597  -26.510  17.260  9.497 0.1111111119
84600  -26.568  17.098  8.525 0.1111111119
84590  -26.794  17.373  10.204 0.1111111119
119737  -27.130  16.515  11.064 0.1111111119
85365  -26.857  17.557  9.739 0.1111111119
69402  -32.770  0.169  11.883 0.1111111119
72589  -33.061  3.472  9.988 0.1111111119
129961  -32.907  4.092  9.691 0.1111111119
76436  -32.246  6.657  8.986 0.1111111119
78372  -31.772  9.338  8.005 0.1111111119
77409  -32.468  7.289  7.573 0.1111111119
79293  -31.929  10.595  6.994 0.2222222239
81131  -31.380  12.158  5.951 0.1111111119
80231  -31.686  11.107  5.519 0.1111111119
82864  -27.204  15.358  8.197 0.1111111119
136996  -25.842  16.178  10.303 0.1111111119
84614  -27.011  17.072  6.631 0.1111111119
118113  -33.638  1.496  12.471 0.1111111119
69403  -33.342  0.794  12.094 0.1111111119
82834  -25.351  15.082  11.446 0.1111111119
83734  -26.128  15.476  11.866 0.1111111119
128835  -26.322  17.459  9.968 0.1111111119
130078  -33.386  0.904  13.085 0.1111111119
67273  -31.937  -1.122  11.517 0.1111111119
124264  -32.369  -0.580  11.931 0.1111111119
68332  -32.917  0.276  12.899 0.1111111119
139225  -33.865  1.399  13.194 0.1111111119
118117  -33.869  2.144  11.987 0.1111111119
118119  -33.527  2.345  11.403 0.1111111119
71513  -34.034  2.911  11.714 0.1111111119
118123  -33.553  3.215  11.188 0.1111111119
73620  -33.577  3.957  9.945 0.1111111119
118125  -33.416  3.491  10.515 0.1111111119
119844  -33.362  4.688  9.759 0.1111111119
74616  -32.998  5.406  9.515 0.1111111119
76437  -32.956  6.565  8.469 0.1111111119
76457  -32.737  6.847  7.824 0.1111111119
138526  -32.468  8.434  7.038 0.1111111119
77420  -32.849  7.534  6.832 0.1111111119
78354  -23.548  10.241  7.993 0.4444444478
78381  -32.830  8.747  6.222 0.1111111119
121796  -32.095  10.327  6.047 0.1111111119
80182  -23.447  10.678  8.538 0.2222222239
80183  -24.008  11.078  9.070 0.2222222239
81096  -24.837  12.689  9.755 0.2222222239
80235  -31.351  10.508  4.460 0.1111111119
81092  -24.216  13.447  10.282 0.1111111119
80238  -29.556  11.512  2.626 0.1111111119
81089  -23.875  13.867  10.741 0.1111111119
132109  -24.157  14.188  11.351 0.1111111119
82829  -25.130  14.734  11.801 0.1111111119
82830  -25.651  15.003  12.136 0.1111111119
82000  -27.974  13.005  2.434 0.1111111119
83731  -26.133  15.124  12.914 0.1111111119
83732  -26.729  15.743  12.705 0.1111111119
84618  -26.799  17.045  5.662 0.1111111119
83773  -26.488  16.913  4.540 0.1111111119
83791  -26.616  15.561  2.920 0.1111111119
82893  -25.450  14.288  1.794 0.1111111119
83735  -26.765  16.019  11.798 0.1111111119
85375  -26.974  17.350  7.782 0.1111111119
85386  -27.271  17.466  6.568 0.1111111119
119470  -29.049  10.845  8.931 0.4444444478
69427  -32.598  0.909  10.854 0.1111111119
125389  -32.961  1.623  10.960 0.1111111119
80205  -30.787  11.795  7.888 0.2222222239
79284  -32.309  9.330  7.024 0.1111111119
81148  -30.407  12.274  3.924 0.1111111119
81996  -29.170  13.720  3.607 0.1111111119
81095  -24.806  11.735  9.102 0.3333333433
82888  -28.808  14.550  4.294 0.1111111119
82887  -27.814  15.234  3.534 0.1111111119
82894  -26.062  14.303  2.320 0.1111111119
81941  -24.004  14.183  11.032 0.1111111119
81949  -24.271  13.720  10.153 0.1111111119
82842  -25.597  15.261  10.071 0.1111111119
82851  -27.830  14.468  8.029 0.1111111119
120415  -28.427  15.555  6.071 0.1111111119
82833  -24.689  14.562  11.175 0.1111111119
83743  -25.917  16.405  9.876 0.1111111119
83761  -26.610  16.562  7.890 0.1111111119
83769  -26.860  16.674  7.277 0.1111111119
85371  -27.069  17.377  8.864 0.1111111119
68331  -32.534  -0.470  12.673 0.1111111119
79306  -31.761  9.808  5.063 0.1111111119
85393  -26.804  17.657  5.578 0.1111111119
85372  -28.226  17.529  9.178 0.1111111119
118114  -34.086  2.054  12.931 0.1111111119
137764  -32.713  4.810  9.603 0.1111111119
75549  -33.296  6.086  9.283 0.1111111119
139010  -32.349  9.328  5.299 0.1111111119
80240  -30.842  9.541  3.434 0.1111111119
81075  -24.428  12.384  11.670 0.1111111119
80234  -30.556  10.944  3.615 0.1111111119
81932  -24.630  14.178  11.732 0.1111111119
83782  -27.265  16.097  4.036 0.1111111119
131085  -27.774  17.601  7.088 0.1111111119
50805  -23.109  -16.687  19.875 0.2222222239
63805  -22.130  -4.878  12.787 0.2222222239
64981  -21.953  -3.573  12.072 0.2222222239
60632  -22.112  -7.519  14.896 0.3333333433
62736  -22.380  -5.715  12.974 0.3333333433
63817  -22.153  -4.278  12.365 0.3333333433
77388  -24.201  8.951  8.903 0.2222222239
78339  -22.542  9.195  9.706 0.1111111119
79258  -22.295  9.720  9.345 0.1111111119
79266  -22.961  10.619  8.363 0.2222222239
76433  -20.902  6.481  8.391 0.2222222239
74612  -20.570  5.648  9.137 0.1111111119
130308  -22.266  -6.374  13.687 0.2222222239
75524  -20.464  6.818  10.573 0.1111111119
118177  -23.183  7.967  8.665 0.1111111119
118174  -23.897  7.810  8.825 0.1111111119
77375  -25.236  8.927  9.394 0.1111111119
78327  -24.531  9.404  9.875 0.1111111119
78326  -22.630  9.449  10.035 0.1111111119
79254  -22.783  10.218  10.194 0.1111111119
77387  -23.993  8.481  8.591 0.1111111119
68347  -22.304  -1.610  10.034 0.1111111119
69420  -22.435  -0.380  9.584 0.3333333433
78341  -24.354  9.658  7.995 0.3333333433
78340  -23.297  8.844  9.265 0.1111111119
78328  -24.607  9.058  9.340 0.1111111119
76434  -24.495  8.202  9.502 0.1111111119
50793  -23.323  -17.290  20.258 0.1111111119
50806  -23.724  -16.860  19.886 0.1111111119
50794  -24.189  -17.179  20.370 0.1111111119
50791  -21.650  -16.422  21.397 0.1111111119
51898  -21.926  -15.892  20.793 0.1111111119
53125  -22.211  -14.353  19.722 0.1111111119
59611  -21.970  -8.091  16.460 0.1111111119
64980  -21.707  -3.186  12.239 0.1111111119
63816  -21.928  -3.923  12.469 0.1111111119
127720  -20.046  2.626  12.584 0.2222222239
72566  -19.834  3.748  12.769 0.2222222239
64989  -22.328  -3.208  11.396 0.1111111119
50785  -22.126  -17.414  21.311 0.1111111119
49791  -22.812  -17.624  20.789 0.1111111119
128374  -23.655  -17.710  20.954 0.1111111119
50795  -25.177  -16.890  20.835 0.1111111119
51890  -20.699  -15.872  22.054 0.1111111119
51910  -21.257  -15.110  20.828 0.1111111119
53112  -21.086  -14.266  20.568 0.1111111119
54376  -20.735  -12.728  19.917 0.1111111119
56547  -20.748  -11.647  18.836 0.1111111119
59620  -22.065  -7.670  15.683 0.1111111119
62702  -21.934  -6.211  14.092 0.1111111119
64964  -21.266  -3.366  13.862 0.1111111119
70409  -20.877  1.897  12.072 0.2222222239
130784  -19.988  4.229  13.353 0.2222222239
73589  -19.794  5.469  13.267 0.1111111119
125703  -20.414  4.902  9.629 0.1111111119
66149  -21.839  -2.837  11.771 0.1111111119
59621  -22.113  -8.131  15.619 0.1111111119
126708  -20.637  -10.997  19.282 0.1111111119
57559  -21.406  -10.159  17.899 0.1111111119
143428  -21.778  -8.665  16.756 0.1111111119
50804  -22.606  -16.163  20.225 0.1111111119
62724  -22.061  -5.716  13.438 0.1111111119
50792  -22.490  -16.906  20.541 0.1111111119
51897  -20.979  -15.476  21.387 0.1111111119
60613  -21.824  -7.953  16.182 0.1111111119
71509  -20.352  2.328  12.588 0.1111111119
53101  -20.215  -14.678  21.145 0.1111111119
54368  -20.437  -13.307  20.528 0.1111111119
60612  -21.741  -8.477  16.748 0.1111111119
60594  -22.426  -7.945  16.953 0.1111111119
61612  -21.903  -7.019  14.912 0.1111111119
73590  -20.684  5.408  13.224 0.1111111119
74570  -20.300  6.376  12.884 0.1111111119
127735  -21.283  6.987  8.181 0.1111111119
69409  -21.936  0.811  11.229 0.1111111119
76415  -21.019  7.420  10.365 0.1111111119
56572  -26.779  -11.454  15.232 0.4444444478
66212  -26.284  -2.050  6.524 1.0000000000
66227  -26.479  -1.668  6.156 1.0000000000
67342  -26.208  -1.309  5.816 1.0000000000
68411  -26.344  -0.699  5.699 1.0000000000
69481  -25.369  0.834  5.409 1.0000000000
70474  -25.029  1.581  5.433 1.0000000000
71510  -20.740  2.214  12.735 0.1111111119
71517  -20.542  2.209  11.808 0.2222222239
71563  -25.524  2.339  5.365 1.0000000000
71564  -26.127  2.459  5.485 0.8888888955
72609  -24.572  3.751  5.504 0.8888888955
73602  -19.771  5.015  13.113 0.1111111119
73617  -19.693  5.073  12.077 0.1111111119
74580  -21.382  6.027  12.525 0.1111111119
74627  -21.121  6.403  7.560 0.5555555820
75561  -20.646  6.273  8.161 0.3333333433
78325  -22.583  9.750  10.041 0.1111111119
78338  -22.412  9.468  9.748 0.1111111119
78352  -22.383  9.672  9.457 0.1111111119
78353  -22.746  9.828  9.205 0.1111111119
118175  -25.118  5.774  6.358 0.6666666865
118185  -22.274  8.253  7.293 0.4444444478
122968  -25.828  0.101  5.559 1.0000000000
125550  -21.191  4.194  9.143 0.5555555820
127856  -23.072  9.040  9.873 0.1111111119
128255  -26.383  -2.270  6.811 1.0000000000
129228  -23.659  9.846  10.332 0.1111111119
131538  -22.876  4.215  6.287 0.7777777910
137562  -21.063  6.765  8.124 0.2222222239
141665  -26.587  0.105  5.951 0.8888888955
