#!ascii label  , from subject sub-09 vox2ras=TkReg
806
15047  -34.807  -53.415  23.580 0.5000000000
130271  -35.769  -54.323  21.764 0.8000000119
133996  -36.154  -53.565  19.163 0.8000000119
123783  -36.317  -54.099  20.010 0.8000000119
15054  -36.274  -53.316  20.963 0.8000000119
14311  -34.740  -54.017  25.128 0.5000000000
14337  -35.123  -54.243  23.123 0.5000000000
15053  -35.514  -53.447  22.476 0.6000000238
15790  -36.044  -52.090  19.402 0.6999999881
15062  -36.388  -52.655  19.526 0.6999999881
15783  -35.918  -52.607  21.831 0.8000000119
125722  -35.523  -52.077  22.433 0.6999999881
14302  -34.618  -54.173  26.019 0.6000000238
15041  -34.475  -53.375  24.573 0.5000000000
15769  -34.101  -52.768  24.937 0.6000000238
15789  -34.608  -51.834  19.953 0.6999999881
15775  -34.357  -52.585  23.948 0.6000000238
16581  -35.569  -51.162  19.691 0.6999999881
135527  -35.068  -52.668  19.296 0.6999999881
15787  -36.690  -52.334  20.364 0.6999999881
16570  -34.236  -51.758  23.854 0.6000000238
16569  -33.945  -51.118  24.235 0.6000000238
16576  -36.357  -51.808  21.564 0.8000000119
16575  -35.655  -51.411  22.402 0.8000000119
16572  -34.732  -51.135  23.193 0.6999999881
15031  -33.720  -53.040  26.442 0.4000000060
16579  -34.168  -51.085  20.503 0.6999999881
16564  -33.483  -51.071  25.153 0.6000000238
132590  -35.013  -50.398  19.894 0.6999999881
16582  -36.714  -51.166  19.543 0.6999999881
15791  -36.837  -51.716  19.728 0.6999999881
16580  -37.089  -51.357  20.462 0.6999999881
130713  -36.815  -50.889  21.578 0.6000000238
19080  -33.879  -48.934  23.700 0.5000000000
17427  -37.209  -50.629  20.444 0.6000000238
17424  -37.138  -50.219  21.078 0.6000000238
18246  -35.489  -49.635  22.307 0.6000000238
19081  -34.913  -48.916  22.789 0.6000000238
19979  -34.436  -48.153  23.237 0.5000000000
15021  -33.435  -52.798  27.225 0.4000000060
123461  -33.280  -52.286  26.514 0.5000000000
19100  -33.958  -48.901  20.168 0.6999999881
130317  -33.301  -51.737  25.755 0.6000000238
17392  -33.028  -50.915  25.921 0.6000000238
17428  -36.322  -50.477  19.594 0.6999999881
17413  -33.458  -50.282  24.555 0.6000000238
18253  -36.628  -49.766  19.745 0.6999999881
18231  -33.324  -49.349  24.542 0.5000000000
19068  -33.300  -48.474  24.529 0.6000000238
18250  -37.113  -49.868  20.195 0.6999999881
18247  -36.771  -49.637  21.165 0.6000000238
131162  -33.837  -48.090  24.001 0.5000000000
127200  -35.317  -48.157  22.140 0.5000000000
18245  -31.881  -49.952  22.200 0.6000000238
19098  -31.932  -48.427  21.432 0.6000000238
15744  -33.293  -52.709  27.999 0.5000000000
16545  -32.997  -51.982  27.480 0.5000000000
19099  -32.876  -48.737  20.786 0.6999999881
18249  -33.217  -49.495  20.792 0.6999999881
16556  -32.955  -51.456  26.614 0.5000000000
16555  -32.778  -50.632  26.695 0.5000000000
132487  -32.742  -49.833  26.923 0.4000000060
18251  -34.398  -49.647  20.098 0.6999999881
126623  -35.061  -49.062  19.615 0.6999999881
119535  -36.130  -48.672  19.310 0.6999999881
18208  -32.777  -49.281  26.266 0.5000000000
19102  -36.578  -48.314  19.515 0.6999999881
131097  -36.721  -49.133  19.806 0.6000000238
18219  -32.923  -48.874  25.422 0.5000000000
19101  -36.316  -48.246  20.718 0.6000000238
19067  -32.877  -48.041  25.045 0.5000000000
19998  -36.437  -47.520  19.998 0.5000000000
19997  -35.544  -47.441  21.383 0.5000000000
19990  -34.565  -47.424  22.550 0.5000000000
20875  -33.523  -46.762  23.879 0.5000000000
19978  -33.912  -47.453  23.568 0.5000000000
140612  -33.156  -45.961  24.945 0.3000000119
19013  -34.560  -48.692  28.543 0.3000000119
19988  -31.040  -48.346  22.081 0.6000000238
19091  -31.440  -49.102  22.055 0.6000000238
18180  -33.644  -49.629  28.529 0.4000000060
124558  -33.423  -48.961  27.976 0.4000000060
20000  -33.185  -47.574  20.351 0.6000000238
18194  -32.931  -48.914  27.212 0.5000000000
19107  -34.867  -48.416  19.311 0.6999999881
19039  -32.756  -48.459  26.339 0.5000000000
19109  -36.309  -47.885  18.901 0.5000000000
19941  -32.733  -47.544  26.372 0.5000000000
20838  -32.837  -46.653  26.121 0.4000000060
20863  -32.924  -46.512  25.321 0.3000000119
21674  -33.062  -45.882  25.684 0.4000000060
19989  -34.032  -46.756  22.921 0.5000000000
120413  -33.433  -46.037  24.233 0.4000000060
19995  -31.365  -47.683  21.743 0.6000000238
19996  -32.234  -47.622  21.181 0.6000000238
20893  -32.554  -46.882  20.850 0.6000000238
19027  -33.225  -48.098  27.691 0.3000000119
19026  -32.843  -48.048  27.053 0.4000000060
20001  -34.504  -47.603  19.227 0.6000000238
19911  -33.625  -47.273  28.070 0.3000000119
19108  -35.724  -47.892  18.733 0.6999999881
21628  -34.362  -45.971  27.917 0.3000000119
19925  -32.975  -47.272  27.317 0.3000000119
120259  -34.729  -45.136  27.836 0.3000000119
20817  -32.958  -46.515  26.973 0.3000000119
21725  -36.329  -45.973  18.652 0.5000000000
20008  -36.168  -47.286  18.691 0.5000000000
132141  -36.449  -46.667  19.502 0.5000000000
22548  -33.765  -44.684  27.305 0.3000000119
21662  -33.073  -45.855  26.493 0.3000000119
20894  -35.965  -46.747  20.742 0.5000000000
22565  -33.135  -45.092  26.034 0.3000000119
123588  -36.440  -45.854  20.105 0.5000000000
21697  -33.602  -45.321  23.839 0.4000000060
21687  -33.355  -45.414  24.556 0.3000000119
19994  -30.980  -46.898  22.087 0.5000000000
21711  -31.327  -46.151  21.698 0.6000000238
20892  -31.735  -46.928  21.523 0.5000000000
20897  -33.635  -46.776  19.964 0.6000000238
21718  -34.003  -45.801  19.675 0.5000000000
141303  -35.913  -44.494  27.873 0.3000000119
20898  -34.903  -46.595  18.954 0.6000000238
23496  -35.904  -43.736  27.873 0.3000000119
22549  -34.434  -44.460  27.635 0.3000000119
20002  -35.575  -47.211  18.742 0.6000000238
21715  -36.597  -45.744  18.922 0.5000000000
143477  -35.852  -45.188  20.902 0.5000000000
21706  -33.971  -45.261  22.857 0.4000000060
22604  -34.506  -44.419  22.444 0.4000000060
21705  -30.950  -45.319  21.907 0.5000000000
21712  -32.018  -45.348  21.265 0.5000000000
143171  -32.056  -46.272  21.243 0.5000000000
133090  -33.192  -45.070  20.357 0.5000000000
23521  -38.755  -43.850  25.888 0.3000000119
140366  -37.236  -44.065  27.527 0.3000000119
21719  -35.471  -45.403  18.593 0.6000000238
21720  -36.319  -45.464  18.436 0.5000000000
21714  -36.504  -44.794  19.494 0.5000000000
22581  -33.414  -44.568  24.450 0.4000000060
23541  -33.706  -43.716  23.844 0.4000000060
22603  -31.418  -44.427  21.631 0.5000000000
22607  -32.472  -44.209  20.774 0.5000000000
137612  -39.483  -43.224  24.554 0.4000000060
24544  -39.192  -43.143  25.469 0.4000000060
132050  -34.313  -44.926  19.423 0.5000000000
24531  -38.713  -43.030  26.245 0.4000000060
23498  -37.618  -43.507  27.338 0.3000000119
22611  -33.829  -44.078  19.661 0.4000000060
140713  -36.259  -43.162  27.788 0.3000000119
22612  -35.238  -44.222  18.495 0.5000000000
22613  -36.111  -44.547  18.201 0.4000000060
22609  -36.210  -44.019  18.686 0.4000000060
23553  -34.215  -43.700  22.949 0.4000000060
23552  -30.841  -43.713  21.841 0.5000000000
23558  -31.675  -43.540  21.283 0.5000000000
23559  -32.541  -43.227  20.450 0.5000000000
24564  -39.962  -42.218  23.563 0.4000000060
143328  -33.091  -43.641  20.139 0.5000000000
120767  -39.539  -42.366  25.064 0.4000000060
24532  -39.207  -42.353  25.941 0.4000000060
23565  -33.899  -43.015  19.556 0.4000000060
131225  -34.913  -43.394  18.668 0.4000000060
125317  -37.398  -42.752  27.650 0.4000000060
128681  -35.854  -43.370  18.394 0.4000000060
23568  -36.218  -42.778  18.842 0.4000000060
22608  -36.399  -43.494  19.629 0.4000000060
22605  -35.659  -44.257  21.071 0.4000000060
23560  -36.160  -43.148  20.734 0.4000000060
23542  -34.881  -42.824  22.563 0.4000000060
24542  -34.144  -42.857  25.137 0.4000000060
23530  -34.124  -42.973  24.163 0.4000000060
130875  -30.353  -42.996  21.867 0.5000000000
24571  -30.988  -43.035  21.409 0.4000000060
25559  -40.569  -41.488  22.397 0.4000000060
25548  -39.908  -41.777  23.868 0.4000000060
24577  -31.730  -42.551  20.899 0.5000000000
24583  -34.658  -42.002  19.482 0.4000000060
25513  -39.133  -41.609  26.513 0.4000000060
23566  -35.375  -42.570  18.696 0.4000000060
24585  -36.192  -41.824  19.089 0.4000000060
24528  -34.150  -42.815  26.154 0.3000000119
23554  -35.068  -43.492  21.868 0.4000000060
24570  -30.816  -42.297  21.503 0.4000000060
24576  -31.390  -41.581  21.119 0.5000000000
124226  -32.411  -41.621  20.676 0.4000000060
25534  -40.149  -41.166  23.895 0.4000000060
25565  -33.027  -40.869  20.793 0.4000000060
24578  -33.110  -42.356  20.300 0.4000000060
25576  -33.774  -41.508  20.348 0.4000000060
25577  -35.237  -41.299  19.798 0.4000000060
25578  -36.006  -41.264  19.635 0.4000000060
23561  -36.354  -42.254  19.873 0.4000000060
24579  -36.085  -41.419  20.767 0.4000000060
24543  -34.579  -42.058  25.514 0.4000000060
129577  -34.701  -42.347  23.361 0.4000000060
24551  -34.691  -41.988  24.354 0.4000000060
138886  -31.221  -40.846  21.251 0.4000000060
25564  -31.968  -40.841  20.923 0.4000000060
26576  -32.480  -40.303  21.062 0.4000000060
25566  -34.331  -40.890  20.683 0.4000000060
25567  -35.507  -40.903  20.420 0.4000000060
25511  -35.223  -41.355  26.664 0.4000000060
26579  -35.591  -40.723  21.142 0.4000000060
25558  -35.757  -40.825  21.395 0.4000000060
26560  -35.361  -40.690  21.861 0.4000000060
25557  -35.314  -40.980  22.596 0.4000000060
131590  -35.027  -41.508  23.301 0.4000000060
132425  -31.557  -40.121  21.198 0.4000000060
27538  -32.043  -39.337  22.065 0.4000000060
27551  -32.506  -39.773  21.510 0.4000000060
125514  -32.898  -39.396  22.187 0.4000000060
27552  -33.635  -39.947  21.648 0.4000000060
26578  -34.558  -40.602  21.147 0.4000000060
26559  -34.618  -40.388  21.778 0.4000000060
27540  -34.630  -40.314  22.510 0.4000000060
25524  -34.871  -41.276  25.897 0.3000000119
25547  -35.071  -40.957  23.902 0.4000000060
25532  -34.881  -41.228  24.941 0.4000000060
28428  -30.657  -39.151  21.601 0.4000000060
27537  -31.228  -38.881  22.168 0.4000000060
27539  -33.825  -39.739  22.528 0.4000000060
27525  -34.377  -39.974  23.325 0.4000000060
26501  -35.565  -40.735  27.079 0.4000000060
26549  -34.894  -40.616  23.049 0.4000000060
26524  -34.991  -40.531  25.324 0.5000000000
26514  -35.233  -40.449  26.239 0.4000000060
121622  -34.845  -39.942  24.781 0.5000000000
29279  -30.910  -37.302  24.168 0.4000000060
29296  -31.131  -37.958  23.726 0.4000000060
28405  -31.553  -38.460  23.115 0.4000000060
29280  -31.775  -37.561  24.604 0.4000000060
29297  -31.816  -38.215  23.907 0.4000000060
27515  -34.300  -39.509  24.262 0.4000000060
27507  -35.021  -39.748  25.571 0.5000000000
30216  -30.607  -36.809  24.652 0.4000000060
30217  -31.324  -36.870  24.951 0.4000000060
30218  -31.806  -36.820  25.270 0.4000000060
27506  -34.589  -39.248  25.115 0.4000000060
28389  -34.904  -38.987  25.871 0.5000000000
30200  -31.047  -36.258  25.283 0.4000000060
31124  -31.539  -35.394  25.432 0.4000000060
30201  -31.764  -36.150  25.409 0.4000000060
28378  -34.588  -38.294  26.311 0.5000000000
126122  -31.532  -32.826  25.515 0.4000000060
32072  -30.986  -34.607  25.546 0.4000000060
33072  -31.311  -33.692  25.654 0.4000000060
33073  -32.210  -33.469  25.611 0.4000000060
118634  -33.004  -33.145  25.370 0.5000000000
129167  -35.498  -45.988  21.459 0.5000000000
22594  -33.776  -44.488  23.385 0.4000000060
14326  -34.826  -54.082  24.169 0.5000000000
14358  -36.130  -54.575  18.969 0.8000000119
14357  -35.591  -54.190  18.622 0.8000000119
15061  -35.728  -53.130  19.052 0.6999999881
14312  -35.054  -54.675  25.532 0.5000000000
141207  -34.967  -54.751  26.278 0.5000000000
15786  -33.410  -51.735  20.830 0.6999999881
142097  -33.718  -53.412  27.088 0.4000000060
15022  -34.107  -53.749  26.591 0.4000000060
17426  -33.688  -50.305  20.716 0.6999999881
18248  -32.283  -49.292  21.471 0.6999999881
15008  -33.552  -53.421  27.759 0.4000000060
16517  -33.560  -51.665  28.871 0.4000000060
18171  -34.387  -49.489  28.912 0.4000000060
129453  -30.405  -48.252  22.612 0.6000000238
20885  -30.197  -46.866  22.529 0.5000000000
21704  -30.539  -46.119  22.256 0.5000000000
22602  -30.533  -44.501  22.201 0.4000000060
24569  -30.133  -42.167  22.125 0.4000000060
26558  -29.966  -40.620  21.822 0.4000000060
25563  -30.590  -41.341  21.702 0.4000000060
26574  -29.983  -39.710  21.353 0.4000000060
27536  -30.005  -39.070  21.359 0.4000000060
28404  -30.536  -38.242  22.720 0.4000000060
127376  -30.456  -37.680  23.440 0.4000000060
29278  -30.146  -37.212  23.782 0.4000000060
30199  -30.213  -36.310  25.177 0.4000000060
34132  -30.668  -33.000  25.528 0.4000000060
14348  -36.109  -55.178  19.815 0.8000000119
15058  -36.498  -53.133  19.862 0.8000000119
15032  -34.222  -53.372  25.633 0.5000000000
17429  -36.951  -50.542  19.779 0.6999999881
15774  -33.839  -51.949  24.809 0.6000000238
17418  -34.090  -50.412  23.591 0.6999999881
140170  -35.712  -50.846  22.372 0.6999999881
17404  -33.153  -50.426  25.389 0.6000000238
18238  -33.689  -49.755  23.851 0.6000000238
18239  -34.378  -49.700  23.163 0.6000000238
19106  -33.658  -48.216  20.113 0.6999999881
18220  -33.064  -49.757  25.276 0.5000000000
139758  -32.732  -48.139  20.796 0.6000000238
17367  -33.358  -50.469  28.553 0.5000000000
17379  -32.738  -50.367  27.397 0.5000000000
19012  -33.823  -48.282  28.145 0.3000000119
20887  -34.797  -46.770  21.905 0.5000000000
21713  -32.876  -46.030  20.661 0.6000000238
22614  -36.422  -44.950  18.560 0.5000000000
21707  -34.924  -45.207  21.963 0.5000000000
23529  -33.627  -43.646  24.790 0.4000000060
24563  -35.452  -41.646  22.169 0.4000000060
25568  -35.995  -40.876  20.566 0.4000000060
27549  -30.670  -39.642  21.390 0.4000000060
32073  -32.036  -34.506  25.568 0.4000000060
8251  -36.770  -63.238  24.939 0.4000000060
8875  -37.079  -62.378  25.644 0.4000000060
8861  -37.292  -61.697  26.520 0.4000000060
129168  -38.157  -61.441  26.740 0.4000000060
8859  -35.927  -62.140  26.179 0.4000000060
122653  -36.757  -61.518  26.969 0.4000000060
9469  -37.403  -61.187  27.310 0.4000000060
10140  -36.844  -60.643  27.689 0.4000000060
10835  -38.688  -59.483  26.871 0.5000000000
9480  -35.466  -61.476  26.663 0.4000000060
9467  -35.856  -61.172  27.377 0.4000000060
10818  -36.319  -60.062  27.529 0.5000000000
10833  -36.817  -59.577  27.083 0.5000000000
133563  -36.990  -58.974  25.635 0.6000000238
9507  -34.617  -61.830  24.983 0.4000000060
9492  -34.778  -61.396  25.985 0.4000000060
10151  -34.826  -60.341  26.814 0.4000000060
11485  -37.389  -59.171  26.365 0.5000000000
15009  -33.877  -53.999  27.423 0.3000000119
14283  -33.759  -54.040  28.231 0.4000000060
16518  -34.156  -51.590  29.495 0.3000000119
11503  -37.844  -58.745  25.391 0.5000000000
132652  -36.135  -55.571  24.878 0.5000000000
120287  -36.149  -55.765  26.258 0.4000000060
10188  -33.084  -60.538  23.922 0.4000000060
141956  -35.223  -59.550  26.871 0.5000000000
10832  -35.807  -59.481  26.973 0.5000000000
10174  -33.377  -60.590  24.834 0.4000000060
10165  -34.422  -60.665  26.177 0.4000000060
11520  -37.681  -58.453  24.062 0.6000000238
11533  -37.518  -57.970  22.713 0.6999999881
13591  -35.529  -55.130  24.966 0.5000000000
11534  -38.240  -58.063  23.519 0.6999999881
12893  -38.147  -56.985  21.300 0.6999999881
13603  -36.534  -55.830  24.399 0.6999999881
12186  -37.936  -57.391  21.626 0.6999999881
12198  -37.591  -57.334  21.270 0.6999999881
11483  -35.013  -59.115  26.381 0.5000000000
134170  -35.767  -59.097  26.149 0.6000000238
11502  -36.284  -58.908  25.432 0.6000000238
11518  -36.090  -58.422  23.276 0.6000000238
10163  -33.044  -59.992  25.155 0.4000000060
127186  -33.699  -58.999  25.655 0.5000000000
142486  -34.835  -58.366  25.139 0.6000000238
11519  -36.956  -58.731  24.731 0.6000000238
11532  -36.556  -58.244  22.326 0.6000000238
12185  -37.081  -57.730  21.530 0.6000000238
18170  -34.130  -50.208  29.129 0.3000000119
127137  -36.794  -58.469  23.568 0.6000000238
119930  -37.219  -57.333  21.084 0.6999999881
13602  -35.810  -55.431  24.101 0.6000000238
14321  -35.065  -54.541  24.731 0.5000000000
11515  -32.442  -58.733  24.638 0.6000000238
120170  -32.693  -57.983  24.614 0.6000000238
133305  -33.665  -57.563  24.529 0.6999999881
137298  -34.380  -58.094  24.867 0.6000000238
12160  -35.319  -58.240  24.391 0.6000000238
12184  -36.278  -57.883  21.268 0.6000000238
10848  -32.752  -59.380  24.874 0.5000000000
11517  -34.367  -58.669  25.612 0.6000000238
123834  -36.675  -57.554  20.907 0.6999999881
13626  -36.150  -56.151  22.099 0.6999999881
123481  -36.844  -56.722  21.105 0.6999999881
14322  -35.280  -54.843  23.827 0.6000000238
13613  -35.661  -55.517  22.970 0.6999999881
12158  -32.936  -56.982  24.191 0.6000000238
12169  -33.951  -56.894  23.678 0.6999999881
12159  -34.632  -57.632  24.051 0.6999999881
121351  -35.370  -58.016  22.034 0.6000000238
14338  -35.439  -55.052  22.483 0.5000000000
12197  -35.812  -57.814  20.303 0.6999999881
12875  -36.349  -56.567  20.576 0.6999999881
12902  -34.431  -56.492  19.637 0.6999999881
12907  -35.284  -56.963  18.958 0.6999999881
12865  -33.803  -56.654  22.733 0.6999999881
12195  -34.810  -57.945  20.142 0.6000000238
12210  -35.187  -57.427  19.220 0.5000000000
129094  -34.607  -57.315  22.352 0.6999999881
12182  -35.143  -57.735  20.962 0.6000000238
12206  -35.864  -57.481  19.710 0.6999999881
13625  -35.771  -55.765  21.382 0.5000000000
12183  -35.651  -57.861  21.001 0.6000000238
124178  -35.219  -55.105  18.848 0.6999999881
120954  -35.642  -55.246  18.864 0.6999999881
13636  -35.928  -56.180  19.812 0.6000000238
122610  -35.932  -55.411  19.095 0.6999999881
13581  -35.538  -55.238  26.063 0.5000000000
12904  -35.524  -57.172  19.238 0.6000000238
8860  -36.570  -61.970  26.315 0.4000000060
10819  -37.285  -60.052  27.503 0.4000000060
142172  -34.018  -61.259  24.638 0.4000000060
10152  -35.407  -60.775  27.214 0.4000000060
10150  -34.270  -60.070  26.329 0.4000000060
10164  -33.701  -60.227  25.673 0.4000000060
12876  -37.575  -56.647  21.617 0.6999999881
119150  -36.747  -56.392  22.558 0.6999999881
122745  -36.142  -58.603  24.452 0.6000000238
11499  -32.987  -58.831  25.130 0.6999999881
11516  -33.552  -58.368  25.117 0.6000000238
12170  -34.864  -57.511  23.156 0.6000000238
12874  -34.326  -57.031  21.288 0.6999999881
12196  -35.176  -58.119  20.104 0.6000000238
12890  -34.501  -57.433  19.919 0.6000000238
12864  -32.969  -56.556  23.398 0.5000000000
10861  -32.166  -59.218  24.065 0.4000000060
10860  -31.945  -58.284  24.179 0.5000000000
12873  -33.304  -56.339  22.124 0.6000000238
10197  -31.827  -60.388  22.353 0.4000000060
10874  -31.704  -59.576  22.856 0.5000000000
10867  -31.548  -58.689  23.299 0.5000000000
11530  -31.462  -57.921  23.474 0.5000000000
139592  -32.277  -56.267  22.674 0.5000000000
12872  -31.656  -55.957  22.252 0.5000000000
12850  -32.517  -56.865  23.856 0.5000000000
12889  -33.830  -56.442  20.808 0.6000000238
13635  -33.626  -55.741  20.417 0.5000000000
12888  -32.775  -55.803  21.609 0.5000000000
14347  -33.516  -54.979  20.267 0.6999999881
125676  -32.792  -55.316  21.050 0.6000000238
15059  -33.801  -53.633  20.127 0.6000000238
10196  -31.121  -60.179  21.974 0.5000000000
11542  -30.810  -58.416  22.601 0.5000000000
12181  -30.864  -57.610  22.716 0.5000000000
12168  -31.550  -57.282  23.358 0.5000000000
14356  -34.503  -54.426  19.273 0.6000000238
14346  -32.378  -54.794  21.038 0.6000000238
14355  -33.130  -54.228  20.531 0.5000000000
15788  -33.824  -52.694  20.263 0.6000000238
10872  -30.011  -59.057  21.937 0.5000000000
11541  -30.042  -58.121  21.923 0.5000000000
12871  -29.901  -56.885  21.887 0.5000000000
12180  -30.225  -57.218  22.125 0.5000000000
12887  -31.576  -55.429  21.715 0.5000000000
15060  -34.822  -53.420  19.044 0.6000000238
15057  -32.595  -53.266  20.865 0.6000000238
125925  -29.958  -60.525  21.713 0.5000000000
11547  -29.329  -58.715  21.592 0.5000000000
12194  -29.392  -57.720  21.538 0.5000000000
12885  -29.305  -56.837  21.706 0.5000000000
13632  -28.934  -56.176  21.955 0.6000000238
12886  -30.260  -56.085  22.004 0.4000000060
14336  -29.673  -54.179  22.046 0.4000000060
13633  -29.670  -55.799  21.918 0.5000000000
13634  -30.498  -55.252  21.721 0.5000000000
15051  -29.885  -53.427  22.283 0.4000000060
15055  -31.038  -54.014  21.641 0.5000000000
15779  -29.477  -52.927  22.751 0.4000000060
15056  -31.560  -53.316  21.558 0.6000000238
119625  -31.926  -54.077  21.119 0.6000000238
15785  -32.602  -52.309  21.086 0.6000000238
16578  -33.049  -50.959  21.233 0.6000000238
139751  -30.334  -53.914  21.928 0.5000000000
15780  -30.224  -52.683  22.489 0.5000000000
127780  -31.297  -51.460  22.389 0.5000000000
15781  -31.183  -52.472  22.109 0.5000000000
17420  -30.659  -50.322  22.933 0.4000000060
128476  -30.647  -51.027  22.893 0.5000000000
17422  -32.160  -50.925  22.021 0.6000000238
16577  -31.912  -51.903  21.702 0.6000000238
130455  -32.566  -51.596  21.424 0.6000000238
17421  -31.299  -50.556  22.575 0.5000000000
139300  -30.249  -48.811  23.015 0.3000000119
18237  -30.231  -49.691  23.136 0.4000000060
136035  -30.212  -50.573  23.134 0.4000000060
18244  -31.063  -49.755  22.643 0.5000000000
17425  -32.694  -50.156  21.507 0.6000000238
23551  -30.071  -43.730  22.341 0.3000000119
128595  -30.107  -45.329  22.449 0.4000000060
127209  -29.618  -46.137  22.545 0.4000000060
25556  -29.898  -41.462  22.262 0.3000000119
28416  -29.531  -38.518  21.652 0.3000000119
29309  -29.725  -38.224  22.021 0.3000000119
29295  -29.684  -37.719  22.779 0.3000000119
30215  -29.772  -36.753  24.432 0.3000000119
31122  -29.363  -36.213  24.993 0.3000000119
139842  -29.820  -35.726  25.359 0.3000000119
19090  -30.717  -48.976  22.555 0.5000000000
13644  -34.479  -55.484  19.370 0.5000000000
14345  -31.296  -54.696  21.468 0.5000000000
15784  -31.942  -52.641  21.459 0.6000000238
13593  -36.759  -55.927  25.206 0.3000000119
12867  -37.437  -56.364  22.927 0.6000000238
12866  -37.005  -56.185  23.751 0.6000000238
13537  -35.303  -55.474  29.902 0.3000000119
140063  -35.434  -55.766  29.318 0.3000000119
13554  -35.309  -55.737  28.543 0.3000000119
13566  -34.719  -55.153  28.289 0.3000000119
140418  -36.799  -56.461  27.658 0.3000000119
128379  -35.280  -55.500  27.648 0.3000000119
136695  -34.778  -54.959  27.519 0.3000000119
12868  -38.190  -56.144  22.476 0.6000000238
12851  -37.387  -56.123  24.665 0.5000000000
119125  -35.701  -55.325  30.456 0.3000000119
14272  -34.414  -54.449  29.638 0.3000000119
13553  -34.787  -55.246  29.344 0.3000000119
14271  -33.910  -53.918  29.036 0.3000000119
13568  -36.590  -56.172  26.861 0.3000000119
13582  -36.777  -56.003  25.977 0.3000000119
10173  -32.774  -59.956  24.457 0.4000000060
14256  -36.324  -54.907  30.997 0.3000000119
14254  -34.797  -54.128  30.313 0.3000000119
14964  -34.841  -53.220  30.214 0.3000000119
14983  -34.287  -53.607  29.779 0.3000000119
135543  -40.314  -60.848  25.897 0.5000000000
10166  -40.908  -60.269  25.534 0.5000000000
9493  -37.826  -61.860  25.856 0.4000000060
9482  -38.694  -61.597  25.976 0.4000000060
9483  -39.572  -61.296  25.998 0.4000000060
141777  -40.683  -60.912  25.255 0.5000000000
11522  -40.250  -58.289  24.731 0.5000000000
11506  -40.581  -58.897  25.447 0.5000000000
10153  -39.655  -60.187  26.737 0.5000000000
10837  -40.089  -59.720  26.413 0.5000000000
9471  -39.086  -60.668  27.025 0.4000000060
12188  -39.911  -56.815  21.838 0.6000000238
12173  -39.332  -57.309  22.514 0.6000000238
142861  -39.466  -58.210  24.449 0.5000000000
11505  -39.630  -58.560  25.452 0.5000000000
10142  -38.516  -60.500  27.300 0.3000000119
10143  -39.010  -60.093  27.148 0.4000000060
11488  -40.057  -59.101  26.204 0.5000000000
12895  -39.278  -56.086  20.799 0.6000000238
11535  -38.971  -57.899  23.585 0.6000000238
11504  -38.769  -58.650  25.716 0.4000000060
13615  -38.838  -55.576  21.806 0.6000000238
12807  -37.422  -56.514  27.162 0.3000000119
12837  -38.331  -56.213  24.865 0.4000000060
12187  -38.769  -57.005  21.516 0.6000000238
11521  -38.670  -58.409  24.592 0.4000000060
120100  -37.432  -56.747  28.100 0.3000000119
12777  -35.939  -56.210  28.880 0.3000000119
12821  -37.309  -56.306  26.407 0.3000000119
12852  -38.104  -56.124  23.807 0.5000000000
12172  -38.442  -57.567  22.553 0.6000000238
12877  -38.483  -56.254  21.360 0.6000000238
143754  -39.287  -56.878  21.613 0.6000000238
12822  -38.579  -56.401  25.770 0.3000000119
12896  -39.857  -55.819  20.642 0.5000000000
13616  -39.497  -55.067  22.241 0.5000000000
13628  -39.300  -55.185  21.175 0.5000000000
13605  -39.832  -55.385  23.607 0.4000000060
13638  -40.361  -55.162  20.594 0.5000000000
12879  -40.278  -56.247  21.026 0.5000000000
13617  -40.299  -54.745  22.599 0.4000000060
141152  -40.281  -55.574  24.384 0.4000000060
139273  -39.755  -55.871  24.631 0.4000000060
13604  -38.945  -55.566  23.088 0.5000000000
12174  -40.367  -57.307  23.052 0.5000000000
12189  -41.115  -56.794  22.314 0.5000000000
12853  -39.077  -55.915  24.191 0.4000000060
7667  -38.679  -64.473  19.102 0.3000000119
7103  -38.824  -65.398  18.896 0.3000000119
7668  -39.652  -64.369  19.247 0.3000000119
119777  -39.935  -62.866  19.923 0.3000000119
8307  -41.298  -62.954  20.109 0.4000000060
121143  -39.257  -63.686  19.482 0.3000000119
8301  -38.547  -62.859  19.957 0.3000000119
137599  -41.860  -62.287  20.027 0.4000000060
8942  -40.990  -62.325  20.153 0.4000000060
8936  -40.018  -62.365  20.259 0.3000000119
8935  -38.841  -62.587  20.339 0.3000000119
9558  -42.650  -61.024  19.919 0.4000000060
10211  -42.406  -60.743  20.005 0.4000000060
9556  -40.954  -61.949  20.232 0.4000000060
137431  -39.385  -62.477  20.329 0.4000000060
8926  -38.914  -62.607  20.999 0.4000000060
9545  -40.153  -61.859  21.118 0.4000000060
11551  -44.289  -57.751  20.519 0.3000000119
10885  -43.193  -59.457  19.491 0.4000000060
10881  -42.873  -59.378  19.733 0.4000000060
10205  -42.479  -59.934  20.378 0.4000000060
10204  -41.773  -60.667  21.065 0.4000000060
131383  -41.053  -61.390  21.655 0.4000000060
9536  -40.210  -61.867  22.198 0.4000000060
12905  -44.178  -55.011  19.817 0.3000000119
11548  -44.071  -57.665  20.442 0.4000000060
10875  -42.964  -59.113  20.934 0.4000000060
10199  -42.540  -60.106  21.804 0.4000000060
128177  -42.890  -59.522  22.468 0.4000000060
10198  -41.890  -60.821  22.349 0.4000000060
10190  -42.519  -60.197  23.226 0.4000000060
9525  -41.104  -61.341  22.837 0.4000000060
12201  -43.770  -56.613  20.544 0.4000000060
131137  -43.645  -57.284  21.343 0.4000000060
10868  -42.777  -59.247  23.384 0.4000000060
10176  -41.920  -60.413  24.181 0.4000000060
9524  -40.135  -61.589  23.417 0.4000000060
10189  -41.799  -60.794  23.359 0.4000000060
9535  -39.142  -61.938  22.593 0.4000000060
11538  -43.337  -57.659  22.282 0.4000000060
11537  -42.838  -58.291  23.205 0.4000000060
11525  -42.382  -58.927  24.029 0.4000000060
10851  -41.629  -59.935  24.895 0.4000000060
9510  -40.542  -61.253  24.528 0.4000000060
10175  -41.215  -60.648  24.786 0.4000000060
12176  -42.711  -57.311  22.624 0.4000000060
11536  -42.177  -58.071  23.679 0.4000000060
11523  -41.101  -58.593  24.756 0.4000000060
14349  -40.862  -54.398  20.673 0.4000000060
134442  -42.110  -56.704  22.245 0.4000000060
13606  -40.603  -55.184  23.781 0.3000000119
12839  -40.319  -56.034  25.067 0.3000000119
11507  -41.302  -59.347  25.071 0.4000000060
12880  -41.361  -56.152  21.126 0.4000000060
142214  -39.758  -56.252  25.359 0.3000000119
12175  -41.366  -57.564  23.506 0.4000000060
9557  -41.892  -61.624  20.033 0.4000000060
9552  -41.498  -61.404  20.301 0.4000000060
10207  -42.091  -60.701  20.294 0.4000000060
9546  -41.131  -61.380  20.766 0.4000000060
12207  -44.204  -56.677  20.335 0.4000000060
10886  -43.702  -59.010  19.887 0.4000000060
12208  -44.471  -56.198  20.228 0.3000000119
123574  -43.915  -55.767  20.010 0.3000000119
11543  -43.637  -57.987  21.353 0.4000000060
10869  -43.204  -58.596  22.428 0.4000000060
12882  -43.157  -55.968  20.334 0.4000000060
9511  -41.187  -61.079  23.902 0.4000000060
11524  -41.812  -58.790  24.457 0.4000000060
143664  -41.471  -55.447  20.433 0.4000000060
121378  -44.309  -60.413  20.246 0.3000000119
8303  -43.964  -63.482  20.600 0.3000000119
8302  -43.150  -63.689  20.411 0.3000000119
8309  -43.354  -62.766  20.381 0.3000000119
8937  -43.873  -61.527  20.367 0.3000000119
8308  -42.412  -62.878  20.235 0.3000000119
128130  -43.215  -61.132  20.011 0.3000000119
10887  -44.176  -59.752  19.885 0.3000000119
10213  -43.543  -59.846  19.474 0.3000000119
10214  -43.671  -59.652  19.536 0.3000000119
12899  -43.340  -54.792  19.920 0.3000000119
13640  -42.389  -54.507  20.292 0.3000000119
13639  -41.287  -54.857  20.366 0.3000000119
14339  -41.386  -54.004  21.023 0.3000000119
11552  -44.705  -58.474  20.542 0.3000000119
12881  -42.485  -56.273  21.201 0.3000000119
7097  -38.419  -64.876  19.283 0.3000000119
7661  -42.656  -64.365  20.548 0.3000000119
8306  -38.908  -62.987  19.722 0.3000000119
8874  -36.353  -62.615  25.613 0.4000000060
8941  -39.075  -62.506  19.979 0.3000000119
9468  -36.452  -61.152  27.483 0.4000000060
9470  -38.393  -61.005  27.233 0.3000000119
9479  -34.925  -60.958  26.683 0.4000000060
9481  -36.132  -61.586  26.943 0.4000000060
9491  -34.128  -61.000  25.406 0.4000000060
9496  -40.058  -61.337  25.242 0.5000000000
9544  -39.378  -62.220  21.561 0.4000000060
9550  -39.381  -62.380  20.696 0.4000000060
9551  -40.334  -62.013  20.548 0.4000000060
9553  -43.660  -60.533  19.885 0.3000000119
9554  -44.110  -60.901  20.377 0.3000000119
10138  -35.428  -60.035  27.266 0.5000000000
10139  -36.000  -60.665  27.657 0.5000000000
10141  -37.789  -60.596  27.490 0.3000000119
10154  -40.289  -60.236  26.235 0.5000000000
10177  -42.311  -59.699  24.168 0.4000000060
10208  -42.682  -59.953  19.715 0.4000000060
10209  -43.983  -60.088  19.715 0.3000000119
10212  -43.002  -60.233  19.588 0.4000000060
10820  -38.224  -60.021  27.394 0.3000000119
10830  -33.933  -59.567  26.053 0.4000000060
10831  -34.697  -59.643  26.611 0.5000000000
10834  -37.792  -59.560  26.993 0.5000000000
10836  -39.508  -59.555  26.696 0.5000000000
10849  -33.288  -59.512  25.475 0.4000000060
10850  -40.654  -59.637  25.806 0.5000000000
10873  -30.865  -59.262  22.385 0.5000000000
10879  -29.477  -59.626  21.795 0.5000000000
10880  -30.235  -59.979  21.801 0.5000000000
10882  -43.407  -58.844  19.984 0.4000000060
11484  -36.495  -59.200  26.319 0.6000000238
11486  -38.304  -58.990  26.346 0.5000000000
11487  -39.213  -58.919  26.333 0.4000000060
11500  -34.301  -59.138  26.139 0.6000000238
11501  -35.364  -58.661  25.433 0.6000000238
11531  -35.931  -58.286  22.100 0.6000000238
12157  -32.090  -57.363  24.017 0.5000000000
12161  -39.821  -57.791  23.773 0.6000000238
12162  -40.750  -57.913  24.096 0.4000000060
12163  -41.498  -58.211  24.190 0.4000000060
12171  -35.533  -58.038  23.186 0.6000000238
12190  -43.325  -56.856  21.604 0.4000000060
12193  -28.704  -57.699  21.501 0.5000000000
12199  -38.395  -56.963  21.301 0.6999999881
12200  -38.950  -56.587  21.116 0.6000000238
12204  -34.922  -57.847  19.618 0.5000000000
12205  -35.360  -57.744  19.629 0.6000000238
12823  -39.377  -56.482  25.938 0.3000000119
12836  -37.617  -56.226  25.629 0.4000000060
12862  -31.227  -56.738  22.757 0.5000000000
12863  -32.084  -56.796  23.456 0.5000000000
12878  -39.393  -56.444  21.111 0.6000000238
12891  -36.051  -56.987  19.580 0.6999999881
12892  -36.344  -57.381  20.375 0.6999999881
12894  -38.845  -56.454  21.134 0.6000000238
12897  -40.639  -55.568  20.473 0.4000000060
12898  -42.271  -55.127  20.144 0.3000000119
12903  -34.948  -57.247  19.194 0.6999999881
13555  -35.978  -56.177  27.824 0.3000000119
13567  -35.786  -55.672  26.920 0.3000000119
13592  -36.129  -55.627  25.558 0.5000000000
13614  -36.208  -55.936  23.406 0.6999999881
13618  -41.211  -54.594  23.096 0.3000000119
13624  -29.145  -55.382  22.042 0.4000000060
13627  -38.993  -55.734  20.911 0.6000000238
13629  -39.996  -54.733  21.165 0.5000000000
13637  -39.588  -55.446  20.749 0.5000000000
13645  -35.203  -56.171  19.079 0.6000000238
13646  -35.466  -56.304  19.216 0.5000000000
14255  -35.528  -54.524  30.659 0.3000000119
14284  -34.263  -54.585  28.749 0.3000000119
14291  -34.275  -54.553  27.860 0.4000000060
14292  -35.164  -55.090  26.890 0.4000000060
14327  -40.874  -54.268  21.634 0.3000000119
14343  -29.684  -54.952  21.836 0.5000000000
14344  -30.410  -54.530  21.722 0.5000000000
14966  -36.285  -54.018  30.961 0.3000000119
15052  -30.723  -53.318  22.050 0.5000000000
15707  -34.830  -52.424  30.040 0.3000000119
15724  -34.345  -52.777  29.770 0.3000000119
15768  -33.664  -52.550  25.656 0.6000000238
15778  -34.801  -51.953  23.099 0.6999999881
15782  -35.112  -52.680  22.947 0.6000000238
16532  -33.040  -51.273  28.213 0.5000000000
16544  -32.787  -51.060  27.415 0.5000000000
16574  -30.534  -51.875  22.739 0.4000000060
16583  -37.058  -51.054  19.833 0.6999999881
17354  -33.854  -50.954  29.116 0.3000000119
17380  -32.936  -49.779  27.912 0.5000000000
17403  -32.817  -50.067  26.007 0.5000000000
17419  -34.925  -50.352  22.689 0.6000000238
17423  -36.204  -50.259  21.893 0.6000000238
18252  -35.773  -49.656  19.601 0.6999999881
19053  -32.730  -48.045  25.658 0.5000000000
19092  -36.026  -48.900  21.610 0.5000000000
19093  -36.886  -49.059  20.288 0.6999999881
19958  -32.761  -47.294  25.322 0.4000000060
19967  -33.252  -47.536  24.449 0.5000000000
19987  -30.639  -47.621  22.311 0.6000000238
20003  -36.466  -47.442  19.057 0.5000000000
20798  -33.840  -46.482  28.042 0.3000000119
20818  -33.375  -46.540  27.611 0.3000000119
20864  -33.083  -46.692  24.675 0.3000000119
20886  -34.354  -46.040  22.432 0.5000000000
20899  -36.012  -46.383  18.580 0.5000000000
20900  -36.315  -46.604  18.845 0.5000000000
21643  -33.281  -45.864  27.207 0.3000000119
21644  -33.720  -45.886  27.692 0.3000000119
21645  -34.069  -45.226  27.684 0.3000000119
21663  -33.313  -45.155  26.858 0.3000000119
21675  -33.182  -45.195  25.201 0.3000000119
22550  -35.209  -44.394  27.862 0.3000000119
23497  -36.800  -43.421  27.813 0.3000000119
23499  -38.105  -42.896  26.974 0.3000000119
23511  -38.260  -43.681  26.632 0.4000000060
23522  -39.118  -43.992  25.117 0.4000000060
23567  -36.005  -42.380  18.646 0.4000000060
24552  -39.658  -42.309  24.173 0.4000000060
24572  -35.841  -42.430  21.334 0.4000000060
24584  -35.814  -41.728  18.941 0.4000000060
24586  -36.166  -41.402  19.844 0.4000000060
25533  -39.841  -41.557  24.601 0.4000000060
26535  -34.759  -40.272  24.021 0.5000000000
26561  -35.835  -40.691  21.166 0.4000000060
26575  -30.680  -40.357  21.373 0.4000000060
26577  -33.419  -40.324  21.147 0.4000000060
27524  -33.684  -39.351  23.520 0.4000000060
27550  -31.431  -39.471  21.613 0.4000000060
28417  -30.204  -38.651  21.743 0.4000000060
28418  -32.226  -38.922  22.646 0.4000000060
29308  -29.136  -37.986  21.936 0.3000000119
31123  -30.619  -35.524  25.431 0.4000000060
122090  -38.039  -56.480  26.517 0.3000000119
122910  -36.650  -56.514  28.462 0.3000000119
126336  -39.013  -61.184  26.729 0.4000000060
127258  -34.507  -54.486  26.930 0.3000000119
128065  -44.251  -58.997  20.145 0.3000000119
130705  -33.198  -52.049  28.261 0.5000000000
130856  -33.718  -46.045  23.334 0.5000000000
130857  -42.028  -57.260  23.023 0.4000000060
131495  -40.206  -41.590  23.293 0.4000000060
131847  -37.769  -44.264  26.974 0.3000000119
131860  -34.918  -40.581  24.601 0.4000000060
132532  -33.943  -49.014  28.388 0.3000000119
134356  -40.793  -55.657  24.623 0.3000000119
134385  -38.625  -42.300  26.684 0.4000000060
136125  -42.672  -61.888  20.120 0.3000000119
137266  -35.615  -55.098  21.166 0.6000000238
138389  -39.716  -60.765  26.525 0.5000000000
139137  -34.920  -54.971  30.198 0.3000000119
139343  -33.615  -45.350  27.367 0.3000000119
139381  -30.690  -56.284  22.227 0.5000000000
140229  -36.605  -44.263  27.761 0.3000000119
140475  -41.936  -59.366  24.562 0.4000000060
140494  -32.803  -46.994  26.724 0.3000000119
140827  -32.868  -49.499  25.736 0.5000000000
140994  -43.483  -61.971  20.315 0.3000000119
141146  -41.167  -59.820  25.371 0.4000000060
141832  -38.775  -62.624  20.655 0.4000000060
142428  -33.440  -51.078  28.687 0.5000000000
142735  -32.832  -50.574  27.964 0.5000000000
142996  -34.251  -43.139  23.419 0.4000000060
