#!ascii label  , from subject sub-09 vox2ras=TkReg
1645
3177  16.376  -73.349  21.745 0.6999999881
3605  15.338  -72.492  20.749 0.8000000119
4016  15.270  -71.961  21.091 0.8000000119
4017  14.745  -72.002  21.128 0.6999999881
134159  16.801  -74.204  21.787 0.6000000238
3188  15.855  -73.103  20.947 0.6000000238
3606  14.798  -72.326  20.503 0.6000000238
4006  15.743  -71.366  21.677 0.8000000119
4007  15.146  -71.498  21.630 0.6999999881
3995  14.029  -71.914  23.089 0.6999999881
3591  13.754  -72.427  24.258 0.6999999881
143187  16.880  -73.905  22.107 0.6000000238
4015  15.777  -71.955  21.334 0.6999999881
3178  13.514  -72.286  22.179 0.6999999881
2793  18.111  -74.876  21.840 0.6000000238
2804  18.478  -75.246  21.405 0.6000000238
2431  17.933  -75.900  21.652 0.6000000238
2442  18.650  -75.714  19.603 0.6000000238
2072  17.985  -76.237  20.027 0.6000000238
4447  16.178  -70.614  21.735 0.8000000119
132532  14.666  -70.263  23.199 0.8000000119
3582  14.170  -71.409  24.229 0.6999999881
3981  13.701  -71.547  25.345 0.6999999881
3575  13.425  -72.293  26.031 0.6999999881
4005  16.191  -71.166  21.832 0.8000000119
3994  14.714  -71.016  22.589 0.6999999881
3583  13.681  -72.390  25.255 0.6999999881
138597  16.420  -71.584  22.198 0.6999999881
143247  16.499  -73.105  22.524 0.6999999881
2779  17.441  -74.302  22.251 0.6999999881
133412  18.629  -74.542  21.901 0.6000000238
124509  18.188  -74.227  22.540 0.6000000238
2814  18.747  -75.114  20.331 0.6000000238
2430  18.440  -75.927  20.899 0.6000000238
2453  19.134  -75.866  18.733 0.6000000238
1757  19.427  -77.282  18.740 0.6999999881
141909  18.769  -77.131  18.695 0.6000000238
1452  19.997  -78.104  19.498 0.5000000000
1750  19.513  -78.046  19.087 0.6000000238
1156  19.868  -79.059  20.488 0.5000000000
4436  15.613  -69.623  22.593 0.8999999762
3980  14.120  -70.607  24.560 0.6999999881
131639  16.852  -70.770  22.068 0.6999999881
4446  16.657  -70.291  21.818 0.8999999762
3967  13.277  -71.541  25.921 0.6999999881
3590  16.449  -72.459  22.765 0.8000000119
121499  16.579  -73.330  23.472 0.8000000119
3158  18.709  -73.867  24.250 0.6999999881
3169  16.884  -73.733  22.766 0.6999999881
2777  18.443  -73.963  23.320 0.8000000119
3176  19.248  -73.757  22.710 0.8000000119
3187  19.436  -74.016  20.930 0.6999999881
2803  18.996  -74.667  21.163 0.6999999881
2827  19.239  -75.065  19.275 0.6000000238
2092  19.190  -76.431  18.576 0.6999999881
1749  20.195  -77.458  19.088 0.6999999881
4901  16.909  -69.781  21.903 0.8999999762
4401  13.106  -70.869  25.564 0.6999999881
3993  16.661  -71.597  22.853 0.8000000119
4416  17.254  -70.575  22.923 0.8000000119
3581  16.405  -72.644  23.808 0.6999999881
3159  17.266  -73.772  24.879 0.6000000238
2765  17.721  -74.063  24.180 0.8000000119
3167  19.116  -73.680  23.552 0.8000000119
126841  19.627  -73.570  21.708 0.8000000119
126469  19.683  -73.053  20.605 0.6999999881
2826  19.561  -74.287  19.171 0.8000000119
2813  19.159  -74.356  19.968 0.6999999881
2830  20.303  -74.295  18.764 0.8000000119
2081  21.188  -76.122  19.127 0.6999999881
2090  20.605  -75.930  18.541 0.6999999881
2452  19.569  -75.087  18.633 0.6999999881
1748  20.833  -77.043  19.418 0.6999999881
2082  20.560  -76.633  18.793 0.6999999881
5370  4.755  -68.612  24.213 0.6000000238
5871  6.107  -67.926  24.970 0.6000000238
5883  5.948  -66.841  24.171 0.6000000238
6957  6.774  -65.908  24.806 0.6999999881
4880  16.397  -69.117  22.353 0.8999999762
4417  14.068  -70.047  24.409 0.6999999881
3143  16.875  -73.193  25.542 0.6000000238
3157  19.107  -73.681  25.034 0.6000000238
3142  17.618  -73.783  25.777 0.6000000238
3589  19.566  -73.343  24.083 0.6999999881
3595  20.262  -72.330  22.195 0.6999999881
3588  19.974  -72.741  23.204 0.6999999881
5384  12.915  -67.726  21.805 0.6999999881
4902  12.341  -68.248  21.686 0.6999999881
3596  19.837  -73.136  22.425 0.8000000119
5894  13.421  -67.397  22.298 0.6000000238
5396  12.281  -67.802  21.769 0.6000000238
4903  11.571  -68.816  21.728 0.6999999881
3603  19.895  -72.661  21.338 0.6999999881
5397  11.622  -68.062  21.662 0.5000000000
4904  10.004  -69.002  21.972 0.6999999881
3204  20.432  -73.522  19.245 0.8000000119
138414  19.855  -72.920  20.079 0.8000000119
5882  12.324  -67.348  22.832 0.5000000000
5366  11.617  -67.601  23.578 0.5000000000
2457  21.033  -75.446  18.657 0.6999999881
5356  12.264  -67.982  25.471 0.6000000238
123677  10.892  -68.271  24.626 0.5000000000
5358  10.054  -68.507  23.972 0.6000000238
4885  8.451  -69.182  22.765 0.6999999881
127796  6.781  -69.558  23.777 0.6999999881
5357  10.058  -68.784  25.161 0.5000000000
4848  9.102  -68.912  24.927 0.6000000238
132162  7.618  -69.308  23.487 0.6000000238
5359  6.464  -68.605  25.333 0.6000000238
139118  11.477  -68.483  25.726 0.6000000238
4849  7.935  -69.088  25.510 0.6000000238
4850  7.149  -68.989  25.635 0.6000000238
123377  10.549  -68.843  25.938 0.5000000000
4834  9.614  -68.909  26.112 0.5000000000
4837  7.251  -68.356  26.126 0.6000000238
5870  6.614  -67.252  25.306 0.6000000238
6411  7.116  -66.247  25.061 0.6999999881
6956  8.981  -65.623  24.761 0.6000000238
120711  8.354  -65.185  24.903 0.6999999881
4835  8.661  -68.818  26.239 0.6000000238
5329  7.789  -68.200  26.707 0.6000000238
5858  7.281  -67.667  26.191 0.6000000238
124241  7.381  -66.902  25.725 0.6999999881
6393  9.290  -66.166  24.990 0.5000000000
120969  14.589  -69.257  23.488 0.8999999762
123878  16.491  -72.556  24.857 0.6000000238
3979  16.671  -71.643  23.993 0.6999999881
140426  12.968  -70.353  24.939 0.6999999881
130350  14.035  -69.078  23.663 0.6999999881
4859  14.548  -68.397  22.819 0.8000000119
3580  19.628  -72.778  24.911 0.6999999881
5383  13.812  -67.680  22.224 0.8000000119
4882  13.151  -68.505  22.274 0.6000000238
5893  14.295  -67.072  22.140 0.6999999881
5879  14.627  -66.740  22.744 0.6000000238
3620  20.203  -72.521  19.831 0.8000000119
3612  20.387  -71.774  20.403 0.8000000119
123505  20.749  -72.641  19.440 0.8000000119
5881  13.019  -67.110  22.770 0.5000000000
3203  21.367  -73.448  19.138 0.8000000119
5869  12.439  -67.399  24.124 0.5000000000
6409  14.111  -66.803  25.554 0.5000000000
5856  13.432  -67.294  25.940 0.6000000238
5868  12.916  -67.391  25.202 0.6000000238
5341  12.072  -68.394  26.490 0.6000000238
6971  10.549  -64.708  24.484 0.5000000000
5343  10.051  -68.962  26.852 0.5000000000
6954  10.316  -65.491  24.756 0.5000000000
6972  9.785  -65.195  24.559 0.6000000238
5327  8.936  -68.448  27.773 0.6000000238
5845  7.762  -67.813  26.865 0.6999999881
6395  7.785  -67.278  26.670 0.6999999881
6410  8.231  -66.231  25.171 0.6999999881
5326  9.944  -68.855  27.908 0.6000000238
137399  7.920  -66.813  26.167 0.6000000238
5307  9.396  -68.258  28.554 0.6999999881
5844  8.369  -67.416  27.597 0.6000000238
6376  8.337  -66.775  27.194 0.5000000000
4433  17.622  -69.467  22.908 0.6999999881
4879  17.154  -68.963  22.476 0.6999999881
4881  15.348  -68.434  22.569 0.8000000119
136813  15.594  -67.286  21.887 0.6999999881
119980  15.274  -66.822  21.894 0.6999999881
5382  14.802  -67.323  21.998 0.6999999881
8042  13.604  -63.725  24.848 0.5000000000
6374  14.381  -66.366  27.283 0.5000000000
5842  13.307  -67.514  26.859 0.6000000238
129606  12.177  -63.939  24.036 0.5000000000
6375  13.730  -67.074  27.344 0.5000000000
6918  14.914  -65.652  27.580 0.5000000000
5843  12.625  -68.040  27.178 0.6000000238
5342  11.027  -68.767  26.902 0.6000000238
137003  9.483  -66.256  25.687 0.5000000000
6357  13.722  -66.776  28.131 0.5000000000
133095  13.204  -67.589  27.757 0.6000000238
123207  10.769  -68.472  28.462 0.6000000238
5304  12.348  -68.081  28.202 0.6000000238
4415  17.701  -70.004  23.886 0.6999999881
5379  17.862  -68.377  22.908 0.6999999881
5283  9.787  -68.008  29.415 0.5000000000
7454  14.907  -65.021  28.041 0.5000000000
6342  8.805  -66.812  28.267 0.5000000000
125294  13.424  -66.883  28.935 0.5000000000
144431  11.423  -68.051  29.756 0.5000000000
5306  10.000  -68.467  28.788 0.5000000000
5829  8.863  -67.306  28.470 0.5000000000
6314  9.708  -66.999  30.430 0.5000000000
134977  9.712  -66.256  30.505 0.5000000000
6312  12.912  -66.767  30.567 0.5000000000
5764  10.996  -67.086  31.131 0.5000000000
5808  9.070  -66.939  29.163 0.5000000000
6340  13.295  -66.549  29.659 0.5000000000
5777  11.877  -67.699  30.366 0.5000000000
5282  10.498  -67.975  29.891 0.5000000000
6899  13.847  -66.127  28.866 0.5000000000
5806  12.591  -67.387  29.983 0.5000000000
6290  12.452  -66.776  31.353 0.5000000000
9895  15.036  -61.613  23.696 0.6000000238
9299  13.149  -61.992  24.145 0.6000000238
9287  16.031  -62.118  24.262 0.5000000000
10538  15.850  -60.907  23.863 0.6999999881
9896  13.859  -61.375  24.230 0.6000000238
9288  12.187  -61.514  24.483 0.6000000238
10528  12.075  -60.045  25.727 0.6999999881
10525  15.497  -59.914  24.751 0.6000000238
9884  14.568  -60.495  24.519 0.6999999881
9886  12.466  -60.542  25.055 0.6999999881
9887  11.565  -60.694  25.265 0.6999999881
125487  12.633  -59.553  26.176 0.8000000119
11204  16.357  -58.676  26.086 0.5000000000
10523  16.888  -60.369  24.774 0.5000000000
10527  13.046  -59.799  25.538 0.8000000119
10526  14.573  -59.375  25.158 0.6000000238
10487  12.454  -59.080  27.792 0.6999999881
11845  16.655  -58.119  27.490 0.5000000000
11203  17.145  -59.296  26.193 0.5000000000
120974  12.590  -59.245  26.865 0.6999999881
10488  11.856  -59.345  27.251 0.6999999881
10508  13.227  -59.160  26.268 0.6999999881
11213  15.178  -58.715  25.316 0.6999999881
10478  11.113  -59.408  28.778 0.6999999881
11186  12.935  -58.567  26.919 0.6999999881
129791  15.995  -57.948  26.629 0.6000000238
11214  14.413  -58.435  25.557 0.8000000119
126748  9.634  -53.354  30.365 0.6999999881
13802  10.181  -54.047  30.117 0.8000000119
12450  15.880  -56.303  30.176 0.4000000060
11152  11.799  -58.720  29.502 0.6999999881
11812  16.429  -57.220  28.835 0.5000000000
11168  12.618  -58.455  28.089 0.6999999881
121230  15.738  -57.206  27.259 0.6000000238
12497  15.138  -56.831  26.263 0.6000000238
11205  13.712  -58.454  25.989 0.6999999881
11861  14.815  -57.106  25.782 0.8000000119
11862  14.219  -56.841  25.719 0.8000000119
19043  5.860  -47.223  38.368 0.5000000000
19061  7.537  -47.840  38.071 0.5000000000
18241  8.267  -48.512  38.409 0.5000000000
17513  7.458  -49.520  30.455 0.5000000000
16703  8.845  -50.641  29.886 0.6000000238
17532  8.875  -49.944  30.073 0.6000000238
17495  6.820  -48.921  31.192 0.6000000238
16628  9.489  -49.949  35.089 0.6000000238
15205  8.800  -51.519  30.333 0.6999999881
16687  7.651  -50.143  30.361 0.6999999881
127182  9.122  -52.197  29.781 0.6999999881
15193  8.872  -51.928  31.137 0.6999999881
11829  11.899  -57.200  28.400 0.6999999881
123688  10.794  -56.302  28.562 0.6999999881
13162  10.070  -55.288  28.387 0.8000000119
13142  14.975  -55.974  29.543 0.5000000000
11151  12.551  -57.819  28.276 0.6999999881
12481  15.571  -56.604  28.075 0.6000000238
11846  12.811  -57.848  27.112 0.8000000119
12507  14.552  -56.251  25.714 0.6999999881
123536  12.961  -57.038  26.248 0.8000000119
127295  13.531  -57.552  26.116 0.8000000119
19931  4.855  -47.025  37.935 0.5000000000
19062  6.431  -47.363  37.443 0.6000000238
19080  5.554  -47.222  36.369 0.5000000000
19079  6.407  -47.352  36.183 0.6000000238
19060  8.270  -48.026  37.276 0.6000000238
18260  9.104  -48.438  36.759 0.6000000238
19077  8.575  -47.542  36.210 0.6000000238
18275  10.005  -48.251  35.365 0.5000000000
18335  7.808  -48.699  30.694 0.5000000000
129254  6.958  -49.040  30.688 0.5000000000
143361  7.073  -48.794  32.009 0.6000000238
17482  7.765  -49.559  32.793 0.6999999881
17448  9.915  -49.263  35.495 0.6000000238
16702  9.574  -50.574  29.177 0.6000000238
15919  8.967  -51.357  29.674 0.6999999881
15194  8.353  -51.051  30.989 0.6999999881
15908  7.261  -50.407  30.689 0.6999999881
16667  6.868  -50.381  31.394 0.8000000119
15946  9.845  -51.860  28.517 0.6999999881
14497  9.384  -52.862  29.341 0.6999999881
15230  9.802  -52.804  28.574 0.6999999881
14496  9.637  -53.451  28.980 0.8000000119
13826  10.021  -54.664  27.753 0.8000000119
138870  9.888  -54.578  28.481 0.8000000119
12466  15.022  -56.043  28.651 0.5000000000
13160  13.989  -54.795  27.646 0.6000000238
12484  11.260  -56.394  27.410 0.8000000119
13161  10.655  -55.443  27.278 0.8000000119
12482  14.687  -55.709  27.480 0.6000000238
13173  11.567  -55.834  26.273 0.8000000119
13182  14.028  -55.343  25.608 0.6999999881
13183  13.323  -55.496  25.520 0.6999999881
12508  14.009  -55.908  25.558 0.8000000119
19933  3.337  -46.361  37.253 0.4000000060
19964  4.542  -47.164  35.990 0.5000000000
19094  6.467  -47.122  35.231 0.4000000060
19093  7.632  -46.976  35.328 0.5000000000
19091  9.716  -47.304  35.050 0.5000000000
17512  8.735  -49.030  30.224 0.5000000000
18317  7.892  -48.181  31.514 0.6000000238
18316  8.884  -47.604  32.367 0.6000000238
139106  10.120  -47.794  34.582 0.6000000238
16701  10.791  -50.118  28.741 0.6000000238
18302  8.450  -48.466  32.527 0.6999999881
17481  9.289  -48.915  33.540 0.6999999881
15945  10.311  -51.042  28.504 0.6000000238
14508  9.972  -53.856  28.343 0.8000000119
13833  13.480  -53.955  26.576 0.6999999881
13172  12.531  -55.041  25.682 0.6999999881
133069  11.605  -54.626  26.239 0.8000000119
13835  10.813  -54.400  26.987 0.8000000119
13171  14.033  -54.999  26.332 0.6999999881
19966  3.001  -46.475  36.221 0.4000000060
19950  2.448  -46.043  36.674 0.4000000060
20861  2.171  -45.626  37.233 0.4000000060
135746  5.033  -46.603  34.827 0.5000000000
120178  4.454  -46.724  35.195 0.4000000060
20862  1.850  -44.970  37.447 0.5000000000
19092  8.987  -46.875  35.388 0.5000000000
20010  8.933  -46.205  33.069 0.5000000000
19108  9.987  -47.404  33.783 0.5000000000
20011  8.402  -45.306  32.559 0.5000000000
18301  9.601  -47.903  33.169 0.6999999881
136011  11.177  -51.292  28.039 0.6000000238
14519  10.615  -53.717  27.426 0.8000000119
143818  13.567  -53.148  28.207 0.6000000238
14507  13.394  -53.034  27.251 0.6000000238
15217  13.142  -52.232  27.416 0.6999999881
15241  12.443  -52.328  27.137 0.6999999881
13834  12.822  -53.884  26.051 0.6999999881
22796  1.295  -43.513  38.230 0.3000000119
19999  4.569  -46.237  34.792 0.4000000060
20891  3.817  -46.001  35.321 0.3000000119
20892  2.989  -45.896  35.829 0.4000000060
21820  2.401  -45.116  36.661 0.4000000060
21797  2.202  -44.377  36.956 0.4000000060
22815  1.650  -43.979  37.483 0.5000000000
19997  6.082  -46.321  34.476 0.4000000060
23896  2.073  -43.176  37.897 0.3000000119
19981  6.710  -46.673  34.604 0.4000000060
20026  8.580  -46.200  32.066 0.5000000000
19995  8.370  -45.940  33.896 0.4000000060
138869  8.702  -46.224  31.313 0.6000000238
19996  7.118  -45.866  34.168 0.4000000060
20027  8.561  -45.423  31.769 0.4000000060
132687  8.414  -45.569  33.328 0.5000000000
15242  11.286  -52.677  27.294 0.6999999881
14517  12.917  -52.972  26.684 0.6999999881
21782  1.226  -44.276  38.136 0.4000000060
22814  2.574  -43.529  37.125 0.4000000060
23877  2.684  -42.256  38.506 0.3000000119
20906  5.155  -45.936  34.552 0.3000000119
20903  7.936  -45.007  33.719 0.4000000060
20935  8.317  -44.434  32.401 0.4000000060
20917  8.167  -44.548  33.095 0.4000000060
21842  3.418  -45.411  35.961 0.3000000119
136021  3.205  -44.526  36.367 0.3000000119
22833  2.719  -44.312  36.539 0.4000000060
22832  3.141  -43.614  36.675 0.3000000119
23895  2.970  -42.705  38.040 0.3000000119
21841  4.186  -45.515  35.598 0.3000000119
20905  6.033  -45.716  34.386 0.3000000119
20918  7.920  -44.161  33.541 0.3000000119
20904  7.234  -44.880  34.135 0.3000000119
21892  8.386  -43.793  32.465 0.3000000119
22831  3.624  -43.883  36.586 0.3000000119
23894  4.017  -42.146  37.626 0.3000000119
21818  3.886  -44.820  36.232 0.3000000119
22813  3.721  -43.070  37.185 0.3000000119
21860  7.555  -44.360  34.177 0.3000000119
21878  8.024  -43.713  33.690 0.3000000119
22883  8.463  -43.331  33.237 0.3000000119
23878  1.741  -42.669  38.484 0.3000000119
21817  4.785  -44.838  36.195 0.3000000119
21796  4.539  -44.328  36.738 0.3000000119
22847  7.739  -43.902  34.262 0.3000000119
144139  10.344  -68.625  22.092 0.6000000238
4884  9.577  -68.948  22.374 0.6999999881
4906  8.096  -69.708  22.354 0.6999999881
4886  7.514  -69.628  22.846 0.6999999881
19979  9.275  -46.528  34.442 0.4000000060
19136  9.413  -46.950  32.810 0.6000000238
131254  3.739  -42.191  37.878 0.3000000119
3196  15.223  -72.986  20.395 0.6999999881
3161  13.591  -73.099  24.886 0.6999999881
2778  17.541  -74.019  23.183 0.8000000119
142635  19.011  -76.237  18.628 0.6000000238
126852  19.419  -75.714  18.482 0.6999999881
3160  16.669  -73.348  24.473 0.6000000238
4418  13.539  -70.277  24.717 0.6999999881
3613  19.930  -72.344  20.439 0.8000000119
2829  20.681  -74.798  18.435 0.6999999881
2828  21.118  -74.274  18.844 0.8000000119
124537  7.803  -65.734  24.993 0.6999999881
5367  10.841  -67.938  23.072 0.5000000000
4862  7.195  -69.331  24.792 0.6000000238
8065  8.769  -64.319  25.181 0.6000000238
5328  8.267  -68.061  27.411 0.6999999881
5866  14.166  -66.740  24.162 0.5000000000
5867  13.298  -67.062  24.040 0.6000000238
5324  11.801  -68.400  27.465 0.6000000238
12483  12.186  -57.009  26.978 0.8000000119
514  23.632  -81.049  27.934 0.4000000060
784  24.021  -79.885  28.493 0.4000000060
800  22.155  -80.672  25.164 0.3000000119
316  23.025  -81.182  27.249 0.4000000060
138960  23.167  -81.269  27.981 0.4000000060
506  23.877  -80.873  29.130 0.4000000060
1715  22.568  -78.385  23.721 0.4000000060
1416  21.875  -78.713  24.542 0.5000000000
1120  21.663  -79.417  25.174 0.5000000000
1415  22.233  -79.305  23.641 0.3000000119
1129  22.001  -79.694  24.390 0.4000000060
131924  22.769  -80.269  26.686 0.4000000060
1128  22.148  -80.194  24.145 0.3000000119
792  22.484  -80.567  26.235 0.3000000119
520  23.334  -80.803  27.334 0.3000000119
812  22.076  -80.724  24.365 0.3000000119
1420  22.570  -78.632  22.913 0.4000000060
138548  22.225  -77.922  24.530 0.5000000000
1720  23.116  -77.774  22.645 0.3000000119
1132  22.234  -79.705  23.195 0.3000000119
833  21.581  -80.099  22.788 0.4000000060
1139  22.207  -79.160  22.702 0.3000000119
138026  20.455  -78.663  21.063 0.4000000060
1141  20.948  -79.418  22.294 0.4000000060
1148  20.316  -79.128  21.505 0.4000000060
1719  23.758  -77.351  22.899 0.4000000060
1723  23.657  -77.343  22.786 0.4000000060
1724  23.213  -77.576  22.543 0.4000000060
2055  22.876  -77.088  22.340 0.4000000060
2789  23.770  -74.412  22.525 0.5000000000
142509  22.866  -77.964  22.418 0.4000000060
2061  22.022  -76.470  21.810 0.4000000060
137236  21.185  -78.771  21.967 0.4000000060
1433  21.646  -78.428  21.920 0.5000000000
1729  21.550  -77.108  21.457 0.4000000060
1442  20.803  -78.138  21.094 0.4000000060
134280  18.732  -77.750  18.702 0.6000000238
1453  19.580  -78.640  19.633 0.4000000060
2801  23.448  -74.147  21.338 0.6000000238
2429  21.987  -75.429  20.898 0.6000000238
137013  22.844  -74.530  20.103 0.6000000238
2441  21.819  -75.598  19.769 0.6000000238
2450  22.312  -75.091  19.461 0.6999999881
2062  21.292  -76.532  20.069 0.5000000000
2824  21.792  -74.950  18.830 0.6999999881
3194  24.675  -73.724  20.112 0.6999999881
3617  23.449  -73.254  19.466 0.6999999881
2810  23.992  -73.913  20.545 0.6000000238
3201  23.877  -73.823  19.934 0.6999999881
124643  21.734  -71.804  19.664 0.6999999881
4027  20.877  -71.828  19.780 0.6999999881
3602  20.239  -71.899  21.134 0.6999999881
2823  22.526  -74.551  19.456 0.6999999881
3619  21.564  -72.533  19.355 0.6999999881
136641  21.944  -74.256  19.073 0.6999999881
4021  23.824  -71.138  19.783 0.5000000000
4466  23.091  -70.954  19.904 0.6000000238
3618  22.518  -72.408  19.479 0.6999999881
4026  22.403  -71.349  19.940 0.6000000238
4024  21.112  -71.188  20.652 0.6999999881
4458  21.696  -69.442  21.187 0.6999999881
4014  20.804  -71.252  21.190 0.6999999881
4004  20.658  -71.475  21.980 0.6000000238
4022  22.384  -70.221  20.506 0.6000000238
4925  22.455  -69.096  20.882 0.6000000238
4445  21.193  -70.643  21.849 0.6000000238
4918  21.708  -68.898  21.386 0.6000000238
3573  19.197  -73.162  25.605 0.5000000000
2766  13.346  -73.938  24.793 0.6000000238
142809  13.537  -72.577  23.224 0.6000000238
131643  21.048  -71.051  22.603 0.6000000238
3991  20.484  -71.772  23.107 0.6000000238
3978  19.992  -71.765  24.763 0.5000000000
3145  12.844  -73.668  26.269 0.6000000238
3144  13.420  -73.259  25.813 0.6000000238
2752  13.095  -74.092  25.750 0.6000000238
4900  21.714  -69.155  21.933 0.6000000238
4432  21.126  -71.039  23.582 0.5000000000
3992  20.102  -72.394  24.052 0.5000000000
3146  11.303  -73.252  25.939 0.6000000238
3956  11.965  -72.321  26.146 0.6000000238
3571  12.073  -73.046  26.374 0.6000000238
2742  12.208  -73.969  26.358 0.6000000238
3130  13.100  -72.862  26.432 0.6000000238
3968  12.695  -71.585  26.134 0.6000000238
3569  13.107  -72.129  26.366 0.6000000238
4400  16.935  -70.845  24.391 0.6000000238
4431  21.645  -70.192  22.515 0.6000000238
140488  11.042  -72.528  25.022 0.6000000238
3996  11.114  -70.946  23.185 0.6000000238
3969  11.950  -71.555  25.721 0.6000000238
4420  12.307  -70.278  23.974 0.6000000238
3982  11.624  -71.273  24.688 0.6000000238
4883  12.421  -69.257  22.293 0.5000000000
4419  13.239  -69.668  23.820 0.6000000238
3148  9.868  -73.890  25.641 0.6999999881
3576  10.397  -73.337  25.109 0.6000000238
132571  11.431  -69.870  22.305 0.6000000238
3971  7.821  -71.643  25.377 0.6000000238
3584  10.116  -72.862  24.193 0.6000000238
3983  10.564  -71.949  23.899 0.6000000238
4437  10.395  -70.334  22.340 0.5000000000
3984  9.678  -72.282  23.571 0.6000000238
3999  8.378  -71.591  22.911 0.6000000238
124184  7.288  -71.780  24.012 0.6000000238
3972  6.601  -71.585  24.976 0.6000000238
3585  9.435  -72.785  23.903 0.6000000238
3998  9.173  -71.569  22.972 0.6000000238
4438  9.403  -70.673  22.470 0.5000000000
4009  8.648  -71.000  22.477 0.6000000238
142220  7.454  -71.666  23.339 0.5000000000
3986  6.167  -71.373  23.908 0.5000000000
4905  9.045  -69.371  22.199 0.6000000238
139416  7.758  -70.277  22.258 0.6000000238
4010  7.148  -71.054  22.536 0.6000000238
4001  5.955  -71.015  23.322 0.6000000238
4440  4.891  -70.577  24.043 0.6999999881
4403  4.163  -71.165  25.075 0.6999999881
136844  3.445  -69.777  25.321 0.6999999881
5348  3.393  -68.159  25.506 0.6999999881
4907  7.325  -70.065  22.468 0.6000000238
143266  6.364  -70.327  23.093 0.6999999881
4865  4.090  -69.328  24.095 0.6999999881
4422  3.845  -70.095  24.121 0.6999999881
124707  3.612  -68.784  24.074 0.6999999881
5873  3.686  -67.572  24.432 0.6000000238
4863  5.929  -69.752  24.126 0.6000000238
122662  18.807  -73.010  26.321 0.5000000000
3128  17.921  -73.439  26.472 0.5000000000
142204  18.477  -72.216  27.426 0.5000000000
3566  18.134  -72.831  27.025 0.5000000000
3567  17.227  -72.863  26.902 0.6000000238
3929  18.925  -71.350  28.400 0.6000000238
3556  18.309  -71.874  28.021 0.6000000238
3557  17.473  -72.251  27.605 0.6000000238
3955  16.360  -71.967  26.345 0.6000000238
4386  17.127  -70.358  25.186 0.6000000238
3930  18.109  -71.473  28.671 0.5000000000
3944  16.631  -71.277  27.725 0.6000000238
4847  17.853  -69.546  24.707 0.6000000238
4816  17.177  -69.401  27.730 0.6000000238
133239  17.753  -68.904  26.099 0.5000000000
131945  17.559  -69.549  25.728 0.6000000238
4858  18.084  -69.028  23.790 0.6000000238
4815  17.440  -68.717  26.829 0.5000000000
5355  18.096  -68.660  25.056 0.6000000238
5878  15.494  -66.592  22.818 0.5000000000
6421  17.107  -66.518  23.890 0.5000000000
5891  16.847  -67.135  22.688 0.6000000238
5890  17.684  -67.425  23.057 0.6000000238
1738  20.452  -77.784  19.872 0.6000000238
2451  21.696  -75.464  19.147 0.6999999881
3574  16.528  -72.467  25.747 0.5000000000
4450  9.670  -69.732  22.158 0.6000000238
4888  5.206  -70.096  23.962 0.6999999881
3965  16.519  -71.666  25.240 0.6000000238
6434  16.690  -66.793  23.186 0.6000000238
121645  22.412  -80.975  25.996 0.3000000119
1105  22.141  -80.062  25.906 0.4000000060
1133  22.156  -80.013  22.914 0.3000000119
1425  22.549  -78.407  22.492 0.4000000060
1426  22.077  -78.791  22.343 0.4000000060
2418  23.542  -75.939  22.982 0.4000000060
1728  22.640  -77.578  22.233 0.3000000119
136250  22.463  -75.794  22.245 0.5000000000
2790  22.904  -74.714  22.172 0.6000000238
1432  22.263  -78.159  22.157 0.5000000000
139061  21.580  -76.115  20.827 0.5000000000
1737  20.918  -77.380  20.580 0.5000000000
2811  23.394  -74.090  20.193 0.6000000238
4025  23.387  -72.035  19.549 0.6999999881
3997  10.058  -71.326  23.029 0.6000000238
5860  3.577  -67.500  25.094 0.6000000238
3549  17.575  -71.762  28.234 0.6000000238
4337  17.718  -70.283  29.391 0.5000000000
139046  16.383  -71.314  26.906 0.6000000238
126671  16.825  -70.409  26.357 0.6000000238
4352  17.341  -70.707  28.882 0.5000000000
143680  16.981  -69.998  27.522 0.6000000238
4797  17.166  -69.737  28.545 0.5000000000
5340  17.830  -68.092  25.930 0.5000000000
6420  17.772  -66.916  24.086 0.5000000000
364  12.527  -81.351  43.704 0.4000000060
621  11.367  -81.193  41.966 0.5000000000
200  10.956  -82.378  44.014 0.5000000000
201  9.800  -82.679  43.825 0.5000000000
136109  9.246  -83.428  43.001 0.5000000000
206  11.807  -82.392  43.603 0.5000000000
195  11.750  -82.078  44.429 0.5000000000
615  12.532  -80.514  43.671 0.4000000060
928  11.851  -79.708  42.921 0.4000000060
128513  11.153  -80.010  42.123 0.5000000000
142779  23.963  -79.541  33.959 0.3000000119
1020  24.035  -79.428  34.687 0.3000000119
724  23.120  -80.173  32.574 0.3000000119
750  24.044  -80.437  31.253 0.3000000119
196  10.731  -81.918  44.808 0.4000000060
140723  10.001  -82.193  44.457 0.5000000000
57  8.697  -83.112  44.142 0.5000000000
130668  11.491  -81.654  45.142 0.4000000060
362  12.306  -81.987  44.162 0.4000000060
127672  12.929  -81.004  44.193 0.3000000119
355  12.886  -81.185  44.958 0.3000000119
1258  11.194  -78.249  40.346 0.4000000060
920  12.469  -79.511  43.725 0.3000000119
921  11.756  -78.510  42.968 0.4000000060
929  11.058  -78.915  42.208 0.5000000000
1225  12.552  -78.656  43.803 0.3000000119
1032  24.699  -79.236  34.209 0.3000000119
697  23.275  -79.687  35.771 0.3000000119
1043  23.843  -79.801  32.502 0.3000000119
749  24.672  -79.765  30.575 0.3000000119
762  24.004  -80.705  30.611 0.3000000119
357  10.493  -81.565  45.603 0.3000000119
197  9.625  -81.955  45.284 0.4000000060
349  11.333  -81.181  45.870 0.3000000119
1218  13.086  -79.338  44.450 0.3000000119
1532  11.126  -77.486  41.838 0.4000000060
1540  11.065  -77.795  41.041 0.4000000060
1522  11.393  -77.417  42.610 0.4000000060
122736  13.140  -78.321  44.342 0.3000000119
1314  25.388  -78.277  34.520 0.4000000060
1006  24.944  -78.801  34.983 0.4000000060
995  24.059  -78.527  36.710 0.4000000060
972  24.519  -78.107  38.357 0.4000000060
135512  23.911  -78.115  39.484 0.4000000060
1249  23.017  -77.833  40.512 0.5000000000
1041  25.126  -78.548  33.109 0.3000000119
1042  24.687  -79.204  32.465 0.3000000119
1050  24.767  -79.045  31.338 0.3000000119
774  24.436  -80.192  29.704 0.3000000119
785  23.587  -80.452  27.751 0.3000000119
350  10.278  -81.329  46.414 0.3000000119
134161  11.560  -76.621  43.097 0.3000000119
1840  11.441  -76.732  42.325 0.3000000119
1548  13.137  -77.201  40.988 0.4000000060
1547  13.746  -77.594  41.128 0.4000000060
1505  13.688  -78.221  45.544 0.3000000119
1514  13.005  -77.242  44.354 0.3000000119
1513  13.604  -77.952  44.847 0.3000000119
1521  12.172  -77.592  43.532 0.3000000119
1520  19.087  -77.726  43.329 0.5000000000
1231  18.130  -78.284  43.509 0.5000000000
1904  25.121  -76.848  33.971 0.3000000119
1893  25.119  -77.403  34.588 0.3000000119
1915  25.362  -77.008  33.654 0.3000000119
1605  24.919  -77.773  35.261 0.3000000119
1291  24.403  -77.905  36.631 0.4000000060
134980  22.586  -77.222  40.722 0.5000000000
1535  21.682  -77.232  41.668 0.5000000000
1616  25.285  -77.663  34.603 0.3000000119
1268  24.598  -77.844  38.263 0.4000000060
1262  23.949  -77.818  39.463 0.4000000060
1544  23.362  -77.672  39.969 0.5000000000
1239  22.294  -77.493  41.018 0.5000000000
121918  24.908  -79.457  29.839 0.3000000119
1073  24.546  -79.564  29.282 0.3000000119
1080  23.990  -79.625  28.450 0.3000000119
1092  23.074  -79.836  27.078 0.4000000060
2210  11.794  -76.041  42.211 0.3000000119
121096  12.695  -76.882  41.079 0.4000000060
1499  13.587  -78.335  46.359 0.3000000119
145029  13.551  -77.343  44.825 0.3000000119
1831  12.122  -76.618  43.770 0.3000000119
120978  14.041  -76.925  41.385 0.4000000060
126739  13.782  -77.431  45.214 0.3000000119
1531  16.142  -77.776  42.579 0.4000000060
1232  17.284  -77.933  43.074 0.5000000000
1846  18.280  -76.306  42.144 0.4000000060
1529  18.030  -77.241  42.766 0.5000000000
2256  23.760  -75.611  34.451 0.3000000119
1837  19.917  -76.813  42.572 0.5000000000
1838  19.031  -76.851  42.720 0.5000000000
1607  23.857  -77.104  35.246 0.3000000119
1856  21.036  -76.608  41.247 0.4000000060
1845  19.906  -76.258  41.769 0.5000000000
1916  25.078  -76.744  33.518 0.3000000119
1593  24.268  -77.794  36.622 0.4000000060
143982  23.848  -77.649  37.452 0.4000000060
1855  21.713  -76.932  40.805 0.5000000000
1844  20.732  -76.716  42.036 0.5000000000
1623  25.347  -77.218  33.396 0.3000000119
1577  24.468  -77.890  37.394 0.4000000060
1578  24.544  -77.714  37.960 0.5000000000
1553  23.745  -77.574  39.553 0.5000000000
1340  24.812  -78.235  31.258 0.3000000119
127913  24.853  -78.604  30.217 0.4000000060
1368  23.730  -78.506  29.436 0.3000000119
1367  24.559  -78.807  29.463 0.4000000060
1376  23.868  -78.992  28.734 0.4000000060
1731  14.957  -77.517  21.569 0.5000000000
1093  22.141  -79.711  26.627 0.3000000119
1798  14.296  -76.752  46.765 0.3000000119
1815  14.157  -76.835  45.398 0.3000000119
1860  13.612  -76.244  41.355 0.3000000119
1498  13.958  -77.435  45.823 0.3000000119
1859  14.592  -76.134  41.342 0.3000000119
1848  16.744  -76.275  41.954 0.5000000000
2205  18.388  -75.481  41.398 0.4000000060
1847  17.538  -75.872  41.748 0.3000000119
119833  23.683  -74.712  34.086 0.3000000119
2204  19.444  -75.547  41.089 0.5000000000
138217  24.045  -76.533  34.691 0.3000000119
2213  20.736  -76.286  40.265 0.4000000060
1857  20.301  -76.132  41.160 0.4000000060
131428  23.332  -77.492  36.815 0.4000000060
1579  22.870  -77.488  37.434 0.4000000060
1565  22.054  -77.306  39.107 0.4000000060
1556  21.329  -76.906  39.649 0.4000000060
1633  25.058  -77.244  32.665 0.3000000119
1650  24.833  -77.672  31.813 0.3000000119
1564  23.465  -77.419  39.164 0.4000000060
1355  24.183  -78.255  30.041 0.3000000119
126911  22.326  -78.524  29.161 0.4000000060
1377  22.674  -79.021  28.324 0.4000000060
2065  15.498  -76.916  22.036 0.5000000000
1386  22.102  -79.226  27.525 0.4000000060
134507  21.077  -78.603  27.614 0.5000000000
1730  15.674  -77.306  21.307 0.5000000000
1814  14.578  -76.731  45.809 0.3000000119
2743  11.569  -74.579  26.246 0.5000000000
141924  17.527  -75.347  41.211 0.3000000119
2386  11.918  -75.120  25.427 0.5000000000
2011  9.947  -76.041  26.493 0.6000000238
2257  22.867  -75.789  34.987 0.3000000119
2286  23.966  -75.233  33.914 0.3000000119
1895  23.193  -76.549  35.250 0.3000000119
1609  21.744  -77.108  35.943 0.3000000119
2225  20.130  -75.641  39.546 0.4000000060
3134  7.792  -74.066  26.509 0.5000000000
1594  22.321  -77.324  36.535 0.3000000119
141502  21.112  -77.624  37.099 0.3000000119
141615  21.033  -77.175  38.660 0.3000000119
1872  20.033  -75.882  38.417 0.3000000119
3607  13.942  -72.319  21.000 0.5000000000
1651  23.639  -77.394  31.656 0.3000000119
1666  23.153  -77.752  30.828 0.3000000119
3197  14.558  -72.968  20.006 0.5000000000
138698  21.818  -77.532  30.546 0.3000000119
124295  15.578  -74.966  21.125 0.5000000000
1357  21.446  -78.011  29.814 0.4000000060
2432  16.172  -76.207  21.949 0.6000000238
1369  20.736  -77.930  28.873 0.4000000060
1379  20.754  -78.051  28.033 0.5000000000
2064  16.586  -76.673  21.717 0.5000000000
1701  20.795  -77.808  26.774 0.4000000060
1399  21.039  -78.388  26.475 0.3000000119
1387  21.197  -78.974  26.898 0.4000000060
2073  16.497  -77.095  19.998 0.6000000238
129553  24.445  -76.756  25.302 0.3000000119
2019  23.682  -76.875  25.061 0.4000000060
2020  22.237  -77.221  24.975 0.4000000060
1409  21.413  -78.485  25.597 0.3000000119
1751  17.158  -77.550  18.936 0.6000000238
1752  16.311  -77.951  19.188 0.5000000000
120700  25.065  -76.492  24.657 0.3000000119
2033  24.476  -76.794  23.933 0.5000000000
2034  23.852  -77.242  24.063 0.4000000060
1714  23.368  -77.747  23.217 0.4000000060
1460  16.677  -78.211  18.722 0.6000000238
2032  25.739  -76.244  24.828 0.3000000119
2042  24.819  -76.345  24.362 0.5000000000
2043  24.231  -76.811  23.448 0.4000000060
139108  24.031  -77.175  22.975 0.4000000060
2406  25.548  -75.676  24.489 0.4000000060
2407  24.632  -75.891  24.035 0.5000000000
2053  24.056  -77.051  22.936 0.4000000060
2408  24.262  -75.137  23.467 0.5000000000
2744  10.974  -74.776  26.407 0.6000000238
2388  9.424  -75.554  26.337 0.6000000238
2643  23.425  -74.029  33.934 0.3000000119
2270  23.096  -74.952  34.597 0.3000000119
2271  22.068  -75.468  35.087 0.3000000119
1896  22.025  -76.388  35.508 0.3000000119
135263  9.667  -74.784  26.146 0.6000000238
2756  8.938  -74.975  25.960 0.6000000238
2657  23.545  -74.346  33.810 0.3000000119
1610  20.966  -76.984  35.547 0.3000000119
1596  20.397  -77.270  36.020 0.3000000119
3150  8.728  -73.816  26.050 0.6000000238
2678  21.875  -73.978  31.980 0.3000000119
1595  21.198  -77.486  36.425 0.3000000119
137124  20.673  -77.426  36.946 0.3000000119
121393  8.351  -73.364  26.931 0.6000000238
1652  22.186  -76.944  31.344 0.3000000119
3559  8.515  -72.190  27.362 0.6000000238
3120  8.462  -72.807  27.648 0.6000000238
3550  8.408  -72.347  28.372 0.6000000238
135865  8.557  -71.957  29.858 0.5000000000
129712  21.793  -76.588  26.564 0.4000000060
2009  22.595  -76.685  25.686 0.4000000060
130289  26.267  -74.678  24.125 0.4000000060
2776  25.152  -74.734  23.915 0.5000000000
3051  23.210  -73.544  33.533 0.3000000119
3036  22.948  -73.442  34.065 0.3000000119
2644  23.146  -74.146  34.296 0.3000000119
128019  22.226  -74.534  34.776 0.3000000119
1897  21.101  -76.196  35.077 0.3000000119
1906  19.810  -76.317  34.933 0.3000000119
129037  19.353  -76.278  36.418 0.3000000119
3132  11.573  -73.958  26.309 0.5000000000
2665  23.223  -73.919  33.358 0.3000000119
2293  22.741  -74.449  32.700 0.3000000119
135194  9.124  -74.271  25.878 0.6000000238
2666  22.683  -73.650  32.699 0.3000000119
1882  19.701  -76.188  37.376 0.3000000119
3149  9.167  -73.477  25.396 0.6000000238
3519  21.729  -73.212  31.318 0.3000000119
3133  8.734  -72.800  26.489 0.6000000238
1994  21.258  -76.779  27.367 0.3000000119
1978  20.881  -76.871  28.222 0.3000000119
3933  8.220  -71.890  28.011 0.6000000238
4354  7.735  -70.667  29.452 0.6000000238
3578  8.973  -72.844  24.877 0.5000000000
3970  8.510  -72.006  25.703 0.6000000238
3945  8.338  -71.816  27.183 0.6000000238
3946  7.953  -71.562  27.562 0.6000000238
3934  7.909  -71.380  28.679 0.6000000238
4355  7.011  -70.202  29.005 0.6000000238
3947  7.123  -71.215  27.890 0.6000000238
4800  6.109  -69.782  28.517 0.5000000000
3577  9.604  -73.173  24.581 0.5000000000
3586  8.897  -72.764  24.020 0.5000000000
3957  8.123  -71.609  26.556 0.5000000000
3948  6.265  -71.277  26.972 0.6000000238
5831  5.039  -67.368  28.234 0.5000000000
6377  3.975  -66.641  26.538 0.6000000238
5846  4.157  -67.700  27.214 0.6000000238
138767  5.011  -66.637  28.519 0.5000000000
129843  4.526  -66.661  27.600 0.6000000238
6359  4.477  -65.769  28.192 0.6000000238
3985  8.313  -72.186  24.557 0.5000000000
144718  5.527  -71.259  26.458 0.5000000000
4838  4.623  -70.294  26.707 0.5000000000
4356  6.267  -70.728  27.980 0.6000000238
4389  3.948  -70.472  25.762 0.6000000238
4818  4.588  -69.561  27.248 0.5000000000
5330  5.256  -69.082  28.058 0.5000000000
4839  3.739  -69.527  26.416 0.6000000238
5371  3.910  -68.369  23.992 0.6000000238
5347  3.532  -68.471  26.407 0.6000000238
143217  4.292  -65.338  27.347 0.5000000000
12451  8.333  -57.007  30.370 0.5000000000
3592  8.930  -72.333  23.483 0.5000000000
3958  7.068  -71.450  26.176 0.5000000000
4388  4.819  -71.165  26.034 0.6000000238
12424  7.640  -56.636  32.331 0.5000000000
141088  7.565  -56.684  33.165 0.6000000238
11781  8.996  -57.780  31.683 0.6000000238
138551  9.512  -58.350  31.423 0.6000000238
12438  8.005  -56.626  30.983 0.5000000000
11138  9.379  -58.607  30.048 0.5000000000
11830  8.447  -57.408  28.562 0.5000000000
8027  4.686  -63.864  28.097 0.5000000000
7457  4.664  -64.442  27.296 0.5000000000
13126  10.630  -55.016  30.341 0.6000000238
13789  10.541  -54.583  31.230 0.6999999881
13107  10.858  -55.492  31.401 0.6000000238
123391  10.718  -55.172  32.182 0.6999999881
12395  10.184  -56.140  34.476 0.6000000238
12397  8.761  -56.545  34.900 0.6000000238
13086  11.238  -56.616  32.659 0.6000000238
12408  11.038  -56.356  33.365 0.6000000238
13125  10.965  -56.022  30.618 0.6000000238
123839  11.318  -57.135  30.994 0.6000000238
11750  10.324  -57.283  33.477 0.6000000238
12410  10.010  -56.769  34.230 0.5000000000
12398  7.717  -56.478  34.934 0.6000000238
12467  11.082  -56.587  29.845 0.6000000238
142815  10.780  -57.939  32.201 0.6000000238
11767  9.084  -57.572  32.559 0.5000000000
12411  8.800  -56.966  34.066 0.6000000238
11796  11.297  -58.162  30.759 0.6000000238
11766  9.704  -58.132  32.117 0.6000000238
11136  11.195  -59.040  30.380 0.6000000238
11123  10.553  -58.416  31.588 0.6000000238
132919  9.727  -58.897  30.863 0.6000000238
11153  9.633  -58.787  29.247 0.5000000000
11847  8.238  -57.614  27.782 0.5000000000
11188  8.799  -58.300  27.470 0.5000000000
10492  7.622  -59.097  26.965 0.5000000000
9877  6.637  -59.767  26.791 0.5000000000
13755  10.458  -55.264  33.587 0.6000000238
13745  9.587  -55.089  34.950 0.6999999881
125003  11.591  -58.319  30.037 0.5000000000
10460  10.709  -59.440  29.627 0.6000000238
10479  10.276  -59.252  29.108 0.6000000238
11171  9.096  -57.964  28.352 0.5000000000
11187  9.542  -58.668  27.504 0.6000000238
10491  8.789  -59.234  26.976 0.5000000000
10511  9.550  -59.610  26.590 0.6000000238
10512  7.746  -59.850  26.543 0.6000000238
15933  12.839  -51.115  28.486 0.4000000060
15178  9.168  -52.415  32.018 0.6999999881
15180  7.905  -51.669  32.658 0.5000000000
15167  7.168  -52.545  33.249 0.5000000000
15943  12.736  -51.605  27.689 0.6000000238
15228  11.832  -51.757  27.590 0.5000000000
15166  8.189  -52.687  33.057 0.6000000238
14447  7.715  -53.298  33.753 0.5000000000
14495  13.522  -52.292  28.958 0.5000000000
14470  9.387  -52.853  31.109 0.6000000238
14459  9.144  -52.924  32.860 0.8000000119
14469  10.039  -53.730  31.210 0.6999999881
14445  9.447  -53.946  33.342 0.8000000119
13746  8.936  -54.702  35.206 0.6999999881
10489  11.052  -59.220  27.629 0.6000000238
10490  9.966  -58.930  27.002 0.6000000238
15882  6.905  -51.912  33.146 0.5000000000
16715  11.579  -50.502  28.369 0.5000000000
15179  8.545  -51.616  31.805 0.6999999881
138308  6.266  -52.627  33.471 0.5000000000
15191  12.241  -52.232  30.793 0.4000000060
15203  12.775  -51.423  29.539 0.4000000060
14481  13.012  -53.277  29.872 0.4000000060
13801  13.228  -54.067  29.775 0.5000000000
13816  13.505  -53.938  28.847 0.4000000060
16652  7.075  -51.086  33.099 0.5000000000
15883  6.017  -52.219  33.570 0.5000000000
15934  12.179  -50.474  28.587 0.3000000119
16700  11.667  -49.785  28.818 0.3000000119
14467  12.995  -53.609  31.304 0.4000000060
13787  13.805  -54.510  30.770 0.4000000060
143088  14.094  -55.097  29.334 0.4000000060
16668  7.470  -50.852  32.500 0.6000000238
15897  7.855  -50.766  31.674 0.6000000238
13124  13.829  -54.769  29.760 0.4000000060
124007  7.660  -50.423  33.647 0.5000000000
123116  6.893  -50.993  33.826 0.5000000000
16676  11.039  -49.920  30.975 0.3000000119
16686  11.830  -49.767  28.970 0.3000000119
17530  11.050  -49.168  28.983 0.3000000119
17531  9.868  -49.117  29.511 0.4000000060
13105  14.478  -55.124  30.661 0.3000000119
126294  14.402  -55.398  29.796 0.4000000060
136835  15.533  -55.980  30.739 0.4000000060
18354  11.234  -48.543  29.301 0.4000000060
16651  7.052  -50.461  32.459 0.6000000238
16630  7.534  -50.529  34.658 0.4000000060
18356  9.684  -48.518  29.755 0.4000000060
17480  11.482  -49.708  32.608 0.3000000119
17504  11.163  -49.256  31.455 0.3000000119
18334  8.922  -48.235  30.309 0.4000000060
19157  8.273  -47.802  30.865 0.4000000060
19137  8.603  -47.092  31.762 0.5000000000
19156  9.310  -47.491  30.401 0.4000000060
138048  8.526  -47.117  31.245 0.4000000060
21916  10.643  -43.888  30.544 0.3000000119
22908  9.571  -43.244  31.518 0.3000000119
20958  9.973  -44.828  30.781 0.3000000119
121506  8.582  -44.362  31.858 0.3000000119
21903  8.832  -43.562  32.029 0.3000000119
20860  2.709  -45.866  37.702 0.4000000060
22906  10.978  -42.616  30.915 0.3000000119
2242  19.410  -75.262  37.914 0.3000000119
1692  20.790  -77.492  27.526 0.4000000060
20049  8.746  -46.862  30.881 0.3000000119
10510  10.739  -59.428  26.565 0.6000000238
21781  1.468  -44.826  38.429 0.4000000060
123515  13.457  -53.064  28.893 0.5000000000
20946  8.742  -45.308  31.511 0.3000000119
2035  22.942  -77.634  24.184 0.4000000060
143778  7.338  -71.401  27.092 0.5000000000
361  12.704  -81.454  44.316 0.4000000060
205  12.288  -81.964  43.702 0.5000000000
137988  9.173  -83.219  43.592 0.5000000000
1244  10.814  -78.660  40.748 0.5000000000
996  23.861  -79.304  36.032 0.4000000060
356  12.339  -81.613  44.818 0.4000000060
139612  11.055  -78.053  42.224 0.4000000060
1256  12.184  -78.209  40.010 0.4000000060
1031  25.220  -78.756  33.986 0.4000000060
128780  23.554  -79.264  37.061 0.4000000060
649  23.085  -79.280  38.927 0.4000000060
193  8.956  -81.904  46.029 0.3000000119
1213  13.500  -79.038  46.040 0.3000000119
1539  11.573  -76.986  41.531 0.4000000060
1549  12.277  -77.483  40.521 0.4000000060
1323  25.495  -77.988  33.674 0.3000000119
1339  25.043  -77.916  32.014 0.4000000060
1861  12.090  -76.893  41.069 0.4000000060
1537  15.338  -77.718  42.045 0.4000000060
1843  21.635  -76.932  41.748 0.5000000000
2433  15.106  -76.213  21.846 0.5000000000
1366  24.961  -79.062  29.623 0.4000000060
1823  13.506  -76.677  44.860 0.3000000119
1849  14.938  -76.905  41.690 0.4000000060
1530  16.879  -77.183  42.489 0.5000000000
128051  19.161  -76.154  41.965 0.5000000000
129888  23.253  -77.232  36.030 0.3000000119
1634  24.325  -77.005  32.450 0.3000000119
1649  25.000  -77.702  32.101 0.3000000119
1665  24.495  -78.050  30.929 0.3000000119
2207  16.011  -75.946  41.535 0.3000000119
140614  15.325  -76.273  41.539 0.4000000060
1871  20.647  -76.498  39.018 0.3000000119
2806  15.657  -73.818  21.000 0.5000000000
1378  21.387  -78.540  28.421 0.4000000060
124230  17.886  -74.827  40.773 0.3000000119
2021  21.645  -77.035  25.795 0.4000000060
1700  21.173  -77.709  26.066 0.4000000060
130533  25.828  -76.484  25.105 0.3000000119
120466  21.004  -75.203  34.813 0.3000000119
134024  8.735  -72.528  25.823 0.6000000238
2272  19.937  -75.520  34.606 0.3000000119
2258  19.224  -76.048  35.499 0.3000000119
3076  21.601  -73.542  30.435 0.3000000119
5331  4.248  -68.793  27.275 0.6000000238
14457  10.302  -54.395  32.148 0.6999999881
14446  8.638  -53.552  33.615 0.6999999881
14458  9.677  -53.523  32.263 0.6999999881
144329  8.663  -52.209  32.448 0.6000000238
134515  11.541  -50.095  30.114 0.3000000119
17511  11.365  -49.164  29.891 0.3000000119
2794  17.422  -75.059  21.848 0.5000000000
2805  16.436  -74.866  21.588 0.5000000000
142385  24.778  -72.892  19.706 0.6000000238
121844  5.438  -71.580  24.724 0.4000000060
3987  5.323  -71.070  23.980 0.5000000000
126166  3.900  -65.645  25.897 0.5000000000
5884  4.287  -67.471  23.956 0.5000000000
6413  3.807  -66.860  24.752 0.5000000000
6396  3.719  -66.595  25.508 0.5000000000
7471  4.605  -64.779  26.253 0.5000000000
6942  4.189  -65.066  25.599 0.5000000000
5872  5.240  -67.542  24.076 0.5000000000
128795  5.049  -64.400  26.564 0.4000000060
6973  5.826  -66.060  24.613 0.5000000000
6960  4.331  -65.161  25.171 0.5000000000
7470  5.637  -64.445  26.120 0.5000000000
8025  6.455  -63.589  27.546 0.5000000000
6958  6.180  -65.403  25.200 0.6000000238
7484  5.552  -64.873  25.576 0.5000000000
8047  6.627  -63.957  26.671 0.5000000000
126371  7.677  -60.527  26.536 0.5000000000
123647  7.269  -65.354  25.146 0.6000000238
8692  7.703  -62.405  27.540 0.5000000000
9278  7.824  -61.150  26.776 0.5000000000
7469  6.627  -64.601  25.745 0.6000000238
8024  7.394  -63.383  27.346 0.6000000238
8693  6.912  -62.975  28.075 0.5000000000
7483  7.846  -64.572  25.596 0.6000000238
8046  7.474  -63.901  26.331 0.6000000238
129904  8.274  -62.138  26.777 0.6000000238
137842  8.797  -61.226  25.943 0.5000000000
9874  9.070  -60.475  26.215 0.5000000000
8045  8.363  -63.696  26.018 0.6000000238
8710  8.218  -63.146  26.913 0.6000000238
12383  8.277  -56.051  35.531 0.5000000000
130413  8.310  -55.144  35.728 0.5000000000
13732  9.057  -55.343  35.512 0.5000000000
9873  10.114  -60.160  26.058 0.6000000238
127590  9.021  -63.342  25.588 0.6000000238
9889  9.720  -61.018  25.674 0.6000000238
8709  8.616  -62.613  26.133 0.6000000238
9290  9.602  -61.826  25.500 0.6000000238
8722  10.120  -62.349  24.832 0.6000000238
140398  10.269  -47.308  30.000 0.3000000119
19932  4.305  -46.706  38.090 0.3000000119
2788  24.745  -74.147  22.825 0.4000000060
2800  24.363  -73.907  21.641 0.5000000000
1758  17.436  -77.715  18.643 0.5000000000
2094  18.039  -77.247  18.747 0.5000000000
3186  25.007  -73.800  20.735 0.4000000060
2443  18.572  -76.264  19.228 0.4000000060
136319  24.987  -72.249  20.022 0.4000000060
2056  17.456  -76.351  21.654 0.4000000060
2419  17.158  -76.076  21.966 0.4000000060
126208  17.412  -76.662  20.909 0.4000000060
2084  17.779  -76.900  19.327 0.4000000060
4922  25.772  -69.299  20.570 0.4000000060
4923  24.754  -69.205  20.863 0.4000000060
4464  23.286  -70.128  20.354 0.4000000060
138355  25.151  -70.010  20.237 0.4000000060
4463  24.314  -70.259  20.207 0.4000000060
4916  22.790  -68.840  21.276 0.4000000060
4899  21.876  -68.830  21.844 0.5000000000
8064  9.603  -63.892  24.739 0.5000000000
8077  10.256  -64.065  24.298 0.5000000000
8723  10.335  -63.214  24.247 0.5000000000
8733  11.373  -63.194  23.788 0.5000000000
8075  12.902  -63.570  24.022 0.5000000000
9300  11.737  -62.429  23.999 0.5000000000
8730  14.126  -62.512  24.153 0.5000000000
14435  7.426  -53.874  34.608 0.4000000060
14448  6.742  -53.205  33.764 0.4000000060
8732  12.377  -63.171  23.765 0.5000000000
134039  10.331  -61.634  25.107 0.5000000000
4020  24.309  -72.281  19.632 0.5000000000
4462  25.116  -71.146  20.145 0.4000000060
4924  23.564  -69.336  20.901 0.4000000060
59  9.900  -83.087  43.153 0.4000000060
64  10.328  -83.414  42.378 0.4000000060
30  12.611  -84.196  36.978 0.4000000060
58  11.012  -82.904  43.140 0.4000000060
63  11.378  -83.131  42.328 0.4000000060
95  13.139  -83.904  37.562 0.4000000060
127526  11.061  -83.463  41.796 0.4000000060
233  14.303  -83.169  38.115 0.4000000060
86  13.596  -83.664  38.012 0.4000000060
13  12.167  -83.995  38.485 0.4000000060
208  11.782  -82.421  43.020 0.5000000000
122480  11.592  -82.740  42.846 0.5000000000
209  11.660  -82.922  42.291 0.4000000060
69  11.490  -83.276  41.534 0.4000000060
80  12.139  -83.777  38.964 0.4000000060
368  12.030  -81.812  43.041 0.5000000000
369  11.734  -82.413  42.252 0.5000000000
375  11.700  -82.917  41.266 0.4000000060
387  11.310  -81.826  40.013 0.4000000060
122284  13.005  -81.661  39.069 0.4000000060
395  13.538  -82.705  38.760 0.4000000060
396  12.819  -83.009  38.794 0.4000000060
224  12.202  -83.372  39.185 0.4000000060
75  11.776  -83.544  39.896 0.4000000060
223  14.551  -83.000  38.681 0.4000000060
234  12.868  -83.513  38.414 0.4000000060
656  11.540  -81.164  39.457 0.5000000000
215  11.950  -82.876  40.000 0.4000000060
139336  11.655  -83.354  40.729 0.4000000060
655  12.049  -80.647  39.387 0.5000000000
122402  12.345  -81.854  38.880 0.4000000060
397  11.861  -82.334  39.113 0.4000000060
122292  15.246  -81.489  41.297 0.3000000119
373  16.652  -81.736  42.032 0.3000000119
629  15.627  -81.038  42.058 0.4000000060
643  14.494  -81.261  40.707 0.3000000119
941  15.131  -79.672  41.930 0.4000000060
630  14.789  -80.477  41.365 0.4000000060
627  18.465  -80.465  42.620 0.3000000119
628  17.896  -81.201  42.336 0.4000000060
367  17.195  -81.326  42.410 0.4000000060
927  15.791  -80.023  42.611 0.4000000060
614  17.988  -80.382  43.399 0.4000000060
919  17.270  -80.191  43.371 0.4000000060
926  16.461  -79.609  43.135 0.4000000060
1233  15.729  -78.804  42.496 0.3000000119
386  13.794  -81.592  39.898 0.3000000119
942  14.472  -79.293  41.208 0.3000000119
925  19.147  -79.707  43.073 0.4000000060
1224  17.273  -79.298  43.606 0.4000000060
140089  17.477  -78.652  43.565 0.4000000060
124702  16.660  -78.536  43.143 0.4000000060
654  12.867  -80.660  39.728 0.4000000060
955  14.008  -80.029  40.789 0.4000000060
939  18.979  -79.619  41.953 0.4000000060
1243  14.882  -78.541  41.718 0.3000000119
923  20.419  -78.675  42.490 0.4000000060
938  19.808  -79.073  42.382 0.4000000060
1228  21.196  -77.622  42.299 0.4000000060
1230  20.370  -78.096  43.259 0.4000000060
918  18.473  -79.618  43.622 0.4000000060
967  12.310  -79.873  39.734 0.4000000060
132319  12.782  -78.738  40.278 0.3000000119
957  12.211  -79.015  39.755 0.4000000060
1255  13.081  -77.999  40.581 0.3000000119
936  21.363  -78.435  41.397 0.4000000060
951  21.936  -78.809  40.417 0.4000000060
1240  21.679  -77.770  41.613 0.4000000060
1836  20.667  -77.175  42.745 0.4000000060
1222  18.746  -78.721  43.593 0.4000000060
943  10.806  -80.198  41.364 0.4000000060
1266  11.485  -78.705  39.843 0.3000000119
645  10.907  -80.545  39.959 0.4000000060
632  10.688  -79.730  40.518 0.4000000060
646  10.832  -79.755  39.936 0.4000000060
969  11.075  -79.419  39.786 0.4000000060
4878  21.952  -69.484  22.588 0.4000000060
924  19.938  -78.750  43.058 0.4000000060
65  9.285  -83.578  42.360 0.5000000000
87  12.747  -83.857  38.173 0.4000000060
101  13.240  -83.783  36.946 0.4000000060
403  13.754  -83.260  38.346 0.4000000060
494  23.572  -80.902  29.928 0.3000000119
505  23.785  -80.731  28.478 0.4000000060
611  13.123  -80.855  44.748 0.3000000119
617  18.422  -80.274  43.189 0.4000000060
618  17.633  -81.039  43.019 0.4000000060
619  16.571  -80.797  42.800 0.4000000060
620  11.978  -80.824  42.937 0.4000000060
631  10.972  -80.874  40.764 0.4000000060
644  13.617  -80.625  40.321 0.4000000060
683  22.971  -79.767  36.394 0.3000000119
737  24.275  -79.747  31.619 0.3000000119
738  23.492  -80.330  31.921 0.3000000119
778  24.091  -80.249  28.881 0.4000000060
779  23.806  -80.445  28.226 0.4000000060
786  23.188  -80.485  27.190 0.4000000060
822  22.112  -80.346  23.625 0.3000000119
917  19.174  -79.040  43.381 0.4000000060
930  10.741  -79.264  41.415 0.5000000000
937  20.856  -78.458  42.145 0.4000000060
949  23.553  -78.042  39.951 0.4000000060
950  22.812  -78.443  40.205 0.5000000000
956  13.019  -79.685  40.253 0.4000000060
958  10.874  -79.054  40.075 0.4000000060
968  11.657  -79.587  39.633 0.4000000060
973  23.813  -78.677  38.554 0.4000000060
984  24.538  -78.042  37.669 0.4000000060
985  23.990  -78.655  37.875 0.4000000060
994  24.522  -78.535  35.777 0.4000000060
1007  24.441  -79.117  35.287 0.4000000060
1008  23.966  -79.376  35.337 0.4000000060
1018  25.029  -78.919  34.607 0.4000000060
1019  24.658  -79.189  34.887 0.3000000119
1049  24.819  -78.447  31.366 0.3000000119
1061  24.965  -78.887  30.433 0.4000000060
1074  24.471  -79.312  29.032 0.3000000119
1081  23.434  -79.639  27.971 0.4000000060
1091  23.680  -80.051  27.782 0.3000000119
1106  21.519  -79.151  26.070 0.3000000119
1119  21.991  -80.279  25.094 0.4000000060
1140  21.858  -79.439  22.526 0.4000000060
1217  13.553  -78.983  45.106 0.3000000119
1221  19.623  -78.320  43.390 0.4000000060
1223  18.001  -79.091  43.946 0.4000000060
1229  20.754  -78.205  42.766 0.4000000060
1234  10.834  -78.275  41.551 0.4000000060
1241  21.174  -78.103  42.114 0.4000000060
1250  22.309  -78.106  40.962 0.4000000060
1254  14.081  -78.316  41.119 0.3000000119
1257  11.699  -77.977  40.154 0.4000000060
1269  24.387  -77.998  38.966 0.4000000060
1303  25.132  -78.148  35.175 0.4000000060
1327  25.218  -77.818  32.840 0.4000000060
1356  22.798  -78.086  29.976 0.3000000119
1388  20.768  -78.249  27.216 0.5000000000
1443  20.179  -78.425  20.189 0.5000000000
1458  17.908  -78.056  18.580 0.5000000000
1459  17.175  -78.242  18.599 0.5000000000
1526  21.203  -77.174  42.348 0.5000000000
1527  20.783  -77.611  42.891 0.4000000060
1528  20.109  -77.553  43.200 0.4000000060
1536  15.876  -76.832  42.042 0.4000000060
1538  14.522  -77.642  41.519 0.4000000060
1545  22.677  -77.390  40.469 0.5000000000
1546  22.158  -77.207  41.068 0.5000000000
1554  23.078  -77.378  40.034 0.5000000000
1555  22.114  -77.177  40.126 0.5000000000
1563  24.267  -77.691  38.881 0.5000000000
1580  22.406  -77.519  38.187 0.4000000060
1581  21.220  -77.536  37.847 0.3000000119
1591  24.669  -78.118  35.761 0.4000000060
1592  24.486  -77.922  36.184 0.3000000119
1606  24.719  -77.619  35.421 0.3000000119
1608  22.468  -76.934  35.836 0.3000000119
1611  20.218  -76.840  35.401 0.3000000119
1632  25.057  -77.331  32.732 0.3000000119
1683  20.672  -77.405  28.501 0.4000000060
1707  21.644  -77.749  25.214 0.4000000060
1713  24.078  -77.174  23.230 0.4000000060
1756  19.921  -76.812  18.634 0.6999999881
1807  14.588  -76.768  46.185 0.3000000119
1839  17.490  -76.529  42.224 0.4000000060
1851  12.078  -76.351  41.600 0.4000000060
1881  20.439  -76.927  37.821 0.3000000119
1888  19.725  -76.767  35.711 0.3000000119
1894  24.687  -77.046  34.605 0.3000000119
1898  20.464  -76.516  35.080 0.3000000119
1924  25.243  -76.946  33.216 0.3000000119
1925  24.987  -76.731  33.186 0.3000000119
1963  20.576  -76.656  28.985 0.3000000119
2010  21.114  -77.140  26.635 0.4000000060
2031  26.464  -76.293  25.198 0.3000000119
2054  23.507  -77.058  22.615 0.4000000060
2063  17.921  -76.337  21.262 0.6000000238
2083  18.770  -76.741  18.662 0.6000000238
2091  19.970  -76.070  18.318 0.6999999881
2093  18.449  -76.609  18.612 0.6000000238
2206  16.812  -75.611  41.363 0.3000000119
2214  20.025  -75.630  40.446 0.4000000060
2259  18.807  -75.219  35.470 0.3000000119
2273  19.272  -75.546  34.856 0.3000000119
2292  23.606  -75.005  33.503 0.3000000119
2380  10.869  -75.394  26.355 0.5000000000
2417  24.165  -76.437  23.384 0.4000000060
2440  22.548  -74.977  19.944 0.6000000238
2458  20.081  -75.287  18.177 0.6999999881
2745  10.284  -75.275  26.387 0.6000000238
2753  12.335  -74.473  26.030 0.6000000238
2754  11.613  -75.066  26.114 0.5000000000
2755  10.535  -74.545  26.267 0.6000000238
2757  8.312  -74.662  26.049 0.6000000238
2791  19.194  -74.201  21.892 0.6000000238
2792  18.759  -74.117  22.507 0.8000000119
2802  22.662  -74.617  20.825 0.6000000238
2812  22.866  -74.519  19.929 0.6000000238
2822  23.136  -74.060  19.812 0.6999999881
2825  19.879  -74.091  19.039 0.8000000119
2831  19.879  -74.589  18.556 0.6999999881
3129  17.225  -73.265  26.270 0.5000000000
3131  12.486  -73.306  26.409 0.6000000238
3141  18.518  -73.653  25.770 0.5000000000
3147  10.737  -73.889  25.962 0.6999999881
3168  16.966  -73.814  23.905 0.8000000119
3170  13.448  -73.208  23.929 0.6000000238
3195  19.623  -73.639  19.965 0.8000000119
3202  22.435  -73.550  19.330 0.6999999881
3205  19.899  -73.535  19.649 0.8000000119
3543  8.460  -72.498  29.393 0.6000000238
3558  16.609  -72.074  27.215 0.6000000238
3568  16.729  -72.652  26.388 0.5000000000
3570  12.641  -72.503  26.450 0.6000000238
3572  8.588  -72.016  26.548 0.6000000238
3597  16.217  -72.273  21.829 0.6999999881
3604  15.947  -72.577  21.194 0.8000000119
3614  14.838  -72.593  20.168 0.6999999881
3616  24.386  -73.279  19.631 0.6000000238
3923  17.883  -70.962  29.136 0.5000000000
3931  17.381  -71.303  28.607 0.5000000000
3932  16.900  -71.031  28.392 0.5000000000
3935  7.244  -70.829  28.598 0.6000000238
3942  19.234  -71.620  27.519 0.6000000238
3943  16.923  -71.647  28.025 0.6000000238
3959  5.712  -71.532  25.823 0.4000000060
3966  13.631  -70.835  25.200 0.6999999881
3973  4.838  -71.558  25.243 0.6000000238
3974  4.686  -71.211  24.530 0.5000000000
3988  4.736  -70.740  24.069 0.6999999881
4000  6.826  -71.334  23.080 0.5000000000
4008  14.327  -71.803  21.894 0.6999999881
4011  6.630  -70.888  22.754 0.6000000238
4023  21.625  -71.266  20.252 0.6999999881
4336  18.422  -70.472  29.566 0.5000000000
4338  17.323  -70.000  29.050 0.5000000000
4353  17.118  -70.432  28.611 0.6000000238
4369  19.690  -70.966  28.003 0.6000000238
4370  16.873  -70.419  28.057 0.5000000000
4371  5.458  -70.837  26.940 0.5000000000
4387  16.464  -71.146  25.936 0.6000000238
4402  12.493  -70.897  25.399 0.6999999881
4404  3.682  -70.347  24.735 0.6999999881
4421  3.854  -70.895  24.431 0.6999999881
4434  17.212  -69.968  22.064 0.8999999762
4435  16.394  -70.031  21.727 0.8999999762
4439  5.905  -70.677  23.432 0.6999999881
4441  4.304  -70.428  24.117 0.6999999881
4444  21.661  -69.646  21.643 0.6000000238
4448  15.628  -70.602  21.926 0.8000000119
4449  10.653  -69.324  21.920 0.6000000238
4451  8.584  -70.194  22.295 0.6000000238
4452  7.207  -70.623  22.363 0.6000000238
4457  21.797  -69.129  20.944 0.6000000238
4459  21.455  -70.419  21.291 0.6999999881
4465  21.736  -70.335  20.870 0.6999999881
4817  5.378  -70.056  27.554 0.5000000000
4832  17.228  -69.604  26.827 0.6000000238
4833  16.674  -70.542  27.313 0.6000000238
4836  7.861  -68.636  26.255 0.6000000238
4840  3.303  -68.957  25.414 0.6999999881
4851  6.465  -69.228  24.823 0.6000000238
4852  3.487  -69.394  24.426 0.6999999881
4860  9.265  -68.840  23.385 0.6999999881
4861  8.225  -69.058  24.032 0.6000000238
4864  5.079  -69.644  24.178 0.6000000238
4866  3.760  -69.521  24.117 0.6999999881
4887  6.608  -69.965  23.023 0.6999999881
4889  4.171  -70.071  24.063 0.6999999881
4908  6.741  -70.434  22.767 0.6999999881
4917  21.987  -68.622  21.221 0.4000000060
5264  10.950  -67.683  30.526 0.5000000000
5305  11.521  -68.234  28.844 0.5000000000
5308  8.779  -67.880  28.196 0.5000000000
5311  4.845  -68.238  27.958 0.6000000238
5325  11.031  -68.575  27.799 0.6000000238
5344  9.258  -68.786  27.058 0.5000000000
5345  8.437  -68.471  26.968 0.6000000238
5346  6.785  -68.020  25.918 0.6000000238
5360  5.638  -68.432  24.616 0.6000000238
5361  3.475  -68.315  24.555 0.6000000238
5368  10.196  -68.510  22.724 0.6000000238
5369  5.699  -69.091  24.554 0.6000000238
5372  3.714  -67.929  24.107 0.6000000238
5380  17.086  -67.755  22.543 0.6999999881
5381  16.363  -68.095  22.272 0.8000000119
5385  11.757  -67.648  22.229 0.5000000000
5386  10.893  -68.071  22.041 0.5000000000
5398  10.856  -68.551  21.831 0.6999999881
5763  11.719  -67.297  31.016 0.5000000000
5776  12.336  -67.256  30.708 0.5000000000
5778  10.045  -67.586  30.176 0.5000000000
5805  12.994  -67.299  29.311 0.5000000000
5807  9.433  -67.329  29.752 0.5000000000
5826  13.075  -67.507  28.623 0.5000000000
5827  12.354  -67.879  29.246 0.5000000000
5828  9.197  -67.631  28.962 0.5000000000
5857  12.804  -67.871  26.210 0.6000000238
5859  3.547  -67.517  26.083 0.6000000238
5865  18.059  -67.467  25.007 0.5000000000
5877  18.159  -67.930  23.898 0.6000000238
5880  13.808  -66.943  22.758 0.6000000238
5892  16.062  -66.726  22.356 0.6000000238
5895  12.654  -67.485  22.117 0.5000000000
6341  9.283  -66.564  29.910 0.5000000000
6356  14.346  -65.801  28.084 0.5000000000
6394  8.784  -66.447  25.825 0.6000000238
6405  17.729  -66.756  25.030 0.5000000000
6412  3.905  -65.742  25.046 0.5000000000
6422  16.284  -66.513  23.477 0.5000000000
6424  6.409  -66.379  24.648 0.6999999881
6425  4.794  -65.912  24.816 0.5000000000
6433  17.294  -66.949  23.354 0.6000000238
6862  13.471  -66.008  30.309 0.5000000000
6864  9.492  -65.657  30.117 0.5000000000
6881  13.743  -65.512  29.511 0.5000000000
6883  9.134  -66.340  28.856 0.5000000000
6898  14.188  -65.107  28.696 0.5000000000
6922  4.304  -65.018  26.618 0.5000000000
6941  4.793  -64.797  25.685 0.5000000000
6955  9.694  -65.718  24.790 0.5000000000
6959  5.171  -65.265  25.116 0.5000000000
7481  9.896  -64.562  24.430 0.5000000000
7482  9.273  -64.881  24.626 0.6000000238
7495  11.535  -64.583  24.508 0.5000000000
8026  5.326  -63.850  27.615 0.5000000000
8048  5.818  -64.075  26.903 0.5000000000
8061  13.438  -63.340  24.332 0.5000000000
8062  13.095  -64.093  24.451 0.5000000000
8076  11.009  -63.960  24.032 0.5000000000
8720  15.026  -62.305  24.131 0.5000000000
8724  9.547  -62.741  25.243 0.6000000238
8731  13.236  -62.885  23.974 0.5000000000
9277  8.232  -61.350  26.246 0.6000000238
9289  10.797  -62.385  24.301 0.5000000000
9297  15.561  -61.859  23.700 0.6000000238
9298  14.127  -62.196  23.998 0.6000000238
9872  11.122  -60.064  25.913 0.6999999881
9875  7.973  -60.599  26.378 0.5000000000
9885  13.382  -60.483  24.824 0.6999999881
9888  10.636  -60.802  25.477 0.6999999881
10443  10.741  -59.361  30.143 0.6000000238
10444  10.111  -59.333  30.083 0.6000000238
10459  11.279  -59.313  29.602 0.6999999881
10477  12.081  -59.088  28.768 0.6999999881
10506  16.703  -59.451  25.540 0.5000000000
10507  13.849  -59.165  25.635 0.6999999881
10509  11.871  -59.638  26.391 0.8000000119
10513  7.228  -60.017  26.499 0.5000000000
10524  16.131  -59.571  24.993 0.6000000238
11107  10.283  -58.141  32.227 0.6000000238
11122  10.890  -58.617  31.061 0.6000000238
11124  10.042  -58.601  31.531 0.6000000238
11137  10.447  -59.061  30.842 0.6000000238
11154  9.087  -58.005  29.147 0.5000000000
11169  10.307  -59.050  28.056 0.6000000238
11170  9.658  -58.644  28.287 0.5000000000
11185  17.086  -58.769  26.745 0.5000000000
11212  15.764  -58.700  25.575 0.6999999881
11749  11.040  -57.079  33.211 0.6000000238
11751  9.441  -57.273  33.599 0.5000000000
11752  8.348  -57.114  33.109 0.6000000238
11764  11.124  -57.418  32.487 0.6000000238
11765  10.627  -57.643  32.793 0.6000000238
11780  11.110  -57.904  31.651 0.6000000238
11797  9.011  -58.040  30.795 0.6000000238
11813  12.056  -57.863  29.263 0.5000000000
11828  16.247  -57.468  28.092 0.6000000238
11860  15.383  -57.867  26.001 0.6000000238
11863  13.413  -56.384  25.758 0.8000000119
11872  14.653  -57.714  25.710 0.8000000119
12382  9.109  -55.993  35.474 0.5000000000
12396  9.593  -56.300  34.871 0.6000000238
12409  10.598  -56.570  33.800 0.6000000238
12412  8.021  -56.798  34.044 0.6000000238
12436  11.331  -57.156  31.985 0.6000000238
12437  8.317  -57.078  31.926 0.6000000238
12465  15.780  -56.477  29.171 0.5000000000
12498  14.600  -55.826  26.127 0.6999999881
12499  12.531  -56.142  25.784 0.8000000119
13033  8.556  -55.635  35.625 0.5000000000
13051  10.122  -55.556  34.410 0.6000000238
13052  9.635  -55.774  35.057 0.6000000238
13069  10.714  -55.915  33.877 0.6000000238
13087  10.994  -55.727  33.068 0.6999999881
13106  11.161  -56.402  31.685 0.6000000238
13123  15.040  -55.749  30.393 0.4000000060
13143  13.872  -54.681  28.753 0.4000000060
13144  10.573  -55.658  29.479 0.6000000238
13145  10.119  -54.768  29.248 0.8000000119
13733  7.522  -54.906  35.962 0.5000000000
13747  8.096  -54.578  35.387 0.5000000000
13756  9.836  -54.815  33.974 0.6999999881
13757  9.156  -54.389  34.301 0.6999999881
13772  10.534  -55.011  32.835 0.6999999881
13773  10.119  -54.457  33.062 0.8000000119
13788  13.254  -53.895  30.708 0.4000000060
13817  9.800  -54.047  29.053 0.8000000119
13825  13.668  -53.861  27.858 0.6000000238
13847  13.458  -54.656  25.679 0.6999999881
14434  8.328  -54.074  34.472 0.6999999881
14468  12.653  -53.119  30.703 0.4000000060
14482  13.016  -52.288  29.786 0.5000000000
14483  9.592  -53.442  29.604 0.6999999881
14484  9.240  -52.887  30.048 0.6999999881
14494  13.485  -52.472  28.179 0.5000000000
14518  11.822  -53.452  26.694 0.8000000119
15218  13.266  -51.845  28.251 0.6000000238
15219  9.333  -52.099  29.123 0.6999999881
15229  10.589  -52.127  27.900 0.6000000238
15920  8.399  -50.644  30.290 0.6999999881
15935  9.337  -51.304  29.076 0.6000000238
15944  12.238  -51.041  28.062 0.5000000000
17447  10.144  -48.583  34.824 0.6000000238
17464  9.817  -49.209  34.531 0.6999999881
17465  8.927  -49.824  34.082 0.6000000238
17529  11.416  -49.141  29.099 0.3000000119
18259  9.640  -48.796  36.163 0.5000000000
18290  10.073  -48.313  34.064 0.6000000238
18325  7.474  -48.408  30.982 0.5000000000
18355  10.661  -48.483  29.303 0.4000000060
19063  5.155  -47.137  37.144 0.6000000238
19076  9.444  -47.806  35.892 0.6000000238
19078  7.441  -47.351  36.203 0.5000000000
19095  5.385  -47.057  35.355 0.5000000000
19109  9.893  -47.061  34.349 0.5000000000
19148  8.207  -47.628  31.206 0.6000000238
19176  10.193  -47.936  29.710 0.3000000119
19949  3.955  -47.058  36.813 0.4000000060
19965  3.726  -46.767  35.727 0.4000000060
19980  8.112  -46.391  34.606 0.4000000060
19982  3.950  -46.386  35.264 0.3000000119
19983  3.271  -46.235  35.721 0.4000000060
19998  5.341  -46.280  34.588 0.3000000119
20850  3.657  -46.145  38.436 0.3000000119
20875  2.469  -45.983  36.107 0.4000000060
20876  2.275  -45.654  36.761 0.4000000060
20890  4.676  -45.818  34.852 0.4000000060
20945  9.165  -44.655  31.342 0.3000000119
21770  1.641  -44.608  39.314 0.4000000060
21771  1.149  -44.222  38.875 0.4000000060
21819  2.849  -45.243  36.263 0.3000000119
21837  7.847  -43.956  34.869 0.3000000119
21877  8.259  -43.639  33.016 0.3000000119
21902  9.098  -43.845  31.548 0.3000000119
21917  9.760  -43.821  31.014 0.3000000119
22907  10.180  -42.824  31.324 0.3000000119
22925  10.362  -43.137  30.838 0.3000000119
24905  2.079  -42.105  38.967 0.3000000119
120198  11.482  -57.523  30.078 0.6000000238
121364  4.250  -66.615  24.437 0.5000000000
121655  3.448  -42.882  37.413 0.3000000119
121872  25.431  -73.669  20.389 0.4000000060
122597  5.743  -46.731  34.730 0.5000000000
122819  14.538  -69.847  23.814 0.8000000119
123248  4.239  -65.806  26.975 0.5000000000
123652  6.753  -49.783  30.729 0.6000000238
123898  19.951  -76.952  36.690 0.3000000119
124224  20.473  -71.610  24.049 0.5000000000
124695  8.384  -71.885  29.065 0.5000000000
124899  8.141  -72.005  23.565 0.6000000238
125001  7.590  -71.438  22.889 0.5000000000
125027  23.733  -78.534  39.143 0.4000000060
125532  18.176  -74.035  25.071 0.6000000238
125671  11.173  -61.525  24.751 0.5000000000
125716  24.948  -78.446  32.152 0.3000000119
126022  12.553  -62.527  23.952 0.6000000238
126076  21.399  -77.910  21.547 0.5000000000
127010  11.588  -77.555  40.696 0.4000000060
127172  11.230  -80.153  39.682 0.4000000060
127303  16.170  -67.077  21.949 0.6000000238
127543  13.857  -59.837  25.175 0.6999999881
127570  11.794  -59.305  28.116 0.6999999881
127756  23.036  -77.121  24.809 0.4000000060
128054  6.681  -49.652  31.717 0.8000000119
128876  24.532  -76.811  24.563 0.3000000119
128921  11.509  -81.953  41.267 0.4000000060
129312  14.156  -57.729  25.751 0.8000000119
129351  24.355  -79.538  33.311 0.3000000119
129697  17.584  -59.472  26.805 0.5000000000
129820  23.209  -74.224  20.366 0.6000000238
129940  13.609  -78.976  40.689 0.3000000119
130120  6.610  -51.596  33.436 0.5000000000
130166  10.619  -68.257  29.239 0.5000000000
130597  5.882  -70.313  23.709 0.6999999881
130722  23.782  -77.531  38.279 0.4000000060
131375  25.488  -77.425  34.021 0.3000000119
131531  9.370  -56.766  34.397 0.5000000000
131687  8.625  -46.612  31.399 0.6000000238
131903  23.420  -81.073  28.526 0.4000000060
132043  16.240  -73.843  21.377 0.6000000238
132596  18.132  -80.903  43.021 0.4000000060
132659  8.037  -44.080  32.882 0.3000000119
132750  9.973  -57.842  32.909 0.6000000238
132969  8.942  -62.030  25.844 0.6000000238
132986  5.134  -66.640  24.043 0.5000000000
133160  15.260  -56.305  26.933 0.6000000238
133265  7.265  -47.584  37.033 0.5000000000
133444  8.539  -57.320  31.184 0.5000000000
133477  4.346  -64.843  27.704 0.5000000000
133859  10.059  -49.807  29.268 0.6000000238
133878  10.374  -67.239  30.705 0.5000000000
134327  21.710  -77.554  37.262 0.3000000119
134599  13.305  -51.711  28.979 0.5000000000
134646  17.350  -66.413  24.771 0.5000000000
134938  6.820  -59.405  26.691 0.5000000000
135238  24.516  -71.408  19.925 0.5000000000
135499  10.428  -53.068  27.912 0.8000000119
136063  9.598  -46.673  33.722 0.5000000000
136153  8.576  -59.974  26.497 0.6000000238
136643  3.860  -67.277  24.222 0.6000000238
136880  21.167  -78.236  29.222 0.4000000060
137176  12.321  -58.352  28.830 0.6999999881
138233  11.502  -68.346  28.148 0.6000000238
138431  19.544  -73.350  23.222 0.8000000119
138577  11.488  -57.091  29.284 0.6999999881
138754  22.925  -80.878  26.832 0.3000000119
138891  17.832  -79.731  43.743 0.4000000060
138924  15.054  -57.961  25.708 0.6999999881
139521  25.362  -77.235  34.110 0.3000000119
139526  20.392  -76.033  34.788 0.3000000119
139935  23.950  -78.551  37.313 0.4000000060
139967  5.306  -70.825  23.686 0.6999999881
140028  16.317  -60.355  24.382 0.5000000000
140033  12.937  -53.523  30.656 0.4000000060
140130  14.314  -55.762  25.661 0.6999999881
140318  7.836  -70.924  22.328 0.6000000238
140376  18.085  -77.298  18.698 0.6000000238
140507  7.369  -68.031  26.414 0.6999999881
140772  7.684  -56.474  31.548 0.5000000000
140811  14.849  -62.090  23.799 0.6000000238
141223  24.857  -79.094  33.447 0.3000000119
141383  13.531  -67.010  25.037 0.5000000000
141449  14.978  -66.549  23.847 0.5000000000
141574  12.096  -67.832  29.851 0.5000000000
141677  10.417  -51.606  28.229 0.6000000238
141735  15.756  -61.513  23.605 0.6000000238
141761  8.683  -54.923  35.554 0.5000000000
142092  11.719  -67.887  24.759 0.6000000238
142261  16.698  -77.844  42.825 0.5000000000
142346  10.994  -55.882  32.225 0.6999999881
142368  23.960  -72.786  19.374 0.5000000000
142606  11.984  -81.432  45.337 0.3000000119
142786  9.025  -46.186  33.700 0.5000000000
143295  13.194  -53.393  26.527 0.6999999881
143336  9.171  -66.458  29.376 0.5000000000
143374  7.186  -59.680  26.542 0.5000000000
143380  15.795  -77.675  20.032 0.5000000000
143452  9.017  -62.644  25.732 0.6000000238
143457  19.560  -77.227  43.022 0.5000000000
143527  12.950  -61.145  24.572 0.6000000238
143676  20.825  -77.776  29.482 0.4000000060
143761  2.444  -42.660  38.254 0.3000000119
144300  14.386  -55.424  28.800 0.4000000060
144639  22.021  -70.794  20.393 0.6000000238
145033  16.669  -70.991  25.226 0.6000000238
145107  9.061  -52.285  30.440 0.6999999881
