#!ascii label  , from subject sub-09 vox2ras=TkReg
553
52135  20.467  -14.249  23.550 0.1428571492
52116  19.319  -14.988  24.215 0.1428571492
53211  20.152  -13.338  22.406 0.1428571492
52113  22.076  -14.493  23.878 0.1428571492
53192  20.725  -13.685  23.014 0.2857142985
52136  19.537  -14.473  23.580 0.1428571492
53191  21.575  -13.456  23.096 0.1428571492
54290  20.070  -12.382  21.541 0.5714285970
53209  21.837  -12.844  22.669 0.1428571492
120184  23.159  -11.802  22.378 0.2857142985
55463  22.405  -11.816  22.106 0.2857142985
56632  24.266  -10.712  21.912 0.1428571492
137221  23.700  -11.281  22.126 0.2857142985
57888  24.260  -9.145  19.778 0.2857142985
57875  24.651  -9.398  20.541 0.1428571492
57876  23.763  -9.584  20.370 0.2857142985
60103  25.762  -7.828  19.176 0.2857142985
58982  25.422  -8.407  19.472 0.2857142985
61190  25.735  -6.785  18.213 0.2857142985
60120  25.396  -7.453  18.599 0.2857142985
61205  25.724  -5.893  17.211 0.2857142985
63280  25.554  -4.559  15.828 0.8571428657
62267  25.915  -4.840  16.538 0.4285714328
120154  26.163  -6.221  17.671 0.2857142985
64257  26.195  -3.187  14.959 0.7142857313
134033  26.521  -3.482  15.747 0.7142857313
64243  25.912  -3.897  15.332 0.7142857313
66303  26.803  -1.919  15.048 0.8571428657
65241  26.383  -2.475  14.563 0.5714285970
65242  25.883  -2.890  14.316 0.8571428657
64258  25.562  -3.522  14.561 0.7142857313
63297  25.178  -4.390  14.885 0.7142857313
67430  26.890  -1.001  13.745 0.4285714328
66318  26.698  -1.800  14.084 0.7142857313
65255  26.026  -2.364  13.638 0.8571428657
68600  27.296  0.677  13.321 0.2857142985
68601  26.740  0.320  13.063 0.5714285970
141923  26.524  -1.044  13.220 0.8571428657
137075  26.581  -0.490  13.211 0.7142857313
66328  26.373  -1.541  13.338 0.8571428657
69643  27.190  1.260  12.430 0.1428571492
69636  27.644  1.378  12.940 0.1428571492
68612  27.142  0.876  12.648 0.4285714328
67453  26.206  -0.045  12.811 0.5714285970
67444  26.056  -1.021  12.789 0.8571428657
70747  26.896  2.973  12.560 0.1428571492
70746  27.688  1.977  12.656 0.1428571492
67454  25.533  -0.481  12.699 0.8571428657
71820  27.539  3.369  12.336 0.1428571492
141798  26.615  2.105  12.429 0.1428571492
70748  25.819  2.339  12.673 0.4285714328
69644  26.359  1.288  12.440 0.5714285970
133395  25.386  0.753  12.720 0.7142857313
67455  24.509  -0.698  12.639 0.8571428657
122028  26.807  3.761  12.400 0.1428571492
130031  25.977  4.346  12.599 0.1428571492
71821  25.967  3.460  12.733 0.1428571492
68615  24.981  0.088  12.715 0.8571428657
128300  24.491  0.704  12.862 0.8571428657
72899  26.604  4.436  12.215 0.1428571492
131182  25.901  5.027  12.471 0.2857142985
130949  24.771  3.834  12.954 0.8571428657
69645  25.096  1.418  12.850 0.7142857313
140235  24.578  2.199  13.107 0.8571428657
73941  26.048  5.556  12.320 0.1428571492
75009  26.285  5.814  11.743 0.1428571492
72900  24.835  4.848  13.090 0.4285714328
72901  24.013  4.460  13.450 0.8571428657
127299  24.119  2.942  13.256 0.8571428657
70749  23.533  2.095  13.028 0.8571428657
73942  25.300  5.542  12.862 0.4285714328
71822  23.711  3.670  13.151 0.8571428657
70750  23.123  2.916  12.836 0.8571428657
74994  25.720  6.005  12.495 0.1428571492
76025  25.773  6.634  12.408 0.2857142985
73943  24.467  5.658  13.454 0.5714285970
130948  24.075  5.141  13.598 0.8571428657
72902  23.414  4.344  12.986 0.8571428657
130761  23.682  5.064  13.366 0.8571428657
71823  22.810  3.704  12.690 0.8571428657
76041  25.745  7.654  12.612 0.2857142985
76026  24.854  7.091  13.131 0.7142857313
74995  25.067  6.245  13.137 0.5714285970
74996  24.213  6.462  13.483 0.8571428657
73945  23.010  5.757  12.904 0.8571428657
72903  22.653  4.466  12.397 0.8571428657
76027  23.900  7.344  13.369 0.8571428657
74997  23.403  6.599  13.294 0.8571428657
75010  21.938  6.662  12.001 0.7142857313
74998  22.607  6.673  12.682 0.7142857313
76042  24.579  7.970  13.133 0.8571428657
76043  23.730  8.036  13.131 0.8571428657
119633  23.146  8.377  12.244 0.8571428657
76044  22.342  7.477  11.916 0.7142857313
119278  24.758  9.801  12.715 0.7142857313
120046  24.294  9.375  12.614 0.8571428657
119279  23.937  10.022  12.373 0.8571428657
79584  24.547  11.239  11.489 0.7142857313
76028  23.163  7.452  12.950 0.8571428657
119291  23.658  9.146  12.085 0.8571428657
133162  27.397  11.984  9.035 0.1428571492
78725  24.636  10.308  12.444 0.8571428657
79583  25.270  11.232  11.461 0.7142857313
121588  24.213  10.629  11.955 0.8571428657
80483  27.279  12.879  8.493 0.1428571492
79592  25.849  11.752  10.933 0.5714285970
80453  26.253  12.477  10.380 0.5714285970
81347  25.895  13.185  10.187 0.5714285970
80470  26.586  13.055  9.835 0.1428571492
82191  27.032  14.575  6.738 0.1428571492
138135  25.928  13.939  9.115 0.5714285970
82183  26.603  15.233  7.475 0.1428571492
82989  26.507  15.458  6.553 0.1428571492
82171  26.600  14.847  8.254 0.1428571492
83792  26.192  16.249  6.294 0.1428571492
81358  26.294  13.566  9.576 0.5714285970
125749  25.715  16.529  6.964 0.1428571492
137653  25.080  17.576  5.380 0.1428571492
84586  24.544  17.214  6.342 0.1428571492
52115  20.234  -14.762  24.182 0.1428571492
51060  20.021  -15.249  24.779 0.1428571492
53210  21.034  -13.138  22.503 0.2857142985
53190  22.491  -13.274  23.186 0.1428571492
54266  23.526  -12.381  22.764 0.2857142985
138003  21.969  -12.313  22.265 0.2857142985
57859  25.108  -9.775  21.195 0.2857142985
57860  24.153  -10.025  21.185 0.1428571492
61206  25.264  -6.517  17.523 0.2857142985
63265  26.545  -4.566  16.725 0.4285714328
120095  25.681  -5.450  16.806 0.5714285970
66317  27.138  -1.235  14.646 0.2857142985
67443  27.078  -0.113  13.641 0.1428571492
66329  25.708  -1.897  12.920 0.8571428657
68614  25.940  0.388  12.640 0.7142857313
127471  25.049  2.978  13.067 0.8571428657
69646  23.972  1.343  13.096 0.8571428657
119277  24.838  9.186  12.849 0.8571428657
77913  25.375  10.067  12.361 0.8571428657
78742  25.888  11.039  11.215 0.7142857313
79600  26.894  12.283  9.800 0.2857142985
81357  26.789  13.455  9.304 0.1428571492
82182  27.230  14.401  7.699 0.1428571492
119354  26.189  16.394  3.799 0.1428571492
51061  19.130  -15.382  24.876 0.1428571492
54268  21.309  -12.537  22.093 0.4285714328
55482  22.950  -11.319  21.759 0.2857142985
55464  21.647  -11.913  21.778 0.4285714328
54289  20.800  -12.081  21.506 0.2857142985
56649  23.499  -10.743  21.461 0.1428571492
58965  26.425  -8.772  20.236 0.2857142985
58981  26.154  -8.257  19.698 0.2857142985
58983  24.677  -8.629  19.270 0.2857142985
58984  23.880  -8.876  19.046 0.2857142985
59000  25.066  -8.135  18.868 0.2857142985
62268  25.282  -5.221  16.265 0.7142857313
123667  27.702  2.810  12.587 0.1428571492
71836  27.185  3.674  11.757 0.1428571492
73956  26.491  5.095  11.943 0.1428571492
125043  23.678  0.653  12.879 1.0000000000
121204  26.356  6.517  11.550 0.1428571492
142191  26.318  7.104  12.100 0.1428571492
73957  22.021  5.993  12.310 0.8571428657
77013  25.285  8.586  12.865 0.5714285970
77922  25.977  9.394  12.247 0.5714285970
77921  25.963  9.866  11.668 0.5714285970
78733  25.569  10.560  11.625 0.7142857313
79591  26.647  11.675  10.391 0.4285714328
139630  27.030  10.732  10.210 0.2857142985
79599  27.138  11.520  9.756 0.2857142985
80469  27.088  12.912  9.247 0.1428571492
81368  27.131  13.561  8.751 0.1428571492
82962  25.773  15.370  8.468 0.2857142985
81379  27.345  13.699  8.036 0.1428571492
83779  26.101  16.062  7.296 0.1428571492
82974  25.918  15.830  8.128 0.1428571492
83780  25.446  16.426  7.829 0.1428571492
84598  24.818  18.294  4.780 0.1428571492
77012  26.221  8.581  12.270 0.4285714328
77011  26.343  9.103  11.599 0.4285714328
77928  26.448  9.501  10.914 0.4285714328
77927  26.885  9.897  10.360 0.4285714328
78732  26.311  10.379  11.019 0.5714285970
127174  26.402  11.140  10.826 0.5714285970
52134  21.349  -14.086  23.487 0.1428571492
53193  19.802  -13.918  22.947 0.1428571492
54269  20.518  -12.749  21.974 0.5714285970
54243  23.210  -12.923  23.032 0.1428571492
55483  22.146  -11.353  21.462 0.1428571492
58967  25.058  -8.858  19.973 0.2857142985
64259  24.797  -3.767  14.086 0.7142857313
68613  26.657  0.717  12.558 0.5714285970
134123  27.170  1.963  12.388 0.1428571492
73944  23.803  5.753  13.512 0.8571428657
133793  23.116  4.958  12.591 0.8571428657
77014  24.237  8.685  12.787 0.8571428657
80454  25.416  12.556  10.654 0.5714285970
125817  26.526  14.284  5.719 0.1428571492
124055  25.929  14.583  8.781 0.4285714328
82995  26.536  15.657  5.509 0.1428571492
132449  26.674  15.002  5.886 0.1428571492
82170  27.166  14.160  8.327 0.1428571492
83793  25.530  16.857  5.932 0.1428571492
57858  25.952  -9.666  21.321 0.1428571492
55484  21.262  -11.406  21.153 0.4285714328
59001  24.335  -8.382  18.590 0.5714285970
82975  25.166  16.120  8.523 0.1428571492
59003  22.964  -9.263  17.888 0.5714285970
59004  22.087  -9.435  17.707 0.5714285970
57908  20.841  -10.071  18.016 0.2857142985
59017  23.297  -8.505  17.611 0.5714285970
59019  21.574  -9.027  17.094 0.5714285970
56694  20.532  -10.450  18.720 0.4285714328
59018  22.451  -8.781  17.368 0.5714285970
57923  19.423  -9.726  17.486 0.2857142985
59020  20.775  -9.341  16.748 0.4285714328
61207  23.902  -6.885  16.945 0.4285714328
60154  23.197  -7.367  16.566 0.5714285970
59035  21.941  -8.370  16.715 0.5714285970
59052  20.838  -8.390  15.698 0.4285714328
61225  23.595  -6.711  16.093 0.5714285970
61226  22.735  -7.036  15.794 0.5714285970
60155  22.339  -7.714  16.258 0.4285714328
61262  23.086  -6.328  15.373 0.7142857313
61241  22.186  -6.667  15.060 0.4285714328
61240  23.935  -6.027  15.676 0.4285714328
57940  20.029  -9.425  16.616 0.2857142985
60156  21.500  -8.121  15.904 0.4285714328
61224  24.302  -6.296  16.415 0.7142857313
62302  23.973  -5.194  14.563 0.7142857313
62304  22.433  -6.051  13.665 0.4285714328
63316  23.232  -4.590  13.220 0.7142857313
63317  22.623  -5.085  12.689 0.5714285970
63327  22.887  -4.267  12.642 0.7142857313
63328  22.365  -4.398  11.971 0.2857142985
139608  24.635  -4.972  14.871 0.5714285970
63298  24.368  -4.545  14.353 0.5714285970
63299  23.589  -4.887  13.906 0.7142857313
64278  23.506  -3.781  12.924 0.7142857313
64291  22.934  -3.657  12.197 0.7142857313
65273  23.050  -3.085  11.642 0.7142857313
65281  22.525  -2.942  10.714 0.7142857313
64292  22.523  -3.720  11.224 0.4285714328
63315  23.968  -4.078  13.653 0.5714285970
64276  25.358  -3.072  13.774 0.5714285970
64290  23.733  -3.177  12.418 0.5714285970
65272  23.665  -2.585  12.103 0.7142857313
65280  22.974  -2.504  11.404 0.7142857313
134328  22.851  -1.278  11.476 0.7142857313
66346  22.479  -1.926  10.733 0.7142857313
132777  22.370  -0.405  10.761 0.5714285970
66339  24.340  -2.084  12.418 0.5714285970
65271  24.557  -2.787  12.539 0.5714285970
126708  24.108  -1.396  12.465 0.7142857313
67456  23.515  -0.809  12.339 0.8571428657
65293  22.063  -2.235  10.102 0.4285714328
68625  23.285  0.136  12.433 0.7142857313
68626  22.681  0.328  11.603 0.7142857313
68627  22.102  0.289  10.775 0.5714285970
66338  25.094  -1.444  12.632 0.5714285970
66340  23.412  -1.845  11.869 0.7142857313
69656  22.317  1.195  11.665 0.7142857313
69657  21.626  1.212  10.788 0.5714285970
70757  21.139  2.216  10.670 0.2857142985
68616  23.970  0.001  12.766 0.7142857313
69655  23.003  1.077  12.728 0.7142857313
71838  21.420  3.668  11.717 0.7142857313
69647  22.590  2.062  12.437 0.8571428657
70756  21.840  2.112  11.645 0.8571428657
71824  22.075  3.829  12.286 0.8571428657
129398  21.453  2.841  11.585 0.5714285970
71839  20.915  3.875  10.986 0.7142857313
72914  21.040  4.483  11.441 0.8571428657
72904  21.818  4.517  11.981 0.8571428657
73946  22.452  5.151  12.189 0.8571428657
73958  21.385  5.319  11.700 0.7142857313
77015  22.253  8.416  11.498 0.7142857313
76054  20.689  8.491  10.637 0.7142857313
119609  22.718  9.174  11.405 0.7142857313
137518  23.370  9.678  11.609 0.8571428657
78743  22.887  10.732  10.881 0.7142857313
119296  22.140  9.703  10.793 0.7142857313
119286  22.212  11.094  10.146 0.7142857313
119293  21.369  10.697  9.698 0.5714285970
121529  23.721  11.055  11.256 0.7142857313
79595  23.087  11.544  10.669 0.7142857313
79601  21.208  11.496  9.541 0.5714285970
80456  23.458  12.384  10.419 0.4285714328
80457  22.334  12.037  10.095 0.5714285970
79594  24.055  11.791  10.943 0.5714285970
80472  21.426  11.971  9.721 0.4285714328
142757  20.410  11.841  8.461 0.5714285970
120197  22.138  12.669  9.947 0.5714285970
81349  23.940  13.104  10.035 0.5714285970
126274  21.021  12.107  9.732 0.4285714328
80484  19.244  12.291  8.300 0.4285714328
80458  21.427  12.546  10.110 0.5714285970
81350  21.086  13.264  10.601 0.4285714328
63279  26.261  -4.193  16.120 0.2857142985
66330  25.057  -2.217  12.644 0.5714285970
81363  21.768  13.320  9.904 0.2857142985
57906  22.450  -9.678  18.371 0.5714285970
56680  21.224  -10.430  19.290 0.5714285970
60140  24.429  -7.199  17.639 0.2857142985
60122  24.049  -8.121  17.906 0.4285714328
57907  21.643  -9.881  18.142 0.5714285970
60141  23.610  -7.678  17.310 0.5714285970
57909  20.022  -10.235  18.006 0.2857142985
59037  20.486  -8.914  16.149 0.4285714328
60170  21.812  -7.353  15.491 0.4285714328
59038  19.826  -8.792  16.084 0.2857142985
59053  20.388  -8.444  15.770 0.2857142985
65217  27.070  -2.984  16.156 0.2857142985
137992  21.818  -5.911  12.882 0.2857142985
75011  21.402  7.093  11.438 0.7142857313
119287  22.162  10.310  10.422 0.7142857313
120105  20.493  11.201  8.664 0.5714285970
80473  20.247  12.196  9.458 0.2857142985
79593  24.937  11.973  11.244 0.5714285970
80455  24.471  12.537  10.628 0.5714285970
80471  22.927  12.946  9.840 0.5714285970
61242  21.408  -7.177  14.622 0.4285714328
60121  24.711  -7.724  18.302 0.2857142985
65256  25.278  -2.667  13.000 0.7142857313
119280  23.525  10.336  11.520 0.8571428657
62269  24.660  -5.673  15.967 0.5714285970
62285  24.307  -5.436  15.252 0.5714285970
131877  21.381  6.235  11.578 0.7142857313
64277  24.608  -3.381  13.035 0.5714285970
57921  21.213  -9.619  17.495 0.5714285970
56693  21.233  -10.197  18.593 0.5714285970
57922  20.383  -9.781  17.351 0.4285714328
60142  22.791  -8.033  17.022 0.5714285970
59036  21.149  -8.770  16.320 0.4285714328
142395  20.648  -10.637  19.301 0.5714285970
126705  22.708  -6.136  14.553 0.5714285970
61263  21.985  -6.633  14.195 0.4285714328
62286  23.488  -5.698  14.975 0.5714285970
62303  23.190  -5.570  14.123 0.7142857313
62319  22.896  -5.414  13.361 0.5714285970
62320  22.282  -5.827  12.964 0.4285714328
61281  21.741  -6.416  13.501 0.4285714328
62329  22.105  -5.275  12.377 0.2857142985
139919  22.462  -1.073  10.345 0.7142857313
67461  22.811  -0.525  11.516 0.7142857313
67462  22.103  -0.718  9.820 0.2857142985
71837  21.995  2.985  12.396 0.8571428657
119588  22.824  9.945  11.036 0.7142857313
81362  22.456  13.534  9.520 0.5714285970
80459  20.662  12.584  10.609 0.4285714328
59054  20.090  -8.230  15.624 0.1428571492
60190  20.948  -7.460  14.478 0.4285714328
53212  19.106  -13.525  22.222 0.4285714328
60101  27.483  -7.362  19.574 0.1428571492
60119  26.109  -7.134  18.847 0.1428571492
61178  26.862  -6.852  19.062 0.1428571492
62253  26.457  -5.371  17.180 0.1428571492
63252  27.066  -4.652  17.121 0.1428571492
61189  26.532  -6.542  18.345 0.1428571492
144051  27.516  -6.585  19.169 0.1428571492
121298  27.012  -6.016  17.793 0.1428571492
61188  27.278  -6.341  18.503 0.1428571492
65216  27.552  -2.356  16.512 0.2857142985
66302  27.344  -1.451  15.517 0.1428571492
86565  22.379  20.158  3.583 0.1428571492
135486  20.710  5.048  11.149 0.4285714328
86558  21.456  18.806  4.375 0.1428571492
120794  25.034  16.814  7.031 0.1428571492
76046  20.726  7.481  10.802 0.4285714328
76045  21.516  7.993  11.165 0.5714285970
82977  22.755  15.415  7.892 0.2857142985
82173  23.804  14.916  8.748 0.2857142985
81360  24.493  13.634  9.458 0.2857142985
82165  24.177  14.198  8.910 0.2857142985
122462  18.884  8.344  9.387 0.1428571492
119508  20.645  9.481  10.029 0.5714285970
123713  21.479  9.921  10.169 0.5714285970
82166  23.356  14.311  8.910 0.2857142985
77030  20.066  9.394  9.487 0.4285714328
119676  20.733  10.293  9.259 0.5714285970
119303  19.448  10.190  8.074 0.4285714328
132326  19.312  10.445  7.994 0.2857142985
82167  22.136  14.078  9.479 0.1428571492
120735  22.702  14.027  9.084 0.1428571492
121316  18.835  11.090  8.269 0.1428571492
79610  19.855  11.985  7.674 0.4285714328
82160  21.491  14.189  10.291 0.1428571492
82158  22.592  14.636  9.261 0.1428571492
121224  19.138  11.802  8.077 0.2857142985
82155  20.170  14.502  11.827 0.1428571492
82159  22.228  14.648  10.055 0.1428571492
132385  21.107  14.732  11.261 0.1428571492
126638  21.790  15.179  11.796 0.1428571492
54291  19.325  -12.433  21.261 0.4285714328
55499  19.224  -11.822  20.570 0.2857142985
60102  26.537  -7.576  19.425 0.1428571492
62242  27.619  -5.854  18.061 0.1428571492
63264  27.013  -3.906  16.569 0.1428571492
75012  20.816  6.589  10.890 0.2857142985
82164  25.150  14.082  8.985 0.2857142985
82958  22.945  14.802  8.988 0.2857142985
82959  22.538  15.172  9.699 0.2857142985
54307  18.567  -12.133  21.007 0.2857142985
56648  24.800  -10.256  21.703 0.1428571492
58980  26.982  -8.183  19.926 0.1428571492
65232  27.116  -2.164  15.828 0.1428571492
119301  19.045  9.999  7.996 0.1428571492
73959  20.830  5.773  11.010 0.4285714328
136306  19.135  9.128  9.166 0.2857142985
81348  24.984  13.187  10.230 0.4285714328
82964  22.868  15.239  8.530 0.2857142985
140981  23.599  15.280  8.361 0.2857142985
82172  24.957  14.958  8.652 0.2857142985
82963  24.454  15.428  8.494 0.2857142985
83795  22.038  15.841  6.867 0.1428571492
84588  21.249  16.089  6.220 0.1428571492
84587  23.120  17.194  6.480 0.1428571492
82956  22.301  15.245  10.468 0.2857142985
82965  22.304  15.352  8.871 0.2857142985
85495  22.100  17.487  5.853 0.1428571492
83781  24.687  16.391  7.876 0.1428571492
83794  23.810  16.543  7.009 0.1428571492
82978  21.817  15.455  7.862 0.2857142985
82976  24.062  15.647  8.071 0.1428571492
54270  19.691  -12.894  21.868 0.4285714328
65233  26.643  -2.691  15.399 0.4285714328
81359  25.509  13.626  9.681 0.2857142985
119661  21.580  9.111  10.924 0.5714285970
81351  20.481  13.282  11.331 0.2857142985
119298  20.093  10.544  8.280 0.5714285970
81361  23.376  13.669  9.257 0.2857142985
62252  27.531  -5.290  17.569 0.1428571492
63251  27.770  -4.224  17.330 0.1428571492
75022  20.010  6.837  10.254 0.2857142985
137064  19.488  8.970  9.544 0.2857142985
119515  19.767  9.621  8.711 0.4285714328
119297  18.971  9.577  8.609 0.2857142985
119292  20.376  9.782  8.958 0.5714285970
119703  19.716  11.039  7.919 0.4285714328
54292  18.642  -12.683  21.416 0.2857142985
133702  20.372  6.083  10.465 0.2857142985
83782  23.108  15.726  7.447 0.2857142985
83771  21.895  15.958  9.469 0.1428571492
83772  21.418  16.298  8.636 0.1428571492
140798  22.464  15.323  11.291 0.1428571492
84570  21.901  16.817  9.610 0.1428571492
82966  21.349  15.720  8.124 0.1428571492
83769  22.355  15.788  10.471 0.1428571492
83765  22.863  15.581  11.312 0.1428571492
84566  22.273  16.451  10.144 0.1428571492
84572  21.788  17.349  8.986 0.1428571492
84565  23.471  17.204  10.985 0.1428571492
68634  21.420  0.211  10.224 0.2857142985
83768  22.777  16.467  10.844 0.1428571492
84569  22.765  17.316  10.224 0.1428571492
84573  21.235  16.891  8.073 0.1428571492
61223  25.090  -5.972  16.724 0.2857142985
83784  20.825  15.374  7.181 0.1428571492
83774  20.705  15.819  7.533 0.1428571492
83764  23.311  16.249  11.569 0.1428571492
136822  24.553  -6.524  17.101 0.4285714328
56679  21.964  -10.285  19.545 0.4285714328
56664  22.425  -10.327  20.250 0.2857142985
56663  23.254  -10.201  20.750 0.1428571492
57890  22.622  -9.817  19.343 0.2857142985
57877  23.072  -9.807  20.097 0.1428571492
57905  23.190  -9.341  18.686 0.2857142985
55497  21.197  -10.969  20.544 0.2857142985
119754  20.050  11.772  7.771 0.4285714328
59002  23.640  -8.788  18.238 0.2857142985
125776  21.588  -10.642  20.045 0.4285714328
57889  23.455  -9.414  19.561 0.1428571492
57891  21.876  -10.068  18.866 0.4285714328
76066  19.938  8.813  10.131 0.2857142985
55498  20.617  -11.319  20.637 0.2857142985
55485  20.052  -11.798  21.005 0.2857142985
56665  20.743  -10.865  19.896 0.2857142985
131871  19.857  -11.362  20.041 0.2857142985
128095  20.120  -10.873  19.284 0.2857142985
63340  22.147  -4.170  11.149 0.1428571492
64302  21.831  -3.554  10.564 0.1428571492
64301  22.172  -3.692  10.697 0.2857142985
66357  22.100  -1.551  9.521 0.1428571492
69666  20.747  1.162  10.057 0.1428571492
132122  20.574  2.793  10.300 0.1428571492
72915  20.652  4.467  10.623 0.1428571492
72920  20.239  4.461  9.740 0.1428571492
75023  19.255  6.658  9.465 0.1428571492
76055  19.985  7.876  10.306 0.1428571492
125852  18.866  7.410  9.301 0.1428571492
76056  19.470  7.348  9.809 0.1428571492
79602  19.817  12.164  7.969 0.1428571492
119311  18.552  12.418  9.278 0.1428571492
80460  19.639  12.593  10.504 0.1428571492
54271  19.009  -12.964  21.699 0.2857142985
76067  19.386  8.102  9.753 0.1428571492
53228  18.328  -13.134  21.805 0.2857142985
60171  21.104  -7.731  15.209 0.2857142985
61264  21.269  -7.037  13.979 0.2857142985
61282  21.246  -6.836  13.746 0.2857142985
67473  21.849  -1.208  9.191 0.1428571492
123542  21.332  -0.558  9.709 0.1428571492
144008  20.114  1.399  9.836 0.1428571492
70764  20.154  2.065  10.059 0.1428571492
70772  19.980  2.920  9.582 0.1428571492
73967  20.345  5.274  10.318 0.1428571492
75031  18.529  6.592  8.635 0.1428571492
80461  18.420  12.612  9.994 0.1428571492
80474  19.207  12.635  9.039 0.1428571492
141276  21.022  -7.292  14.082 0.2857142985
142745  20.671  -11.624  21.094 0.2857142985
65282  22.026  -2.856  10.323 0.1428571492
71847  20.983  3.165  10.901 0.1428571492
120290  18.153  11.867  9.475 0.1428571492
60172  20.594  -7.881  15.248 0.1428571492
55514  19.014  -11.418  19.915 0.2857142985
61283  20.921  -6.301  13.447 0.1428571492
71848  20.552  3.624  10.113 0.1428571492
69667  19.657  1.636  9.812 0.1428571492
54272  17.434  -12.979  22.029 0.1428571492
134313  17.954  -12.491  21.502 0.1428571492
141364  16.403  -11.850  22.494 0.1428571492
123483  19.278  -11.035  19.307 0.1428571492
67416  27.561  -0.698  15.275 0.1428571492
77022  26.506  8.657  10.699 0.1428571492
53213  18.005  -13.713  22.353 0.1428571492
54308  17.733  -11.577  21.189 0.1428571492
55500  18.407  -11.472  20.449 0.1428571492
135099  19.282  -10.185  18.215 0.1428571492
126693  26.500  8.298  11.482 0.1428571492
76040  26.497  7.482  11.677 0.1428571492
67429  27.313  -0.449  14.402 0.1428571492
56695  19.655  -10.586  18.678 0.1428571492
54293  17.140  -11.968  21.967 0.1428571492
56696  18.772  -10.468  18.785 0.1428571492
54267  22.655  -12.470  22.635 0.2857142985
56651  21.892  -10.903  20.773 0.2857142985
58966  25.733  -8.657  20.018 0.2857142985
60139  25.086  -7.111  18.084 0.2857142985
62284  24.969  -5.064  15.492 0.5714285970
64310  21.721  -2.702  10.260 0.1428571492
77003  25.501  9.306  12.661 0.8571428657
78734  24.935  10.700  11.997 0.8571428657
80485  18.701  12.094  8.711 0.1428571492
82163  26.623  13.995  8.833 0.5714285970
83802  26.212  16.352  5.054 0.1428571492
84599  24.244  18.029  5.870 0.1428571492
119300  18.700  9.869  8.428 0.1428571492
119302  18.846  10.357  8.161 0.1428571492
119309  18.501  11.488  8.788 0.1428571492
119887  19.360  11.139  7.995 0.1428571492
124673  20.043  0.909  9.692 0.1428571492
140295  22.055  -13.886  23.451 0.1428571492
141877  20.088  12.047  7.764 0.4285714328
