#!ascii label  , from subject sub-01 vox2ras=TkReg
861
44025  -14.709  -37.566  94.850 0.0000000000
50900  -42.054  -30.894  85.363 0.0000000000
52829  -48.918  -28.806  79.750 0.0000000000
58710  -53.894  -23.024  73.947 0.0000000000
47136  -39.513  -35.076  86.022 0.0000000000
55774  -51.058  -25.556  77.328 0.0000000000
67226  -49.666  -13.709  70.526 0.0000000000
71010  -53.782  -9.675  68.500 0.0000000000
49045  -43.034  -32.124  83.462 0.0000000000
48119  -48.445  -32.917  81.896 0.0000000000
133562  -45.488  -28.621  83.290 0.0000000000
114819  -16.493  -35.405  95.672 0.0000000000
45055  -20.892  -36.592  95.231 0.0000000000
42946  -25.259  -38.889  95.122 0.0000000000
41887  -29.935  -40.053  93.014 0.0000000000
41915  -34.939  -39.201  91.183 0.0000000000
41943  -39.445  -39.408  89.362 0.0000000000
45142  -42.067  -36.307  86.201 0.0000000000
50107  -51.292  -30.801  77.528 0.0000000000
71022  -56.008  -9.857  67.212 0.0000000000
49971  -43.587  -31.141  85.879 0.0000000000
50913  -45.222  -30.081  84.300 0.0000000000
51860  -42.982  -29.349  84.322 0.0000000000
46111  -16.452  -35.544  93.443 0.0000000000
114816  -18.949  -35.940  95.351 0.0000000000
44108  -35.579  -37.724  89.442 0.0000000000
41931  -37.316  -39.418  90.116 0.0000000000
44110  -37.563  -38.638  89.275 0.0000000000
49003  -40.058  -32.795  85.779 0.0000000000
117250  -40.725  -35.102  87.284 0.0000000000
48976  -42.510  -32.535  86.878 0.0000000000
47151  -42.475  -33.847  84.747 0.0000000000
51884  -48.555  -29.832  82.019 0.0000000000
49119  -49.856  -32.076  79.854 0.0000000000
51911  -50.938  -29.643  79.860 0.0000000000
56836  -52.856  -24.326  75.557 0.0000000000
53830  -52.564  -26.632  75.857 0.0000000000
55807  -53.531  -24.883  73.633 0.0000000000
57868  -54.339  -23.302  72.243 0.0000000000
68149  -52.894  -12.452  73.200 0.0000000000
65377  -52.108  -15.765  73.648 0.0000000000
45140  -38.244  -37.623  86.121 0.0000000000
132623  -50.710  -23.861  72.322 0.0000000000
70097  -51.841  -11.007  70.373 0.0000000000
70090  -54.146  -10.907  71.177 0.0000000000
114645  -56.309  -13.400  67.017 0.0000000000
47176  -43.879  -33.997  80.893 0.0000000000
49068  -46.045  -31.928  81.976 0.0000000000
50925  -47.161  -30.020  82.829 0.0000000000
43985  -15.919  -36.509  97.118 0.0000000000
41875  -21.828  -39.021  95.052 0.0000000000
44016  -23.233  -38.093  95.383 0.0000000000
40922  -23.544  -40.057  93.958 0.0000000000
40025  -26.023  -40.984  93.357 0.0000000000
127127  -28.267  -41.388  92.619 0.0000000000
39127  -30.745  -41.692  91.628 0.0000000000
41901  -32.170  -39.827  92.242 0.0000000000
40089  -34.950  -41.654  89.732 0.0000000000
45104  -39.918  -36.704  88.522 0.0000000000
44130  -40.830  -37.703  87.675 0.0000000000
42000  -41.262  -38.508  85.905 0.0000000000
44228  -42.029  -37.139  83.998 0.0000000000
47166  -41.784  -34.040  82.241 0.0000000000
52846  -51.820  -28.590  77.622 0.0000000000
132870  -51.353  -19.054  72.953 0.0000000000
134969  -53.933  -21.068  72.430 0.0000000000
43995  -14.582  -37.223  96.535 0.0000000000
50889  -42.960  -30.628  86.656 0.0000000000
51838  -44.027  -29.857  85.997 0.0000000000
119665  -42.867  -29.730  85.014 0.0000000000
115001  -35.426  -37.862  87.822 0.0000000000
44109  -36.397  -37.922  89.311 0.0000000000
44126  -37.127  -38.510  88.115 0.0000000000
127183  -40.896  -31.647  85.748 0.0000000000
49948  -41.300  -32.438  86.739 0.0000000000
49960  -42.059  -31.528  86.590 0.0000000000
49951  -43.063  -31.649  87.010 0.0000000000
127555  -49.808  -29.855  80.896 0.0000000000
52815  -49.701  -28.735  80.195 0.0000000000
57813  -53.493  -23.579  74.313 0.0000000000
56838  -53.597  -24.852  75.040 0.0000000000
126474  -54.252  -24.016  74.005 0.0000000000
56881  -54.441  -24.067  73.056 0.0000000000
57833  -54.301  -23.098  73.201 0.0000000000
67210  -54.045  -13.010  72.956 0.0000000000
66282  -53.706  -14.355  73.324 0.0000000000
120878  -53.494  -15.022  71.742 0.0000000000
69187  -51.103  -10.991  68.632 0.0000000000
70111  -52.635  -10.219  69.408 0.0000000000
70088  -53.296  -10.926  71.508 0.0000000000
70992  -54.516  -10.074  70.789 0.0000000000
70100  -55.208  -10.751  70.351 0.0000000000
71004  -55.269  -10.048  69.527 0.0000000000
70131  -56.302  -11.038  67.296 0.0000000000
49092  -43.487  -32.611  81.623 0.0000000000
49093  -44.602  -32.463  81.521 0.0000000000
123120  -44.104  -31.924  82.134 0.0000000000
52769  -45.596  -29.027  84.296 0.0000000000
50914  -45.996  -29.610  84.012 0.0000000000
52776  -46.318  -28.918  83.873 0.0000000000
51875  -47.716  -29.063  83.145 0.0000000000
52785  -45.805  -28.595  82.489 0.0000000000
43998  -17.154  -36.595  96.552 0.0000000000
46063  -17.533  -35.877  97.026 0.0000000000
46086  -19.664  -36.270  95.394 0.0000000000
44033  -24.327  -38.285  94.417 0.0000000000
44017  -23.833  -38.282  95.061 0.0000000000
41865  -23.516  -38.938  95.504 0.0000000000
40912  -24.599  -39.466  95.114 0.0000000000
124664  -24.699  -40.622  93.215 0.0000000000
40913  -25.710  -40.105  94.605 0.0000000000
40028  -29.274  -40.775  93.174 0.0000000000
40042  -29.614  -41.333  92.615 0.0000000000
40029  -30.096  -40.805  93.059 0.0000000000
116261  -33.399  -38.430  90.878 0.0000000000
43016  -32.644  -38.859  91.100 0.0000000000
41913  -33.526  -39.381  91.587 0.0000000000
40046  -33.053  -40.466  91.873 0.0000000000
40949  -33.667  -40.515  91.479 0.0000000000
39146  -34.149  -41.753  89.919 0.0000000000
40059  -34.989  -40.720  90.705 0.0000000000
41932  -38.202  -39.478  89.655 0.0000000000
40975  -37.681  -40.639  89.533 0.0000000000
40976  -38.558  -40.454  89.414 0.0000000000
40978  -40.028  -40.062  88.842 0.0000000000
45128  -38.826  -36.859  87.502 0.0000000000
46183  -39.664  -35.599  87.455 0.0000000000
46171  -41.411  -35.502  86.905 0.0000000000
125296  -40.980  -36.383  87.067 0.0000000000
45129  -41.321  -36.955  86.900 0.0000000000
127041  -41.236  -38.522  86.526 0.0000000000
44169  -41.868  -37.383  86.314 0.0000000000
45158  -42.581  -36.788  85.355 0.0000000000
48093  -42.480  -32.873  83.895 0.0000000000
48092  -42.251  -33.777  83.740 0.0000000000
48105  -42.214  -33.371  82.863 0.0000000000
48133  -42.513  -33.613  81.179 0.0000000000
114814  -15.261  -35.517  94.065 0.0000000000
46080  -14.779  -35.233  95.937 0.0000000000
121055  -15.042  -35.741  97.243 0.0000000000
48138  -47.427  -33.277  81.182 0.0000000000
47198  -47.757  -33.594  80.282 0.0000000000
49152  -50.921  -31.403  78.631 0.0000000000
54803  -50.495  -26.104  77.848 0.0000000000
53800  -51.428  -27.631  78.348 0.0000000000
119381  -51.729  -26.997  77.837 0.0000000000
52906  -52.541  -27.480  74.473 0.0000000000
52905  -52.524  -28.049  75.195 0.0000000000
128069  -52.782  -16.848  73.396 0.0000000000
63377  -51.749  -17.362  73.384 0.0000000000
62413  -52.659  -18.291  73.335 0.0000000000
61471  -52.717  -19.823  72.922 0.0000000000
61462  -53.474  -19.206  72.237 0.0000000000
60539  -54.286  -20.733  71.718 0.0000000000
70129  -53.228  -9.936  67.158 0.0000000000
71020  -55.215  -9.482  67.971 0.0000000000
71027  -54.839  -9.484  66.612 0.0000000000
71038  -55.724  -9.638  65.696 0.0000000000
49987  -43.564  -31.304  84.951 0.0000000000
50005  -44.294  -30.985  83.485 0.0000000000
49972  -44.109  -30.651  85.380 0.0000000000
51862  -44.539  -29.148  84.791 0.0000000000
52773  -43.821  -28.853  83.709 0.0000000000
46098  -16.744  -35.577  94.483 0.0000000000
114818  -17.370  -35.563  95.516 0.0000000000
46115  -20.392  -36.111  93.892 0.0000000000
43042  -34.962  -37.946  90.851 0.0000000000
41916  -35.702  -39.132  90.965 0.0000000000
43044  -36.396  -38.230  90.348 0.0000000000
44093  -36.954  -38.155  89.919 0.0000000000
43065  -38.285  -38.750  89.069 0.0000000000
48074  -39.752  -33.694  85.721 0.0000000000
47126  -39.988  -34.796  87.171 0.0000000000
48053  -40.528  -33.416  86.859 0.0000000000
48012  -41.752  -34.196  87.106 0.0000000000
47128  -42.023  -34.352  86.849 0.0000000000
46212  -42.347  -35.266  85.735 0.0000000000
119903  -42.881  -33.017  86.768 0.0000000000
49005  -43.138  -31.955  85.504 0.0000000000
46110  -15.625  -35.466  93.310 0.0000000000
50032  -48.793  -31.418  82.085 0.0000000000
48140  -49.261  -33.258  81.040 0.0000000000
50049  -49.883  -31.410  80.762 0.0000000000
50064  -50.822  -31.159  79.421 0.0000000000
50974  -51.375  -30.388  78.680 0.0000000000
56814  -51.145  -24.433  76.065 0.0000000000
55776  -52.510  -26.000  76.925 0.0000000000
117118  -53.356  -25.057  75.651 0.0000000000
123183  -53.148  -25.923  74.620 0.0000000000
118512  -51.632  -13.081  72.401 0.0000000000
66302  -50.833  -14.796  72.424 0.0000000000
66279  -52.356  -14.145  73.509 0.0000000000
64457  -53.038  -15.990  73.408 0.0000000000
50003  -40.186  -30.975  83.782 0.0000000000
49985  -40.091  -31.972  84.342 0.0000000000
53785  -49.363  -28.118  79.147 0.0000000000
55794  -50.320  -24.786  76.027 0.0000000000
118127  -50.675  -24.356  74.522 0.0000000000
117419  -51.672  -24.026  74.450 0.0000000000
57831  -52.212  -23.091  73.230 0.0000000000
68187  -50.349  -12.467  70.258 0.0000000000
69156  -52.316  -11.661  72.037 0.0000000000
68171  -53.564  -11.907  72.700 0.0000000000
133435  -54.104  -12.104  71.298 0.0000000000
70121  -55.844  -10.564  68.437 0.0000000000
68209  -55.969  -12.414  67.761 0.0000000000
47195  -45.496  -34.917  80.734 0.0000000000
48137  -46.194  -33.189  81.439 0.0000000000
49069  -47.043  -32.209  81.919 0.0000000000
50006  -45.254  -30.904  83.327 0.0000000000
50008  -46.730  -30.637  82.462 0.0000000000
50031  -48.076  -31.313  82.087 0.0000000000
51876  -48.068  -29.628  82.650 0.0000000000
52788  -48.112  -28.680  82.146 0.0000000000
51872  -41.814  -29.575  83.504 0.0000000000
136969  -42.704  -28.934  82.573 0.0000000000
52797  -44.950  -28.745  81.739 0.0000000000
43996  -15.474  -37.039  96.681 0.0000000000
132699  -16.570  -36.912  95.982 0.0000000000
126666  -21.491  -39.501  92.768 0.0000000000
134342  -20.288  -36.112  92.917 0.0000000000
129827  -21.102  -36.323  93.635 0.0000000000
45046  -21.876  -37.513  95.288 0.0000000000
41884  -22.752  -39.551  93.886 0.0000000000
40040  -26.127  -41.395  92.244 0.0000000000
115149  -26.999  -41.600  91.857 0.0000000000
136015  -30.107  -39.815  92.209 0.0000000000
43014  -31.085  -39.609  91.348 0.0000000000
41900  -31.246  -39.982  92.637 0.0000000000
40044  -31.515  -40.614  92.526 0.0000000000
39128  -31.435  -41.656  91.189 0.0000000000
121200  -36.612  -40.586  90.213 0.0000000000
44148  -37.706  -38.480  87.537 0.0000000000
44128  -38.830  -37.848  88.474 0.0000000000
123735  -39.895  -38.097  88.996 0.0000000000
45117  -40.198  -36.026  88.054 0.0000000000
45105  -40.256  -36.867  88.564 0.0000000000
41945  -40.684  -38.897  88.917 0.0000000000
40991  -40.759  -39.796  87.809 0.0000000000
131397  -41.057  -39.793  86.555 0.0000000000
44241  -41.547  -36.892  82.988 0.0000000000
46223  -42.218  -35.614  84.311 0.0000000000
46238  -42.017  -35.267  83.392 0.0000000000
134518  -41.172  -35.886  81.326 0.0000000000
46281  -41.858  -35.422  80.392 0.0000000000
45028  -14.713  -36.047  97.505 0.0000000000
52831  -50.720  -28.304  79.702 0.0000000000
126961  -51.519  -28.992  78.980 0.0000000000
51944  -51.802  -29.739  77.492 0.0000000000
133009  -52.344  -27.256  76.648 0.0000000000
51967  -52.362  -29.242  76.176 0.0000000000
129295  -52.034  -29.948  76.424 0.0000000000
58749  -51.063  -22.352  71.853 0.0000000000
58733  -52.716  -22.230  72.994 0.0000000000
64478  -50.172  -16.156  71.733 0.0000000000
120037  -50.098  -18.107  71.977 0.0000000000
61470  -51.700  -19.761  72.744 0.0000000000
60538  -53.135  -20.748  72.773 0.0000000000
59648  -53.773  -21.677  72.866 0.0000000000
58734  -54.141  -22.313  72.457 0.0000000000
44009  -14.152  -37.478  95.621 0.0000000000
50888  -42.389  -30.947  86.371 0.0000000000
50901  -42.813  -30.151  85.965 0.0000000000
51846  -42.097  -30.122  84.909 0.0000000000
114987  -36.302  -38.242  87.926 0.0000000000
44146  -35.962  -38.356  87.119 0.0000000000
50899  -41.142  -31.158  85.112 0.0000000000
50887  -41.617  -31.404  85.969 0.0000000000
50879  -42.645  -31.201  87.003 0.0000000000
52814  -48.595  -28.865  80.672 0.0000000000
52802  -48.981  -28.968  80.874 0.0000000000
132079  -49.230  -28.830  80.253 0.0000000000
57814  -54.014  -23.674  74.168 0.0000000000
57815  -54.290  -23.587  73.679 0.0000000000
58711  -54.150  -23.004  73.643 0.0000000000
67216  -54.057  -13.492  72.334 0.0000000000
71009  -52.969  -9.844  68.371 0.0000000000
71001  -53.143  -9.852  69.109 0.0000000000
70112  -53.332  -10.100  70.072 0.0000000000
71002  -53.987  -9.759  69.571 0.0000000000
71003  -54.682  -9.882  70.080 0.0000000000
71011  -54.781  -9.710  68.913 0.0000000000
49066  -43.223  -32.223  82.519 0.0000000000
50026  -43.735  -31.563  82.946 0.0000000000
52775  -45.613  -28.733  83.872 0.0000000000
120074  -46.239  -28.629  83.384 0.0000000000
46081  -16.223  -35.439  96.690 0.0000000000
46082  -17.075  -35.568  96.571 0.0000000000
46102  -20.364  -36.219  94.928 0.0000000000
45044  -20.318  -36.703  95.644 0.0000000000
42958  -24.987  -38.621  94.676 0.0000000000
42957  -24.474  -38.617  95.041 0.0000000000
122106  -24.563  -38.922  95.263 0.0000000000
41866  -25.001  -39.084  95.238 0.0000000000
40903  -25.381  -39.523  95.051 0.0000000000
41867  -25.761  -38.993  95.166 0.0000000000
41886  -29.174  -40.014  93.331 0.0000000000
40917  -28.787  -40.065  93.783 0.0000000000
40928  -29.498  -40.245  93.284 0.0000000000
40929  -30.396  -40.279  93.041 0.0000000000
43017  -33.858  -38.761  91.318 0.0000000000
41914  -34.154  -39.342  91.397 0.0000000000
40941  -33.480  -39.939  91.785 0.0000000000
40950  -34.365  -40.090  91.161 0.0000000000
40058  -34.215  -40.986  91.148 0.0000000000
137319  -38.891  -39.299  89.479 0.0000000000
41942  -38.803  -39.826  89.656 0.0000000000
40977  -39.420  -40.168  89.248 0.0000000000
41944  -40.065  -39.486  89.165 0.0000000000
46197  -39.089  -36.001  87.146 0.0000000000
46198  -39.589  -35.295  86.726 0.0000000000
46184  -41.616  -35.260  86.858 0.0000000000
120652  -41.263  -36.364  86.765 0.0000000000
45130  -41.559  -36.296  86.522 0.0000000000
44170  -42.249  -36.840  85.986 0.0000000000
45159  -42.322  -36.160  85.795 0.0000000000
49044  -42.562  -32.617  83.003 0.0000000000
49065  -42.639  -32.814  82.221 0.0000000000
46097  -15.859  -35.380  94.810 0.0000000000
46096  -15.037  -35.409  94.977 0.0000000000
114820  -15.625  -35.279  95.826 0.0000000000
124588  -48.110  -33.066  81.435 0.0000000000
47180  -47.716  -33.333  80.730 0.0000000000
48139  -48.705  -33.185  81.337 0.0000000000
50092  -51.261  -31.154  78.010 0.0000000000
49151  -50.657  -31.569  78.422 0.0000000000
49169  -50.779  -31.373  77.738 0.0000000000
49189  -50.560  -31.029  76.904 0.0000000000
54804  -51.436  -26.321  77.817 0.0000000000
65423  -49.566  -14.731  70.469 0.0000000000
63369  -53.071  -17.739  73.227 0.0000000000
63368  -52.834  -17.577  73.344 0.0000000000
61461  -53.287  -19.113  72.649 0.0000000000
49963  -43.953  -30.552  86.054 0.0000000000
51861  -43.430  -29.374  84.882 0.0000000000
51848  -44.224  -29.576  85.402 0.0000000000
52758  -43.954  -29.138  84.985 0.0000000000
52767  -44.288  -28.890  84.337 0.0000000000
52766  -43.617  -29.004  84.377 0.0000000000
46114  -19.573  -36.028  93.357 0.0000000000
131418  -34.847  -37.683  88.679 0.0000000000
44107  -34.709  -37.706  89.645 0.0000000000
44090  -34.471  -37.842  90.420 0.0000000000
44091  -35.305  -37.793  90.229 0.0000000000
43043  -35.710  -38.005  90.643 0.0000000000
44092  -36.252  -37.849  90.053 0.0000000000
116298  -37.121  -38.363  89.024 0.0000000000
122512  -36.871  -38.087  89.732 0.0000000000
43045  -37.591  -38.879  89.574 0.0000000000
48052  -40.095  -33.436  86.511 0.0000000000
48975  -41.705  -32.872  86.731 0.0000000000
48974  -41.023  -33.110  86.979 0.0000000000
48029  -41.857  -33.414  86.777 0.0000000000
48030  -42.148  -33.938  86.937 0.0000000000
127037  -42.596  -33.179  86.779 0.0000000000
48031  -42.406  -33.670  86.661 0.0000000000
49962  -43.367  -30.971  86.474 0.0000000000
127278  -43.199  -31.793  86.399 0.0000000000
114809  -16.092  -35.365  92.646 0.0000000000
114813  -15.981  -35.565  94.000 0.0000000000
50936  -48.947  -30.726  82.126 0.0000000000
50048  -49.320  -31.248  81.623 0.0000000000
50946  -49.221  -30.325  81.602 0.0000000000
51897  -50.451  -29.934  80.397 0.0000000000
50948  -50.197  -30.591  80.599 0.0000000000
50960  -50.743  -30.516  79.981 0.0000000000
124479  -51.156  -30.847  78.990 0.0000000000
50973  -51.120  -30.423  79.326 0.0000000000
56815  -52.225  -24.570  76.201 0.0000000000
56816  -52.978  -24.888  75.996 0.0000000000
56856  -53.770  -24.448  74.350 0.0000000000
55795  -53.487  -25.216  74.775 0.0000000000
55801  -53.589  -24.991  73.901 0.0000000000
54840  -53.196  -25.570  73.997 0.0000000000
121601  -53.867  -24.472  73.148 0.0000000000
135744  -52.322  -12.940  73.056 0.0000000000
67189  -51.942  -13.623  73.076 0.0000000000
67190  -52.947  -13.355  73.572 0.0000000000
64458  -53.288  -16.418  72.821 0.0000000000
134373  -40.105  -31.464  84.055 0.0000000000
56834  -50.449  -24.495  75.377 0.0000000000
56880  -50.411  -24.311  72.986 0.0000000000
137717  -50.997  -23.950  72.984 0.0000000000
56869  -51.625  -23.778  73.451 0.0000000000
57830  -51.360  -23.471  72.663 0.0000000000
69182  -51.111  -11.305  69.519 0.0000000000
69181  -50.438  -11.927  69.615 0.0000000000
68199  -49.800  -12.580  69.562 0.0000000000
69169  -51.007  -11.775  70.324 0.0000000000
68175  -50.884  -12.431  70.994 0.0000000000
117121  -51.671  -11.740  71.123 0.0000000000
70089  -53.814  -10.940  71.370 0.0000000000
70086  -53.409  -11.365  72.116 0.0000000000
69152  -53.773  -11.530  71.891 0.0000000000
121958  -53.967  -12.165  72.620 0.0000000000
69158  -54.005  -11.458  71.579 0.0000000000
69171  -54.366  -11.432  71.099 0.0000000000
70101  -55.753  -10.907  70.007 0.0000000000
135978  -55.621  -9.674  67.795 0.0000000000
71013  -55.831  -10.059  68.123 0.0000000000
70130  -56.080  -10.416  67.692 0.0000000000
68217  -56.124  -12.651  67.317 0.0000000000
69197  -56.146  -11.796  67.619 0.0000000000
46283  -43.871  -35.247  80.254 0.0000000000
46284  -44.874  -35.421  80.268 0.0000000000
47194  -44.452  -34.707  80.574 0.0000000000
49094  -45.598  -32.504  81.620 0.0000000000
48136  -45.248  -33.220  81.253 0.0000000000
49095  -46.404  -32.542  81.701 0.0000000000
49989  -44.833  -30.483  83.980 0.0000000000
50923  -45.682  -30.356  83.714 0.0000000000
50924  -46.458  -30.132  83.319 0.0000000000
50030  -47.258  -31.368  81.970 0.0000000000
50009  -47.352  -30.603  82.171 0.0000000000
50926  -47.756  -30.209  82.398 0.0000000000
129602  -47.619  -29.547  83.044 0.0000000000
132048  -47.179  -28.468  82.170 0.0000000000
52787  -47.596  -28.696  82.658 0.0000000000
116023  -15.888  -37.145  95.960 0.0000000000
43997  -16.297  -36.784  96.725 0.0000000000
43987  -17.382  -36.289  97.064 0.0000000000
114817  -18.189  -35.736  95.416 0.0000000000
46084  -18.485  -35.927  96.067 0.0000000000
41874  -21.088  -38.773  94.370 0.0000000000
41883  -21.817  -39.275  93.891 0.0000000000
46127  -20.981  -36.316  92.756 0.0000000000
135604  -20.690  -36.193  93.280 0.0000000000
44015  -22.487  -37.958  95.544 0.0000000000
42944  -22.998  -38.436  95.559 0.0000000000
41876  -23.295  -39.395  94.911 0.0000000000
40936  -23.054  -40.044  92.974 0.0000000000
115326  -23.352  -40.313  92.072 0.0000000000
40924  -25.271  -40.619  93.863 0.0000000000
40039  -25.280  -41.005  92.857 0.0000000000
40038  -25.056  -41.114  91.817 0.0000000000
40027  -28.546  -40.893  93.356 0.0000000000
129472  -27.346  -40.733  93.773 0.0000000000
128817  -27.786  -41.094  93.326 0.0000000000
136527  -26.829  -41.426  92.417 0.0000000000
40041  -27.439  -41.423  92.507 0.0000000000
40054  -27.914  -41.713  91.698 0.0000000000
39119  -29.874  -41.826  91.855 0.0000000000
114387  -30.124  -42.206  91.000 0.0000000000
42995  -32.435  -39.406  91.671 0.0000000000
43015  -31.922  -39.249  91.282 0.0000000000
42994  -31.655  -39.610  91.982 0.0000000000
40930  -31.125  -40.191  92.887 0.0000000000
40939  -31.840  -40.127  92.536 0.0000000000
40056  -32.685  -41.039  91.631 0.0000000000
39129  -32.172  -41.528  90.997 0.0000000000
39143  -31.627  -41.951  90.353 0.0000000000
41930  -36.462  -39.074  90.588 0.0000000000
40952  -36.066  -39.738  90.780 0.0000000000
40963  -36.687  -39.957  90.577 0.0000000000
44168  -38.253  -37.749  87.018 0.0000000000
45115  -39.230  -36.897  88.266 0.0000000000
44149  -38.541  -37.895  87.856 0.0000000000
44129  -39.436  -37.577  88.607 0.0000000000
44112  -39.900  -37.411  88.767 0.0000000000
47127  -40.486  -34.523  87.195 0.0000000000
47115  -40.156  -35.383  87.509 0.0000000000
45119  -40.993  -37.201  87.154 0.0000000000
127516  -40.635  -37.284  88.098 0.0000000000
44114  -40.600  -37.721  88.302 0.0000000000
43068  -40.418  -38.165  88.747 0.0000000000
43069  -40.892  -38.194  88.253 0.0000000000
41958  -41.217  -38.950  88.141 0.0000000000
41986  -41.175  -39.189  86.279 0.0000000000
44211  -42.396  -37.338  84.820 0.0000000000
126808  -42.455  -34.304  85.666 0.0000000000
46224  -42.291  -34.943  84.980 0.0000000000
47158  -42.019  -34.309  83.119 0.0000000000
46252  -41.632  -34.888  82.511 0.0000000000
45221  -41.583  -35.833  82.760 0.0000000000
46251  -41.353  -35.453  81.887 0.0000000000
46267  -41.422  -35.272  81.023 0.0000000000
47165  -41.575  -34.668  81.619 0.0000000000
47193  -42.984  -34.006  80.658 0.0000000000
46282  -42.709  -34.876  80.334 0.0000000000
133186  -43.537  -34.532  80.471 0.0000000000
46062  -15.513  -35.937  97.365 0.0000000000
45029  -15.504  -36.182  97.321 0.0000000000
43984  -14.883  -36.611  97.145 0.0000000000
48154  -49.562  -32.813  80.499 0.0000000000
48153  -48.880  -33.020  80.225 0.0000000000
48167  -49.576  -32.386  79.833 0.0000000000
53798  -49.718  -27.446  78.672 0.0000000000
53786  -49.961  -27.800  79.343 0.0000000000
53801  -51.632  -28.202  77.982 0.0000000000
52833  -51.466  -28.382  78.719 0.0000000000
52845  -51.661  -28.829  78.244 0.0000000000
51927  -51.601  -29.603  78.346 0.0000000000
125666  -51.787  -29.114  77.790 0.0000000000
121403  -52.504  -26.288  76.479 0.0000000000
54806  -52.285  -26.725  77.081 0.0000000000
119577  -52.473  -28.523  75.995 0.0000000000
51025  -52.245  -29.584  75.871 0.0000000000
51016  -52.087  -29.854  76.373 0.0000000000
51024  -52.164  -29.785  76.000 0.0000000000
58732  -51.671  -22.730  72.484 0.0000000000
59658  -51.918  -21.827  72.381 0.0000000000
65400  -51.380  -15.282  73.126 0.0000000000
65399  -50.667  -15.692  72.461 0.0000000000
64464  -51.235  -16.123  73.125 0.0000000000
62424  -51.665  -18.268  73.252 0.0000000000
63376  -50.755  -17.565  72.749 0.0000000000
62423  -50.741  -18.562  72.584 0.0000000000
61469  -50.800  -19.443  72.246 0.0000000000
60525  -53.333  -19.922  72.653 0.0000000000
121339  -53.577  -20.917  72.660 0.0000000000
59647  -53.533  -21.634  72.968 0.0000000000
59649  -54.042  -21.601  72.447 0.0000000000
127174  -43.228  -30.596  86.468 0.0000000000
50890  -43.792  -30.260  86.186 0.0000000000
51837  -43.454  -30.131  86.232 0.0000000000
51847  -43.642  -29.654  85.662 0.0000000000
44125  -35.856  -37.844  88.630 0.0000000000
132490  -36.586  -38.215  88.595 0.0000000000
49004  -40.595  -32.171  86.014 0.0000000000
48986  -40.660  -32.722  86.553 0.0000000000
49959  -41.255  -31.917  86.506 0.0000000000
49949  -42.080  -31.928  86.795 0.0000000000
48977  -42.975  -32.394  87.067 0.0000000000
49950  -42.809  -31.697  87.066 0.0000000000
49961  -43.024  -31.042  87.026 0.0000000000
51896  -49.086  -29.480  81.295 0.0000000000
52803  -49.731  -29.077  80.652 0.0000000000
52816  -50.284  -28.675  80.111 0.0000000000
56854  -52.738  -23.909  74.905 0.0000000000
56837  -53.396  -24.632  75.298 0.0000000000
57797  -53.342  -23.936  74.997 0.0000000000
56855  -53.798  -24.314  74.591 0.0000000000
121620  -54.136  -24.260  73.684 0.0000000000
124803  -54.472  -23.830  73.274 0.0000000000
57851  -54.380  -23.295  72.631 0.0000000000
68152  -53.916  -12.805  73.172 0.0000000000
66281  -53.524  -13.901  73.621 0.0000000000
67192  -53.851  -13.462  73.303 0.0000000000
66319  -53.895  -14.467  72.415 0.0000000000
70110  -51.863  -10.622  69.269 0.0000000000
70098  -52.913  -10.675  70.725 0.0000000000
118930  -53.877  -10.316  70.972 0.0000000000
138118  -54.238  -10.453  70.973 0.0000000000
69159  -54.599  -10.935  70.898 0.0000000000
70993  -54.981  -10.226  70.345 0.0000000000
70113  -55.466  -10.518  69.806 0.0000000000
70114  -55.751  -10.819  69.253 0.0000000000
70140  -56.283  -10.404  66.839 0.0000000000
138001  -56.444  -11.039  66.541 0.0000000000
69206  -56.449  -11.843  66.760 0.0000000000
67272  -56.574  -13.796  65.976 0.0000000000
48134  -43.255  -33.350  81.117 0.0000000000
48135  -44.205  -33.195  81.126 0.0000000000
49067  -45.104  -31.884  82.054 0.0000000000
51863  -45.206  -29.587  84.456 0.0000000000
51874  -46.966  -29.327  83.454 0.0000000000
52777  -47.019  -28.827  83.337 0.0000000000
52786  -46.790  -28.511  82.754 0.0000000000
52799  -46.503  -28.579  81.903 0.0000000000
45030  -16.286  -36.065  97.360 0.0000000000
43986  -16.755  -36.362  97.150 0.0000000000
45031  -17.155  -36.061  97.276 0.0000000000
45032  -17.749  -36.097  96.993 0.0000000000
41863  -21.898  -38.521  95.496 0.0000000000
42945  -23.807  -38.685  95.322 0.0000000000
133584  -23.970  -39.290  95.263 0.0000000000
40911  -24.103  -39.838  94.723 0.0000000000
40923  -24.385  -40.361  93.947 0.0000000000
117783  -24.892  -40.086  94.656 0.0000000000
115142  -26.040  -40.532  94.077 0.0000000000
122847  -28.939  -41.248  92.769 0.0000000000
40043  -30.438  -41.315  92.517 0.0000000000
43064  -33.219  -38.034  90.214 0.0000000000
43040  -32.767  -38.536  90.507 0.0000000000
42996  -33.151  -39.040  91.470 0.0000000000
41902  -32.959  -39.631  91.967 0.0000000000
40940  -32.679  -40.053  92.229 0.0000000000
40057  -33.461  -40.998  91.394 0.0000000000
40075  -34.614  -41.293  90.429 0.0000000000
40076  -35.443  -41.225  90.225 0.0000000000
40964  -37.222  -40.239  90.073 0.0000000000
40965  -38.069  -40.017  89.974 0.0000000000
40989  -39.645  -40.591  88.531 0.0000000000
41000  -39.892  -40.702  87.737 0.0000000000
121175  -38.804  -36.815  86.545 0.0000000000
46182  -39.265  -36.164  87.836 0.0000000000
47117  -41.460  -34.883  87.181 0.0000000000
46170  -40.924  -35.906  87.178 0.0000000000
44131  -41.084  -37.606  87.054 0.0000000000
43106  -41.196  -38.404  87.198 0.0000000000
44150  -41.443  -37.417  86.723 0.0000000000
43107  -41.348  -37.866  86.640 0.0000000000
43120  -41.627  -38.070  85.913 0.0000000000
44193  -42.217  -37.492  85.580 0.0000000000
45176  -42.313  -36.542  84.571 0.0000000000
48075  -42.773  -32.816  85.076 0.0000000000
47175  -41.907  -34.011  81.381 0.0000000000
48116  -42.166  -33.421  81.906 0.0000000000
49091  -42.762  -33.114  81.584 0.0000000000
133036  -14.342  -35.474  95.130 0.0000000000
46069  -15.901  -35.713  97.183 0.0000000000
49136  -50.157  -31.720  79.200 0.0000000000
134440  -49.559  -32.092  79.345 0.0000000000
48186  -49.783  -31.862  78.720 0.0000000000
54787  -50.045  -26.741  78.254 0.0000000000
54776  -50.912  -27.380  78.724 0.0000000000
54788  -50.777  -26.764  78.303 0.0000000000
134078  -51.731  -27.613  77.749 0.0000000000
53845  -52.692  -26.896  75.046 0.0000000000
53844  -52.482  -27.584  75.890 0.0000000000
64456  -52.687  -16.278  73.724 0.0000000000
64455  -51.940  -16.586  73.550 0.0000000000
63367  -52.557  -17.067  73.581 0.0000000000
124670  -52.398  -17.728  73.482 0.0000000000
61459  -52.240  -19.038  73.177 0.0000000000
61460  -53.021  -19.014  73.043 0.0000000000
60526  -53.653  -20.227  72.337 0.0000000000
60527  -54.084  -20.869  72.153 0.0000000000
71018  -53.236  -9.802  67.865 0.0000000000
116429  -54.542  -9.529  68.074 0.0000000000
71019  -53.905  -9.632  67.628 0.0000000000
121560  -54.720  -9.430  67.392 0.0000000000
71021  -55.530  -9.387  67.144 0.0000000000
120219  -55.480  -9.445  66.370 0.0000000000
71028  -55.961  -9.650  66.388 0.0000000000
71029  -56.263  -10.107  66.173 0.0000000000
50004  -43.524  -31.411  83.922 0.0000000000
129450  -44.117  -30.778  84.412 0.0000000000
49988  -44.625  -30.274  84.824 0.0000000000
50891  -44.348  -30.016  85.628 0.0000000000
50902  -44.894  -29.964  84.897 0.0000000000
135086  -45.040  -29.201  84.595 0.0000000000
52768  -44.988  -28.840  84.271 0.0000000000
52774  -44.738  -28.729  83.636 0.0000000000
46099  -17.759  -35.662  94.553 0.0000000000
46100  -18.609  -35.810  94.576 0.0000000000
46101  -19.537  -35.973  94.512 0.0000000000
41899  -29.528  -39.889  92.971 0.0000000000
134486  -33.793  -37.958  90.528 0.0000000000
43041  -34.218  -38.095  90.930 0.0000000000
43018  -34.596  -38.555  91.189 0.0000000000
43019  -35.327  -38.459  91.044 0.0000000000
43020  -35.924  -38.543  90.736 0.0000000000
138212  -36.938  -38.617  90.114 0.0000000000
43046  -38.581  -38.937  89.264 0.0000000000
47143  -39.571  -34.528  85.505 0.0000000000
47137  -39.802  -34.357  86.450 0.0000000000
48027  -40.175  -33.960  87.041 0.0000000000
47116  -41.209  -34.339  87.211 0.0000000000
48011  -41.425  -33.668  87.049 0.0000000000
47118  -41.761  -34.613  87.061 0.0000000000
46185  -42.086  -34.883  86.632 0.0000000000
46199  -42.204  -35.486  86.186 0.0000000000
47138  -42.350  -34.609  86.218 0.0000000000
48054  -42.649  -33.732  86.144 0.0000000000
136418  -42.689  -33.523  85.657 0.0000000000
130739  -43.063  -32.337  86.863 0.0000000000
48987  -43.042  -32.772  86.163 0.0000000000
49024  -43.002  -32.067  84.458 0.0000000000
49071  -48.590  -32.285  81.980 0.0000000000
49096  -49.076  -32.985  81.669 0.0000000000
49072  -49.167  -32.171  81.687 0.0000000000
49097  -49.585  -32.793  81.099 0.0000000000
116741  -49.711  -32.456  80.369 0.0000000000
50947  -49.676  -30.677  81.124 0.0000000000
50050  -50.433  -31.165  80.145 0.0000000000
50063  -50.148  -31.800  80.002 0.0000000000
49120  -50.528  -31.573  79.249 0.0000000000
50078  -51.060  -31.227  78.733 0.0000000000
50093  -51.452  -30.903  77.981 0.0000000000
55783  -51.623  -25.009  76.772 0.0000000000
55775  -51.992  -25.783  77.205 0.0000000000
55784  -52.442  -25.311  76.574 0.0000000000
55785  -52.829  -25.527  76.140 0.0000000000
132878  -52.775  -25.936  75.824 0.0000000000
54827  -53.255  -25.404  75.466 0.0000000000
54828  -53.042  -25.989  75.272 0.0000000000
120707  -52.791  -26.525  74.246 0.0000000000
67227  -50.178  -13.712  71.120 0.0000000000
66316  -50.406  -14.281  71.635 0.0000000000
66317  -51.114  -13.898  72.399 0.0000000000
66303  -51.587  -14.437  73.075 0.0000000000
117271  -52.259  -14.911  73.659 0.0000000000
66280  -52.943  -14.408  73.820 0.0000000000
65378  -52.866  -15.366  73.883 0.0000000000
128447  -53.324  -17.222  72.727 0.0000000000
50912  -41.482  -30.543  84.706 0.0000000000
50911  -40.868  -30.709  84.346 0.0000000000
116677  -39.697  -33.234  85.127 0.0000000000
49023  -39.874  -32.620  84.822 0.0000000000
49970  -40.442  -32.059  85.179 0.0000000000
136007  -40.769  -31.579  85.136 0.0000000000
114198  -48.108  -29.306  79.246 0.0000000000
53797  -49.041  -27.944  78.292 0.0000000000
53815  -49.340  -27.109  77.929 0.0000000000
55773  -50.083  -25.573  77.187 0.0000000000
55782  -50.618  -25.012  76.668 0.0000000000
56835  -51.939  -24.160  75.496 0.0000000000
57812  -52.597  -23.637  73.963 0.0000000000
57832  -53.360  -22.824  73.719 0.0000000000
68186  -49.801  -12.987  70.248 0.0000000000
121493  -50.225  -13.073  70.816 0.0000000000
67214  -50.790  -13.253  71.612 0.0000000000
68176  -51.561  -12.411  71.781 0.0000000000
68170  -52.266  -12.326  72.597 0.0000000000
69170  -52.495  -11.181  71.338 0.0000000000
69151  -52.990  -11.726  72.720 0.0000000000
68150  -53.354  -12.174  73.119 0.0000000000
127792  -54.078  -12.559  72.219 0.0000000000
67215  -53.882  -13.074  71.301 0.0000000000
69172  -55.127  -11.147  70.514 0.0000000000
71012  -55.479  -9.835  68.544 0.0000000000
71005  -55.643  -10.287  68.979 0.0000000000
129076  -55.823  -11.022  68.517 0.0000000000
70122  -56.018  -11.033  67.971 0.0000000000
47177  -44.897  -34.080  81.014 0.0000000000
47178  -46.072  -34.144  81.134 0.0000000000
129262  -46.806  -33.616  81.241 0.0000000000
48117  -46.983  -32.946  81.539 0.0000000000
48118  -47.780  -32.837  81.820 0.0000000000
50027  -44.661  -31.388  82.713 0.0000000000
50028  -45.633  -31.370  82.590 0.0000000000
50007  -46.121  -30.901  83.130 0.0000000000
50029  -46.445  -31.347  82.263 0.0000000000
49070  -47.946  -32.320  82.087 0.0000000000
50935  -48.330  -30.552  82.114 0.0000000000
51883  -48.176  -29.016  82.582 0.0000000000
51895  -48.503  -28.981  81.782 0.0000000000
117581  -48.109  -29.124  80.243 0.0000000000
51859  -41.326  -29.956  84.171 0.0000000000
51873  -42.571  -29.254  83.667 0.0000000000
51882  -42.331  -29.202  82.949 0.0000000000
133241  -43.201  -28.981  83.844 0.0000000000
52783  -43.077  -28.880  83.124 0.0000000000
52784  -43.927  -28.777  82.863 0.0000000000
118736  -44.814  -28.753  82.632 0.0000000000
118873  -15.081  -37.363  95.865 0.0000000000
137793  -15.561  -37.339  95.246 0.0000000000
44010  -16.361  -37.249  95.147 0.0000000000
46083  -17.837  -35.760  96.301 0.0000000000
46071  -18.120  -35.987  96.677 0.0000000000
46103  -21.031  -36.354  94.524 0.0000000000
45056  -21.485  -36.847  95.020 0.0000000000
131075  -22.459  -39.255  94.759 0.0000000000
114562  -22.256  -39.737  92.965 0.0000000000
40937  -23.967  -40.400  92.918 0.0000000000
40914  -26.496  -40.120  94.515 0.0000000000
40925  -26.683  -40.658  93.890 0.0000000000
39118  -28.929  -41.768  91.994 0.0000000000
39125  -28.578  -42.096  91.140 0.0000000000
42992  -29.308  -39.789  92.305 0.0000000000
137812  -30.016  -39.860  92.621 0.0000000000
130360  -31.447  -39.359  90.710 0.0000000000
42993  -30.764  -39.763  92.153 0.0000000000
41888  -30.637  -40.098  92.916 0.0000000000
40030  -31.038  -40.938  92.848 0.0000000000
132024  -31.162  -41.218  92.358 0.0000000000
40045  -32.286  -40.532  92.197 0.0000000000
40055  -31.833  -41.222  91.918 0.0000000000
135845  -31.297  -41.453  91.797 0.0000000000
40951  -35.307  -39.905  90.822 0.0000000000
40962  -35.939  -40.516  90.531 0.0000000000
40077  -36.232  -41.173  90.023 0.0000000000
40090  -35.753  -41.620  89.548 0.0000000000
44147  -36.866  -38.625  87.272 0.0000000000
44127  -38.015  -38.591  88.432 0.0000000000
44111  -38.644  -38.404  88.802 0.0000000000
43066  -39.201  -38.218  89.019 0.0000000000
43047  -39.377  -38.791  89.265 0.0000000000
45116  -39.778  -36.051  88.120 0.0000000000
45118  -40.696  -36.706  87.569 0.0000000000
43067  -40.099  -38.819  89.234 0.0000000000
41957  -40.495  -39.582  88.556 0.0000000000
41001  -40.364  -40.299  87.573 0.0000000000
41002  -41.198  -39.274  87.126 0.0000000000
45177  -42.334  -35.919  85.190 0.0000000000
47150  -42.277  -34.645  84.039 0.0000000000
45197  -42.026  -36.248  83.652 0.0000000000
45264  -41.550  -36.292  79.923 0.0000000000
47174  -41.875  -34.640  80.781 0.0000000000
48152  -48.603  -33.307  80.796 0.0000000000
52830  -49.644  -28.407  79.770 0.0000000000
53779  -50.203  -28.234  79.818 0.0000000000
52817  -50.854  -28.855  79.894 0.0000000000
53788  -51.096  -27.976  79.141 0.0000000000
52832  -51.199  -28.577  79.417 0.0000000000
138686  -51.244  -29.090  79.532 0.0000000000
51926  -51.332  -29.659  79.154 0.0000000000
50989  -51.569  -30.461  78.026 0.0000000000
51002  -51.625  -30.388  77.459 0.0000000000
54805  -52.091  -26.476  77.421 0.0000000000
54791  -52.108  -27.432  77.177 0.0000000000
52865  -52.096  -28.166  77.092 0.0000000000
126811  -52.292  -28.785  76.691 0.0000000000
51945  -52.021  -28.977  77.288 0.0000000000
51958  -52.112  -29.457  76.869 0.0000000000
51015  -51.832  -30.150  76.919 0.0000000000
50124  -51.822  -30.187  76.937 0.0000000000
57850  -50.997  -23.233  71.974 0.0000000000
136030  -53.524  -22.238  73.314 0.0000000000
65413  -50.309  -15.242  71.689 0.0000000000
65412  -49.784  -15.633  70.946 0.0000000000
64477  -49.687  -16.610  71.117 0.0000000000
64463  -50.606  -16.588  72.511 0.0000000000
63389  -50.022  -17.144  71.818 0.0000000000
135641  -49.640  -17.195  71.201 0.0000000000
61482  -50.490  -20.036  71.793 0.0000000000
60536  -51.071  -20.343  72.205 0.0000000000
60537  -52.089  -20.753  72.553 0.0000000000
59659  -52.736  -21.436  72.719 0.0000000000
58720  -53.917  -22.379  73.403 0.0000000000
58721  -54.075  -22.339  73.050 0.0000000000
58750  -54.240  -22.590  72.136 0.0000000000
59660  -54.253  -21.369  72.012 0.0000000000
125231  -54.296  -21.796  71.891 0.0000000000
133192  -54.231  -22.685  71.984 0.0000000000
40990  -40.208  -40.203  88.193 0.0000000000
43087  -41.066  -38.107  87.556 0.0000000000
43088  -41.118  -37.831  87.011 0.0000000000
43988  -17.873  -36.405  96.613 0.0000000000
44113  -40.338  -37.515  88.667 0.0000000000
45141  -41.928  -37.024  86.351 0.0000000000
47129  -42.308  -34.187  86.544 0.0000000000
47192  -42.352  -34.181  80.799 0.0000000000
48028  -40.791  -33.810  87.112 0.0000000000
49098  -49.774  -32.012  80.663 0.0000000000
49986  -40.536  -31.431  84.532 0.0000000000
50079  -51.328  -30.942  78.390 0.0000000000
50108  -51.554  -30.560  77.589 0.0000000000
50134  -51.872  -30.161  76.152 0.0000000000
51003  -51.900  -29.937  77.088 0.0000000000
51849  -44.731  -29.632  84.974 0.0000000000
51910  -50.368  -29.268  80.341 0.0000000000
53799  -50.364  -27.294  78.801 0.0000000000
53802  -51.864  -27.911  77.457 0.0000000000
54789  -51.280  -26.971  78.221 0.0000000000
54790  -51.996  -27.171  77.433 0.0000000000
62414  -53.119  -18.271  73.061 0.0000000000
66315  -50.015  -14.840  71.121 0.0000000000
66329  -49.927  -14.242  70.998 0.0000000000
67191  -53.657  -13.085  73.395 0.0000000000
68151  -53.723  -12.463  73.126 0.0000000000
68191  -55.757  -11.184  69.644 0.0000000000
69157  -52.908  -11.269  72.085 0.0000000000
69173  -55.647  -11.056  70.196 0.0000000000
70099  -54.612  -10.418  70.750 0.0000000000
70991  -54.146  -9.899  70.457 0.0000000000
117908  -52.510  -10.533  69.966 0.0000000000
118661  -49.543  -31.991  81.179 0.0000000000
118876  -53.378  -12.672  73.314 0.0000000000
122292  -54.061  -13.937  73.007 0.0000000000
122632  -24.244  -39.043  95.391 0.0000000000
122753  -51.234  -31.147  78.320 0.0000000000
127073  -53.061  -16.914  73.083 0.0000000000
127736  -54.030  -11.847  71.885 0.0000000000
129344  -40.752  -30.407  83.732 0.0000000000
130562  -51.186  -16.847  73.105 0.0000000000
133203  -41.794  -35.672  86.474 0.0000000000
134783  -51.133  -24.167  75.269 0.0000000000
136641  -52.920  -17.262  73.230 0.0000000000
138214  -53.390  -25.342  74.371 0.0000000000
