#!ascii label  , from subject sub-01 vox2ras=TkReg
1080
61146  -18.756  -20.087  16.731 0.5555555820
61147  -19.531  -20.360  16.296 0.6666666865
62101  -20.602  -19.177  15.507 0.7777777910
64000  -20.883  -16.848  14.361 0.8888888955
130320  -23.286  -18.003  14.201 0.8888888955
61135  -18.103  -20.622  17.335 0.5555555820
62075  -17.937  -19.728  17.280 0.5555555820
63011  -19.053  -18.775  15.912 0.6666666865
63030  -21.168  -18.426  15.002 0.8888888955
127017  -21.207  -16.969  14.283 0.8888888955
64016  -22.069  -16.314  13.546 1.0000000000
129016  -22.668  -17.238  13.602 0.8888888955
65092  -22.706  -16.349  13.293 1.0000000000
63010  -18.350  -18.427  16.298 0.7777777910
63983  -19.130  -17.387  15.307 1.0000000000
65076  -19.288  -15.765  14.511 1.0000000000
63999  -20.881  -16.317  14.216 1.0000000000
65993  -21.032  -15.531  13.704 1.0000000000
65077  -20.458  -16.036  14.193 1.0000000000
65994  -21.559  -15.614  13.681 1.0000000000
122951  -22.112  -15.544  13.532 1.0000000000
65996  -22.711  -15.620  13.270 1.0000000000
66896  -21.811  -14.945  13.323 1.0000000000
66007  -22.228  -15.096  13.285 1.0000000000
66009  -23.862  -15.209  12.922 1.0000000000
136514  -23.634  -13.872  12.449 1.0000000000
66909  -25.040  -13.960  12.397 0.7777777910
130256  -18.586  -15.398  14.822 0.8888888955
66894  -20.837  -14.806  13.240 1.0000000000
66884  -19.626  -14.811  13.630 1.0000000000
125925  -21.546  -14.487  12.981 1.0000000000
66907  -22.864  -14.308  12.693 1.0000000000
67834  -23.378  -13.405  12.139 1.0000000000
117361  -24.279  -13.551  12.349 1.0000000000
116489  -25.865  -13.690  12.264 0.8888888955
67835  -25.148  -13.196  12.310 1.0000000000
121281  -25.841  -13.009  12.283 0.7777777910
67837  -27.174  -13.725  12.197 0.7777777910
66867  -18.144  -13.991  14.845 0.5555555820
68774  -18.417  -12.187  13.000 0.7777777910
67822  -19.051  -13.393  13.356 0.8888888955
67831  -20.694  -13.695  12.607 1.0000000000
66905  -20.916  -14.263  12.838 1.0000000000
67830  -20.116  -13.401  12.661 0.8888888955
68785  -21.086  -13.200  12.408 1.0000000000
68786  -21.870  -13.161  12.159 1.0000000000
130054  -23.557  -12.589  11.817 1.0000000000
68788  -24.410  -12.675  12.070 0.8888888955
127121  -24.014  -11.864  11.852 1.0000000000
124344  -24.941  -11.685  11.943 0.8888888955
69777  -26.377  -11.445  12.304 0.7777777910
68793  -29.075  -12.595  12.734 0.6666666865
69778  -27.690  -12.050  12.766 0.6666666865
69751  -16.795  -11.607  14.303 0.4444444478
68764  -17.406  -12.389  14.155 0.7777777910
69760  -17.442  -11.162  13.575 0.6666666865
68782  -19.257  -11.970  12.421 0.7777777910
69773  -20.882  -12.340  12.351 0.8888888955
68799  -22.440  -12.270  11.784 1.0000000000
69789  -21.369  -11.712  11.974 1.0000000000
69790  -22.085  -11.548  11.744 1.0000000000
69774  -23.578  -11.170  11.976 1.0000000000
69775  -24.310  -11.071  11.991 0.8888888955
132661  -24.955  -10.947  11.939 0.7777777910
70706  -26.091  -10.605  12.383 0.7777777910
69779  -28.582  -11.957  13.006 0.5555555820
70691  -26.732  -10.843  12.842 0.7777777910
70692  -27.415  -10.657  13.270 0.6666666865
70689  -17.210  -10.468  13.618 0.6666666865
69759  -16.886  -10.833  13.944 0.6666666865
70702  -18.270  -10.669  12.844 0.7777777910
70701  -17.621  -10.177  13.300 0.7777777910
69771  -18.968  -11.078  12.359 0.8888888955
69788  -20.612  -11.236  11.942 0.8888888955
69787  -19.711  -10.604  11.945 1.0000000000
70713  -21.023  -10.371  11.430 1.0000000000
115773  -21.704  -10.113  11.453 1.0000000000
70716  -23.132  -10.478  11.801 0.8888888955
131906  -24.074  -9.971  11.804 0.8888888955
71617  -24.762  -9.715  12.211 0.8888888955
70705  -25.272  -10.458  12.142 0.7777777910
72495  -23.216  -9.065  11.871 0.8888888955
71616  -23.942  -9.379  11.979 0.7777777910
72461  -25.344  -8.983  12.780 0.7777777910
71597  -26.669  -10.018  13.190 0.7777777910
71598  -27.671  -9.833  13.655 0.6666666865
71595  -16.989  -9.690  13.557 0.6666666865
70688  -16.786  -10.175  13.803 0.5555555820
119473  -18.097  -9.900  12.886 0.8888888955
115622  -19.744  -9.548  11.388 0.8888888955
71631  -20.771  -9.447  11.277 1.0000000000
121713  -22.587  -9.315  11.729 1.0000000000
71633  -23.365  -9.807  11.700 0.8888888955
72480  -24.556  -8.801  12.415 0.7777777910
72460  -25.090  -8.070  12.940 0.7777777910
72462  -27.092  -9.079  13.717 0.6666666865
116131  -28.097  -8.975  13.973 0.5555555820
71600  -29.573  -9.404  13.432 0.5555555820
71613  -17.518  -9.413  13.101 0.7777777910
72445  -16.699  -9.038  13.712 0.6666666865
71614  -18.184  -9.211  12.476 0.8888888955
118825  -19.659  -8.721  11.186 1.0000000000
72492  -20.541  -8.432  10.984 1.0000000000
73341  -22.121  -7.830  11.706 0.8888888955
72494  -22.555  -8.673  11.870 0.8888888955
120490  -23.797  -8.560  12.226 0.8888888955
73298  -24.967  -7.283  13.194 0.7777777910
74166  -25.259  -6.671  13.775 0.7777777910
73299  -25.655  -7.555  13.912 0.7777777910
119304  -27.598  -8.284  14.041 0.5555555820
75019  -23.856  -6.014  13.064 0.7777777910
74167  -25.986  -6.596  14.504 0.5555555820
136970  -28.134  -7.641  14.180 0.5555555820
73256  -15.235  -7.632  15.147 0.4444444478
73277  -16.450  -8.389  14.019 0.5555555820
73317  -17.748  -7.520  12.501 0.7777777910
72490  -19.259  -8.112  11.581 1.0000000000
72478  -18.413  -8.288  12.224 0.8888888955
73337  -19.524  -7.357  11.370 1.0000000000
73338  -20.054  -7.400  11.005 0.8888888955
73340  -21.298  -7.216  11.478 0.8888888955
73319  -22.077  -6.965  11.872 0.8888888955
73320  -22.917  -7.132  12.186 0.8888888955
136858  -24.948  -6.076  13.605 0.6666666865
119344  -26.944  -6.349  15.165 0.5555555820
75039  -17.026  -5.451  12.774 0.6666666865
74184  -17.135  -6.309  12.709 0.6666666865
74196  -17.875  -5.921  11.680 0.7777777910
74198  -19.507  -6.636  11.336 0.8888888955
74197  -18.615  -6.029  11.275 0.7777777910
75057  -20.116  -5.876  11.498 0.7777777910
74200  -20.649  -6.584  11.558 0.8888888955
75041  -20.466  -5.177  11.743 0.7777777910
74186  -21.495  -6.379  11.980 0.8888888955
75924  -21.280  -4.743  12.075 0.7777777910
75042  -21.835  -5.558  12.278 0.7777777910
137140  -23.304  -5.535  13.039 0.6666666865
117632  -21.947  -3.913  12.390 0.6666666865
75926  -23.195  -4.711  12.945 0.6666666865
117232  -23.855  -5.220  13.356 0.6666666865
75020  -24.457  -5.733  13.439 0.5555555820
77721  -24.247  -2.894  12.821 0.6666666865
76791  -23.635  -3.646  12.641 0.5555555820
75911  -25.554  -4.175  13.798 0.5555555820
75021  -26.286  -5.517  14.571 0.4444444478
76793  -25.268  -3.601  13.523 0.5555555820
117970  -16.172  -2.698  13.033 0.3333333433
76790  -16.166  -3.595  13.109 0.3333333433
75922  -17.373  -4.368  12.270 0.5555555820
75040  -17.338  -5.108  12.391 0.6666666865
76807  -17.406  -3.380  12.024 0.5555555820
75937  -18.518  -4.467  11.473 0.7777777910
75938  -19.135  -4.412  11.289 0.7777777910
76823  -19.422  -3.667  11.307 0.6666666865
75923  -20.413  -4.432  11.704 0.6666666865
135586  -19.751  -4.247  11.464 0.6666666865
76808  -21.061  -3.760  12.003 0.6666666865
76809  -21.736  -3.064  12.229 0.6666666865
77719  -22.453  -2.445  12.315 0.6666666865
77720  -23.382  -2.707  12.512 0.6666666865
117472  -24.991  -2.992  13.252 0.5555555820
77708  -24.665  -2.234  13.424 0.5555555820
78714  -23.901  -2.036  12.936 0.6666666865
77716  -16.502  -2.007  12.523 0.4444444478
77707  -15.715  -2.227  14.233 0.4444444478
77717  -16.825  -2.574  12.120 0.4444444478
77731  -16.875  -2.041  11.934 0.5555555820
77732  -17.445  -2.522  11.694 0.5555555820
127012  -18.413  -2.847  11.276 0.6666666865
76822  -18.786  -3.671  11.228 0.6666666865
125147  -19.100  -2.959  11.085 0.6666666865
131048  -20.205  -3.642  11.625 0.6666666865
77736  -20.749  -2.819  11.797 0.6666666865
77718  -21.574  -2.199  11.970 0.6666666865
78698  -23.664  -1.138  12.823 0.6666666865
78699  -24.441  -1.364  13.367 0.5555555820
78709  -16.818  -1.270  12.533 0.4444444478
77733  -18.224  -2.043  11.396 0.6666666865
137416  -18.863  -2.315  11.082 0.6666666865
78725  -19.933  -1.607  11.115 0.6666666865
127501  -19.816  -2.928  11.482 0.6666666865
77735  -20.129  -2.291  11.398 0.6666666865
78712  -22.261  -1.592  12.112 0.6666666865
63985  -20.528  -17.491  14.789 0.8888888955
63027  -18.898  -18.054  15.793 1.0000000000
63984  -20.134  -16.991  14.554 1.0000000000
70703  -23.834  -10.426  11.877 0.8888888955
74145  -15.353  -6.709  14.731 0.5555555820
72477  -17.599  -8.566  12.784 0.7777777910
72491  -19.956  -8.051  10.859 1.0000000000
73321  -23.708  -7.693  12.440 0.8888888955
74119  -14.726  -6.707  15.570 0.2222222239
134170  -24.997  -5.536  13.679 0.6666666865
75056  -19.679  -5.049  11.480 0.7777777910
122408  -25.438  -4.990  13.861 0.4444444478
78724  -19.034  -1.438  10.983 0.6666666865
69750  -16.360  -11.002  14.472 0.4444444478
71576  -16.556  -9.682  13.938 0.4444444478
78700  -25.320  -1.572  13.774 0.5555555820
78701  -26.266  -1.911  13.905 0.5555555820
78697  -15.867  -1.410  14.439 0.2222222239
79641  -25.100  -0.588  13.575 0.5555555820
60242  -18.465  -21.365  17.512 0.5555555820
60243  -19.398  -21.602  17.128 0.5555555820
61148  -20.291  -20.477  16.087 0.5555555820
61156  -20.727  -19.927  15.739 0.5555555820
62110  -22.711  -19.170  14.894 0.7777777910
60241  -17.505  -21.176  18.052 0.5555555820
62102  -21.297  -19.348  15.380 0.6666666865
63031  -21.834  -18.684  14.842 0.8888888955
64003  -23.818  -17.730  13.758 0.7777777910
65998  -24.862  -16.434  13.182 0.8888888955
61122  -16.635  -21.074  18.620 0.4444444478
62074  -17.202  -19.191  18.070 0.5555555820
65997  -23.757  -16.040  13.166 1.0000000000
127631  -17.309  -17.683  17.647 0.2222222239
63964  -18.356  -17.589  15.959 0.6666666865
114445  -25.850  -15.289  12.504 0.8888888955
129724  -25.893  -14.430  12.330 0.6666666865
115865  -27.502  -14.476  11.946 0.6666666865
65065  -17.618  -15.833  15.870 0.5555555820
67838  -28.046  -13.767  12.254 0.6666666865
120505  -17.830  -14.650  15.372 0.4444444478
122940  -28.757  -13.260  12.456 0.5555555820
69781  -30.071  -11.619  12.572 0.5555555820
68738  -16.546  -12.605  15.749 0.2222222239
69764  -28.960  -11.094  13.212 0.5555555820
70695  -29.912  -9.995  13.156 0.5555555820
71550  -15.351  -9.881  15.236 0.3333333433
71601  -30.271  -9.259  12.895 0.5555555820
72427  -15.726  -8.465  14.651 0.4444444478
73302  -30.027  -7.777  13.123 0.4444444478
73255  -14.536  -7.696  15.976 0.3333333433
122706  -28.984  -7.221  14.079 0.5555555820
134310  -27.207  -5.489  15.014 0.4444444478
76789  -15.681  -3.127  13.945 0.3333333433
75907  -15.818  -4.114  13.610 0.3333333433
75001  -26.186  -4.472  14.154 0.4444444478
77710  -26.208  -2.737  13.882 0.4444444478
78689  -27.228  -1.509  14.000 0.2222222239
78708  -16.342  -1.334  13.532 0.3333333433
78722  -17.368  -1.710  11.769 0.6666666865
127437  -19.747  -0.915  10.991 0.6666666865
78726  -20.761  -1.878  11.494 0.6666666865
78711  -21.482  -1.357  11.667 0.6666666865
79652  -22.692  -0.063  11.782 0.6666666865
115281  -22.887  -0.927  12.274 0.6666666865
79640  -24.280  -0.538  13.086 0.6666666865
134363  -24.697  -0.187  13.190 0.4444444478
79642  -26.303  -0.823  13.970 0.3333333433
79659  -18.633  -0.623  11.378 0.5555555820
61136  -18.989  -20.882  16.829 0.6666666865
62092  -19.279  -19.602  16.114 0.6666666865
62093  -20.008  -19.844  15.808 0.7777777910
62100  -19.881  -18.969  15.703 0.7777777910
63029  -20.536  -18.256  15.231 0.8888888955
63038  -21.042  -17.545  14.606 0.8888888955
64002  -21.938  -16.744  13.687 1.0000000000
123394  -22.323  -17.809  14.226 0.8888888955
61134  -17.151  -20.247  18.164 0.4444444478
62090  -17.856  -18.820  17.053 0.6666666865
62091  -18.512  -19.275  16.513 0.6666666865
63028  -19.770  -17.979  15.414 0.8888888955
63039  -21.533  -17.616  14.380 0.8888888955
64001  -21.512  -16.751  14.022 1.0000000000
64017  -22.845  -17.017  13.274 1.0000000000
65079  -21.182  -16.293  14.148 1.0000000000
65091  -21.650  -15.840  13.745 1.0000000000
65093  -23.938  -16.959  13.377 1.0000000000
62994  -17.464  -18.385  17.624 0.5555555820
63009  -17.721  -17.803  16.799 0.6666666865
125308  -18.554  -16.906  15.480 0.8888888955
65067  -19.292  -16.585  14.771 0.8888888955
65066  -18.406  -16.089  15.263 0.8888888955
65078  -20.948  -15.889  14.070 1.0000000000
65984  -20.783  -15.583  13.798 1.0000000000
65090  -21.320  -15.853  13.923 1.0000000000
116151  -22.160  -15.793  13.510 1.0000000000
65983  -20.007  -15.427  13.907 1.0000000000
65992  -20.535  -15.143  13.509 1.0000000000
66010  -24.859  -15.645  12.858 0.8888888955
66008  -23.038  -14.920  13.037 1.0000000000
114948  -22.094  -14.576  13.025 1.0000000000
66906  -21.263  -14.711  13.173 1.0000000000
66908  -23.964  -14.337  12.630 1.0000000000
128698  -24.936  -14.768  12.596 0.8888888955
66883  -18.845  -14.426  14.136 1.0000000000
65974  -18.403  -14.790  14.795 0.5555555820
65973  -18.008  -15.290  15.402 0.6666666865
65982  -19.073  -15.083  14.256 1.0000000000
66893  -20.098  -14.467  13.098 1.0000000000
67824  -20.418  -14.065  12.769 1.0000000000
67832  -21.278  -13.978  12.626 1.0000000000
67833  -22.182  -13.859  12.480 1.0000000000
68787  -22.790  -12.934  11.802 1.0000000000
68789  -25.418  -12.445  12.129 0.8888888955
68790  -26.306  -12.394  12.239 0.7777777910
135650  -27.596  -13.310  12.395 0.6666666865
66845  -17.401  -14.079  15.753 0.5555555820
67799  -17.338  -13.178  15.120 0.6666666865
67813  -17.993  -13.216  14.347 0.6666666865
67814  -18.629  -13.646  13.961 0.7777777910
67821  -18.353  -12.795  13.607 0.7777777910
68773  -17.714  -11.963  13.486 0.6666666865
128605  -19.048  -12.442  12.639 0.8888888955
68775  -19.081  -12.870  12.977 0.8888888955
66892  -19.331  -14.083  13.461 0.8888888955
67823  -19.711  -13.608  12.931 1.0000000000
68784  -20.417  -13.039  12.531 0.8888888955
126931  -23.228  -12.054  11.701 1.0000000000
69776  -25.614  -11.134  11.979 0.8888888955
121847  -25.766  -11.787  12.002 0.7777777910
119482  -26.958  -12.013  12.467 0.7777777910
69762  -27.194  -11.397  12.829 0.6666666865
69763  -28.045  -11.273  13.145 0.6666666865
137017  -17.203  -11.524  13.865 0.5555555820
69736  -16.365  -11.754  15.091 0.3333333433
68763  -16.828  -12.340  14.813 0.3333333433
70690  -17.810  -10.925  13.263 0.6666666865
69770  -18.462  -11.583  12.744 0.7777777910
134669  -19.736  -11.416  12.253 0.8888888955
130289  -21.622  -12.420  12.071 1.0000000000
70714  -21.577  -10.922  11.634 1.0000000000
70704  -24.516  -10.441  11.993 0.7777777910
71618  -25.746  -9.799  12.579 0.7777777910
70693  -28.348  -10.458  13.449 0.5555555820
71615  -18.860  -10.010  12.275 0.8888888955
129139  -25.752  -8.372  13.369 0.7777777910
71596  -26.219  -9.055  13.182 0.7777777910
70676  -15.881  -10.456  14.805 0.4444444478
71630  -18.979  -9.025  11.683 0.8888888955
116779  -21.856  -8.643  11.656 0.8888888955
73322  -24.412  -8.005  12.551 0.7777777910
126968  -26.549  -8.197  13.863 0.6666666865
119303  -28.564  -8.118  13.954 0.5555555820
72463  -29.079  -8.755  13.729 0.5555555820
72444  -16.247  -9.105  14.291 0.5555555820
73296  -17.283  -8.095  13.091 0.6666666865
72493  -21.089  -7.959  11.016 1.0000000000
72479  -23.009  -8.218  12.130 0.8888888955
74164  -23.791  -6.804  12.665 0.8888888955
73300  -27.346  -7.691  14.227 0.6666666865
74187  -22.361  -6.299  12.300 0.8888888955
126365  -27.893  -6.962  14.579 0.5555555820
73276  -15.924  -7.595  14.294 0.5555555820
132549  -16.543  -7.493  13.616 0.5555555820
73318  -18.734  -7.412  11.953 1.0000000000
130258  -18.275  -6.662  11.936 0.7777777910
73316  -17.100  -7.307  12.921 0.7777777910
124492  -18.961  -6.772  11.537 0.7777777910
75022  -27.980  -5.892  14.991 0.5555555820
75018  -16.228  -5.073  13.336 0.5555555820
74163  -16.601  -5.964  13.311 0.5555555820
75908  -16.660  -4.488  12.775 0.4444444478
128777  -17.476  -5.778  12.223 0.6666666865
75053  -17.708  -5.230  11.922 0.6666666865
74185  -17.583  -6.543  12.324 0.7777777910
73294  -16.692  -6.737  13.262 0.7777777910
74162  -15.995  -6.574  13.861 0.6666666865
75054  -18.197  -5.303  11.516 0.7777777910
126993  -20.921  -5.761  11.992 0.7777777910
75925  -22.264  -4.730  12.545 0.6666666865
76810  -22.676  -3.297  12.421 0.6666666865
126524  -22.752  -4.040  12.587 0.6666666865
75909  -24.134  -4.381  13.134 0.5555555820
119092  -24.578  -5.013  13.607 0.5555555820
76794  -26.068  -3.566  13.930 0.4444444478
75002  -27.014  -4.711  14.507 0.4444444478
129197  -25.603  -3.063  13.602 0.5555555820
76806  -16.725  -3.522  12.454 0.5555555820
75936  -17.926  -4.403  11.850 0.6666666865
78713  -23.101  -1.814  12.468 0.6666666865
79651  -22.133  -0.782  11.736 0.6666666865
69749  -15.964  -11.137  15.229 0.4444444478
71575  -16.008  -9.768  14.513 0.4444444478
77698  -27.004  -2.335  14.128 0.3333333433
123434  -25.854  0.096  13.708 0.3333333433
63040  -23.403  -18.835  14.578 0.6666666865
60233  -17.934  -21.867  18.190 0.5555555820
65105  -25.796  -16.260  12.787 0.7777777910
115821  -26.700  -14.225  12.099 0.6666666865
65053  -17.794  -16.736  16.142 0.7777777910
66866  -16.918  -13.457  16.056 0.1111111119
70658  -15.545  -10.614  15.626 0.4444444478
71574  -15.448  -9.191  14.943 0.3333333433
75889  -15.445  -4.795  14.268 0.3333333433
79639  -23.564  -0.132  12.463 0.6666666865
80557  -24.364  0.185  12.918 0.4444444478
59405  -22.938  -23.478  15.643 0.4444444478
58478  -24.287  -24.111  16.009 0.2222222239
59395  -19.709  -22.332  17.282 0.4444444478
125624  -20.339  -22.977  17.120 0.4444444478
60244  -20.374  -22.011  16.846 0.4444444478
59403  -21.256  -22.122  16.554 0.4444444478
60255  -22.442  -22.474  15.737 0.4444444478
60261  -23.292  -22.493  15.355 0.4444444478
59413  -24.914  -23.068  14.927 0.2222222239
61149  -21.687  -20.890  16.057 0.4444444478
128063  -22.390  -21.585  15.623 0.4444444478
121302  -23.074  -21.333  15.140 0.4444444478
60264  -25.423  -22.447  14.597 0.1111111119
60265  -26.129  -21.873  14.649 0.1111111119
61160  -24.660  -21.869  14.375 0.3333333433
61157  -21.556  -20.092  15.824 0.4444444478
61158  -22.327  -20.558  15.652 0.4444444478
61159  -23.798  -21.032  14.615 0.3333333433
61166  -24.554  -21.034  14.142 0.3333333433
60269  -25.748  -21.986  14.015 0.2222222239
137252  -24.032  -20.523  14.430 0.3333333433
62103  -22.148  -19.638  15.408 0.5555555820
62104  -22.957  -20.262  15.122 0.4444444478
61173  -26.224  -20.462  13.195 0.2222222239
61174  -26.707  -20.308  12.756 0.1111111119
62126  -27.533  -19.901  12.686 0.1111111119
62117  -24.855  -19.580  13.927 0.3333333433
62118  -25.661  -19.824  13.424 0.3333333433
63045  -24.928  -18.801  13.749 0.4444444478
64018  -24.948  -17.979  13.463 0.5555555820
64019  -25.978  -18.105  13.197 0.6666666865
133224  -27.853  -18.331  12.270 0.4444444478
131437  -25.507  -16.725  13.156 0.6666666865
64049  -28.571  -17.874  11.364 0.3333333433
65116  -27.929  -16.880  11.538 0.5555555820
66011  -26.688  -15.938  12.274 0.6666666865
66020  -27.418  -15.810  11.780 0.5555555820
66021  -28.507  -16.039  11.324 0.5555555820
65117  -28.436  -16.936  11.225 0.4444444478
127526  -29.261  -15.710  11.193 0.3333333433
66910  -26.688  -15.026  12.105 0.5555555820
66921  -29.362  -14.666  11.599 0.4444444478
66912  -28.954  -13.873  12.061 0.5555555820
66920  -28.688  -15.257  11.552 0.4444444478
67839  -29.504  -13.199  12.314 0.4444444478
118742  -20.612  -0.938  11.303 0.5555555820
136682  -21.428  -0.639  11.443 0.5555555820
79662  -21.901  -0.011  11.308 0.5555555820
80571  -23.149  0.721  11.852 0.5555555820
81491  -23.324  1.449  12.284 0.5555555820
58475  -21.755  -23.756  16.547 0.4444444478
59406  -24.285  -23.705  15.403 0.2222222239
60252  -19.890  -21.092  16.544 0.4444444478
60268  -25.319  -21.664  13.967 0.2222222239
61167  -25.960  -21.144  13.682 0.2222222239
118058  -26.526  -20.592  13.221 0.1111111119
63047  -26.739  -19.245  12.648 0.4444444478
63054  -27.310  -19.619  12.514 0.3333333433
63046  -25.864  -19.061  13.248 0.4444444478
65106  -26.736  -16.889  12.674 0.6666666865
64033  -27.371  -17.685  12.412 0.4444444478
66022  -30.093  -15.267  10.939 0.3333333433
127775  -30.395  -14.247  11.321 0.4444444478
118947  -30.457  -11.011  12.254 0.4444444478
80583  -20.481  0.592  10.962 0.5555555820
81503  -20.267  1.320  11.274 0.5555555820
134802  -21.036  -20.490  16.065 0.4444444478
64035  -28.380  -18.326  11.987 0.2222222239
80572  -23.842  0.827  12.636 0.5555555820
57511  -20.992  -24.572  17.486 0.4444444478
58462  -21.980  -24.776  16.696 0.4444444478
117777  -23.652  -24.672  16.534 0.2222222239
58464  -24.403  -23.930  17.177 0.2222222239
58459  -19.540  -23.022  17.702 0.4444444478
58460  -20.374  -23.688  17.418 0.4444444478
59408  -25.254  -23.050  15.697 0.1111111119
60256  -25.681  -22.427  15.330 0.1111111119
59397  -24.876  -23.543  16.371 0.1111111119
61150  -26.689  -21.100  15.566 0.1111111119
61168  -26.245  -21.196  13.859 0.1111111119
62114  -27.443  -19.991  13.826 0.1111111119
63049  -28.449  -19.053  13.155 0.1111111119
62121  -28.175  -19.284  12.771 0.1111111119
63062  -29.128  -18.480  11.581 0.2222222239
65118  -29.547  -17.743  10.638 0.1111111119
66031  -29.893  -16.515  10.553 0.2222222239
66032  -30.792  -15.967  10.210 0.2222222239
66930  -31.072  -14.915  10.455 0.3333333433
68794  -29.874  -12.427  12.471 0.4444444478
68800  -30.552  -11.980  11.723 0.3333333433
122309  -30.873  -11.086  11.312 0.3333333433
70707  -29.843  -10.859  12.988 0.4444444478
116295  -30.697  -10.317  11.735 0.3333333433
75017  -15.857  -5.637  13.773 0.4444444478
75894  -27.840  -4.131  14.413 0.3333333433
78710  -17.688  -0.703  12.123 0.4444444478
79660  -19.324  -0.470  10.994 0.5555555820
80582  -19.593  0.265  11.091 0.5555555820
80584  -21.518  0.652  10.997 0.5555555820
81505  -21.906  1.255  11.227 0.5555555820
122415  -22.821  1.856  12.101 0.5555555820
118994  -19.733  0.906  11.192 0.5555555820
59394  -18.953  -22.066  17.771 0.4444444478
62111  -23.531  -19.969  14.694 0.5555555820
63041  -24.121  -18.757  14.191 0.6666666865
65094  -25.234  -17.188  13.366 0.6666666865
115934  -27.245  -14.929  11.873 0.5555555820
66911  -28.372  -14.578  11.835 0.4444444478
70708  -30.336  -10.174  12.610 0.4444444478
76779  -26.882  -3.093  14.202 0.3333333433
60253  -20.920  -21.213  16.411 0.4444444478
59404  -21.970  -22.953  16.224 0.4444444478
135014  -23.726  -23.535  15.401 0.4444444478
58477  -23.539  -24.335  15.755 0.3333333433
58476  -22.538  -24.294  16.015 0.4444444478
59407  -24.709  -23.557  15.611 0.1111111119
59396  -21.132  -22.913  16.749 0.4444444478
58461  -21.126  -23.783  17.034 0.4444444478
60254  -21.782  -21.823  16.156 0.4444444478
59412  -24.250  -23.043  15.052 0.4444444478
60262  -24.030  -22.049  14.951 0.4444444478
121049  -24.733  -22.594  14.679 0.4444444478
138238  -25.276  -22.790  15.039 0.1111111119
60263  -25.228  -22.355  14.393 0.2222222239
60257  -26.245  -21.798  15.946 0.1111111119
62113  -25.293  -20.603  13.775 0.3333333433
62112  -24.269  -19.906  14.309 0.3333333433
62119  -26.442  -20.009  12.726 0.2222222239
62125  -26.982  -20.095  12.471 0.1111111119
61175  -27.038  -20.312  12.752 0.1111111119
62120  -27.485  -20.238  13.003 0.1111111119
64020  -26.757  -17.932  12.817 0.4444444478
64034  -27.908  -17.687  11.835 0.3333333433
128504  -27.379  -18.693  12.496 0.4444444478
63055  -27.895  -19.076  12.555 0.3333333433
64050  -29.446  -18.512  11.031 0.1111111119
65107  -27.375  -16.771  12.042 0.5555555820
66012  -27.898  -15.320  11.640 0.5555555820
114682  -29.031  -16.798  10.934 0.3333333433
67840  -30.466  -13.170  11.755 0.4444444478
120976  -20.998  -0.066  11.113 0.5555555820
79661  -20.084  -0.230  10.961 0.5555555820
81490  -22.706  1.298  11.594 0.5555555820
58463  -22.936  -24.938  16.376 0.4444444478
61169  -26.916  -20.577  13.486 0.1111111119
63056  -28.608  -18.524  12.394 0.2222222239
125932  -21.808  -25.191  17.378 0.4444444478
57513  -23.142  -25.072  17.001 0.4444444478
59384  -18.456  -22.593  18.313 0.4444444478
61161  -26.676  -21.009  14.443 0.1111111119
53499  -21.816  -29.039  21.869 0.1111111119
54508  -18.689  -27.446  19.958 0.3333333433
53520  -20.497  -28.449  20.903 0.2222222239
53522  -22.361  -28.408  21.605 0.1111111119
56401  -17.448  -25.635  20.090 0.3333333433
55429  -17.314  -26.169  20.648 0.3333333433
54507  -17.825  -27.042  20.679 0.3333333433
55431  -20.152  -27.217  19.719 0.3333333433
54493  -21.053  -27.760  20.845 0.2222222239
54511  -21.527  -26.982  20.644 0.2222222239
54494  -21.931  -27.683  21.212 0.1111111119
57481  -16.316  -23.938  19.826 0.2222222239
57465  -16.739  -24.733  20.111 0.2222222239
121118  -18.298  -25.874  19.628 0.3333333433
55446  -18.873  -26.655  19.552 0.3333333433
58427  -16.531  -23.457  19.352 0.2222222239
57482  -17.190  -24.178  19.602 0.3333333433
58428  -17.507  -23.615  19.122 0.3333333433
57483  -18.315  -24.501  19.184 0.3333333433
123978  -18.439  -23.786  18.847 0.3333333433
57498  -19.323  -24.432  18.566 0.3333333433
133393  -18.538  -25.341  19.294 0.3333333433
57484  -19.200  -25.270  18.880 0.3333333433
56420  -20.787  -25.791  18.987 0.3333333433
56430  -19.904  -25.219  18.544 0.3333333433
56432  -21.254  -25.441  18.541 0.3333333433
56403  -21.831  -25.827  19.863 0.3333333433
56404  -22.578  -25.659  20.152 0.2222222239
59382  -16.339  -22.403  18.782 0.2222222239
58444  -16.727  -22.984  18.806 0.2222222239
59383  -17.220  -22.460  18.524 0.3333333433
58446  -18.977  -23.451  18.410 0.3333333433
57499  -20.352  -24.826  18.173 0.3333333433
57500  -21.236  -25.205  18.012 0.3333333433
57485  -22.266  -25.427  19.320 0.3333333433
60231  -16.198  -21.740  18.841 0.3333333433
58447  -19.930  -24.011  17.924 0.3333333433
57512  -22.535  -25.225  17.132 0.3333333433
66922  -31.537  -13.753  10.720 0.2222222239
68801  -31.429  -12.725  10.975 0.2222222239
127566  -32.118  -13.167  10.188 0.2222222239
72465  -30.327  -8.324  12.659 0.3333333433
71619  -30.508  -9.545  12.004 0.2222222239
54509  -19.524  -27.843  19.913 0.3333333433
54510  -20.272  -27.848  20.363 0.3333333433
53521  -21.385  -28.396  21.352 0.2222222239
54495  -22.914  -27.774  21.362 0.1111111119
56417  -17.728  -25.059  19.637 0.3333333433
56418  -19.091  -25.986  19.192 0.3333333433
55448  -20.416  -26.426  19.345 0.3333333433
55432  -20.908  -26.723  19.983 0.3333333433
55449  -21.133  -26.101  19.575 0.3333333433
56433  -22.069  -25.432  18.138 0.3333333433
52506  -20.989  -29.402  22.096 0.1111111119
52507  -21.760  -29.494  22.379 0.1111111119
55413  -17.038  -26.628  21.274 0.3333333433
53534  -18.163  -28.062  20.563 0.3333333433
53518  -19.098  -29.180  20.466 0.3333333433
53519  -19.887  -29.093  20.912 0.3333333433
53498  -20.775  -28.984  21.437 0.3333333433
51604  -22.941  -29.945  22.872 0.1111111119
53500  -22.825  -28.944  22.044 0.1111111119
56400  -16.756  -25.414  20.610 0.3333333433
53523  -23.254  -28.435  21.730 0.1111111119
57464  -16.047  -24.077  20.346 0.2222222239
58426  -15.910  -23.386  19.702 0.2222222239
55434  -23.001  -26.301  20.671 0.1111111119
56405  -23.402  -25.554  20.374 0.1111111119
58443  -16.034  -22.874  19.128 0.2222222239
56422  -23.007  -25.200  19.617 0.1111111119
131824  -22.720  -25.224  18.753 0.1111111119
60217  -16.164  -21.420  19.139 0.1111111119
69792  -31.317  -11.822  10.662 0.2222222239
73324  -30.223  -7.646  12.423 0.2222222239
72496  -30.394  -9.023  11.326 0.2222222239
61121  -16.271  -20.293  18.834 0.2222222239
135227  -16.453  -19.625  18.693 0.3333333433
60232  -16.846  -21.837  18.497 0.3333333433
133850  -30.943  -10.478  10.930 0.2222222239
52487  -22.504  -29.446  22.389 0.1111111119
53535  -18.920  -28.420  20.175 0.3333333433
55430  -19.397  -27.223  19.593 0.3333333433
56402  -18.095  -26.471  20.092 0.3333333433
53536  -19.688  -28.498  20.424 0.3333333433
117802  -16.319  -24.800  20.668 0.2222222239
55447  -19.662  -26.632  19.291 0.3333333433
117377  -20.773  -27.293  20.347 0.2222222239
126242  -21.503  -26.363  20.148 0.2222222239
55414  -22.495  -27.003  20.959 0.1111111119
55433  -22.155  -26.327  20.442 0.1111111119
58445  -17.885  -23.075  18.750 0.3333333433
56419  -19.950  -25.912  18.841 0.3333333433
56431  -20.599  -25.421  18.508 0.3333333433
59362  -16.024  -22.247  19.145 0.2222222239
57501  -22.967  -25.269  17.812 0.1111111119
52485  -21.240  -29.796  22.818 0.1111111119
54492  -17.392  -27.648  21.191 0.2222222239
128654  -18.343  -29.089  20.414 0.3333333433
120697  -16.705  -25.882  21.101 0.2222222239
68806  -32.062  -12.526  9.872 0.1111111119
68807  -32.520  -13.157  8.779 0.1111111119
132198  -33.056  -12.275  7.766 0.1111111119
68814  -32.588  -12.248  8.229 0.1111111119
69806  -31.957  -11.568  7.949 0.1111111119
69813  -31.818  -11.394  7.005 0.1111111119
71634  -30.745  -9.788  10.947 0.1111111119
70730  -31.323  -11.181  7.524 0.1111111119
71638  -30.621  -9.824  9.659 0.1111111119
70729  -30.972  -10.530  8.667 0.1111111119
74168  -28.817  -6.230  14.214 0.2222222239
119305  -30.393  -9.245  10.443 0.1111111119
75912  -29.185  -4.751  13.606 0.1111111119
75003  -27.924  -4.960  14.540 0.2222222239
76780  -27.653  -3.360  14.304 0.1111111119
75024  -29.263  -5.568  13.583 0.1111111119
76795  -29.127  -3.830  13.503 0.1111111119
77699  -27.533  -2.735  14.191 0.1111111119
115496  -18.092  0.671  12.757 0.4444444478
80581  -18.983  0.039  11.262 0.4444444478
78690  -27.818  -2.151  13.963 0.1111111119
125953  -21.104  1.130  11.074 0.4444444478
138267  -25.301  1.194  13.293 0.3333333433
130558  -25.509  0.747  13.340 0.2222222239
127809  -26.846  0.099  13.831 0.1111111119
79644  -28.091  -0.579  13.412 0.1111111119
81504  -21.055  1.771  11.746 0.4444444478
82380  -19.959  2.015  11.698 0.4444444478
82381  -20.598  2.523  11.948 0.4444444478
81489  -22.161  1.883  11.820 0.4444444478
82364  -21.607  2.494  12.093 0.4444444478
82365  -22.528  2.469  12.260 0.4444444478
82366  -23.280  2.224  12.498 0.4444444478
121016  -23.869  2.746  12.665 0.4444444478
81492  -24.025  1.809  13.032 0.2222222239
82368  -25.650  2.794  13.295 0.2222222239
82356  -25.135  1.827  13.338 0.2222222239
82357  -26.200  2.080  13.357 0.2222222239
81479  -26.714  1.427  13.293 0.2222222239
86201  -26.319  6.946  11.347 0.1111111119
84721  -26.872  5.570  11.783 0.1111111119
82371  -27.995  2.270  12.287 0.1111111119
81488  -18.652  1.790  11.948 0.4444444478
136162  -18.643  2.505  12.136 0.4444444478
82379  -19.075  2.320  11.793 0.3333333433
83188  -21.183  3.192  11.950 0.4444444478
83961  -21.627  3.875  11.802 0.4444444478
83174  -22.169  3.278  12.298 0.4444444478
128424  -23.097  3.007  12.446 0.4444444478
83176  -23.741  3.509  12.588 0.4444444478
83971  -21.505  4.704  11.481 0.3333333433
126949  -23.642  4.167  12.596 0.3333333433
83177  -24.476  4.049  12.641 0.1111111119
129275  -25.126  3.477  12.935 0.1111111119
83964  -26.456  4.410  12.754 0.1111111119
83179  -27.009  3.692  12.834 0.1111111119
83965  -27.251  4.409  12.264 0.1111111119
82363  -18.416  2.300  12.420 0.2222222239
126944  -19.690  2.843  11.798 0.3333333433
83187  -20.327  3.438  11.621 0.3333333433
83962  -22.319  4.235  12.125 0.4444444478
84705  -22.481  5.127  11.969 0.2222222239
84706  -23.327  5.399  12.395 0.2222222239
125874  -23.932  4.804  12.632 0.2222222239
120653  -24.889  4.946  12.652 0.1111111119
85446  -22.626  6.214  11.865 0.1111111119
119680  -23.650  6.043  12.256 0.1111111119
85434  -24.382  6.315  12.295 0.1111111119
84709  -26.208  5.714  12.128 0.1111111119
85433  -23.618  6.704  11.983 0.1111111119
86183  -25.076  6.584  12.141 0.1111111119
84708  -25.236  5.845  12.440 0.1111111119
82378  -18.964  3.059  12.028 0.3333333433
83186  -19.522  3.673  11.758 0.3333333433
83968  -19.283  4.495  11.827 0.3333333433
83969  -20.019  4.473  11.345 0.3333333433
118012  -20.531  4.839  11.263 0.3333333433
84719  -20.736  5.547  11.108 0.2222222239
84720  -21.740  5.608  11.519 0.2222222239
127684  -21.989  7.171  11.404 0.1111111119
86181  -23.637  7.558  11.643 0.1111111119
86200  -25.405  7.212  11.686 0.1111111119
86962  -25.832  8.660  10.691 0.1111111119
83951  -19.221  4.391  14.738 0.1111111119
137898  -19.427  5.359  13.492 0.1111111119
84704  -18.909  5.239  11.811 0.2222222239
84703  -18.444  5.828  11.834 0.2222222239
84717  -19.283  5.401  11.135 0.3333333433
85442  -18.245  6.135  10.031 0.2222222239
84735  -18.766  5.768  9.972 0.3333333433
85462  -18.758  6.399  9.641 0.2222222239
85444  -19.958  6.890  9.935 0.1111111119
86214  -20.030  7.926  10.079 0.1111111119
86197  -20.954  7.489  10.672 0.1111111119
133507  -21.715  7.836  10.946 0.1111111119
85447  -22.888  7.088  11.716 0.1111111119
86949  -23.910  8.344  11.266 0.1111111119
86199  -24.636  7.760  11.611 0.1111111119
86215  -26.690  7.378  10.757 0.1111111119
85464  -26.997  6.598  10.966 0.1111111119
85421  -19.859  6.151  14.025 0.1111111119
84698  -19.127  5.952  12.839 0.1111111119
85426  -19.484  6.754  13.174 0.1111111119
86934  -19.507  8.212  12.276 0.1111111119
86180  -18.751  7.877  11.674 0.1111111119
86213  -18.733  6.920  9.790 0.2222222239
86944  -19.292  8.495  11.185 0.1111111119
86957  -19.441  7.869  10.120 0.1111111119
87666  -20.675  9.101  10.803 0.1111111119
86959  -20.825  8.874  10.628 0.1111111119
86960  -21.811  9.118  10.577 0.1111111119
86948  -22.811  8.498  10.841 0.1111111119
85422  -20.454  6.778  14.910 0.1111111119
86138  -20.662  7.530  15.816 0.1111111119
86153  -20.480  7.681  14.789 0.1111111119
86925  -20.009  7.826  13.067 0.1111111119
86926  -20.475  8.431  13.229 0.1111111119
86935  -19.984  8.922  12.133 0.1111111119
87647  -20.379  9.550  11.965 0.1111111119
87656  -20.487  9.363  11.183 0.1111111119
86908  -21.296  8.735  15.201 0.1111111119
86927  -21.088  8.949  14.001 0.1111111119
68815  -33.261  -13.039  7.835 0.1111111119
69798  -31.801  -11.747  9.360 0.1111111119
69807  -32.545  -11.591  7.649 0.1111111119
73343  -30.306  -8.080  11.497 0.1111111119
118639  -30.188  -8.706  10.589 0.1111111119
73323  -29.968  -7.139  11.763 0.1111111119
122798  -28.674  -3.094  13.582 0.1111111119
80570  -19.051  0.812  11.583 0.4444444478
81478  -25.857  1.320  13.344 0.2222222239
80559  -26.311  0.741  13.445 0.1111111119
80560  -27.212  0.793  13.329 0.1111111119
123212  -27.995  -1.373  13.686 0.1111111119
82369  -26.634  2.913  13.249 0.2222222239
126467  -25.490  4.285  12.806 0.1111111119
83972  -26.743  5.077  12.280 0.1111111119
127763  -27.650  4.347  11.531 0.1111111119
83970  -20.904  4.021  11.358 0.3333333433
85435  -25.826  6.418  11.907 0.1111111119
85432  -18.058  6.284  11.149 0.2222222239
85463  -19.243  6.984  9.631 0.1111111119
86167  -19.999  7.420  13.601 0.1111111119
86945  -19.989  9.049  11.371 0.1111111119
87667  -21.150  9.732  10.386 0.1111111119
87635  -21.345  9.683  13.548 0.1111111119
87620  -21.787  9.343  14.448 0.1111111119
69808  -33.433  -11.918  7.984 0.1111111119
73301  -29.894  -7.062  12.773 0.2222222239
75023  -28.709  -5.300  14.188 0.2222222239
77700  -28.190  -2.829  13.990 0.1111111119
80569  -18.426  0.172  11.988 0.4444444478
81502  -19.398  1.522  11.553 0.4444444478
83175  -22.972  3.824  12.532 0.4444444478
83963  -23.085  4.615  12.527 0.2222222239
86154  -20.732  8.210  15.726 0.1111111119
87634  -20.722  9.281  12.900 0.1111111119
68808  -33.897  -12.423  8.494 0.1111111119
67852  -32.308  -13.817  9.395 0.1111111119
67853  -33.054  -13.780  8.134 0.1111111119
68816  -33.585  -12.881  7.859 0.1111111119
69800  -33.430  -11.571  9.360 0.1111111119
118789  -33.677  -12.166  9.817 0.1111111119
133076  -32.907  -10.652  8.206 0.1111111119
70737  -31.377  -11.146  6.917 0.1111111119
119464  -31.090  -10.159  6.993 0.1111111119
71643  -30.286  -10.035  8.147 0.1111111119
73342  -29.626  -7.388  10.576 0.1111111119
73349  -29.731  -8.226  9.982 0.1111111119
72502  -30.159  -9.045  9.217 0.1111111119
74201  -29.484  -6.600  10.967 0.1111111119
75058  -29.379  -5.528  11.720 0.1111111119
132099  -29.381  -4.396  12.209 0.1111111119
76812  -29.354  -3.763  12.612 0.1111111119
76811  -28.998  -3.010  12.993 0.1111111119
80561  -28.235  0.030  13.082 0.1111111119
138506  -28.735  -1.490  12.384 0.1111111119
123073  -18.559  1.019  12.166 0.4444444478
81506  -28.372  1.529  11.461 0.1111111119
82383  -28.149  2.210  11.585 0.1111111119
82355  -18.307  2.390  13.207 0.2222222239
83170  -18.456  3.044  12.586 0.2222222239
83173  -18.890  3.768  12.328 0.2222222239
128025  -27.808  4.190  10.883 0.1111111119
83166  -18.718  3.801  14.024 0.1111111119
83960  -18.881  4.493  12.538 0.2222222239
84736  -27.303  5.948  10.636 0.1111111119
84749  -27.145  6.124  9.740 0.1111111119
83947  -18.942  4.440  15.899 0.1111111119
84693  -19.904  5.595  15.560 0.1111111119
85417  -20.490  6.394  15.762 0.1111111119
86216  -26.907  7.460  10.024 0.1111111119
85406  -20.827  6.221  16.597 0.1111111119
85407  -21.578  6.643  16.875 0.1111111119
87668  -21.935  9.631  10.079 0.1111111119
87669  -22.928  9.539  10.138 0.1111111119
87670  -24.245  9.575  10.397 0.1111111119
87671  -25.468  9.370  10.309 0.1111111119
86139  -20.998  7.920  16.187 0.1111111119
86895  -21.150  8.337  16.006 0.1111111119
88357  -20.734  10.082  11.620 0.1111111119
125138  -20.907  10.897  10.055 0.1111111119
74169  -29.479  -6.452  13.366 0.1111111119
79643  -27.442  -0.639  13.866 0.1111111119
70717  -31.191  -11.084  10.288 0.1111111119
75895  -28.673  -4.407  14.136 0.2222222239
70723  -31.442  -11.067  9.031 0.1111111119
70738  -32.519  -10.945  6.927 0.1111111119
70736  -30.848  -10.642  7.382 0.1111111119
75913  -29.399  -5.073  13.116 0.1111111119
75044  -29.465  -5.652  12.751 0.1111111119
77711  -28.462  -2.253  13.431 0.1111111119
117909  -27.714  0.115  13.533 0.1111111119
79653  -28.405  -0.485  12.826 0.1111111119
131579  -24.377  3.294  12.726 0.2222222239
82367  -24.662  2.671  13.062 0.2222222239
83178  -26.082  3.641  13.152 0.1111111119
82358  -27.115  2.185  13.190 0.2222222239
81480  -27.542  1.510  13.059 0.1111111119
86951  -26.037  7.883  11.189 0.1111111119
85448  -26.629  6.176  11.560 0.1111111119
84722  -27.234  5.745  11.267 0.1111111119
83984  -27.654  5.068  10.960 0.1111111119
136051  -28.272  1.784  12.029 0.1111111119
82370  -27.547  2.865  12.744 0.2222222239
83180  -27.633  3.649  12.138 0.2222222239
84707  -24.236  5.576  12.533 0.2222222239
86182  -24.456  7.025  11.920 0.1111111119
83171  -18.550  3.826  13.044 0.1111111119
121425  -20.029  6.169  10.399 0.2222222239
85445  -21.153  6.466  11.044 0.1111111119
86198  -22.616  7.784  11.255 0.1111111119
131823  -25.321  7.840  11.481 0.1111111119
86950  -25.065  8.404  11.247 0.1111111119
86963  -26.552  8.158  10.367 0.1111111119
87659  -25.038  9.025  10.799 0.1111111119
83956  -18.984  4.561  13.533 0.1111111119
84692  -19.763  5.206  14.515 0.1111111119
84699  -18.989  5.185  12.603 0.1111111119
84716  -18.369  5.710  10.815 0.3333333433
84718  -19.690  5.616  10.754 0.3333333433
85443  -19.259  6.253  9.711 0.2222222239
86946  -21.043  8.206  10.667 0.1111111119
136808  -23.280  8.046  11.282 0.1111111119
87658  -24.369  8.839  10.864 0.1111111119
87657  -23.477  8.957  10.628 0.1111111119
85427  -20.127  6.994  14.135 0.1111111119
122498  -20.157  6.045  14.966 0.1111111119
85425  -18.446  6.554  12.179 0.1111111119
86166  -19.103  7.404  12.484 0.1111111119
86179  -18.292  7.106  11.534 0.1111111119
86196  -18.659  7.615  10.708 0.1111111119
87655  -19.970  8.727  10.757 0.1111111119
86958  -20.138  8.524  10.428 0.1111111119
88370  -20.987  9.870  10.818 0.1111111119
86961  -22.588  9.132  10.442 0.1111111119
86907  -20.702  8.352  14.610 0.1111111119
66948  -34.040  -14.028  7.911 0.1111111119
69815  -32.873  -11.409  7.636 0.1111111119
127536  -28.073  0.810  12.939 0.1111111119
82382  -27.900  2.889  11.856 0.1111111119
83189  -27.833  3.528  11.307 0.1111111119
88380  -21.299  10.389  9.788 0.1111111119
88344  -21.568  10.380  13.193 0.1111111119
137225  -33.237  -11.274  8.451 0.1111111119
85418  -21.093  6.918  16.279 0.1111111119
74189  -29.616  -6.308  12.082 0.1111111119
75927  -29.405  -4.989  12.371 0.1111111119
81494  -28.435  1.152  12.148 0.1111111119
82390  -27.916  2.701  10.975 0.1111111119
122373  -27.505  4.385  10.144 0.1111111119
83162  -18.814  3.742  15.114 0.1111111119
84001  -27.317  5.290  9.984 0.1111111119
83952  -19.570  4.889  15.353 0.1111111119
130180  -22.188  10.113  9.640 0.1111111119
88371  -21.020  10.648  11.077 0.1111111119
88379  -20.990  10.433  10.098 0.1111111119
52522  -17.879  -29.702  20.727 0.2222222239
65052  -16.920  -16.036  16.458 0.2222222239
65957  -17.121  -15.097  16.014 0.2222222239
79650  -16.894  -0.313  13.063 0.2222222239
80548  -17.814  0.738  13.609 0.1111111119
81477  -18.240  1.626  13.519 0.1111111119
81487  -18.326  1.553  12.755 0.2222222239
74975  -14.856  -5.860  15.229 0.1111111119
63963  -17.166  -16.880  16.974 0.2222222239
118940  -14.998  -5.133  14.979 0.1111111119
77693  -15.494  -1.714  15.160 0.1111111119
79638  -16.368  -0.526  13.810 0.1111111119
80541  -17.941  0.447  14.469 0.1111111119
81475  -18.296  1.759  13.756 0.1111111119
131374  -18.348  2.175  13.821 0.1111111119
79649  -16.488  -0.734  13.572 0.2222222239
62073  -16.431  -19.209  18.827 0.2222222239
137198  -16.076  -11.572  15.555 0.2222222239
68751  -16.156  -11.930  15.836 0.1111111119
80568  -17.610  0.083  12.679 0.3333333433
80555  -17.301  0.201  13.434 0.3333333433
80556  -18.054  0.954  13.343 0.1111111119
77680  -15.384  -1.507  15.131 0.1111111119
79627  -16.124  -0.648  14.188 0.1111111119
130253  -17.034  -0.510  15.121 0.1111111119
79628  -16.771  -0.269  13.528 0.1111111119
79637  -15.755  -0.527  14.582 0.1111111119
63057  -29.430  -18.656  11.950 0.1111111119
137711  -18.561  -29.676  20.605 0.1111111119
52505  -19.206  -29.832  21.922 0.1111111119
52520  -16.564  -28.815  22.040 0.1111111119
53516  -16.936  -28.343  21.524 0.1111111119
55412  -16.243  -26.006  21.733 0.1111111119
134236  -16.021  -18.984  19.099 0.1111111119
66826  -16.360  -14.692  16.940 0.1111111119
65956  -16.503  -15.293  16.783 0.1111111119
71549  -14.834  -9.208  15.664 0.2222222239
72426  -14.969  -8.515  15.450 0.2222222239
132794  -14.589  -8.561  16.007 0.2222222239
122679  -14.570  -8.131  16.303 0.2222222239
66844  -16.663  -14.226  16.578 0.1111111119
52503  -16.875  -29.859  22.059 0.1111111119
52504  -17.572  -30.176  21.298 0.1111111119
129542  -18.341  -30.162  21.096 0.1111111119
52523  -19.198  -29.677  20.949 0.1111111119
53497  -15.941  -28.185  22.652 0.1111111119
119806  -16.406  -27.968  22.163 0.1111111119
54491  -16.516  -27.194  21.872 0.1111111119
56386  -15.979  -25.135  21.710 0.1111111119
56387  -16.286  -25.285  21.149 0.1111111119
58413  -15.913  -23.370  20.280 0.1111111119
62047  -16.279  -19.484  19.176 0.1111111119
62980  -16.662  -19.024  18.823 0.1111111119
122469  -17.109  -16.976  17.474 0.1111111119
126928  -14.633  -8.957  16.030 0.2222222239
73218  -13.965  -7.170  18.412 0.2222222239
74097  -14.010  -6.314  17.875 0.1111111119
52524  -20.039  -29.403  21.638 0.1111111119
136774  -17.863  -30.537  21.648 0.1111111119
74118  -14.419  -6.620  16.202 0.2222222239
123833  -15.893  -22.770  19.650 0.1111111119
62060  -16.124  -19.555  18.998 0.1111111119
53517  -17.598  -28.813  20.828 0.1111111119
65051  -16.605  -16.118  16.991 0.1111111119
62993  -17.155  -18.519  18.395 0.1111111119
52521  -17.180  -29.400  21.242 0.1111111119
62967  -16.280  -19.266  19.182 0.1111111119
72391  -14.834  -8.712  17.899 0.1111111119
55401  -15.819  -26.540  22.424 0.1111111119
56379  -15.770  -25.665  22.372 0.1111111119
62033  -16.345  -19.623  19.253 0.1111111119
125954  -17.324  -17.925  18.218 0.1111111119
74087  -14.245  -6.067  18.660 0.1111111119
74950  -14.248  -5.290  18.032 0.1111111119
76775  -15.383  -3.683  14.689 0.1111111119
71525  -15.053  -9.897  15.834 0.1111111119
75873  -15.032  -4.316  15.392 0.1111111119
76763  -15.245  -3.729  15.281 0.1111111119
77692  -15.367  -2.760  14.960 0.1111111119
56421  -21.518  -25.580  19.100 0.3333333433
58465  -25.051  -23.275  17.325 0.1111111119
63048  -28.025  -19.657  13.235 0.1111111119
63069  -30.220  -18.580  10.660 0.1111111119
65080  -21.525  -16.272  13.913 1.0000000000
65095  -26.055  -17.130  13.126 0.6666666865
65995  -22.271  -15.548  13.454 1.0000000000
66895  -21.406  -15.110  13.433 1.0000000000
67785  -16.488  -13.165  16.620 0.1111111119
67836  -26.487  -13.328  12.262 0.7777777910
67847  -29.725  -13.813  11.841 0.5555555820
67861  -33.723  -13.681  7.856 0.1111111119
68783  -19.753  -12.747  12.621 0.8888888955
68791  -27.172  -12.822  12.417 0.6666666865
68792  -28.132  -12.840  12.640 0.6666666865
68822  -32.946  -11.846  7.745 0.1111111119
69761  -17.967  -11.533  13.204 0.7777777910
69772  -20.109  -12.172  12.423 0.8888888955
69780  -29.433  -11.765  12.900 0.5555555820
69791  -22.854  -11.312  11.825 1.0000000000
69814  -32.393  -11.272  7.174 0.1111111119
69821  -31.897  -11.208  6.662 0.1111111119
70677  -16.442  -10.303  14.162 0.5555555820
70694  -29.264  -10.241  13.383 0.5555555820
70715  -22.387  -10.663  11.664 0.8888888955
70722  -30.946  -10.451  10.022 0.1111111119
70744  -30.993  -10.558  7.219 0.1111111119
70745  -31.520  -11.009  6.749 0.1111111119
71599  -28.676  -9.625  13.688 0.5555555820
71632  -22.547  -9.952  11.554 0.8888888955
72459  -17.097  -8.855  13.320 0.7777777910
72464  -29.897  -8.554  13.311 0.5555555820
73231  -14.435  -7.483  16.405 0.2222222239
73295  -16.912  -8.248  13.463 0.6666666865
73297  -24.396  -7.307  12.749 0.7777777910
73339  -20.470  -7.408  11.035 0.8888888955
74165  -24.553  -6.538  13.168 0.8888888955
74188  -23.131  -6.232  12.711 0.7777777910
74199  -19.957  -6.694  11.240 0.8888888955
74960  -14.442  -5.562  16.387 0.1111111119
74996  -15.369  -5.781  14.426 0.4444444478
75043  -22.660  -5.509  12.692 0.6666666865
75055  -18.854  -5.226  11.307 0.7777777910
75872  -14.711  -5.040  15.829 0.1111111119
75910  -24.911  -4.285  13.504 0.5555555820
76781  -28.461  -3.578  14.070 0.2222222239
76792  -24.561  -3.609  13.034 0.5555555820
76796  -29.443  -4.448  12.982 0.1111111119
76821  -18.099  -3.529  11.627 0.5555555820
77709  -25.484  -2.460  13.678 0.5555555820
77734  -19.455  -2.247  11.122 0.6666666865
78684  -15.863  -1.232  14.737 0.1111111119
78715  -28.487  -1.289  12.977 0.1111111119
78723  -18.208  -1.331  11.533 0.6666666865
80558  -25.050  0.200  13.275 0.2222222239
80573  -24.740  0.951  13.103 0.3333333433
80585  -22.394  0.693  11.287 0.5555555820
81493  -28.072  1.632  12.563 0.1111111119
83973  -27.361  5.070  11.698 0.1111111119
85465  -27.092  6.689  10.292 0.1111111119
86195  -18.273  6.818  10.589 0.2222222239
86947  -21.810  8.436  10.795 0.1111111119
116812  -20.098  -8.804  11.036 1.0000000000
117577  -16.103  -1.936  13.538 0.2222222239
119637  -25.885  5.091  12.618 0.1111111119
120071  -19.360  -5.924  11.230 0.7777777910
120565  -29.397  -7.925  13.581 0.4444444478
120741  -14.804  -4.407  16.155 0.1111111119
121868  -25.449  -5.908  14.052 0.6666666865
122566  -20.382  -7.823  10.834 0.8888888955
122586  -20.430  7.901  13.854 0.1111111119
122912  -27.697  2.118  12.813 0.2222222239
129093  -26.928  -3.889  14.296 0.3333333433
129242  -26.658  -7.273  14.446 0.6666666865
130957  -21.193  -8.753  11.317 0.8888888955
131169  -21.768  -9.358  11.565 1.0000000000
133034  -28.936  -17.673  10.992 0.3333333433
133802  -29.588  -7.289  13.462 0.4444444478
133924  -20.368  -10.232  11.493 1.0000000000
134149  -32.735  -14.382  8.704 0.1111111119
134708  -24.734  -7.650  12.824 0.7777777910
135504  -19.601  -13.005  12.784 0.8888888955
135982  -26.924  7.026  10.528 0.1111111119
136115  -21.314  -15.990  14.021 1.0000000000
137177  -30.443  -8.833  12.129 0.3333333433
138447  -27.998  -16.185  11.470 0.5555555820
138628  -32.601  -10.441  7.521 0.1111111119
