#!ascii label  , from subject sub-01 vox2ras=TkReg
769
13555  -32.363  -72.395  11.881 0.5000000000
13554  -31.923  -72.489  11.686 0.8000000119
14315  -30.252  -71.863  11.891 0.8000000119
128545  -30.792  -72.225  11.772 0.8000000119
14317  -31.620  -72.038  11.596 0.8000000119
13549  -32.999  -73.023  12.799 0.5000000000
14318  -32.289  -71.813  11.676 0.6000000238
116329  -29.039  -70.715  12.581 0.6999999881
14313  -30.481  -71.088  12.016 0.6999999881
15057  -32.080  -71.353  11.565 0.8000000119
13541  -32.849  -72.400  12.950 0.6000000238
14307  -32.833  -71.769  12.305 0.5000000000
15055  -33.368  -70.732  11.983 0.6000000238
15047  -27.517  -70.057  13.061 0.6999999881
14314  -32.741  -71.640  11.934 0.6000000238
15056  -34.004  -69.741  12.007 0.6000000238
15884  -28.301  -69.626  13.078 0.6999999881
14311  -28.501  -71.392  12.586 0.6999999881
15885  -31.181  -69.934  12.075 0.6999999881
15058  -32.954  -70.849  11.764 0.6000000238
15888  -34.203  -69.503  11.978 0.6000000238
15054  -32.237  -70.086  11.655 0.8000000119
136161  -32.503  -70.642  11.614 0.8000000119
15890  -33.943  -69.597  11.799 0.6999999881
14303  -32.279  -71.356  14.016 0.4000000060
118672  -32.902  -71.243  12.717 0.6000000238
15880  -27.556  -69.260  13.270 0.6999999881
15882  -34.081  -69.525  12.383 0.6000000238
117952  -28.254  -68.943  13.360 0.6999999881
114363  -29.079  -69.986  12.727 0.6999999881
114407  -30.081  -69.701  12.578 0.6999999881
126188  -31.774  -69.325  12.076 0.6000000238
15887  -33.709  -69.205  11.810 0.6999999881
18571  -34.947  -67.017  12.202 0.5000000000
121280  -31.132  -68.388  12.468 0.6000000238
17624  -32.246  -67.765  12.195 0.6000000238
16743  -32.517  -68.775  12.084 0.6000000238
17625  -33.601  -67.780  12.046 0.6000000238
118691  -33.172  -66.314  11.934 0.5000000000
15042  -31.844  -70.693  14.466 0.4000000060
15043  -32.531  -70.665  13.554 0.5000000000
120843  -26.570  -68.321  13.574 0.6999999881
15875  -33.035  -69.835  13.415 0.6000000238
131989  -33.762  -68.851  13.338 0.6000000238
16739  -29.428  -68.305  13.359 0.6999999881
16741  -34.331  -69.161  12.248 0.6000000238
17622  -30.097  -67.851  13.135 0.6999999881
17621  -34.617  -68.275  12.593 0.5000000000
117795  -35.066  -67.304  12.422 0.6000000238
17623  -30.862  -67.190  12.710 0.6999999881
116977  -34.561  -66.383  11.915 0.5000000000
18572  -35.815  -66.393  12.015 0.5000000000
18570  -32.004  -66.258  12.197 0.5000000000
17609  -24.699  -67.177  14.172 0.6000000238
18556  -25.054  -66.291  14.213 0.6000000238
15040  -31.388  -70.324  15.343 0.5000000000
15872  -31.661  -69.580  15.023 0.5000000000
17615  -26.140  -67.608  13.828 0.6999999881
15874  -31.944  -70.024  14.292 0.5000000000
116930  -33.260  -68.186  14.174 0.4000000060
16737  -27.578  -68.390  13.487 0.6999999881
135608  -34.074  -68.145  13.598 0.5000000000
17617  -28.045  -67.482  13.624 0.6999999881
17618  -29.143  -67.434  13.531 0.6999999881
17612  -34.234  -67.569  13.770 0.5000000000
17619  -29.953  -67.030  13.333 0.6999999881
120378  -35.162  -67.255  12.927 0.5000000000
18567  -35.823  -66.315  12.235 0.5000000000
18569  -31.060  -66.261  12.638 0.5000000000
19488  -31.337  -65.558  12.494 0.5000000000
19489  -32.356  -65.546  12.131 0.5000000000
19491  -35.202  -65.554  11.834 0.5000000000
19490  -33.678  -65.520  11.870 0.5000000000
21308  -36.015  -63.242  11.838 0.3000000119
17605  -30.899  -67.921  15.678 0.3000000119
18555  -24.132  -66.641  14.432 0.6000000238
16730  -31.592  -69.018  15.160 0.4000000060
122421  -31.944  -68.230  15.015 0.4000000060
18562  -26.521  -66.793  13.957 0.6000000238
18563  -27.468  -66.683  13.846 0.6999999881
18564  -28.422  -66.601  13.667 0.6999999881
18561  -34.874  -66.679  13.653 0.5000000000
18565  -29.326  -66.444  13.495 0.5000000000
19485  -35.334  -65.841  13.501 0.5000000000
18566  -30.200  -66.304  13.174 0.5000000000
20390  -35.772  -64.885  12.949 0.4000000060
20394  -36.175  -65.159  11.966 0.3000000119
21302  -36.081  -63.776  12.185 0.4000000060
124359  -33.722  -63.799  11.761 0.5000000000
125187  -35.101  -63.846  11.702 0.4000000060
19473  -23.555  -66.124  14.858 0.6000000238
19474  -24.510  -65.713  14.583 0.6000000238
19475  -25.341  -65.379  14.316 0.6000000238
19476  -26.095  -65.137  14.238 0.6000000238
18560  -33.502  -66.699  14.386 0.3000000119
18558  -26.833  -65.932  14.255 0.6000000238
19480  -34.093  -65.845  14.332 0.3000000119
19481  -27.894  -65.728  14.063 0.6000000238
20387  -34.641  -64.865  13.999 0.3000000119
121028  -28.750  -65.862  13.658 0.6000000238
20386  -33.677  -63.806  14.370 0.3000000119
20388  -28.977  -64.319  13.502 0.5000000000
19483  -29.458  -65.491  13.318 0.5000000000
21301  -36.101  -62.647  12.492 0.3000000119
128294  -35.339  -63.765  13.301 0.3000000119
125839  -30.834  -64.811  12.655 0.5000000000
20392  -31.519  -64.155  12.373 0.5000000000
127712  -36.335  -62.580  11.944 0.3000000119
20389  -30.579  -64.108  12.697 0.5000000000
21307  -34.649  -62.962  11.762 0.4000000060
22252  -35.667  -62.017  11.630 0.3000000119
20376  -23.322  -64.692  15.465 0.5000000000
19468  -23.919  -65.142  15.024 0.6000000238
19469  -24.783  -64.772  14.666 0.5000000000
19477  -27.046  -64.983  14.369 0.6000000238
20383  -26.252  -64.224  14.338 0.5000000000
21296  -33.468  -62.698  14.591 0.3000000119
19478  -27.879  -64.819  14.304 0.6000000238
22239  -33.204  -61.749  14.844 0.3000000119
21297  -34.902  -62.710  13.646 0.3000000119
19482  -28.645  -65.057  13.778 0.6000000238
132395  -29.805  -64.532  13.020 0.5000000000
121903  -30.523  -62.741  12.725 0.5000000000
21306  -33.096  -63.031  11.954 0.4000000060
22250  -32.308  -62.419  12.238 0.4000000060
20377  -24.227  -64.329  15.111 0.5000000000
21285  -24.605  -63.817  15.423 0.5000000000
20378  -25.041  -63.998  14.825 0.5000000000
20382  -25.536  -64.477  14.414 0.5000000000
20379  -25.699  -63.677  14.568 0.5000000000
23126  -31.319  -61.412  15.937 0.3000000119
23127  -32.841  -60.811  15.285 0.3000000119
20384  -27.245  -64.020  14.388 0.6000000238
20385  -28.276  -64.222  14.110 0.6000000238
21298  -28.643  -63.555  13.780 0.5000000000
21300  -30.076  -63.524  12.850 0.5000000000
23141  -35.209  -61.101  11.788 0.4000000060
23136  -33.564  -60.469  12.267 0.4000000060
21286  -25.321  -63.345  15.078 0.5000000000
21279  -25.851  -62.901  15.531 0.5000000000
23121  -31.150  -61.124  16.745 0.4000000060
24030  -31.678  -60.424  16.920 0.4000000060
21292  -26.402  -63.494  14.508 0.5000000000
21293  -27.168  -63.239  14.520 0.5000000000
24036  -31.888  -60.478  16.113 0.4000000060
24037  -33.107  -59.680  15.341 0.3000000119
135097  -26.622  -62.995  14.735 0.4000000060
24043  -34.226  -59.787  14.456 0.3000000119
21294  -27.967  -63.457  14.335 0.5000000000
22244  -28.396  -62.726  14.124 0.4000000060
132308  -28.990  -62.952  13.546 0.4000000060
23135  -32.048  -61.018  12.847 0.4000000060
22216  -25.313  -63.132  17.346 0.5000000000
21278  -25.110  -63.358  16.167 0.5000000000
24004  -32.057  -60.767  18.101 0.4000000060
21287  -25.986  -63.085  14.837 0.5000000000
22228  -26.450  -62.544  15.958 0.4000000060
24968  -32.178  -59.843  17.086 0.4000000060
24031  -32.386  -59.700  16.268 0.4000000060
22235  -26.689  -62.661  15.345 0.4000000060
21288  -27.289  -62.670  14.879 0.4000000060
24985  -33.626  -58.921  15.404 0.4000000060
22240  -27.939  -62.250  14.704 0.4000000060
124573  -28.541  -61.815  14.409 0.4000000060
23129  -29.226  -61.334  14.145 0.4000000060
125963  -30.310  -62.103  12.934 0.4000000060
23133  -29.805  -61.791  13.511 0.4000000060
24045  -31.354  -60.585  13.581 0.4000000060
24992  -33.717  -58.925  12.908 0.4000000060
24046  -32.863  -60.000  12.896 0.4000000060
22198  -25.284  -62.781  18.364 0.5000000000
23110  -33.376  -61.844  17.819 0.4000000060
134972  -33.062  -60.960  18.092 0.4000000060
22227  -25.938  -62.793  16.516 0.5000000000
23118  -26.730  -62.377  16.709 0.4000000060
22236  -27.611  -61.964  15.401 0.4000000060
24980  -32.882  -59.030  16.468 0.4000000060
23128  -28.179  -61.628  14.985 0.4000000060
24039  -28.705  -61.003  14.867 0.4000000060
24047  -34.380  -59.660  12.434 0.3000000119
23134  -30.754  -61.435  13.234 0.4000000060
22175  -26.031  -62.338  18.908 0.4000000060
22199  -26.865  -62.206  18.404 0.5000000000
23106  -27.007  -62.244  17.489 0.4000000060
24020  -33.646  -60.491  18.010 0.4000000060
118770  -27.403  -61.821  16.757 0.4000000060
22229  -27.127  -62.084  16.005 0.4000000060
24028  -27.999  -61.220  16.990 0.4000000060
23119  -27.858  -61.308  16.060 0.4000000060
23125  -28.190  -61.302  15.446 0.4000000060
24034  -28.589  -60.753  15.651 0.4000000060
24040  -29.564  -60.520  14.520 0.4000000060
24989  -32.839  -58.627  13.682 0.4000000060
24988  -31.227  -59.260  14.427 0.4000000060
24042  -32.082  -59.647  13.757 0.4000000060
23076  -26.648  -61.833  19.242 0.4000000060
23095  -27.330  -61.594  18.685 0.4000000060
24015  -27.958  -61.169  18.049 0.4000000060
24029  -28.524  -60.639  16.370 0.4000000060
24990  -33.944  -57.914  13.054 0.4000000060
24982  -29.141  -60.105  15.856 0.4000000060
24983  -29.777  -59.537  15.398 0.4000000060
24987  -30.032  -59.722  14.786 0.4000000060
23077  -27.122  -61.321  19.373 0.4000000060
24002  -27.686  -60.989  18.999 0.4000000060
24003  -28.349  -60.610  18.522 0.4000000060
121130  -28.867  -60.129  18.143 0.4000000060
24016  -28.572  -60.499  17.381 0.4000000060
24967  -29.254  -59.735  17.401 0.4000000060
24978  -29.116  -59.947  16.541 0.4000000060
24979  -29.634  -59.387  15.977 0.4000000060
24984  -30.503  -58.918  14.969 0.4000000060
25926  -31.819  -58.484  14.533 0.4000000060
23988  -27.327  -60.763  19.744 0.4000000060
23971  -27.777  -60.223  20.268 0.4000000060
23989  -28.106  -60.527  19.494 0.4000000060
24955  -28.809  -60.147  19.059 0.4000000060
120750  -29.947  -59.016  17.545 0.4000000060
26817  -33.961  -57.699  14.114 0.4000000060
25924  -33.431  -57.773  14.192 0.3000000119
25916  -30.073  -58.779  16.119 0.4000000060
25922  -31.007  -58.232  15.245 0.5000000000
25923  -32.240  -57.904  14.736 0.4000000060
25917  -30.607  -58.061  16.008 0.5000000000
24918  -27.662  -59.086  21.150 0.4000000060
24928  -28.291  -59.595  20.833 0.4000000060
25869  -28.932  -59.133  21.086 0.4000000060
24929  -29.134  -59.457  20.487 0.4000000060
25905  -30.283  -58.485  16.716 0.4000000060
26814  -31.456  -57.613  15.637 0.5000000000
25855  -27.593  -58.381  21.411 0.4000000060
26751  -28.336  -58.116  21.762 0.4000000060
25857  -29.165  -58.487  21.530 0.4000000060
25906  -30.729  -57.774  16.694 0.4000000060
26807  -31.104  -57.334  16.441 0.5000000000
26750  -27.524  -57.550  21.668 0.4000000060
133493  -28.977  -57.889  22.083 0.4000000060
26799  -30.949  -57.246  17.004 0.5000000000
118954  -27.443  -54.994  22.002 0.4000000060
27716  -27.484  -56.661  21.835 0.4000000060
28647  -27.477  -55.750  21.875 0.4000000060
27699  -28.074  -56.282  22.473 0.4000000060
27700  -28.809  -56.618  22.881 0.5000000000
21304  -30.913  -63.442  12.547 0.5000000000
22249  -31.300  -62.775  12.449 0.5000000000
22251  -33.963  -61.959  11.862 0.4000000060
12830  -32.587  -73.166  12.326 0.5000000000
130124  -30.365  -72.859  11.964 0.8000000119
13547  -29.308  -72.108  12.158 0.8000000119
13542  -33.229  -72.745  13.538 0.5000000000
15050  -27.517  -70.901  12.817 0.6999999881
13536  -33.475  -72.701  14.508 0.5000000000
15046  -26.596  -70.542  13.125 0.6999999881
13535  -32.746  -72.128  14.022 0.4000000060
117761  -26.905  -68.935  13.372 0.6999999881
17614  -25.246  -67.757  14.036 0.6999999881
14294  -31.639  -71.207  15.289 0.4000000060
14293  -30.919  -71.013  16.136 0.4000000060
17608  -23.721  -67.540  14.309 0.6000000238
16729  -30.993  -68.774  15.622 0.4000000060
19467  -22.914  -65.563  15.230 0.6000000238
20373  -23.717  -64.185  15.694 0.5000000000
21277  -24.196  -63.907  16.426 0.5000000000
21270  -24.623  -63.626  17.161 0.4000000060
22174  -25.127  -62.238  19.154 0.4000000060
23075  -25.852  -61.817  19.561 0.4000000060
23970  -26.845  -60.268  20.220 0.4000000060
24927  -27.283  -59.554  20.664 0.4000000060
25868  -26.856  -58.614  20.902 0.4000000060
26763  -26.944  -57.840  21.255 0.4000000060
26749  -26.782  -56.994  21.159 0.4000000060
29498  -27.293  -54.265  21.742 0.4000000060
13553  -31.241  -72.621  11.844 0.8000000119
14316  -31.157  -71.601  11.693 0.8000000119
119898  -32.766  -71.861  13.167 0.5000000000
14312  -29.560  -71.291  12.292 0.6999999881
16742  -30.096  -68.769  12.937 0.6999999881
15048  -33.521  -70.371  12.448 0.6000000238
16744  -34.264  -69.207  11.935 0.6999999881
15886  -32.898  -69.541  11.770 0.6999999881
17620  -34.631  -68.204  13.026 0.6000000238
17627  -34.422  -68.501  12.334 0.6000000238
17626  -34.024  -68.414  11.801 0.6000000238
18557  -25.906  -66.061  14.173 0.6000000238
15871  -31.085  -69.545  15.596 0.5000000000
16733  -32.419  -69.072  14.413 0.5000000000
17611  -32.806  -67.450  14.570 0.3000000119
128325  -32.509  -63.778  12.051 0.5000000000
21299  -29.324  -63.601  13.251 0.5000000000
21305  -31.850  -63.273  12.222 0.5000000000
22245  -29.653  -62.683  13.123 0.4000000060
23140  -34.109  -60.951  11.919 0.4000000060
24041  -30.614  -60.117  14.254 0.4000000060
24035  -29.292  -60.287  15.203 0.4000000060
23987  -26.496  -61.085  19.746 0.4000000060
25921  -30.214  -58.798  15.604 0.4000000060
26739  -28.327  -57.270  22.267 0.4000000060
7892  -26.886  -80.531  16.117 0.4000000060
8617  -27.413  -79.983  15.578 0.4000000060
8627  -27.968  -79.551  14.876 0.4000000060
9271  -28.662  -78.967  14.539 0.4000000060
7927  -27.263  -80.811  13.842 0.4000000060
7917  -27.863  -80.151  13.919 0.4000000060
8628  -28.393  -79.584  14.009 0.4000000060
7929  -28.477  -80.015  13.019 0.4000000060
9287  -29.733  -78.800  13.212 0.5000000000
7928  -27.685  -80.684  12.919 0.4000000060
7941  -28.974  -80.288  11.964 0.5000000000
8642  -29.382  -79.590  12.618 0.5000000000
118316  -30.487  -79.193  11.019 0.6000000238
7290  -27.212  -81.836  11.025 0.4000000060
7273  -27.578  -81.407  11.910 0.4000000060
7960  -28.376  -80.907  10.509 0.4000000060
9302  -30.171  -79.100  12.132 0.5000000000
14295  -32.243  -71.812  14.993 0.3000000119
13511  -32.727  -72.208  16.000 0.4000000060
15035  -30.360  -70.735  16.791 0.3000000119
9288  -30.569  -78.430  12.821 0.5000000000
134976  -34.262  -73.919  13.070 0.5000000000
13537  -34.709  -73.100  14.393 0.4000000060
8680  -26.517  -80.065  9.527 0.4000000060
7961  -29.085  -80.241  11.005 0.5000000000
8660  -29.708  -79.702  11.555 0.5000000000
7962  -26.390  -80.897  9.626 0.4000000060
7295  -27.512  -81.583  10.158 0.4000000060
9303  -30.998  -78.653  11.550 0.6000000238
9304  -31.634  -78.175  11.509 0.6000000238
9987  -32.045  -77.336  11.234 0.6999999881
12822  -33.661  -73.344  13.266 0.5000000000
9979  -32.514  -77.339  11.798 0.6999999881
10733  -33.633  -76.263  12.503 0.6999999881
135668  -34.027  -74.202  12.774 0.6999999881
10732  -32.853  -76.832  11.749 0.6999999881
10746  -33.120  -76.191  11.807 0.6999999881
7965  -29.030  -80.059  10.225 0.5000000000
8682  -30.058  -79.297  10.217 0.6000000238
8677  -30.610  -79.002  10.401 0.6000000238
9326  -31.108  -78.312  10.429 0.6000000238
7966  -26.959  -80.206  9.036 0.4000000060
7967  -27.863  -80.391  9.211 0.5000000000
8687  -30.178  -79.097  9.970 0.6000000238
9319  -30.829  -79.080  10.908 0.6000000238
9993  -31.404  -77.890  10.619 0.6000000238
9994  -31.682  -77.458  10.965 0.6000000238
15039  -30.638  -70.212  16.155 0.3000000119
9305  -31.779  -78.094  11.324 0.6000000238
10745  -32.299  -76.815  11.337 0.6999999881
12831  -33.388  -73.785  12.704 0.6000000238
9321  -26.727  -78.400  9.608 0.6000000238
9322  -27.053  -78.120  9.263 0.6000000238
117570  -27.729  -78.082  9.351 0.6999999881
9323  -28.820  -78.406  9.821 0.6000000238
9324  -30.011  -78.711  9.922 0.6000000238
10750  -31.391  -77.472  10.791 0.6000000238
8681  -26.803  -79.094  9.002 0.5000000000
8685  -28.460  -79.690  9.479 0.6000000238
119590  -31.761  -76.725  10.951 0.6000000238
11444  -32.589  -75.867  11.607 0.6999999881
12123  -32.572  -74.949  11.832 0.6999999881
12114  -32.767  -74.192  12.226 0.6999999881
9988  -26.895  -77.438  10.030 0.6000000238
11445  -27.106  -76.687  10.412 0.6999999881
11446  -27.882  -76.332  10.519 0.6999999881
9990  -28.327  -77.579  9.832 0.6999999881
126171  -29.810  -76.889  11.003 0.6000000238
12837  -32.171  -73.210  11.963 0.5000000000
11442  -31.158  -76.010  11.637 0.6999999881
123983  -31.915  -75.214  11.723 0.6999999881
12120  -27.938  -74.601  11.121 0.6999999881
135472  -29.856  -73.609  11.966 0.6999999881
11440  -27.848  -75.477  10.823 0.6999999881
124120  -28.817  -75.173  11.383 0.6000000238
12122  -29.866  -74.713  11.955 0.5000000000
11447  -28.808  -76.159  10.999 0.6999999881
11441  -29.684  -75.900  11.497 0.6000000238
120275  -30.953  -74.924  12.041 0.6999999881
12836  -31.698  -73.266  11.944 0.5000000000
10743  -30.528  -76.580  11.359 0.6000000238
134597  -31.558  -74.206  12.051 0.6999999881
116220  -32.118  -74.148  11.972 0.6000000238
12834  -28.559  -73.754  11.612 0.6999999881
133853  -29.516  -73.325  11.911 0.6999999881
13551  -29.017  -72.969  12.019 0.6999999881
13543  -33.876  -73.083  13.862 0.5000000000
12835  -30.788  -73.652  12.138 0.6000000238
7916  -27.430  -80.364  14.721 0.4000000060
8629  -29.030  -79.284  13.633 0.4000000060
136587  -26.628  -81.955  10.288 0.4000000060
7940  -28.238  -80.818  12.042 0.4000000060
7964  -28.167  -80.860  9.770 0.4000000060
7963  -27.208  -81.047  9.509 0.4000000060
11431  -33.793  -75.812  12.345 0.6999999881
12124  -33.331  -75.304  12.035 0.6999999881
9325  -30.727  -78.675  10.296 0.6000000238
9992  -31.086  -77.956  10.410 0.6000000238
135926  -27.345  -78.636  8.977 0.6999999881
9327  -28.176  -78.914  9.435 0.6000000238
127255  -29.508  -77.952  10.154 0.6000000238
135605  -30.414  -75.665  11.793 0.6000000238
12121  -29.042  -74.135  11.565 0.6000000238
11439  -26.929  -75.793  10.597 0.5000000000
9317  -26.625  -79.071  10.652 0.4000000060
129440  -26.783  -78.029  10.389 0.5000000000
115376  -26.394  -75.403  10.923 0.6000000238
9318  -26.908  -78.305  11.490 0.4000000060
9977  -27.150  -77.524  12.123 0.5000000000
10741  -26.447  -76.203  10.943 0.5000000000
12118  -26.020  -74.941  11.566 0.5000000000
10742  -26.493  -75.976  10.749 0.5000000000
136406  -27.076  -75.168  10.792 0.6000000238
12833  -27.385  -73.956  11.632 0.5000000000
12119  -26.741  -74.727  11.188 0.5000000000
12829  -26.844  -73.417  12.164 0.6999999881
128209  -27.290  -72.656  12.411 0.6000000238
9967  -27.272  -77.437  13.184 0.5000000000
10731  -27.308  -76.836  12.761 0.5000000000
11430  -26.247  -75.397  12.277 0.5000000000
12113  -25.863  -74.846  12.169 0.5000000000
11438  -26.214  -75.547  11.360 0.5000000000
13550  -27.925  -73.198  12.082 0.6000000238
12828  -25.855  -73.587  12.294 0.6000000238
13545  -26.240  -72.707  12.435 0.5000000000
117531  -26.753  -71.276  12.771 0.6000000238
10716  -27.419  -76.608  13.657 0.5000000000
11420  -26.968  -75.185  13.437 0.5000000000
12103  -25.430  -74.122  13.517 0.5000000000
11419  -25.823  -74.741  12.928 0.5000000000
12827  -25.346  -73.732  12.807 0.5000000000
13546  -28.264  -72.385  12.385 0.6000000238
13544  -25.395  -72.980  12.710 0.5000000000
15049  -25.910  -71.338  12.944 0.6000000238
10698  -27.359  -76.347  14.527 0.5000000000
11403  -27.463  -75.777  14.069 0.5000000000
12104  -26.496  -74.523  13.942 0.5000000000
12093  -25.752  -73.929  14.366 0.5000000000
13521  -24.413  -72.780  14.572 0.6000000238
126924  -24.881  -73.684  13.980 0.4000000060
14302  -24.031  -72.084  14.300 0.4000000060
13534  -24.363  -72.788  14.052 0.5000000000
135031  -24.585  -72.828  13.652 0.5000000000
12821  -25.085  -73.764  13.440 0.4000000060
14290  -23.495  -70.738  14.332 0.4000000060
14301  -23.680  -71.200  14.103 0.5000000000
14305  -24.236  -72.079  13.795 0.5000000000
15873  -23.269  -69.736  14.249 0.4000000060
14306  -24.838  -71.564  13.396 0.6000000238
136702  -26.051  -70.027  13.550 0.6000000238
115678  -26.012  -69.188  13.598 0.6000000238
16734  -23.290  -69.307  14.200 0.5000000000
15877  -23.851  -69.793  13.727 0.5000000000
14304  -23.973  -71.249  13.808 0.5000000000
121441  -22.846  -68.643  14.754 0.4000000060
16732  -23.407  -68.436  14.294 0.5000000000
16736  -24.842  -69.106  13.761 0.6000000238
15045  -24.322  -70.675  13.666 0.6000000238
15878  -25.089  -69.940  13.643 0.6000000238
19466  -21.887  -66.025  15.333 0.3000000119
18553  -22.273  -67.515  14.885 0.4000000060
17606  -22.334  -68.151  14.963 0.4000000060
17607  -22.842  -67.939  14.602 0.5000000000
133736  -24.815  -68.434  13.965 0.5000000000
21255  -24.554  -63.385  17.958 0.3000000119
21269  -23.935  -63.844  17.441 0.3000000119
20372  -23.222  -64.081  16.616 0.4000000060
130099  -22.886  -64.333  15.761 0.4000000060
23074  -25.003  -61.549  19.408 0.3000000119
24941  -25.951  -60.255  19.940 0.3000000119
23986  -25.627  -60.994  19.581 0.3000000119
24926  -26.221  -59.308  20.331 0.3000000119
26762  -26.509  -57.642  20.624 0.3000000119
121464  -26.372  -56.897  20.336 0.3000000119
27715  -27.096  -56.008  21.075 0.3000000119
18554  -23.105  -67.063  14.590 0.5000000000
22197  -24.379  -62.738  18.653 0.3000000119
10730  -26.656  -76.356  11.737 0.5000000000
13540  -24.869  -72.485  13.216 0.5000000000
114380  -25.486  -70.679  13.442 0.6000000238
12823  -34.571  -73.524  13.579 0.3000000119
10734  -34.551  -75.996  12.703 0.6000000238
12105  -34.793  -74.562  12.775 0.6000000238
14264  -34.503  -71.712  17.549 0.3000000119
14278  -34.015  -72.208  17.117 0.3000000119
13512  -34.485  -72.350  16.121 0.3000000119
130342  -33.577  -72.290  16.470 0.3000000119
13513  -35.684  -72.388  16.186 0.3000000119
132100  -34.252  -72.714  15.191 0.3000000119
13524  -33.540  -72.397  15.555 0.3000000119
12116  -35.489  -75.310  12.723 0.6000000238
117973  -35.357  -74.007  13.124 0.5000000000
133964  -34.501  -70.162  17.997 0.3000000119
14263  -33.561  -71.854  17.745 0.3000000119
13503  -32.988  -72.234  17.218 0.3000000119
13502  -32.105  -72.088  16.789 0.3000000119
13525  -35.244  -72.686  15.256 0.3000000119
12813  -35.699  -73.515  13.710 0.4000000060
119257  -26.533  -79.254  9.606 0.4000000060
15848  -34.370  -69.089  18.064 0.3000000119
125391  -34.037  -71.114  18.000 0.3000000119
15023  -32.270  -71.447  18.231 0.3000000119
14262  -32.162  -71.888  17.579 0.3000000119
9944  -29.416  -77.496  15.760 0.5000000000
10688  -30.498  -76.457  15.900 0.5000000000
8618  -27.833  -79.179  15.976 0.4000000060
123796  -28.309  -78.543  16.353 0.4000000060
9244  -28.786  -78.023  16.082 0.4000000060
135005  -29.951  -76.855  16.486 0.5000000000
10700  -31.915  -76.635  14.273 0.5000000000
10699  -30.936  -76.555  15.033 0.5000000000
9954  -29.712  -77.753  14.785 0.5000000000
9945  -30.092  -76.989  15.378 0.5000000000
9257  -29.038  -78.246  15.131 0.4000000060
10702  -33.815  -76.296  13.902 0.6000000238
10701  -32.860  -76.462  14.089 0.6000000238
9956  -31.201  -77.120  14.109 0.5000000000
9272  -29.374  -78.528  14.204 0.3000000119
9273  -30.143  -78.127  13.870 0.4000000060
9955  -30.470  -77.346  14.448 0.5000000000
10704  -35.336  -76.215  13.306 0.6000000238
10718  -33.279  -76.613  13.343 0.6000000238
9969  -31.866  -77.416  13.198 0.6000000238
9968  -30.919  -77.725  13.494 0.4000000060
11433  -35.813  -75.874  12.838 0.6000000238
13526  -36.373  -72.578  15.187 0.3000000119
12824  -36.465  -73.999  13.141 0.4000000060
10719  -33.855  -76.391  13.040 0.6000000238
9289  -31.427  -78.085  12.448 0.4000000060
13514  -36.786  -72.261  16.094 0.3000000119
14279  -35.054  -72.152  17.000 0.3000000119
13538  -36.002  -73.018  14.438 0.3000000119
12106  -35.994  -74.640  12.873 0.5000000000
9970  -33.119  -76.850  12.530 0.6000000238
10720  -34.623  -76.227  12.955 0.6000000238
123007  -34.554  -76.287  13.363 0.6000000238
12814  -36.799  -73.413  13.855 0.3000000119
10703  -34.799  -76.148  14.021 0.5000000000
11407  -35.780  -75.906  14.133 0.5000000000
11422  -36.171  -75.963  13.193 0.5000000000
122067  -37.032  -74.818  14.360 0.4000000060
11409  -37.017  -74.935  13.691 0.5000000000
116272  -36.281  -75.307  15.001 0.5000000000
11406  -34.843  -75.623  14.954 0.5000000000
11390  -36.857  -74.945  15.099 0.4000000060
129373  -37.309  -74.333  14.378 0.4000000060
12107  -36.848  -74.680  12.990 0.5000000000
11404  -33.125  -75.967  14.805 0.5000000000
11405  -34.024  -75.787  14.868 0.5000000000
12825  -37.068  -73.989  13.419 0.4000000060
133777  -29.006  -83.047  18.210 0.3000000119
5993  -28.768  -83.674  17.496 0.3000000119
5994  -29.514  -82.954  17.579 0.3000000119
6573  -30.627  -82.203  16.918 0.3000000119
7210  -31.192  -81.841  16.385 0.4000000060
6572  -30.112  -82.111  17.744 0.3000000119
7173  -29.686  -81.564  18.576 0.3000000119
7211  -31.840  -81.431  15.722 0.4000000060
7190  -30.834  -81.557  17.392 0.4000000060
7858  -29.785  -80.631  18.943 0.3000000119
7893  -32.204  -80.786  16.364 0.4000000060
7879  -32.605  -80.069  16.750 0.4000000060
7878  -31.101  -80.860  17.730 0.4000000060
7174  -30.429  -81.045  18.250 0.4000000060
123494  -29.784  -79.605  19.277 0.4000000060
135812  -30.268  -80.130  18.705 0.4000000060
8609  -35.113  -79.525  16.256 0.3000000119
8607  -33.419  -80.080  16.192 0.4000000060
8593  -33.276  -79.410  16.930 0.4000000060
8592  -32.192  -79.348  17.474 0.4000000060
9231  -31.820  -78.505  17.931 0.4000000060
8581  -31.298  -79.199  18.193 0.4000000060
8580  -30.459  -79.166  18.816 0.4000000060
9235  -36.440  -78.095  17.226 0.3000000119
137958  -34.217  -78.590  17.199 0.4000000060
122460  -33.117  -77.780  17.633 0.4000000060
133908  -33.603  -78.606  17.326 0.4000000060
9922  -32.165  -77.745  17.807 0.4000000060
135444  -32.506  -76.830  17.543 0.4000000060
127695  -31.468  -77.798  18.084 0.4000000060
9921  -31.415  -77.096  17.733 0.4000000060
9217  -31.122  -78.259  18.421 0.4000000060
9216  -30.346  -78.085  18.838 0.4000000060
9925  -35.804  -76.892  17.595 0.4000000060
9924  -34.760  -76.930  17.692 0.4000000060
10659  -31.702  -76.452  17.293 0.4000000060
9906  -29.992  -77.418  18.420 0.4000000060
9907  -30.799  -77.568  18.260 0.4000000060
9215  -29.474  -77.800  19.038 0.4000000060
10660  -34.277  -76.242  17.400 0.4000000060
127842  -33.322  -76.261  17.233 0.4000000060
10680  -32.364  -75.990  17.011 0.4000000060
129202  -31.419  -76.094  16.797 0.4000000060
9919  -29.744  -77.181  17.564 0.4000000060
10657  -30.390  -76.781  17.179 0.4000000060
11357  -33.954  -75.787  17.007 0.4000000060
11373  -32.793  -75.650  16.306 0.4000000060
10689  -31.733  -76.060  15.281 0.4000000060
11376  -36.325  -75.170  16.052 0.4000000060
11374  -33.669  -75.565  16.411 0.4000000060
11388  -34.283  -75.463  15.754 0.4000000060
11391  -37.421  -74.485  15.329 0.3000000119
12084  -38.435  -73.696  15.619 0.3000000119
121305  -31.116  -76.063  15.976 0.4000000060
11389  -35.371  -75.372  15.721 0.4000000060
12816  -37.970  -73.254  14.871 0.3000000119
11372  -32.501  -75.776  15.486 0.4000000060
7191  -31.506  -81.154  16.928 0.4000000060
7860  -31.700  -80.245  17.461 0.4000000060
7859  -30.893  -80.130  18.236 0.4000000060
9245  -35.818  -78.878  16.642 0.4000000060
8594  -34.228  -79.128  16.811 0.4000000060
9246  -36.436  -79.034  16.634 0.3000000119
9232  -32.697  -78.612  17.583 0.4000000060
9926  -36.765  -76.903  17.563 0.3000000119
121486  -35.362  -77.889  17.408 0.4000000060
9233  -34.220  -77.910  17.523 0.4000000060
9923  -33.684  -76.948  17.660 0.4000000060
10661  -35.186  -76.105  17.460 0.4000000060
11356  -33.200  -75.829  16.850 0.4000000060
9920  -30.532  -77.123  17.727 0.4000000060
10679  -31.923  -75.797  16.186 0.4000000060
11375  -34.564  -75.487  16.569 0.4000000060
7908  -34.099  -80.998  14.987 0.3000000119
6603  -31.804  -82.218  13.829 0.3000000119
6602  -31.037  -82.716  14.529 0.3000000119
7229  -32.132  -81.658  14.353 0.3000000119
7907  -33.369  -81.182  14.954 0.3000000119
6584  -31.473  -82.029  15.025 0.3000000119
7212  -32.556  -81.205  15.236 0.3000000119
7896  -34.694  -80.395  15.549 0.3000000119
7894  -33.019  -80.594  15.775 0.3000000119
8608  -34.281  -79.880  16.070 0.3000000119
10662  -36.145  -76.034  17.359 0.3000000119
11359  -35.521  -75.520  16.836 0.3000000119
121793  -37.151  -74.904  16.182 0.3000000119
117240  -35.291  -80.072  15.791 0.3000000119
11358  -34.694  -75.760  17.121 0.3000000119
7243  -32.392  -81.933  13.737 0.3000000119
7272  -26.899  -81.828  11.878 0.4000000060
7294  -26.354  -81.682  9.697 0.4000000060
7895  -33.906  -80.542  15.478 0.3000000119
7906  -27.075  -80.615  15.317 0.4000000060
7959  -28.021  -81.419  11.091 0.4000000060
7968  -28.566  -80.193  9.698 0.6000000238
8676  -29.863  -79.525  10.656 0.6000000238
8678  -30.850  -78.629  10.409 0.6000000238
8683  -30.639  -78.894  10.300 0.6000000238
8684  -27.567  -79.528  8.938 0.5000000000
8686  -29.267  -79.559  9.957 0.6000000238
9234  -34.868  -78.684  16.991 0.4000000060
9256  -28.393  -78.733  15.470 0.4000000060
9320  -31.258  -78.339  10.697 0.6000000238
9328  -29.217  -79.113  9.804 0.6000000238
9978  -32.108  -77.783  12.075 0.6999999881
9985  -26.888  -77.175  10.931 0.5000000000
9986  -31.487  -77.856  10.713 0.6000000238
9989  -27.456  -77.515  9.780 0.6999999881
9991  -30.171  -77.595  10.506 0.6000000238
10658  -30.999  -76.569  17.282 0.4000000060
10678  -30.693  -76.386  16.639 0.4000000060
10690  -32.376  -76.109  14.783 0.5000000000
10717  -32.667  -76.953  13.328 0.6000000238
10721  -35.398  -76.160  12.929 0.6000000238
10735  -35.200  -75.829  12.729 0.6000000238
10744  -31.287  -76.896  11.149 0.6999999881
10747  -26.826  -76.575  10.648 0.5000000000
10748  -27.905  -76.971  10.038 0.6999999881
10749  -30.778  -77.277  10.832 0.6000000238
11387  -33.361  -75.608  15.615 0.4000000060
11408  -36.657  -75.386  13.929 0.5000000000
11421  -27.204  -76.001  12.974 0.5000000000
11423  -36.797  -75.250  13.223 0.5000000000
11432  -34.448  -75.356  12.499 0.6999999881
11434  -36.342  -75.404  12.903 0.6000000238
11443  -31.885  -76.394  11.366 0.6000000238
12095  -37.859  -73.685  14.913 0.3000000119
12108  -37.066  -74.556  13.482 0.4000000060
12112  -25.463  -74.292  12.886 0.5000000000
12115  -33.784  -74.581  12.478 0.6999999881
12117  -25.703  -74.346  12.269 0.5000000000
12803  -38.593  -73.226  15.453 0.3000000119
12820  -24.665  -73.365  13.828 0.5000000000
12826  -24.948  -73.228  13.276 0.5000000000
12832  -26.243  -74.207  11.770 0.6000000238
13523  -32.808  -72.285  14.990 0.3000000119
13548  -32.675  -72.411  12.255 0.5000000000
13552  -29.966  -72.563  11.934 0.6999999881
14277  -31.959  -71.835  15.863 0.4000000060
14308  -25.513  -72.150  12.725 0.5000000000
14309  -26.382  -71.897  12.578 0.5000000000
14310  -27.380  -71.820  12.614 0.6000000238
15024  -33.152  -71.328  18.246 0.3000000119
15025  -34.996  -70.782  17.772 0.3000000119
15037  -23.400  -70.155  14.413 0.4000000060
15041  -23.381  -70.366  14.140 0.4000000060
15044  -23.587  -70.543  13.907 0.5000000000
15051  -28.315  -70.431  12.810 0.6999999881
15052  -29.786  -70.519  12.388 0.6999999881
15053  -31.524  -70.776  11.708 0.8000000119
15059  -33.750  -69.935  11.898 0.6000000238
15876  -23.334  -69.977  14.028 0.5000000000
15879  -26.799  -69.660  13.334 0.6999999881
15881  -29.142  -69.114  13.212 0.6999999881
15883  -34.306  -69.399  12.139 0.6000000238
15889  -33.278  -70.046  11.671 0.8000000119
16735  -23.942  -68.868  13.847 0.5000000000
16738  -28.622  -68.300  13.519 0.6999999881
16740  -34.552  -69.117  12.667 0.6000000238
17610  -25.620  -66.927  14.056 0.6000000238
17613  -24.306  -68.031  14.106 0.6000000238
17616  -27.056  -67.533  13.657 0.6999999881
18551  -22.495  -66.589  14.963 0.4000000060
18568  -36.102  -65.926  11.995 0.5000000000
19484  -30.435  -65.480  12.931 0.5000000000
19486  -35.958  -65.758  12.605 0.5000000000
19487  -36.167  -65.652  12.031 0.3000000119
19492  -36.160  -65.630  11.951 0.3000000119
20391  -36.154  -65.010  12.183 0.3000000119
20393  -35.835  -64.636  11.788 0.5000000000
21303  -36.063  -64.446  11.970 0.3000000119
22217  -26.219  -62.635  17.716 0.5000000000
22241  -29.071  -62.208  13.783 0.4000000060
22243  -35.758  -61.632  12.791 0.3000000119
22246  -31.335  -61.992  12.631 0.5000000000
22247  -36.328  -61.760  11.998 0.3000000119
22248  -36.292  -62.073  11.847 0.3000000119
23107  -27.471  -61.751  17.728 0.4000000060
23130  -30.186  -61.011  13.970 0.4000000060
23131  -34.507  -60.581  14.172 0.3000000119
23139  -32.812  -61.440  12.231 0.4000000060
24005  -32.652  -61.420  18.126 0.4000000060
24017  -31.779  -60.517  17.631 0.4000000060
24018  -32.240  -60.093  17.712 0.4000000060
24019  -32.749  -60.260  17.978 0.4000000060
24942  -28.621  -60.026  20.032 0.4000000060
24969  -32.661  -59.403  17.376 0.4000000060
24993  -34.504  -58.888  13.045 0.3000000119
25856  -28.354  -58.873  21.366 0.4000000060
25927  -33.253  -57.971  13.777 0.3000000119
25928  -33.942  -57.777  13.428 0.4000000060
27727  -26.514  -56.211  20.375 0.3000000119
29484  -27.719  -54.574  22.520 0.4000000060
114835  -30.599  -70.407  12.154 0.6999999881
115637  -32.580  -77.321  12.519 0.6999999881
115745  -23.115  -69.190  14.528 0.4000000060
116687  -25.638  -68.397  13.822 0.6999999881
118192  -34.485  -67.769  12.266 0.5000000000
118677  -28.933  -77.021  10.324 0.6999999881
119272  -34.395  -64.646  11.765 0.5000000000
119940  -32.756  -64.626  12.019 0.5000000000
120343  -33.993  -67.087  11.981 0.6000000238
123364  -31.690  -64.950  12.364 0.5000000000
123699  -32.757  -67.005  11.953 0.6000000238
125356  -35.612  -66.429  12.979 0.5000000000
125383  -36.920  -72.834  14.486 0.3000000119
125488  -29.719  -59.237  16.655 0.4000000060
125610  -28.526  -80.760  11.310 0.4000000060
125688  -33.342  -68.434  12.019 0.6000000238
127122  -31.733  -66.876  12.317 0.5000000000
127579  -27.748  -62.870  14.501 0.5000000000
128995  -32.818  -71.869  17.903 0.3000000119
130302  -30.814  -69.210  12.417 0.6000000238
130351  -24.578  -73.274  14.204 0.5000000000
133969  -30.494  -78.078  10.090 0.6000000238
134156  -37.778  -74.024  15.195 0.3000000119
135567  -33.612  -69.665  11.713 0.6999999881
135984  -30.815  -78.659  18.627 0.4000000060
136292  -26.831  -72.265  12.512 0.6000000238
137353  -29.202  -64.848  13.342 0.5000000000
138488  -31.000  -78.281  10.343 0.6000000238
138542  -34.876  -79.942  15.819 0.3000000119
