#!ascii label  , from subject sub-01 vox2ras=TkReg
1072
53521  -21.385  -28.396  21.352 0.4285714328
54511  -21.527  -26.982  20.644 0.2857142985
54494  -21.931  -27.683  21.212 0.4285714328
55414  -22.495  -27.003  20.959 0.4285714328
55434  -23.001  -26.301  20.671 0.4285714328
56403  -21.831  -25.827  19.863 0.2857142985
56405  -23.402  -25.554  20.374 0.4285714328
131824  -22.720  -25.224  18.753 0.4285714328
57486  -23.364  -24.815  18.912 0.4285714328
57513  -23.142  -25.072  17.001 0.4285714328
57502  -23.695  -24.648  17.761 0.4285714328
58477  -23.539  -24.335  15.755 0.5714285970
117777  -23.652  -24.672  16.534 0.5714285970
58464  -24.403  -23.930  17.177 0.4285714328
59397  -24.876  -23.543  16.371 0.2857142985
59406  -24.285  -23.705  15.403 0.7142857313
59407  -24.709  -23.557  15.611 0.7142857313
60256  -25.681  -22.427  15.330 0.7142857313
60257  -26.245  -21.798  15.946 0.4285714328
59408  -25.254  -23.050  15.697 0.7142857313
61161  -26.676  -21.009  14.443 0.5714285970
60264  -25.423  -22.447  14.597 0.5714285970
60265  -26.129  -21.873  14.649 0.5714285970
61168  -26.245  -21.196  13.859 0.5714285970
138283  -27.065  -20.351  14.383 0.5714285970
60269  -25.748  -21.986  14.015 0.5714285970
62105  -27.320  -19.601  15.004 0.4285714328
62120  -27.485  -20.238  13.003 0.5714285970
64004  -28.804  -18.243  13.555 0.5714285970
61174  -26.707  -20.308  12.756 0.7142857313
63049  -28.449  -19.053  13.155 0.7142857313
63050  -28.696  -18.650  12.700 0.7142857313
64021  -29.333  -17.979  12.896 0.5714285970
61175  -27.038  -20.312  12.752 0.5714285970
62117  -24.855  -19.580  13.927 0.5714285970
63054  -27.310  -19.619  12.514 0.8571428657
64022  -30.157  -18.383  12.180 0.7142857313
63047  -26.739  -19.245  12.648 0.5714285970
63064  -31.117  -19.196  11.055 0.7142857313
65108  -30.983  -17.578  12.347 0.5714285970
63056  -28.608  -18.524  12.394 0.7142857313
63058  -30.307  -18.967  11.363 0.7142857313
63071  -31.753  -19.129  10.893 0.5714285970
63062  -29.128  -18.480  11.581 0.7142857313
64051  -33.362  -18.294  11.224 0.5714285970
64035  -28.380  -18.326  11.987 0.5714285970
63070  -31.064  -19.067  10.821 0.7142857313
65125  -32.215  -17.634  9.972 0.7142857313
115560  -32.790  -18.334  10.414 0.7142857313
65118  -29.547  -17.743  10.638 0.7142857313
64061  -30.954  -18.416  10.366 0.7142857313
65124  -31.283  -17.751  9.980 0.7142857313
66044  -33.449  -15.411  8.831 0.7142857313
65132  -33.712  -16.158  9.340 0.5714285970
125741  -30.714  -16.897  10.026 0.7142857313
65116  -27.929  -16.880  11.538 0.5714285970
66939  -33.603  -14.399  8.243 0.5714285970
66948  -34.040  -14.028  7.911 0.5714285970
66031  -29.893  -16.515  10.553 0.8571428657
114682  -29.031  -16.798  10.934 0.8571428657
67853  -33.054  -13.780  8.134 0.7142857313
67852  -32.308  -13.817  9.395 0.7142857313
66032  -30.792  -15.967  10.210 0.8571428657
66931  -32.089  -14.649  9.723 0.7142857313
69792  -31.317  -11.822  10.662 0.8571428657
68814  -32.588  -12.248  8.229 0.5714285970
127566  -32.118  -13.167  10.188 0.8571428657
67840  -30.466  -13.170  11.755 0.8571428657
66930  -31.072  -14.915  10.455 0.8571428657
66922  -31.537  -13.753  10.720 0.8571428657
116295  -30.697  -10.317  11.735 0.8571428657
71634  -30.745  -9.788  10.947 0.8571428657
72465  -30.327  -8.324  12.659 0.8571428657
68801  -31.429  -12.725  10.975 0.8571428657
70708  -30.336  -10.174  12.610 0.8571428657
71600  -29.573  -9.404  13.432 1.0000000000
71601  -30.271  -9.259  12.895 1.0000000000
118947  -30.457  -11.011  12.254 0.8571428657
72463  -29.079  -8.755  13.729 1.0000000000
70695  -29.912  -9.995  13.156 1.0000000000
136970  -28.134  -7.641  14.180 1.0000000000
74167  -25.986  -6.596  14.504 0.7142857313
119303  -28.564  -8.118  13.954 1.0000000000
119304  -27.598  -8.284  14.041 1.0000000000
126365  -27.893  -6.962  14.579 1.0000000000
129197  -25.603  -3.063  13.602 1.0000000000
117472  -24.991  -2.992  13.252 0.8571428657
78699  -24.441  -1.364  13.367 0.8571428657
81492  -24.025  1.809  13.032 0.8571428657
80572  -23.842  0.827  12.636 0.8571428657
80557  -24.364  0.185  12.918 1.0000000000
126949  -23.642  4.167  12.596 0.8571428657
131579  -24.377  3.294  12.726 0.8571428657
83963  -23.085  4.615  12.527 0.7142857313
83174  -22.169  3.278  12.298 0.5714285970
84705  -22.481  5.127  11.969 0.7142857313
119680  -23.650  6.043  12.256 0.5714285970
118012  -20.531  4.839  11.263 0.5714285970
83961  -21.627  3.875  11.802 0.5714285970
84718  -19.690  5.616  10.754 0.4285714328
85444  -19.958  6.890  9.935 0.4285714328
86197  -20.954  7.489  10.672 0.4285714328
86179  -18.292  7.106  11.534 0.2857142985
86166  -19.103  7.404  12.484 0.2857142985
85432  -18.058  6.284  11.149 0.2857142985
86167  -19.999  7.420  13.601 0.2857142985
55433  -22.155  -26.327  20.442 0.2857142985
61169  -26.916  -20.577  13.486 0.5714285970
68815  -33.261  -13.039  7.835 0.5714285970
66033  -31.800  -15.680  9.723 0.7142857313
66932  -32.766  -15.150  9.029 0.7142857313
68806  -32.062  -12.526  9.872 0.8571428657
70717  -31.191  -11.084  10.288 0.8571428657
133850  -30.943  -10.478  10.930 0.8571428657
71619  -30.508  -9.545  12.004 0.8571428657
75021  -26.286  -5.517  14.571 0.8571428657
86154  -20.732  8.210  15.726 0.1428571492
126242  -21.503  -26.363  20.148 0.2857142985
56404  -22.578  -25.659  20.152 0.2857142985
56422  -23.007  -25.200  19.617 0.4285714328
57487  -24.275  -24.299  19.234 0.4285714328
56433  -22.069  -25.432  18.138 0.2857142985
57485  -22.266  -25.427  19.320 0.4285714328
58448  -24.463  -23.913  18.326 0.4285714328
58478  -24.287  -24.111  16.009 0.5714285970
135014  -23.726  -23.535  15.401 0.2857142985
138238  -25.276  -22.790  15.039 0.7142857313
60268  -25.319  -21.664  13.967 0.5714285970
63033  -28.323  -18.292  15.188 0.4285714328
61167  -25.960  -21.144  13.682 0.7142857313
62114  -27.443  -19.991  13.826 0.7142857313
63048  -28.025  -19.657  13.235 0.5714285970
63042  -28.335  -18.665  14.022 0.4285714328
62121  -28.175  -19.284  12.771 0.7142857313
63057  -29.430  -18.656  11.950 0.7142857313
62118  -25.661  -19.824  13.424 0.5714285970
62119  -26.442  -20.009  12.726 0.5714285970
64064  -33.756  -17.996  10.828 0.5714285970
128504  -27.379  -18.693  12.496 0.5714285970
64037  -32.885  -18.212  11.722 0.5714285970
64050  -29.446  -18.512  11.031 0.7142857313
128441  -29.781  -18.834  11.311 0.7142857313
65126  -33.240  -17.253  10.104 0.5714285970
64034  -27.908  -17.687  11.835 0.8571428657
122964  -31.549  -16.769  9.755 0.7142857313
69798  -31.801  -11.747  9.360 0.5714285970
68794  -29.874  -12.427  12.471 1.0000000000
73302  -30.027  -7.777  13.123 1.0000000000
71598  -27.671  -9.833  13.655 1.0000000000
119092  -24.578  -5.013  13.607 0.7142857313
122408  -25.438  -4.990  13.861 1.0000000000
75002  -27.014  -4.711  14.507 1.0000000000
76793  -25.268  -3.601  13.523 0.7142857313
75001  -26.186  -4.472  14.154 1.0000000000
75909  -24.134  -4.381  13.134 0.7142857313
77708  -24.665  -2.234  13.424 0.8571428657
134363  -24.697  -0.187  13.190 1.0000000000
79641  -25.100  -0.588  13.575 1.0000000000
83175  -22.972  3.824  12.532 0.7142857313
85443  -19.259  6.253  9.711 0.7142857313
83971  -21.505  4.704  11.481 0.7142857313
84720  -21.740  5.608  11.519 0.7142857313
83969  -20.019  4.473  11.345 0.4285714328
86196  -18.659  7.615  10.708 0.2857142985
85463  -19.243  6.984  9.631 0.4285714328
127684  -21.989  7.171  11.404 0.4285714328
86214  -20.030  7.926  10.079 0.4285714328
86934  -19.507  8.212  12.276 0.2857142985
86957  -19.441  7.869  10.120 0.4285714328
121049  -24.733  -22.594  14.679 0.4285714328
61160  -24.660  -21.869  14.375 0.4285714328
85462  -18.758  6.399  9.641 0.4285714328
121425  -20.029  6.169  10.399 0.7142857313
86213  -18.733  6.920  9.790 0.2857142985
86180  -18.751  7.877  11.674 0.2857142985
54493  -21.053  -27.760  20.845 0.4285714328
54495  -22.914  -27.774  21.362 0.4285714328
117377  -20.773  -27.293  20.347 0.2857142985
55415  -23.479  -27.105  21.067 0.4285714328
55449  -21.133  -26.101  19.575 0.2857142985
57501  -22.967  -25.269  17.812 0.4285714328
57512  -22.535  -25.225  17.132 0.4285714328
58463  -22.936  -24.938  16.376 0.4285714328
59413  -24.914  -23.068  14.927 0.5714285970
60263  -25.228  -22.355  14.393 0.5714285970
118058  -26.526  -20.592  13.221 0.5714285970
63032  -27.805  -19.125  14.499 0.4285714328
62126  -27.533  -19.901  12.686 0.7142857313
61173  -26.224  -20.462  13.195 0.7142857313
62125  -26.982  -20.095  12.471 0.7142857313
62113  -25.293  -20.603  13.775 0.7142857313
63055  -27.895  -19.076  12.555 0.5714285970
63065  -32.083  -18.944  11.131 0.5714285970
64062  -31.876  -18.684  10.437 0.7142857313
133224  -27.853  -18.331  12.270 0.7142857313
64049  -28.571  -17.874  11.364 0.8571428657
66034  -32.684  -16.289  9.536 0.7142857313
65117  -28.436  -16.936  11.225 0.8571428657
68807  -32.520  -13.157  8.779 0.8571428657
68800  -30.552  -11.980  11.723 0.8571428657
122309  -30.873  -11.086  11.312 0.8571428657
127775  -30.395  -14.247  11.321 0.8571428657
70707  -29.843  -10.859  12.988 1.0000000000
73300  -27.346  -7.691  14.227 1.0000000000
134170  -24.997  -5.536  13.679 0.8571428657
121016  -23.869  2.746  12.665 0.8571428657
83176  -23.741  3.509  12.588 0.8571428657
83962  -22.319  4.235  12.125 0.7142857313
84706  -23.327  5.399  12.395 0.7142857313
84719  -20.736  5.547  11.108 0.5714285970
84717  -19.283  5.401  11.135 0.4285714328
84735  -18.766  5.768  9.972 0.4285714328
85426  -19.484  6.754  13.174 0.2857142985
85442  -18.245  6.135  10.031 0.2857142985
59412  -24.250  -23.043  15.052 0.2857142985
75911  -25.554  -4.175  13.798 1.0000000000
85445  -21.153  6.466  11.044 0.5714285970
130180  -22.188  10.113  9.640 0.2857142985
88387  -20.750  10.955  9.216 0.1428571492
86960  -21.811  9.118  10.577 0.2857142985
88379  -20.990  10.433  10.098 0.1428571492
89052  -20.677  11.391  9.666 0.1428571492
87655  -19.970  8.727  10.757 0.1428571492
86959  -20.825  8.874  10.628 0.2857142985
87656  -20.487  9.363  11.183 0.1428571492
87657  -23.477  8.957  10.628 0.2857142985
87668  -21.935  9.631  10.079 0.2857142985
85464  -26.997  6.598  10.966 0.2857142985
131823  -25.321  7.840  11.481 0.2857142985
88371  -21.020  10.648  11.077 0.1428571492
86946  -21.043  8.206  10.667 0.2857142985
86183  -25.076  6.584  12.141 0.2857142985
127763  -27.650  4.347  11.531 0.1428571492
86200  -25.405  7.212  11.686 0.2857142985
86199  -24.636  7.760  11.611 0.2857142985
88370  -20.987  9.870  10.818 0.1428571492
86181  -23.637  7.558  11.643 0.2857142985
86948  -22.811  8.498  10.841 0.2857142985
128059  -27.587  2.218  10.188 0.1428571492
83189  -27.833  3.528  11.307 0.1428571492
85448  -26.629  6.176  11.560 0.4285714328
85433  -23.618  6.704  11.983 0.2857142985
81480  -27.542  1.510  13.059 0.2857142985
83964  -26.456  4.410  12.754 0.4285714328
84707  -24.236  5.576  12.533 0.2857142985
80574  -28.533  0.178  12.326 0.1428571492
82370  -27.547  2.865  12.744 0.2857142985
120653  -24.889  4.946  12.652 0.4285714328
82368  -25.650  2.794  13.295 0.5714285970
83177  -24.476  4.049  12.641 0.7142857313
138506  -28.735  -1.490  12.384 0.1428571492
80561  -28.235  0.030  13.082 0.1428571492
129275  -25.126  3.477  12.935 0.7142857313
81479  -26.714  1.427  13.293 0.4285714328
77738  -29.224  -3.097  12.045 0.2857142985
77711  -28.462  -2.253  13.431 0.7142857313
78700  -25.320  -1.572  13.774 0.8571428657
79643  -27.442  -0.639  13.866 0.8571428657
81478  -25.857  1.320  13.344 0.5714285970
76825  -29.204  -3.984  11.645 0.2857142985
80559  -26.311  0.741  13.445 0.7142857313
81491  -23.324  1.449  12.284 0.5714285970
130558  -25.509  0.747  13.340 0.8571428657
75940  -29.174  -4.855  11.326 0.1428571492
77700  -28.190  -2.829  13.990 0.7142857313
75068  -29.022  -5.548  10.733 0.1428571492
70705  -25.272  -10.458  12.142 0.5714285970
72462  -27.092  -9.079  13.717 0.8571428657
126968  -26.549  -8.197  13.863 0.8571428657
129139  -25.752  -8.372  13.369 0.4285714328
73299  -25.655  -7.555  13.912 0.5714285970
76794  -26.068  -3.566  13.930 0.8571428657
75023  -28.709  -5.300  14.188 0.8571428657
77710  -26.208  -2.737  13.882 0.8571428657
137541  -29.315  -6.007  11.160 0.2857142985
75895  -28.673  -4.407  14.136 0.8571428657
77699  -27.533  -2.735  14.191 0.8571428657
123434  -25.854  0.096  13.708 0.8571428657
74215  -27.627  -7.479  8.256 0.4285714328
75913  -29.399  -5.073  13.116 0.7142857313
122798  -28.674  -3.094  13.582 0.7142857313
132661  -24.955  -10.947  11.939 0.2857142985
71597  -26.669  -10.018  13.190 0.5714285970
71618  -25.746  -9.799  12.579 0.5714285970
116131  -28.097  -8.975  13.973 0.8571428657
75022  -27.980  -5.892  14.991 0.8571428657
134310  -27.207  -5.489  15.014 0.8571428657
75003  -27.924  -4.960  14.540 0.8571428657
75894  -27.840  -4.131  14.413 0.8571428657
74201  -29.484  -6.600  10.967 0.4285714328
74169  -29.479  -6.452  13.366 0.8571428657
75912  -29.185  -4.751  13.606 0.8571428657
73348  -28.862  -7.686  9.021 0.4285714328
66910  -26.688  -15.026  12.105 0.7142857313
129724  -25.893  -14.430  12.330 0.4285714328
66020  -27.418  -15.810  11.780 0.7142857313
66911  -28.372  -14.578  11.835 0.8571428657
67837  -27.174  -13.725  12.197 0.5714285970
121847  -25.766  -11.787  12.002 0.5714285970
124344  -24.941  -11.685  11.943 0.4285714328
122940  -28.757  -13.260  12.456 0.8571428657
119482  -26.958  -12.013  12.467 0.5714285970
70706  -26.091  -10.605  12.383 0.5714285970
69781  -30.071  -11.619  12.572 0.8571428657
69763  -28.045  -11.273  13.145 0.7142857313
69762  -27.194  -11.397  12.829 0.5714285970
119305  -30.393  -9.245  10.443 0.7142857313
72496  -30.394  -9.023  11.326 0.7142857313
73301  -29.894  -7.062  12.773 0.7142857313
71655  -30.083  -9.804  7.173 0.2857142985
72502  -30.159  -9.045  9.217 0.4285714328
73349  -29.731  -8.226  9.982 0.5714285970
64020  -26.757  -17.932  12.817 0.4285714328
65105  -25.796  -16.260  12.787 0.4285714328
114445  -25.850  -15.289  12.504 0.4285714328
66022  -30.093  -15.267  10.939 0.7142857313
66920  -28.688  -15.257  11.552 0.7142857313
66921  -29.362  -14.666  11.599 0.7142857313
68793  -29.075  -12.595  12.734 0.8571428657
70723  -31.442  -11.067  9.031 0.7142857313
70736  -30.848  -10.642  7.382 0.2857142985
70729  -30.972  -10.530  8.667 0.5714285970
71638  -30.621  -9.824  9.659 0.5714285970
64019  -25.978  -18.105  13.197 0.4285714328
65094  -25.234  -17.188  13.366 0.5714285970
65107  -27.375  -16.771  12.042 0.5714285970
66011  -26.688  -15.938  12.274 0.5714285970
127526  -29.261  -15.710  11.193 0.7142857313
132198  -33.056  -12.275  7.766 0.4285714328
69813  -31.818  -11.394  7.005 0.4285714328
70737  -31.377  -11.146  6.917 0.4285714328
70730  -31.323  -11.181  7.524 0.4285714328
62112  -24.269  -19.906  14.309 0.5714285970
65109  -31.967  -17.108  12.434 0.4285714328
64038  -34.243  -17.687  11.774 0.4285714328
66933  -34.317  -14.062  9.320 0.4285714328
66045  -34.015  -15.205  8.492 0.4285714328
127031  -34.056  -12.712  9.416 0.4285714328
68816  -33.585  -12.881  7.859 0.4285714328
58449  -25.037  -23.387  18.144 0.1428571492
65128  -35.126  -17.078  10.957 0.4285714328
132406  -34.949  -16.440  10.749 0.4285714328
66923  -34.356  -14.480  10.583 0.4285714328
59398  -25.428  -22.785  16.968 0.1428571492
122145  -25.821  -22.246  17.143 0.1428571492
62095  -27.543  -19.621  16.071 0.2857142985
65070  -31.825  -16.681  15.250 0.2857142985
65101  -36.581  -17.330  14.191 0.2857142985
65099  -33.545  -16.583  13.459 0.2857142985
64005  -29.435  -17.323  14.170 0.4285714328
65999  -36.759  -17.022  13.762 0.2857142985
65111  -34.838  -17.409  12.736 0.2857142985
65097  -31.177  -16.636  13.169 0.2857142985
66013  -36.387  -17.126  12.850 0.2857142985
131714  -36.049  -17.501  12.414 0.4285714328
59385  -25.574  -22.941  17.910 0.1428571492
60246  -26.244  -21.712  17.207 0.2857142985
61137  -26.704  -20.982  16.770 0.2857142985
62097  -28.626  -18.254  16.328 0.2857142985
63971  -30.853  -17.349  16.272 0.2857142985
63970  -29.824  -17.271  15.848 0.2857142985
65069  -30.707  -16.809  15.383 0.2857142985
59399  -26.026  -22.330  17.843 0.1428571492
61139  -28.175  -19.953  17.781 0.2857142985
60234  -26.843  -21.860  18.155 0.2857142985
61152  -27.752  -19.707  17.046 0.2857142985
61138  -27.418  -20.403  17.394 0.2857142985
62096  -28.179  -19.064  16.699 0.2857142985
55435  -23.912  -26.290  20.815 0.2857142985
57466  -23.760  -24.838  19.937 0.2857142985
58429  -25.130  -23.606  19.174 0.1428571492
53522  -22.361  -28.408  21.605 0.2857142985
53499  -21.816  -29.039  21.869 0.2857142985
127943  -24.265  -25.456  20.529 0.2857142985
53523  -23.254  -28.435  21.730 0.1428571492
53498  -20.775  -28.984  21.437 0.2857142985
52506  -20.989  -29.402  22.096 0.1428571492
61125  -27.896  -20.710  18.121 0.2857142985
62081  -28.866  -18.789  17.277 0.2857142985
65058  -31.515  -17.117  15.871 0.2857142985
63969  -28.942  -17.637  15.649 0.2857142985
65082  -32.338  -16.376  14.335 0.2857142985
65110  -33.145  -16.907  12.502 0.4285714328
65112  -36.414  -17.510  13.055 0.2857142985
66914  -35.524  -16.158  12.466 0.2857142985
115821  -26.700  -14.225  12.099 0.7142857313
66924  -34.910  -15.851  11.231 0.4285714328
69778  -27.690  -12.050  12.766 0.5714285970
67871  -34.183  -14.174  8.052 0.4285714328
69806  -31.957  -11.568  7.949 0.4285714328
70738  -32.519  -10.945  6.927 0.2857142985
119464  -31.090  -10.159  6.993 0.2857142985
71643  -30.286  -10.035  8.147 0.5714285970
79640  -24.280  -0.538  13.086 0.7142857313
73323  -29.968  -7.139  11.763 0.7142857313
78701  -26.266  -1.911  13.905 0.8571428657
128424  -23.097  3.007  12.446 0.4285714328
82366  -23.280  2.224  12.498 0.5714285970
82356  -25.135  1.827  13.338 0.7142857313
72508  -29.071  -8.616  8.317 0.2857142985
77698  -27.004  -2.335  14.128 0.8571428657
138267  -25.301  1.194  13.293 0.8571428657
76812  -29.354  -3.763  12.612 0.5714285970
85447  -22.888  7.088  11.716 0.2857142985
127536  -28.073  0.810  12.939 0.4285714328
82358  -27.115  2.185  13.190 0.4285714328
88358  -21.144  10.637  12.252 0.1428571492
84721  -26.872  5.570  11.783 0.2857142985
87658  -24.369  8.839  10.864 0.2857142985
55416  -24.542  -27.171  21.063 0.1428571492
57467  -24.642  -24.692  20.191 0.1428571492
59363  -25.842  -23.226  18.687 0.1428571492
59364  -26.573  -23.012  19.020 0.1428571492
59387  -27.386  -22.082  18.821 0.1428571492
61150  -26.689  -21.100  15.566 0.2857142985
65071  -33.170  -16.609  15.173 0.2857142985
63986  -28.795  -17.790  14.681 0.2857142985
63987  -29.315  -17.299  15.134 0.2857142985
66010  -24.859  -15.645  12.858 0.2857142985
66898  -35.971  -16.181  13.442 0.2857142985
66897  -34.805  -15.042  13.074 0.2857142985
115934  -27.245  -14.929  11.873 0.7142857313
66012  -27.898  -15.320  11.640 0.5714285970
67835  -25.148  -13.196  12.310 0.4285714328
116489  -25.865  -13.690  12.264 0.5714285970
66913  -34.471  -14.847  11.966 0.4285714328
70704  -24.516  -10.441  11.993 0.2857142985
69776  -25.614  -11.134  11.979 0.5714285970
66035  -34.154  -15.963  9.322 0.4285714328
135650  -27.596  -13.310  12.395 0.7142857313
71617  -24.762  -9.715  12.211 0.2857142985
68802  -33.574  -12.614  10.897 0.1428571492
69808  -33.433  -11.918  7.984 0.4285714328
137225  -33.237  -11.274  8.451 0.1428571492
122706  -28.984  -7.221  14.079 0.8571428657
133076  -32.907  -10.652  8.206 0.1428571492
72509  -29.423  -9.488  7.456 0.2857142985
73342  -29.626  -7.388  10.576 0.5714285970
75044  -29.465  -5.652  12.751 0.7142857313
78689  -27.228  -1.509  14.000 0.8571428657
74214  -26.879  -7.352  7.559 0.2857142985
74207  -28.049  -6.446  8.718 0.1428571492
86944  -19.292  8.495  11.185 0.2857142985
75927  -29.405  -4.989  12.371 0.4285714328
129403  -28.815  -6.223  10.291 0.4285714328
75939  -28.627  -4.466  10.567 0.1428571492
79644  -28.091  -0.579  13.412 0.5714285970
76824  -28.884  -3.473  11.039 0.1428571492
77722  -28.839  -2.166  12.480 0.1428571492
79663  -28.716  -0.849  12.206 0.1428571492
88357  -20.734  10.082  11.620 0.1428571492
80560  -27.212  0.793  13.329 0.5714285970
78727  -28.849  -1.642  11.789 0.1428571492
81494  -28.435  1.152  12.148 0.1428571492
84709  -26.208  5.714  12.128 0.2857142985
83965  -27.251  4.409  12.264 0.2857142985
82371  -27.995  2.270  12.287 0.2857142985
81506  -28.372  1.529  11.461 0.1428571492
128405  -28.135  1.920  10.840 0.1428571492
82390  -27.916  2.701  10.975 0.1428571492
84736  -27.303  5.948  10.636 0.2857142985
84001  -27.317  5.290  9.984 0.1428571492
122373  -27.505  4.385  10.144 0.1428571492
114929  -24.828  -27.945  21.410 0.1428571492
58430  -26.202  -23.481  19.599 0.1428571492
65072  -34.535  -16.836  15.070 0.2857142985
135267  -30.231  -9.664  7.025 0.2857142985
82398  -27.104  2.766  9.539 0.1428571492
84749  -27.145  6.124  9.740 0.2857142985
53520  -20.497  -28.449  20.903 0.2857142985
60245  -25.791  -22.353  16.372 0.2857142985
61162  -27.059  -20.337  15.330 0.2857142985
65096  -30.189  -17.149  13.286 0.4285714328
64033  -27.371  -17.685  12.412 0.4285714328
67862  -33.951  -13.856  7.855 0.4285714328
66021  -28.507  -16.039  11.324 0.7142857313
67839  -29.504  -13.199  12.314 0.7142857313
73324  -30.223  -7.646  12.423 0.7142857313
69764  -28.960  -11.094  13.212 0.8571428657
70693  -28.348  -10.458  13.449 0.8571428657
119344  -26.944  -6.349  15.165 0.8571428657
82367  -24.662  2.671  13.062 0.7142857313
125874  -23.932  4.804  12.632 0.5714285970
85446  -22.626  6.214  11.865 0.2857142985
85434  -24.382  6.315  12.295 0.2857142985
133507  -21.715  7.836  10.946 0.2857142985
61166  -24.554  -21.034  14.142 0.5714285970
62106  -27.858  -18.882  15.687 0.2857142985
65119  -35.459  -17.485  11.776 0.4285714328
70692  -27.415  -10.657  13.270 0.5714285970
76779  -26.882  -3.093  14.202 0.8571428657
79642  -26.303  -0.823  13.970 0.8571428657
86198  -22.616  7.784  11.255 0.2857142985
86958  -20.138  8.524  10.428 0.2857142985
66912  -28.954  -13.873  12.061 0.8571428657
88380  -21.299  10.389  9.788 0.1428571492
125138  -20.907  10.897  10.055 0.1428571492
87667  -21.150  9.732  10.386 0.2857142985
87669  -22.928  9.539  10.138 0.2857142985
87666  -20.675  9.101  10.803 0.1428571492
86961  -22.588  9.132  10.442 0.2857142985
86201  -26.319  6.946  11.347 0.2857142985
86950  -25.065  8.404  11.247 0.2857142985
86182  -24.456  7.025  11.920 0.2857142985
85435  -25.826  6.418  11.907 0.2857142985
84708  -25.236  5.845  12.440 0.2857142985
136808  -23.280  8.046  11.282 0.2857142985
86949  -23.910  8.344  11.266 0.2857142985
83972  -26.743  5.077  12.280 0.2857142985
83984  -27.654  5.068  10.960 0.1428571492
128025  -27.808  4.190  10.883 0.1428571492
83198  -27.626  3.358  10.309 0.1428571492
82382  -27.900  2.889  11.856 0.1428571492
84722  -27.234  5.745  11.267 0.1428571492
136051  -28.272  1.784  12.029 0.1428571492
83178  -26.082  3.641  13.152 0.5714285970
83179  -27.009  3.692  12.834 0.4285714328
126467  -25.490  4.285  12.806 0.5714285970
80586  -28.518  0.670  11.318 0.1428571492
79653  -28.405  -0.485  12.826 0.1428571492
83180  -27.633  3.649  12.138 0.2857142985
82383  -28.149  2.210  11.585 0.2857142985
82369  -26.634  2.913  13.249 0.4285714328
82357  -26.200  2.080  13.357 0.5714285970
123212  -27.995  -1.373  13.686 0.4285714328
117909  -27.714  0.115  13.533 0.5714285970
76811  -28.998  -3.010  12.993 0.5714285970
78690  -27.818  -2.151  13.963 0.7142857313
127809  -26.846  0.099  13.831 0.7142857313
132099  -29.381  -4.396  12.209 0.5714285970
75058  -29.379  -5.528  11.720 0.4285714328
76780  -27.653  -3.360  14.304 0.8571428657
70691  -26.732  -10.843  12.842 0.5714285970
71596  -26.219  -9.055  13.182 0.5714285970
72460  -25.090  -8.070  12.940 0.4285714328
72461  -25.344  -8.983  12.780 0.4285714328
74168  -28.817  -6.230  14.214 0.8571428657
75024  -29.263  -5.568  13.583 0.8571428657
74189  -29.616  -6.308  12.082 0.4285714328
74208  -28.677  -6.975  9.744 0.5714285970
76795  -29.127  -3.830  13.503 0.8571428657
115865  -27.502  -14.476  11.946 0.7142857313
67838  -28.046  -13.767  12.254 0.7142857313
121281  -25.841  -13.009  12.283 0.4285714328
68790  -26.306  -12.394  12.239 0.5714285970
69777  -26.377  -11.445  12.304 0.5714285970
68789  -25.418  -12.445  12.129 0.4285714328
68788  -24.410  -12.675  12.070 0.2857142985
69779  -28.582  -11.957  13.006 0.8571428657
118639  -30.188  -8.706  10.589 0.5714285970
73343  -30.306  -8.080  11.497 0.7142857313
65106  -26.736  -16.889  12.674 0.5714285970
131437  -25.507  -16.725  13.156 0.5714285970
69807  -32.545  -11.591  7.649 0.4285714328
71649  -32.296  -10.274  7.076 0.2857142985
65098  -32.146  -16.439  13.250 0.2857142985
64039  -35.632  -17.602  12.117 0.4285714328
66934  -34.470  -15.210  9.572 0.4285714328
67848  -34.206  -13.366  9.993 0.4285714328
68808  -33.897  -12.423  8.494 0.4285714328
66023  -35.658  -17.004  11.837 0.4285714328
61151  -27.205  -20.345  16.394 0.2857142985
129020  -31.122  -16.349  14.508 0.2857142985
65100  -35.593  -17.434  13.831 0.2857142985
116944  -30.774  -16.429  13.854 0.2857142985
65068  -29.851  -16.952  15.050 0.2857142985
128725  -26.196  -22.850  18.401 0.1428571492
60247  -27.071  -21.137  17.739 0.2857142985
63016  -29.360  -17.782  16.298 0.2857142985
59386  -26.750  -22.503  18.579 0.1428571492
124952  -28.379  -19.338  17.442 0.2857142985
53500  -22.825  -28.944  22.044 0.1428571492
53501  -23.544  -28.881  22.103 0.1428571492
69815  -32.873  -11.409  7.636 0.2857142985
120025  -23.932  -28.573  21.858 0.1428571492
87647  -20.379  9.550  11.965 0.1428571492
79652  -22.692  -0.063  11.782 0.5714285970
78713  -23.101  -1.814  12.468 0.4285714328
78712  -22.261  -1.592  12.112 0.4285714328
115281  -22.887  -0.927  12.274 0.5714285970
77720  -23.382  -2.707  12.512 0.4285714328
78698  -23.664  -1.138  12.823 0.5714285970
79639  -23.564  -0.132  12.463 0.4285714328
117232  -23.855  -5.220  13.356 0.4285714328
76791  -23.635  -3.646  12.641 0.4285714328
126524  -22.752  -4.040  12.587 0.4285714328
77721  -24.247  -2.894  12.821 0.5714285970
78714  -23.901  -2.036  12.936 0.5714285970
74166  -25.259  -6.671  13.775 0.5714285970
65975  -36.704  -16.895  15.106 0.1428571492
66886  -36.000  -16.086  14.266 0.1428571492
58476  -22.538  -24.294  16.015 0.2857142985
65083  -34.057  -16.642  14.481 0.1428571492
135809  -35.028  -16.377  17.224 0.1428571492
65073  -36.260  -17.338  15.635 0.1428571492
65950  -34.035  -15.887  17.287 0.1428571492
65966  -35.177  -16.124  15.796 0.1428571492
66835  -33.552  -14.923  17.123 0.1428571492
65059  -32.612  -17.209  15.844 0.1428571492
119502  -35.245  -17.932  16.250 0.1428571492
63974  -36.177  -17.628  16.163 0.1428571492
126610  -34.106  -16.903  18.538 0.1428571492
63954  -36.270  -17.759  16.733 0.1428571492
65909  -33.293  -15.600  21.116 0.1428571492
65920  -33.223  -16.114  18.938 0.1428571492
66796  -33.097  -15.170  20.330 0.1428571492
58462  -21.980  -24.776  16.696 0.2857142985
128808  -29.786  -18.896  17.604 0.1428571492
63001  -30.497  -18.415  17.216 0.1428571492
63953  -31.186  -17.914  16.882 0.1428571492
131804  -29.540  -18.320  16.898 0.1428571492
63972  -31.811  -17.574  16.390 0.1428571492
63021  -35.748  -18.306  16.849 0.1428571492
63019  -33.597  -18.135  16.452 0.1428571492
133183  -35.691  -17.884  17.646 0.1428571492
63938  -34.837  -17.768  18.249 0.1428571492
63916  -33.082  -17.336  20.412 0.1428571492
64999  -33.409  -16.367  21.664 0.1428571492
65018  -33.065  -16.588  19.711 0.1428571492
125932  -21.808  -25.191  17.378 0.2857142985
57500  -21.236  -25.205  18.012 0.2857142985
61126  -28.719  -20.349  18.337 0.1428571492
62068  -30.172  -19.654  17.995 0.1428571492
62082  -30.843  -19.226  17.514 0.1428571492
63002  -31.540  -18.733  17.136 0.1428571492
63004  -34.161  -18.980  17.204 0.1428571492
63018  -32.343  -18.233  16.723 0.1428571492
123049  -34.191  -19.071  18.322 0.1428571492
62975  -33.266  -18.297  19.959 0.1428571492
62986  -34.041  -18.336  18.741 0.1428571492
65888  -34.512  -15.894  22.153 0.1428571492
61127  -29.622  -20.208  18.376 0.1428571492
61114  -29.246  -20.698  18.916 0.1428571492
62069  -31.188  -19.974  17.713 0.1428571492
61128  -30.577  -20.297  18.329 0.1428571492
62085  -34.006  -19.675  17.244 0.1428571492
123013  -32.617  -19.117  16.926 0.1428571492
62070  -34.376  -18.952  17.730 0.1428571492
62948  -33.025  -18.165  21.517 0.1428571492
131506  -33.530  -18.993  19.164 0.1428571492
63893  -33.391  -17.647  22.089 0.1428571492
60221  -28.930  -21.265  19.415 0.1428571492
60235  -27.627  -21.447  18.471 0.1428571492
60224  -31.597  -21.158  18.562 0.1428571492
61116  -30.920  -20.722  19.021 0.1428571492
61115  -30.129  -20.596  19.016 0.1428571492
61140  -32.134  -20.330  17.285 0.1428571492
61129  -31.343  -20.577  18.109 0.1428571492
61142  -33.442  -21.017  17.044 0.1428571492
61141  -32.984  -20.680  16.906 0.1428571492
61130  -34.088  -20.773  17.767 0.1428571492
62055  -33.961  -19.779  18.905 0.1428571492
124032  -34.342  -19.938  17.971 0.1428571492
62962  -32.947  -18.580  20.822 0.1428571492
123370  -31.658  -22.046  19.199 0.1428571492
60223  -31.068  -21.316  19.555 0.1428571492
60222  -30.359  -21.003  19.640 0.1428571492
113951  -32.780  -21.665  16.934 0.1428571492
119606  -32.064  -21.820  18.200 0.1428571492
60248  -32.577  -21.013  17.107 0.1428571492
125887  -33.551  -20.328  19.731 0.1428571492
61117  -34.080  -20.552  18.657 0.1428571492
132548  -31.890  -20.890  17.637 0.1428571492
137787  -33.479  -19.362  16.969 0.1428571492
63017  -30.195  -17.794  16.638 0.1428571492
63894  -34.132  -17.202  22.412 0.1428571492
65901  -34.699  -15.172  21.864 0.1428571492
63906  -33.109  -17.234  21.443 0.1428571492
65030  -35.415  -17.327  17.787 0.1428571492
65084  -35.900  -17.565  14.544 0.1428571492
66876  -35.605  -16.007  14.967 0.1428571492
56432  -21.254  -25.441  18.541 0.2857142985
62043  -33.168  -19.336  20.123 0.1428571492
62028  -33.067  -19.165  21.469 0.1428571492
64985  -34.739  -16.463  22.356 0.1428571492
65902  -35.654  -15.241  21.754 0.1428571492
75020  -24.457  -5.733  13.439 0.4285714328
66789  -34.462  -14.423  21.387 0.1428571492
65006  -32.929  -15.856  20.386 0.1428571492
66788  -33.894  -14.977  21.433 0.1428571492
65936  -33.167  -15.243  18.855 0.1428571492
66797  -33.344  -14.403  20.404 0.1428571492
66875  -34.916  -15.078  14.749 0.1428571492
66885  -34.983  -15.096  13.982 0.1428571492
80571  -23.149  0.721  11.852 0.4285714328
122415  -22.821  1.856  12.101 0.4285714328
84748  -26.786  5.516  9.019 0.1428571492
85465  -27.092  6.689  10.292 0.1428571492
65085  -36.678  -17.293  14.853 0.1428571492
60220  -28.049  -21.709  19.262 0.1428571492
62067  -29.056  -19.510  17.934 0.1428571492
67825  -33.957  -13.849  12.676 0.1428571492
67841  -33.935  -13.623  11.455 0.1428571492
65060  -36.001  -16.871  16.216 0.1428571492
65951  -35.076  -16.252  16.678 0.1428571492
65046  -34.784  -16.581  17.701 0.1428571492
63989  -35.969  -17.694  15.670 0.1428571492
65937  -33.600  -16.028  18.162 0.1428571492
66857  -34.019  -14.919  16.275 0.1428571492
134380  -32.689  -17.734  16.338 0.1428571492
63973  -33.599  -17.602  16.115 0.1428571492
63988  -34.373  -17.223  15.600 0.1428571492
63022  -36.218  -18.039  16.624 0.1428571492
63928  -33.657  -17.579  19.211 0.1428571492
62988  -36.028  -18.123  17.221 0.1428571492
65919  -32.988  -15.603  19.649 0.1428571492
63020  -34.632  -18.463  16.840 0.1428571492
63005  -35.078  -18.527  17.321 0.1428571492
62987  -35.082  -18.315  17.923 0.1428571492
62083  -31.899  -19.576  17.228 0.1428571492
60236  -28.405  -21.038  18.755 0.1428571492
136843  -29.689  -20.924  19.471 0.1428571492
62084  -33.008  -19.912  16.901 0.1428571492
120400  -33.751  -20.350  17.198 0.1428571492
60237  -32.212  -21.398  17.511 0.1428571492
52505  -19.206  -29.832  21.922 0.1428571492
137711  -18.561  -29.676  20.605 0.1428571492
53519  -19.887  -29.093  20.912 0.1428571492
54510  -20.272  -27.848  20.363 0.1428571492
55431  -20.152  -27.217  19.719 0.1428571492
55448  -20.416  -26.426  19.345 0.1428571492
55432  -20.908  -26.723  19.983 0.1428571492
56420  -20.787  -25.791  18.987 0.1428571492
55446  -18.873  -26.655  19.552 0.1428571492
56418  -19.091  -25.986  19.192 0.1428571492
56431  -20.599  -25.421  18.508 0.1428571492
57498  -19.323  -24.432  18.566 0.1428571492
57499  -20.352  -24.826  18.173 0.1428571492
58460  -20.374  -23.688  17.418 0.1428571492
57511  -20.992  -24.572  17.486 0.1428571492
58461  -21.126  -23.783  17.034 0.2857142985
58475  -21.755  -23.756  16.547 0.1428571492
59405  -22.938  -23.478  15.643 0.1428571492
59396  -21.132  -22.913  16.749 0.2857142985
60261  -23.292  -22.493  15.355 0.2857142985
63041  -24.121  -18.757  14.191 0.4285714328
63046  -25.864  -19.061  13.248 0.4285714328
64018  -24.948  -17.979  13.463 0.4285714328
73298  -24.967  -7.283  13.194 0.2857142985
75019  -23.856  -6.014  13.064 0.2857142985
136858  -24.948  -6.076  13.605 0.2857142985
77718  -21.574  -2.199  11.970 0.2857142985
78711  -21.482  -1.357  11.667 0.2857142985
79651  -22.133  -0.782  11.736 0.2857142985
125624  -20.339  -22.977  17.120 0.1428571492
59404  -21.970  -22.953  16.224 0.2857142985
54509  -19.524  -27.843  19.913 0.1428571492
55447  -19.662  -26.632  19.291 0.1428571492
57484  -19.200  -25.270  18.880 0.1428571492
58447  -19.930  -24.011  17.924 0.1428571492
59403  -21.256  -22.122  16.554 0.2857142985
60255  -22.442  -22.474  15.737 0.2857142985
60254  -21.782  -21.823  16.156 0.2857142985
128063  -22.390  -21.585  15.623 0.2857142985
60262  -24.030  -22.049  14.951 0.2857142985
137252  -24.032  -20.523  14.430 0.4285714328
130320  -23.286  -18.003  14.201 0.2857142985
72480  -24.556  -8.801  12.415 0.2857142985
73321  -23.708  -7.693  12.440 0.2857142985
74164  -23.791  -6.804  12.665 0.2857142985
74187  -22.361  -6.299  12.300 0.2857142985
137140  -23.304  -5.535  13.039 0.2857142985
75926  -23.195  -4.711  12.945 0.2857142985
76809  -21.736  -3.064  12.229 0.2857142985
131048  -20.205  -3.642  11.625 0.2857142985
121302  -23.074  -21.333  15.140 0.2857142985
73322  -24.412  -8.005  12.551 0.2857142985
73320  -22.917  -7.132  12.186 0.2857142985
72479  -23.009  -8.218  12.130 0.2857142985
75042  -21.835  -5.558  12.278 0.2857142985
75924  -21.280  -4.743  12.075 0.2857142985
75925  -22.264  -4.730  12.545 0.2857142985
76808  -21.061  -3.760  12.003 0.2857142985
76810  -22.676  -3.297  12.421 0.2857142985
74186  -21.495  -6.379  11.980 0.2857142985
126993  -20.921  -5.761  11.992 0.2857142985
63045  -24.928  -18.801  13.749 0.4285714328
61159  -23.798  -21.032  14.615 0.4285714328
53536  -19.688  -28.498  20.424 0.1428571492
77719  -22.453  -2.445  12.315 0.2857142985
117632  -21.947  -3.913  12.390 0.2857142985
52523  -19.198  -29.677  20.949 0.1428571492
55430  -19.397  -27.223  19.593 0.1428571492
56419  -19.950  -25.912  18.841 0.1428571492
56430  -19.904  -25.219  18.544 0.1428571492
63040  -23.403  -18.835  14.578 0.4285714328
77736  -20.749  -2.819  11.797 0.2857142985
75041  -20.466  -5.177  11.743 0.2857142985
65093  -23.938  -16.959  13.377 0.2857142985
64003  -23.818  -17.730  13.758 0.2857142985
137012  -25.698  9.958  7.917 0.1428571492
87684  -25.980  9.323  8.161 0.1428571492
87678  -26.258  9.117  9.060 0.1428571492
86963  -26.552  8.158  10.367 0.1428571492
86216  -26.907  7.460  10.024 0.1428571492
132115  -25.676  9.595  7.096 0.1428571492
87672  -26.271  8.916  9.905 0.1428571492
87670  -24.245  9.575  10.397 0.1428571492
89060  -22.641  11.748  8.564 0.1428571492
65998  -24.862  -16.434  13.182 0.2857142985
65997  -23.757  -16.040  13.166 0.2857142985
85477  -26.861  6.835  9.479 0.1428571492
86231  -25.943  8.165  7.434 0.1428571492
86215  -26.690  7.378  10.757 0.1428571492
86969  -26.543  8.287  9.389 0.1428571492
86951  -26.037  7.883  11.189 0.1428571492
88391  -25.090  10.570  9.251 0.1428571492
89061  -23.965  11.391  9.175 0.1428571492
88390  -24.163  10.574  9.862 0.1428571492
88389  -22.830  11.002  9.438 0.1428571492
88388  -21.343  10.841  9.185 0.1428571492
123417  -23.311  10.162  9.925 0.1428571492
86962  -25.832  8.660  10.691 0.1428571492
87659  -25.038  9.025  10.799 0.1428571492
87683  -25.750  9.840  8.733 0.1428571492
88395  -25.453  10.641  8.211 0.1428571492
86977  -26.246  8.648  8.395 0.1428571492
87671  -25.468  9.370  10.309 0.1428571492
87677  -25.742  9.611  9.537 0.1428571492
87690  -25.584  10.447  7.087 0.1428571492
88381  -25.019  9.962  9.945 0.1428571492
86226  -26.370  8.039  8.549 0.1428571492
73340  -21.298  -7.216  11.478 0.1428571492
73341  -22.121  -7.830  11.706 0.1428571492
73319  -22.077  -6.965  11.872 0.1428571492
75923  -20.413  -4.432  11.704 0.1428571492
75936  -17.926  -4.403  11.850 0.1428571492
76822  -18.786  -3.671  11.228 0.1428571492
120490  -23.797  -8.560  12.226 0.1428571492
135586  -19.751  -4.247  11.464 0.1428571492
77732  -17.445  -2.522  11.694 0.1428571492
77733  -18.224  -2.043  11.396 0.1428571492
78724  -19.034  -1.438  10.983 0.2857142985
117361  -24.279  -13.551  12.349 0.1428571492
70703  -23.834  -10.426  11.877 0.1428571492
131906  -24.074  -9.971  11.804 0.1428571492
72494  -22.555  -8.673  11.870 0.1428571492
73355  -27.672  -8.312  7.600 0.1428571492
127501  -19.816  -2.928  11.482 0.1428571492
118742  -20.612  -0.938  11.303 0.1428571492
127437  -19.747  -0.915  10.991 0.1428571492
79660  -19.324  -0.470  10.994 0.2857142985
80583  -20.481  0.592  10.962 0.2857142985
83186  -19.522  3.673  11.758 0.2857142985
82378  -18.964  3.059  12.028 0.2857142985
83968  -19.283  4.495  11.827 0.2857142985
85422  -20.454  6.778  14.910 0.1428571492
79662  -21.901  -0.011  11.308 0.2857142985
79661  -20.084  -0.230  10.961 0.2857142985
125953  -21.104  1.130  11.074 0.2857142985
82364  -21.607  2.494  12.093 0.2857142985
82380  -19.959  2.015  11.698 0.2857142985
82379  -19.075  2.320  11.793 0.2857142985
83188  -21.183  3.192  11.950 0.2857142985
126944  -19.690  2.843  11.798 0.2857142985
84703  -18.444  5.828  11.834 0.1428571492
83171  -18.550  3.826  13.044 0.2857142985
86925  -20.009  7.826  13.067 0.1428571492
86907  -20.702  8.352  14.610 0.1428571492
136162  -18.643  2.505  12.136 0.1428571492
82363  -18.416  2.300  12.420 0.1428571492
79659  -18.633  -0.623  11.378 0.2857142985
83173  -18.890  3.768  12.328 0.2857142985
84704  -18.909  5.239  11.811 0.1428571492
83960  -18.881  4.493  12.538 0.2857142985
84698  -19.127  5.952  12.839 0.1428571492
137898  -19.427  5.359  13.492 0.1428571492
77731  -16.875  -2.041  11.934 0.2857142985
83166  -18.718  3.801  14.024 0.1428571492
84693  -19.904  5.595  15.560 0.1428571492
83951  -19.221  4.391  14.738 0.1428571492
77707  -15.715  -2.227  14.233 0.1428571492
73354  -26.812  -7.881  7.195 0.1428571492
72519  -32.114  -9.422  7.445 0.1428571492
69775  -24.310  -11.071  11.991 0.1428571492
121713  -22.587  -9.315  11.729 0.1428571492
72516  -27.255  -8.416  6.862 0.1428571492
116779  -21.856  -8.643  11.656 0.1428571492
74198  -19.507  -6.636  11.336 0.1428571492
75057  -20.116  -5.876  11.498 0.1428571492
75937  -18.518  -4.467  11.473 0.1428571492
76823  -19.422  -3.667  11.307 0.1428571492
77735  -20.129  -2.291  11.398 0.1428571492
78722  -17.368  -1.710  11.769 0.2857142985
80582  -19.593  0.265  11.091 0.1428571492
118994  -19.733  0.906  11.192 0.1428571492
81503  -20.267  1.320  11.274 0.2857142985
81488  -18.652  1.790  11.948 0.1428571492
83956  -18.984  4.561  13.533 0.1428571492
122498  -20.157  6.045  14.966 0.1428571492
85421  -19.859  6.151  14.025 0.1428571492
72524  -29.278  -9.361  6.743 0.1428571492
72517  -28.049  -9.290  6.992 0.1428571492
73370  -28.323  -8.599  6.521 0.1428571492
83970  -20.904  4.021  11.358 0.2857142985
85425  -18.446  6.554  12.179 0.1428571492
85427  -20.127  6.994  14.135 0.1428571492
84716  -18.369  5.710  10.815 0.2857142985
86926  -20.475  8.431  13.229 0.1428571492
81490  -22.706  1.298  11.594 0.2857142985
127121  -24.014  -11.864  11.852 0.1428571492
82365  -22.528  2.469  12.260 0.2857142985
71616  -23.942  -9.379  11.979 0.1428571492
71644  -32.580  -9.769  8.228 0.1428571492
81505  -21.906  1.255  11.227 0.2857142985
78726  -20.761  -1.878  11.494 0.1428571492
136682  -21.428  -0.639  11.443 0.1428571492
74200  -20.649  -6.584  11.558 0.1428571492
75056  -19.679  -5.049  11.480 0.1428571492
73338  -20.054  -7.400  11.005 0.1428571492
72493  -21.089  -7.959  11.016 0.1428571492
75938  -19.135  -4.412  11.289 0.1428571492
127012  -18.413  -2.847  11.276 0.1428571492
125147  -19.100  -2.959  11.085 0.1428571492
72495  -23.216  -9.065  11.871 0.1428571492
137416  -18.863  -2.315  11.082 0.1428571492
78725  -19.933  -1.607  11.115 0.1428571492
71633  -23.365  -9.807  11.700 0.1428571492
80584  -21.518  0.652  10.997 0.2857142985
120976  -20.998  -0.066  11.113 0.2857142985
83187  -20.327  3.438  11.621 0.2857142985
83170  -18.456  3.044  12.586 0.1428571492
85417  -20.490  6.394  15.762 0.1428571492
81504  -21.055  1.771  11.746 0.2857142985
81489  -22.161  1.883  11.820 0.2857142985
82381  -20.598  2.523  11.948 0.2857142985
84699  -18.989  5.185  12.603 0.1428571492
87634  -20.722  9.281  12.900 0.1428571492
80581  -18.983  0.039  11.262 0.1428571492
81502  -19.398  1.522  11.553 0.2857142985
84692  -19.763  5.206  14.515 0.1428571492
60243  -19.398  -21.602  17.128 0.1428571492
60253  -20.920  -21.213  16.411 0.1428571492
61149  -21.687  -20.890  16.057 0.1428571492
61147  -19.531  -20.360  16.296 0.1428571492
62093  -20.008  -19.844  15.808 0.1428571492
62101  -20.602  -19.177  15.507 0.1428571492
61156  -20.727  -19.927  15.739 0.1428571492
63029  -20.536  -18.256  15.231 0.1428571492
62102  -21.297  -19.348  15.380 0.1428571492
61158  -22.327  -20.558  15.652 0.1428571492
63038  -21.042  -17.545  14.606 0.1428571492
63031  -21.834  -18.684  14.842 0.1428571492
62111  -23.531  -19.969  14.694 0.1428571492
123394  -22.323  -17.809  14.226 0.1428571492
62110  -22.711  -19.170  14.894 0.1428571492
63985  -20.528  -17.491  14.789 0.1428571492
127017  -21.207  -16.969  14.283 0.1428571492
64017  -22.845  -17.017  13.274 0.1428571492
65996  -22.711  -15.620  13.270 0.1428571492
66009  -23.862  -15.209  12.922 0.1428571492
78710  -17.688  -0.703  12.123 0.1428571492
61157  -21.556  -20.092  15.824 0.1428571492
61136  -18.989  -20.882  16.829 0.1428571492
61148  -20.291  -20.477  16.087 0.1428571492
83165  -18.406  3.200  13.482 0.1428571492
128698  -24.936  -14.768  12.596 0.1428571492
60244  -20.374  -22.011  16.846 0.1428571492
62104  -22.957  -20.262  15.122 0.1428571492
129016  -22.668  -17.238  13.602 0.1428571492
60252  -19.890  -21.092  16.544 0.1428571492
134802  -21.036  -20.490  16.065 0.1428571492
62092  -19.279  -19.602  16.114 0.1428571492
63030  -21.168  -18.426  15.002 0.1428571492
62103  -22.148  -19.638  15.408 0.1428571492
63039  -21.533  -17.616  14.380 0.1428571492
64000  -20.883  -16.848  14.361 0.1428571492
63028  -19.770  -17.979  15.414 0.1428571492
60242  -18.465  -21.365  17.512 0.1428571492
56421  -21.518  -25.580  19.100 0.1428571492
58465  -25.051  -23.275  17.325 0.2857142985
62947  -32.956  -17.915  20.883 0.1428571492
63003  -33.474  -18.764  16.772 0.1428571492
63059  -31.062  -18.781  11.527 0.5714285970
63063  -30.304  -19.075  11.047 0.7142857313
63069  -30.220  -18.580  10.660 0.7142857313
63939  -36.018  -17.712  17.282 0.1428571492
64036  -31.804  -18.253  11.761 0.5714285970
64052  -34.665  -17.648  11.500 0.4285714328
64063  -32.589  -18.786  10.816 0.7142857313
64065  -34.798  -17.500  11.122 0.4285714328
64984  -33.994  -16.406  22.172 0.1428571492
65047  -35.774  -16.967  17.066 0.1428571492
65061  -36.255  -17.422  16.271 0.1428571492
65081  -30.267  -16.659  14.424 0.2857142985
65095  -26.055  -17.130  13.126 0.5714285970
65123  -30.366  -17.669  10.241 0.7142857313
65127  -34.298  -16.943  10.247 0.5714285970
65900  -33.930  -15.709  21.810 0.1428571492
65965  -34.317  -15.566  16.619 0.1428571492
65985  -36.862  -16.931  14.598 0.1428571492
66036  -34.553  -16.225  9.931 0.4285714328
66046  -34.232  -15.330  8.853 0.4285714328
66055  -34.113  -14.674  8.244 0.4285714328
66940  -34.212  -14.708  8.420 0.4285714328
66949  -34.110  -14.399  8.102 0.4285714328
67836  -26.487  -13.328  12.262 0.4285714328
67847  -29.725  -13.813  11.841 0.8571428657
67854  -34.222  -13.293  8.464 0.4285714328
67861  -33.723  -13.681  7.856 0.5714285970
67863  -34.218  -14.231  8.373 0.4285714328
68791  -27.172  -12.822  12.417 0.7142857313
68792  -28.132  -12.840  12.640 0.7142857313
68822  -32.946  -11.846  7.745 0.4285714328
69780  -29.433  -11.765  12.900 0.8571428657
69814  -32.393  -11.272  7.174 0.2857142985
69821  -31.897  -11.208  6.662 0.4285714328
70694  -29.264  -10.241  13.383 1.0000000000
70722  -30.946  -10.451  10.022 0.7142857313
70744  -30.993  -10.558  7.219 0.2857142985
70745  -31.520  -11.009  6.749 0.4285714328
70746  -31.899  -10.749  6.671 0.2857142985
71599  -28.676  -9.625  13.688 1.0000000000
71632  -22.547  -9.952  11.554 0.1428571492
71648  -30.127  -9.927  7.227 0.2857142985
71654  -28.986  -9.631  6.862 0.1428571492
71656  -31.799  -10.047  6.943 0.1428571492
72464  -29.897  -8.554  13.311 1.0000000000
72523  -28.026  -9.027  6.711 0.1428571492
72525  -31.407  -9.358  7.100 0.2857142985
73297  -24.396  -7.307  12.749 0.2857142985
73339  -20.470  -7.408  11.035 0.1428571492
73369  -27.365  -8.198  6.657 0.1428571492
73371  -29.659  -8.643  6.810 0.1428571492
74165  -24.553  -6.538  13.168 0.2857142985
74188  -23.131  -6.232  12.711 0.2857142985
74199  -19.957  -6.694  11.240 0.1428571492
75043  -22.660  -5.509  12.692 0.2857142985
75067  -28.436  -5.797  9.826 0.1428571492
75910  -24.911  -4.285  13.504 1.0000000000
76781  -28.461  -3.578  14.070 0.8571428657
76792  -24.561  -3.609  13.034 0.7142857313
76796  -29.443  -4.448  12.982 0.7142857313
77709  -25.484  -2.460  13.678 0.8571428657
77734  -19.455  -2.247  11.122 0.1428571492
78715  -28.487  -1.289  12.977 0.1428571492
78723  -18.208  -1.331  11.533 0.2857142985
80558  -25.050  0.200  13.275 0.8571428657
80573  -24.740  0.951  13.103 0.8571428657
80585  -22.394  0.693  11.287 0.2857142985
81493  -28.072  1.632  12.563 0.1428571492
83973  -27.361  5.070  11.698 0.2857142985
86195  -18.273  6.818  10.589 0.2857142985
86947  -21.810  8.436  10.795 0.2857142985
114031  -33.679  -21.123  19.398 0.1428571492
119637  -25.885  5.091  12.618 0.2857142985
120071  -19.360  -5.924  11.230 0.1428571492
120565  -29.397  -7.925  13.581 1.0000000000
121451  -33.035  -16.463  20.882 0.1428571492
121868  -25.449  -5.908  14.052 0.8571428657
122566  -20.382  -7.823  10.834 0.1428571492
122586  -20.430  7.901  13.854 0.1428571492
122912  -27.697  2.118  12.813 0.4285714328
124285  -31.409  -16.319  13.830 0.2857142985
124524  -26.594  7.514  9.094 0.1428571492
129093  -26.928  -3.889  14.296 0.8571428657
129242  -26.658  -7.273  14.446 1.0000000000
129309  -33.502  -16.942  22.064 0.1428571492
130589  -33.432  -14.870  20.889 0.1428571492
130914  -30.441  -9.321  6.977 0.2857142985
130957  -21.193  -8.753  11.317 0.1428571492
131087  -26.815  -7.891  6.890 0.1428571492
131169  -21.768  -9.358  11.565 0.1428571492
131466  -35.953  -17.530  15.199 0.1428571492
133034  -28.936  -17.673  10.992 0.8571428657
133802  -29.588  -7.289  13.462 0.8571428657
134149  -32.735  -14.382  8.704 0.7142857313
134708  -24.734  -7.650  12.824 0.2857142985
135982  -26.924  7.026  10.528 0.1428571492
137177  -30.443  -8.833  12.129 0.8571428657
138447  -27.998  -16.185  11.470 0.7142857313
138628  -32.601  -10.441  7.521 0.1428571492
