#!ascii label  , from subject sub-01 vox2ras=TkReg
640
46986  25.594  -30.249  95.092 0.0000000000
60175  46.788  -17.232  78.295 0.0000000000
64305  52.551  -13.950  77.750 0.0000000000
53188  46.072  -24.132  86.442 0.0000000000
49248  32.080  -28.688  89.577 0.0000000000
50253  29.269  -27.977  94.862 0.0000000000
62186  50.637  -14.776  79.220 0.0000000000
61112  50.549  -16.241  83.751 0.0000000000
51268  43.192  -26.349  88.130 0.0000000000
48102  37.037  -29.383  91.181 0.0000000000
117265  57.498  -7.472  71.705 0.0000000000
68063  52.882  -9.652  75.780 0.0000000000
56339  42.575  -22.311  83.938 0.0000000000
59115  46.128  -18.893  84.609 0.0000000000
50276  28.336  -27.780  91.950 0.0000000000
140831  26.776  -28.642  95.041 0.0000000000
135525  48.557  -16.177  78.720 0.0000000000
63248  51.063  -14.676  81.963 0.0000000000
118079  48.313  -16.227  81.804 0.0000000000
45129  43.068  -31.964  87.992 0.0000000000
49193  33.507  -28.853  92.600 0.0000000000
49225  34.579  -28.942  90.416 0.0000000000
48066  35.865  -29.976  93.049 0.0000000000
69093  55.308  -7.904  71.197 0.0000000000
68090  56.548  -8.557  72.845 0.0000000000
69066  55.189  -8.705  73.694 0.0000000000
64349  51.618  -12.855  76.816 0.0000000000
66207  50.839  -11.768  74.651 0.0000000000
66166  53.039  -11.298  77.635 0.0000000000
127178  54.225  -11.334  76.414 0.0000000000
63343  53.027  -14.014  75.970 0.0000000000
52184  44.518  -25.399  87.460 0.0000000000
117593  43.027  -24.293  86.734 0.0000000000
55244  44.334  -22.183  86.978 0.0000000000
58183  44.041  -19.921  84.392 0.0000000000
57258  45.642  -20.982  85.950 0.0000000000
57266  47.728  -20.555  84.347 0.0000000000
54253  47.193  -23.223  84.998 0.0000000000
49196  30.598  -28.166  92.154 0.0000000000
63329  50.084  -14.463  76.396 0.0000000000
63296  51.851  -14.213  78.786 0.0000000000
63246  52.603  -14.662  80.800 0.0000000000
60143  51.532  -17.159  81.612 0.0000000000
128837  41.599  -29.670  90.397 0.0000000000
48110  43.348  -28.881  89.348 0.0000000000
48123  44.794  -28.732  87.618 0.0000000000
50338  44.535  -27.417  86.081 0.0000000000
50372  45.344  -26.325  84.537 0.0000000000
117429  38.190  -29.362  89.168 0.0000000000
47018  39.652  -30.327  91.602 0.0000000000
69099  58.444  -8.038  70.148 0.0000000000
68108  52.879  -9.474  72.909 0.0000000000
68060  54.857  -9.619  74.953 0.0000000000
121664  54.066  -11.675  73.757 0.0000000000
60145  46.165  -17.327  81.929 0.0000000000
60120  48.668  -17.510  83.820 0.0000000000
58189  48.724  -19.157  83.318 0.0000000000
46974  25.804  -30.398  96.032 0.0000000000
48060  25.860  -29.585  94.506 0.0000000000
133769  26.718  -29.658  96.086 0.0000000000
61174  47.804  -16.657  79.595 0.0000000000
61155  48.345  -16.292  80.230 0.0000000000
61156  47.597  -16.655  80.404 0.0000000000
49192  34.327  -29.223  92.952 0.0000000000
69094  54.667  -8.444  71.417 0.0000000000
70038  55.509  -7.897  72.626 0.0000000000
69083  54.090  -8.762  72.641 0.0000000000
64328  52.079  -13.441  77.795 0.0000000000
66167  52.578  -11.890  77.741 0.0000000000
65239  53.143  -12.880  77.791 0.0000000000
65254  53.771  -12.695  77.331 0.0000000000
52194  45.066  -25.323  87.112 0.0000000000
135500  44.233  -23.497  87.297 0.0000000000
55228  45.335  -23.238  87.045 0.0000000000
129099  44.709  -21.786  86.572 0.0000000000
54233  45.882  -22.900  86.588 0.0000000000
55257  47.106  -22.633  85.266 0.0000000000
54243  46.516  -23.850  86.007 0.0000000000
117633  29.107  -27.892  92.021 0.0000000000
50259  30.096  -27.935  93.600 0.0000000000
132922  31.342  -28.563  94.485 0.0000000000
62197  49.317  -15.206  77.779 0.0000000000
62207  49.028  -15.608  76.133 0.0000000000
63298  50.128  -14.814  78.156 0.0000000000
63316  50.682  -14.410  77.713 0.0000000000
63280  51.560  -14.382  79.244 0.0000000000
63260  52.943  -14.081  80.126 0.0000000000
128755  51.640  -14.338  80.083 0.0000000000
139554  50.632  -15.642  83.499 0.0000000000
62106  51.711  -15.274  82.358 0.0000000000
61129  51.099  -16.605  83.140 0.0000000000
128446  50.396  -18.154  81.258 0.0000000000
124420  50.225  -18.066  82.093 0.0000000000
132265  42.256  -29.947  91.131 0.0000000000
48112  42.231  -29.478  89.807 0.0000000000
47028  42.737  -29.903  91.035 0.0000000000
47043  44.709  -30.163  88.237 0.0000000000
49278  44.479  -27.878  87.127 0.0000000000
49223  36.248  -29.129  91.107 0.0000000000
133388  36.504  -29.104  89.496 0.0000000000
48116  37.913  -29.276  89.930 0.0000000000
119316  39.244  -29.680  90.380 0.0000000000
48088  38.393  -29.826  91.588 0.0000000000
126017  56.775  -7.359  70.685 0.0000000000
70055  58.112  -7.883  70.754 0.0000000000
135082  56.019  -9.021  73.196 0.0000000000
67158  51.525  -10.422  74.942 0.0000000000
67172  50.568  -10.817  73.443 0.0000000000
68078  51.777  -9.879  74.613 0.0000000000
68109  51.979  -9.811  72.784 0.0000000000
133893  52.244  -9.596  74.263 0.0000000000
69056  53.720  -8.808  74.524 0.0000000000
68062  53.712  -9.514  75.733 0.0000000000
64369  53.769  -12.453  75.510 0.0000000000
130728  54.050  -11.735  75.199 0.0000000000
50307  42.710  -27.434  87.802 0.0000000000
52188  42.458  -26.128  87.472 0.0000000000
55270  42.827  -22.701  84.792 0.0000000000
54245  42.344  -24.094  84.879 0.0000000000
58182  44.754  -19.506  84.777 0.0000000000
58196  44.415  -19.379  83.131 0.0000000000
59125  44.970  -18.917  83.649 0.0000000000
59137  45.070  -18.107  81.894 0.0000000000
60132  46.003  -17.850  83.630 0.0000000000
61116  47.128  -16.984  83.362 0.0000000000
126885  47.198  -18.191  84.244 0.0000000000
55268  48.228  -22.146  83.747 0.0000000000
58181  48.271  -20.244  83.893 0.0000000000
56349  48.534  -21.532  83.026 0.0000000000
57303  48.620  -20.556  81.758 0.0000000000
50263  27.135  -27.907  93.158 0.0000000000
50247  28.069  -28.001  95.092 0.0000000000
49154  28.504  -28.721  95.191 0.0000000000
128125  27.374  -28.977  95.587 0.0000000000
62188  49.053  -15.692  79.128 0.0000000000
62171  50.729  -14.695  80.348 0.0000000000
130979  49.672  -15.336  81.193 0.0000000000
62129  49.222  -15.568  81.976 0.0000000000
62093  49.601  -15.549  83.538 0.0000000000
49211  32.379  -28.575  90.923 0.0000000000
117615  33.238  -28.765  89.962 0.0000000000
49210  33.765  -28.773  91.539 0.0000000000
49208  35.494  -29.079  91.634 0.0000000000
131702  36.406  -29.649  92.467 0.0000000000
48075  37.569  -30.106  92.391 0.0000000000
46014  36.781  -31.008  93.000 0.0000000000
116987  56.840  -7.314  71.519 0.0000000000
70035  57.287  -7.749  72.359 0.0000000000
70037  56.269  -7.783  72.846 0.0000000000
70024  56.165  -8.118  73.212 0.0000000000
68074  55.682  -9.092  73.749 0.0000000000
64372  50.293  -13.507  75.360 0.0000000000
65266  51.493  -12.397  75.981 0.0000000000
66193  51.699  -11.528  76.075 0.0000000000
67134  53.071  -10.635  77.142 0.0000000000
67133  53.768  -10.688  77.089 0.0000000000
66179  54.138  -11.395  77.183 0.0000000000
64347  53.907  -12.620  76.608 0.0000000000
51267  43.756  -26.273  88.114 0.0000000000
53163  43.002  -25.110  87.660 0.0000000000
53162  43.706  -24.720  87.614 0.0000000000
55246  43.554  -22.840  86.486 0.0000000000
56328  43.205  -22.001  85.485 0.0000000000
57283  43.224  -21.119  84.311 0.0000000000
57271  43.952  -20.773  85.589 0.0000000000
57270  44.647  -20.496  85.840 0.0000000000
122301  46.043  -19.684  85.513 0.0000000000
59103  46.946  -19.181  84.564 0.0000000000
56326  47.202  -21.302  84.796 0.0000000000
137349  47.568  -21.969  84.852 0.0000000000
123208  47.415  -23.067  84.158 0.0000000000
117863  28.920  -27.954  89.996 0.0000000000
50281  30.198  -28.027  90.754 0.0000000000
49212  31.578  -28.410  91.068 0.0000000000
49195  31.820  -28.454  92.628 0.0000000000
49163  32.787  -29.261  94.228 0.0000000000
63345  50.529  -13.911  76.131 0.0000000000
137445  51.705  -13.787  77.815 0.0000000000
64294  52.866  -14.101  78.608 0.0000000000
63277  53.210  -14.284  79.027 0.0000000000
62170  53.287  -15.208  79.586 0.0000000000
61172  52.305  -16.370  79.700 0.0000000000
63247  51.895  -14.667  81.579 0.0000000000
61140  52.481  -15.648  81.277 0.0000000000
123964  40.504  -29.786  87.865 0.0000000000
48125  41.891  -29.576  88.696 0.0000000000
49242  42.475  -28.834  89.076 0.0000000000
50291  43.233  -27.618  88.660 0.0000000000
46087  43.430  -30.857  89.406 0.0000000000
48109  43.987  -28.922  88.742 0.0000000000
50290  43.803  -27.520  88.682 0.0000000000
128059  44.425  -26.835  88.154 0.0000000000
51272  44.824  -26.061  87.097 0.0000000000
51277  45.245  -26.122  86.224 0.0000000000
52213  46.104  -25.397  85.203 0.0000000000
50354  45.283  -26.404  85.230 0.0000000000
48114  39.614  -29.730  89.632 0.0000000000
48087  40.245  -29.956  91.217 0.0000000000
46050  41.302  -31.031  91.439 0.0000000000
46030  39.147  -31.227  92.053 0.0000000000
45080  40.197  -32.209  91.379 0.0000000000
70067  58.508  -7.601  69.519 0.0000000000
68107  53.344  -9.368  72.159 0.0000000000
69067  54.209  -8.691  73.665 0.0000000000
69054  55.273  -8.949  74.138 0.0000000000
67157  55.317  -9.605  74.304 0.0000000000
66192  54.428  -10.774  75.820 0.0000000000
133424  54.829  -10.704  74.635 0.0000000000
66212  55.068  -10.741  73.893 0.0000000000
117174  42.157  -25.167  85.757 0.0000000000
60155  45.519  -17.675  80.593 0.0000000000
60164  46.257  -17.390  80.163 0.0000000000
134655  47.490  -16.621  82.131 0.0000000000
61130  48.358  -16.398  83.316 0.0000000000
60119  49.239  -17.085  84.055 0.0000000000
59102  47.706  -19.012  84.216 0.0000000000
59111  48.809  -18.301  83.461 0.0000000000
59123  49.404  -17.874  83.461 0.0000000000
127897  49.304  -19.426  81.913 0.0000000000
52225  46.277  -25.316  84.446 0.0000000000
53220  46.713  -24.632  83.965 0.0000000000
46005  25.608  -31.179  96.116 0.0000000000
46975  25.253  -31.053  95.352 0.0000000000
61185  47.321  -17.072  78.962 0.0000000000
61175  47.060  -17.093  79.822 0.0000000000
69095  53.986  -8.846  71.731 0.0000000000
64306  52.363  -13.844  77.911 0.0000000000
65240  52.651  -12.709  77.906 0.0000000000
64327  53.147  -13.439  77.388 0.0000000000
53174  45.490  -24.499  86.871 0.0000000000
135850  45.303  -23.927  87.042 0.0000000000
54220  45.779  -23.643  86.782 0.0000000000
54232  46.307  -23.400  86.332 0.0000000000
50260  29.236  -27.856  93.940 0.0000000000
50252  30.032  -28.062  94.538 0.0000000000
49167  29.906  -28.389  94.918 0.0000000000
62187  49.541  -15.183  78.681 0.0000000000
63297  51.036  -14.492  78.521 0.0000000000
62091  51.242  -15.780  83.152 0.0000000000
60137  50.697  -17.422  82.744 0.0000000000
60128  50.177  -17.182  83.589 0.0000000000
47029  42.048  -30.500  91.192 0.0000000000
46070  42.452  -30.958  90.668 0.0000000000
49243  36.011  -29.066  90.103 0.0000000000
132420  36.947  -29.207  90.236 0.0000000000
48101  37.708  -29.547  90.874 0.0000000000
48100  38.554  -29.619  90.621 0.0000000000
70057  57.459  -7.296  70.866 0.0000000000
70070  57.143  -7.231  69.873 0.0000000000
70056  57.851  -7.517  70.806 0.0000000000
136028  57.868  -7.747  71.388 0.0000000000
68064  52.044  -9.928  75.512 0.0000000000
68077  52.493  -9.488  74.999 0.0000000000
68076  53.292  -9.049  75.203 0.0000000000
64387  53.410  -13.062  74.773 0.0000000000
121195  53.203  -12.721  73.961 0.0000000000
51269  42.804  -26.538  87.798 0.0000000000
51273  42.502  -26.831  87.229 0.0000000000
55281  41.911  -22.362  83.298 0.0000000000
59116  45.362  -19.082  84.438 0.0000000000
59124  45.741  -18.510  83.976 0.0000000000
59131  45.421  -18.301  83.202 0.0000000000
60121  46.533  -18.151  84.191 0.0000000000
59114  46.796  -18.750  84.497 0.0000000000
55290  48.310  -22.139  83.205 0.0000000000
56343  48.418  -21.584  83.602 0.0000000000
139088  26.744  -28.556  94.439 0.0000000000
50255  27.231  -28.089  94.132 0.0000000000
50262  27.785  -27.817  93.843 0.0000000000
49168  27.367  -28.374  95.047 0.0000000000
49155  27.979  -28.510  95.246 0.0000000000
135607  48.256  -16.364  77.965 0.0000000000
132021  48.864  -15.671  78.278 0.0000000000
62150  49.975  -15.063  80.531 0.0000000000
62151  49.190  -15.746  80.151 0.0000000000
61142  48.835  -15.979  81.019 0.0000000000
62108  49.575  -15.265  82.772 0.0000000000
62109  48.823  -15.826  82.858 0.0000000000
116725  32.935  -28.633  91.673 0.0000000000
48078  35.057  -29.596  93.098 0.0000000000
49191  34.907  -29.188  92.258 0.0000000000
48077  35.663  -29.462  92.433 0.0000000000
48091  36.136  -29.248  91.933 0.0000000000
48076  36.795  -30.061  92.771 0.0000000000
69102  54.758  -8.573  70.612 0.0000000000
69101  55.440  -8.115  70.312 0.0000000000
70058  56.078  -7.522  70.973 0.0000000000
70048  56.857  -7.485  72.333 0.0000000000
70049  56.023  -7.475  71.995 0.0000000000
70025  55.777  -8.201  73.240 0.0000000000
69065  55.686  -8.598  73.443 0.0000000000
69064  56.021  -8.506  73.295 0.0000000000
64371  50.958  -13.127  76.036 0.0000000000
65267  50.748  -12.605  75.129 0.0000000000
65255  51.962  -11.995  77.040 0.0000000000
66180  52.328  -11.076  76.991 0.0000000000
67122  53.399  -10.963  77.424 0.0000000000
66165  53.625  -11.401  77.555 0.0000000000
64348  53.366  -13.294  76.748 0.0000000000
64370  53.352  -13.186  75.774 0.0000000000
63363  53.155  -13.958  74.991 0.0000000000
52185  43.989  -25.483  87.835 0.0000000000
55229  44.624  -22.963  87.188 0.0000000000
55230  43.923  -22.944  87.072 0.0000000000
56315  43.502  -22.244  86.144 0.0000000000
55245  43.853  -22.182  86.642 0.0000000000
56314  43.734  -21.561  86.016 0.0000000000
56313  44.268  -21.663  86.469 0.0000000000
56312  45.230  -21.622  86.322 0.0000000000
57259  44.888  -21.095  86.224 0.0000000000
57269  45.471  -20.183  85.856 0.0000000000
57268  46.126  -20.201  85.618 0.0000000000
56327  46.382  -21.107  85.469 0.0000000000
56337  47.601  -22.493  84.658 0.0000000000
55269  47.945  -22.443  84.107 0.0000000000
139969  28.036  -27.857  91.034 0.0000000000
119516  28.274  -27.958  90.108 0.0000000000
135077  28.769  -27.870  91.372 0.0000000000
120265  29.830  -27.990  92.048 0.0000000000
50275  29.496  -27.932  91.227 0.0000000000
50274  30.186  -28.022  91.460 0.0000000000
49213  30.819  -28.176  91.260 0.0000000000
135543  31.350  -28.348  91.901 0.0000000000
139113  31.204  -28.259  92.666 0.0000000000
62206  49.555  -14.953  76.279 0.0000000000
63346  49.826  -14.362  75.603 0.0000000000
63328  50.575  -14.188  76.932 0.0000000000
63315  51.411  -14.166  78.097 0.0000000000
64307  51.956  -14.010  78.191 0.0000000000
63295  52.378  -14.181  78.976 0.0000000000
63278  52.985  -14.009  79.441 0.0000000000
62149  53.122  -14.724  80.329 0.0000000000
138713  53.028  -15.806  79.706 0.0000000000
61153  52.983  -15.585  80.439 0.0000000000
62127  50.568  -14.714  81.301 0.0000000000
63262  51.475  -14.450  81.066 0.0000000000
61128  51.730  -16.075  82.522 0.0000000000
61127  52.171  -15.663  81.972 0.0000000000
61141  52.061  -16.434  81.734 0.0000000000
61154  52.308  -16.414  80.784 0.0000000000
60152  51.853  -17.037  81.106 0.0000000000
48126  40.999  -29.774  88.638 0.0000000000
136627  41.509  -29.677  89.379 0.0000000000
48111  42.851  -29.279  89.774 0.0000000000
49241  42.847  -28.528  89.061 0.0000000000
49261  42.787  -27.957  88.492 0.0000000000
46105  43.668  -31.321  88.512 0.0000000000
48124  44.694  -29.340  88.245 0.0000000000
47036  44.285  -29.797  88.761 0.0000000000
131472  44.420  -28.591  88.165 0.0000000000
49260  44.197  -28.021  88.334 0.0000000000
50304  44.324  -27.330  88.354 0.0000000000
49259  44.425  -27.962  87.882 0.0000000000
121063  44.507  -27.386  86.523 0.0000000000
50321  44.546  -26.812  86.975 0.0000000000
50320  44.938  -26.245  86.618 0.0000000000
50337  44.809  -26.688  86.147 0.0000000000
51283  45.301  -26.252  85.754 0.0000000000
50355  44.733  -27.005  85.533 0.0000000000
49226  33.844  -28.904  90.158 0.0000000000
49246  33.626  -28.973  89.447 0.0000000000
49245  34.409  -29.060  89.620 0.0000000000
48129  38.027  -29.448  88.391 0.0000000000
48128  39.037  -29.717  88.707 0.0000000000
48127  40.067  -29.814  88.712 0.0000000000
129192  39.326  -29.847  91.238 0.0000000000
48099  39.982  -29.795  90.553 0.0000000000
47017  40.583  -30.560  91.445 0.0000000000
137398  38.592  -30.852  92.185 0.0000000000
68122  58.440  -8.890  70.036 0.0000000000
69081  57.287  -8.113  72.497 0.0000000000
65272  50.089  -12.240  74.304 0.0000000000
127632  50.325  -11.483  73.959 0.0000000000
68092  52.489  -9.526  73.619 0.0000000000
135572  52.611  -9.704  72.219 0.0000000000
69084  53.523  -9.033  73.002 0.0000000000
69068  53.233  -8.963  73.721 0.0000000000
69044  54.129  -8.960  75.172 0.0000000000
69055  54.632  -8.830  74.459 0.0000000000
69043  54.829  -9.078  74.880 0.0000000000
68075  55.285  -9.171  74.338 0.0000000000
67132  54.229  -10.780  76.441 0.0000000000
66205  54.397  -11.263  74.433 0.0000000000
66213  54.630  -11.231  73.452 0.0000000000
53178  42.832  -24.844  87.204 0.0000000000
53190  42.571  -25.036  86.589 0.0000000000
53189  42.792  -24.453  85.729 0.0000000000
121358  43.716  -20.583  84.772 0.0000000000
140830  44.256  -19.305  82.589 0.0000000000
131598  45.631  -17.676  82.235 0.0000000000
60146  45.543  -17.650  81.456 0.0000000000
60154  46.200  -17.359  81.075 0.0000000000
61144  46.830  -16.997  81.610 0.0000000000
61099  48.342  -17.245  83.836 0.0000000000
61115  47.905  -16.910  83.603 0.0000000000
61098  49.021  -16.825  84.141 0.0000000000
58171  47.220  -19.727  84.502 0.0000000000
58170  48.004  -19.626  84.087 0.0000000000
57280  48.454  -20.237  83.606 0.0000000000
58180  48.385  -19.417  83.647 0.0000000000
137896  49.009  -18.377  83.328 0.0000000000
123151  49.230  -18.511  83.088 0.0000000000
58195  49.077  -19.322  82.679 0.0000000000
51288  45.766  -25.877  84.827 0.0000000000
51296  45.818  -25.765  84.178 0.0000000000
129401  26.160  -28.984  93.982 0.0000000000
49169  26.357  -28.984  94.896 0.0000000000
49156  26.820  -29.060  95.515 0.0000000000
48048  26.179  -29.665  95.586 0.0000000000
48034  26.457  -30.062  96.369 0.0000000000
61184  47.546  -16.900  78.178 0.0000000000
130882  48.044  -16.647  78.800 0.0000000000
61173  48.519  -16.239  79.424 0.0000000000
136661  48.121  -16.376  80.919 0.0000000000
49176  33.650  -29.370  93.666 0.0000000000
132795  34.411  -29.681  93.700 0.0000000000
48067  34.974  -29.954  93.657 0.0000000000
70050  55.211  -7.894  71.900 0.0000000000
69082  54.743  -8.367  72.246 0.0000000000
127962  54.952  -8.402  73.034 0.0000000000
65241  52.166  -12.656  77.577 0.0000000000
119856  53.221  -11.991  77.958 0.0000000000
65238  53.791  -12.074  77.560 0.0000000000
53161  44.328  -24.657  87.507 0.0000000000
53175  44.952  -24.597  87.222 0.0000000000
53176  44.716  -23.832  87.253 0.0000000000
55243  45.158  -22.346  86.786 0.0000000000
123720  45.866  -21.989  85.980 0.0000000000
55258  46.743  -21.990  85.328 0.0000000000
55242  46.489  -22.727  85.934 0.0000000000
54242  46.802  -23.284  85.735 0.0000000000
53199  46.786  -23.933  85.353 0.0000000000
50268  28.741  -27.905  92.847 0.0000000000
50267  29.507  -27.969  92.861 0.0000000000
50266  30.151  -28.007  92.746 0.0000000000
123813  30.724  -28.104  93.161 0.0000000000
49180  30.746  -28.193  94.165 0.0000000000
137524  48.771  -15.943  76.703 0.0000000000
125373  49.247  -15.411  76.908 0.0000000000
63317  49.899  -14.769  77.157 0.0000000000
63279  52.430  -14.043  79.689 0.0000000000
63261  52.294  -14.338  80.549 0.0000000000
63231  50.671  -14.926  82.704 0.0000000000
63230  51.286  -14.915  82.379 0.0000000000
62107  51.060  -15.179  83.016 0.0000000000
60136  51.422  -16.900  82.318 0.0000000000
60144  50.994  -17.640  81.874 0.0000000000
59136  49.987  -18.576  81.541 0.0000000000
48097  41.715  -29.821  91.072 0.0000000000
48096  42.532  -29.718  90.787 0.0000000000
47027  43.069  -29.657  90.347 0.0000000000
46104  44.317  -30.865  88.046 0.0000000000
48140  45.056  -29.598  87.609 0.0000000000
48139  45.024  -28.912  86.996 0.0000000000
49290  44.471  -28.123  86.440 0.0000000000
49224  35.367  -28.956  90.742 0.0000000000
49244  35.199  -29.054  89.852 0.0000000000
48130  36.454  -29.224  88.794 0.0000000000
48117  37.311  -29.188  89.166 0.0000000000
48115  38.762  -29.549  89.727 0.0000000000
47019  39.055  -29.997  91.892 0.0000000000
70069  58.042  -7.105  70.103 0.0000000000
70068  58.323  -7.441  69.940 0.0000000000
66206  51.397  -11.213  75.152 0.0000000000
67159  50.950  -10.987  74.347 0.0000000000
67171  51.245  -10.347  74.018 0.0000000000
67179  51.158  -10.195  73.110 0.0000000000
68093  51.737  -9.859  73.725 0.0000000000
69057  52.867  -9.097  74.423 0.0000000000
68061  54.359  -9.565  75.417 0.0000000000
65265  53.996  -11.838  76.073 0.0000000000
65271  53.746  -12.125  74.476 0.0000000000
50322  42.357  -27.822  87.092 0.0000000000
54244  42.820  -23.502  85.327 0.0000000000
54254  42.407  -23.402  84.598 0.0000000000
54255  41.875  -23.790  84.156 0.0000000000
58191  43.957  -19.873  83.506 0.0000000000
58190  44.520  -19.505  83.919 0.0000000000
59132  44.706  -18.727  82.570 0.0000000000
59138  44.455  -18.636  81.549 0.0000000000
136360  45.316  -18.097  82.556 0.0000000000
60139  45.765  -17.705  82.951 0.0000000000
60138  46.121  -17.376  82.608 0.0000000000
61132  46.758  -16.952  82.603 0.0000000000
60131  46.453  -17.380  83.300 0.0000000000
60130  47.245  -17.548  83.856 0.0000000000
131010  47.866  -17.964  83.845 0.0000000000
56325  47.908  -21.376  84.458 0.0000000000
57281  48.360  -21.010  83.975 0.0000000000
57289  48.563  -20.951  83.417 0.0000000000
57288  48.651  -20.095  83.057 0.0000000000
57298  48.593  -20.777  82.701 0.0000000000
50277  27.598  -27.827  91.793 0.0000000000
50270  27.064  -27.927  92.184 0.0000000000
50269  27.828  -27.786  92.757 0.0000000000
50261  28.423  -27.819  93.621 0.0000000000
137517  28.458  -27.865  94.599 0.0000000000
50246  28.602  -28.123  95.091 0.0000000000
128931  27.788  -29.158  95.452 0.0000000000
48047  27.098  -29.575  96.052 0.0000000000
62198  48.800  -15.844  77.439 0.0000000000
62172  49.812  -15.192  79.664 0.0000000000
62128  50.139  -14.863  82.233 0.0000000000
63218  50.049  -14.990  83.009 0.0000000000
62092  50.348  -15.309  83.360 0.0000000000
61113  50.024  -15.883  84.091 0.0000000000
45095  42.135  -32.040  90.278 0.0000000000
49227  32.611  -28.625  90.128 0.0000000000
116722  33.254  -28.696  90.725 0.0000000000
116723  34.009  -28.830  90.825 0.0000000000
128548  34.235  -28.944  92.129 0.0000000000
49209  34.628  -28.893  91.353 0.0000000000
48090  36.757  -29.413  91.859 0.0000000000
48089  37.530  -29.686  91.838 0.0000000000
127301  37.049  -29.748  92.348 0.0000000000
46992  37.121  -30.595  92.707 0.0000000000
46032  37.310  -31.153  92.423 0.0000000000
70036  56.700  -7.929  72.867 0.0000000000
67169  55.937  -9.678  73.536 0.0000000000
66194  51.336  -11.972  75.303 0.0000000000
67144  51.840  -10.615  75.899 0.0000000000
67143  52.520  -10.252  76.369 0.0000000000
68055  53.356  -10.063  76.501 0.0000000000
65253  54.152  -12.050  77.060 0.0000000000
52187  42.819  -25.840  87.804 0.0000000000
52186  43.350  -25.608  87.921 0.0000000000
53177  43.316  -24.394  87.270 0.0000000000
54210  44.155  -24.066  87.443 0.0000000000
54222  43.492  -23.609  86.880 0.0000000000
54234  43.194  -23.556  86.195 0.0000000000
55259  43.123  -22.736  85.807 0.0000000000
56338  43.016  -21.828  84.621 0.0000000000
56344  43.023  -21.744  83.815 0.0000000000
57272  43.381  -21.254  85.181 0.0000000000
57260  44.276  -21.067  86.147 0.0000000000
58175  44.256  -20.072  85.232 0.0000000000
58174  44.915  -19.820  85.530 0.0000000000
58173  45.616  -19.454  85.234 0.0000000000
59104  46.358  -19.300  84.991 0.0000000000
58172  46.502  -19.675  85.085 0.0000000000
57267  46.800  -20.403  84.931 0.0000000000
56336  48.123  -21.847  84.291 0.0000000000
140414  31.425  -28.555  89.769 0.0000000000
50292  30.143  -28.207  89.961 0.0000000000
49229  30.977  -28.314  90.363 0.0000000000
49228  31.841  -28.513  90.288 0.0000000000
117634  32.104  -28.510  91.773 0.0000000000
49194  32.583  -28.628  92.592 0.0000000000
49179  31.469  -28.377  93.575 0.0000000000
118273  32.179  -28.624  93.347 0.0000000000
49177  32.826  -28.920  93.513 0.0000000000
64350  51.069  -13.543  76.825 0.0000000000
64329  51.180  -13.910  77.480 0.0000000000
120356  51.684  -13.375  77.406 0.0000000000
63294  53.121  -14.425  78.342 0.0000000000
62184  53.365  -14.750  78.824 0.0000000000
62169  53.245  -14.357  79.583 0.0000000000
62126  52.349  -15.099  81.526 0.0000000000
121349  52.892  -15.076  80.981 0.0000000000
133533  40.639  -29.534  87.292 0.0000000000
49279  41.711  -28.595  87.259 0.0000000000
49262  42.218  -28.584  88.039 0.0000000000
50306  43.025  -27.064  88.236 0.0000000000
46088  42.827  -31.436  89.904 0.0000000000
47038  43.180  -30.205  90.449 0.0000000000
47037  43.746  -29.773  89.595 0.0000000000
47044  44.093  -30.490  88.808 0.0000000000
49240  43.325  -28.089  88.950 0.0000000000
50305  43.566  -26.918  88.477 0.0000000000
121940  44.140  -26.839  88.486 0.0000000000
51266  44.255  -26.258  87.840 0.0000000000
50303  44.507  -27.192  87.797 0.0000000000
51265  44.527  -26.520  87.621 0.0000000000
126704  44.613  -25.934  87.411 0.0000000000
52193  45.294  -25.632  86.653 0.0000000000
122671  45.715  -24.938  86.469 0.0000000000
53200  46.259  -24.651  85.779 0.0000000000
52203  45.655  -25.596  85.941 0.0000000000
117292  44.595  -27.512  85.115 0.0000000000
50373  44.890  -26.926  84.825 0.0000000000
49247  32.851  -28.829  89.427 0.0000000000
49265  34.179  -29.144  88.826 0.0000000000
122465  39.695  -29.837  87.843 0.0000000000
48113  40.639  -29.767  89.738 0.0000000000
48098  40.872  -29.796  90.803 0.0000000000
48086  41.008  -29.993  91.191 0.0000000000
47016  41.535  -30.245  91.236 0.0000000000
46071  41.744  -31.520  90.955 0.0000000000
47006  38.397  -30.253  92.120 0.0000000000
47005  39.149  -30.532  92.061 0.0000000000
46052  39.700  -31.614  91.673 0.0000000000
46029  39.830  -30.914  91.882 0.0000000000
46051  40.488  -31.412  91.573 0.0000000000
46987  25.308  -30.806  94.399 0.0000000000
70077  58.724  -7.617  68.742 0.0000000000
128356  55.262  -10.178  74.118 0.0000000000
68054  54.052  -10.109  76.211 0.0000000000
67142  54.477  -10.227  75.650 0.0000000000
130082  54.418  -11.100  75.438 0.0000000000
66204  54.770  -10.322  74.987 0.0000000000
117514  55.255  -10.871  73.192 0.0000000000
117333  46.386  -17.446  79.139 0.0000000000
52195  42.460  -25.540  87.251 0.0000000000
52204  41.905  -25.634  86.492 0.0000000000
60147  44.925  -18.089  81.042 0.0000000000
60165  45.544  -17.759  79.668 0.0000000000
61157  46.933  -17.088  80.717 0.0000000000
61143  47.525  -16.648  81.248 0.0000000000
140361  48.103  -16.354  82.608 0.0000000000
61131  47.580  -16.666  82.973 0.0000000000
62094  48.931  -15.997  83.705 0.0000000000
62079  49.330  -16.158  84.102 0.0000000000
60118  49.841  -16.661  84.134 0.0000000000
59113  47.450  -18.592  84.223 0.0000000000
60113  48.149  -18.295  83.792 0.0000000000
59112  48.304  -18.731  83.749 0.0000000000
121397  48.778  -17.789  83.655 0.0000000000
60129  49.372  -17.407  83.781 0.0000000000
59129  49.880  -17.940  82.941 0.0000000000
59130  49.584  -18.689  82.225 0.0000000000
58203  49.673  -19.138  81.345 0.0000000000
57297  48.918  -20.034  82.220 0.0000000000
53211  46.607  -24.688  84.851 0.0000000000
53210  46.979  -23.904  84.499 0.0000000000
52236  46.223  -25.264  83.881 0.0000000000
130165  47.027  -23.790  83.837 0.0000000000
49181  26.620  -28.449  93.547 0.0000000000
49239  43.670  -28.282  88.791 0.0000000000
50254  27.801  -27.924  94.661 0.0000000000
50283  28.844  -27.914  90.685 0.0000000000
54221  43.819  -23.841  87.304 0.0000000000
61114  48.735  -16.593  83.879 0.0000000000
69053  55.606  -8.935  73.771 0.0000000000
131774  45.620  -25.943  85.384 0.0000000000
134014  49.497  -16.500  84.179 0.0000000000
138181  45.044  -26.536  85.646 0.0000000000
138933  46.533  -17.696  83.789 0.0000000000
139306  45.407  -25.100  86.823 0.0000000000
140212  38.008  -29.914  92.073 0.0000000000
141011  44.896  -19.246  84.209 0.0000000000
