#!ascii label  , from subject sub-01 vox2ras=TkReg
844
120886  21.477  -11.559  14.333 0.2500000000
65923  22.153  -11.820  13.921 0.2500000000
65907  22.550  -12.596  14.132 0.7500000000
67777  20.119  -8.987  13.803 0.2500000000
67776  20.567  -9.704  13.608 0.1250000000
68706  21.114  -9.565  13.050 0.3750000000
67775  21.194  -10.370  13.335 0.2500000000
66861  22.430  -11.354  13.277 0.7500000000
66862  21.654  -11.149  13.568 0.3750000000
65921  23.516  -12.353  13.052 0.8750000000
65922  22.925  -12.035  13.552 0.8750000000
65920  23.944  -12.871  12.904 0.8750000000
66877  21.924  -10.739  12.856 0.3750000000
66875  23.780  -11.367  12.339 1.0000000000
66876  22.508  -10.945  12.667 0.8750000000
65934  23.827  -12.185  12.640 1.0000000000
123047  23.170  -11.544  12.876 0.8750000000
65933  24.390  -12.499  12.405 1.0000000000
68707  20.325  -8.441  13.270 0.2500000000
68720  22.077  -9.815  11.984 0.8750000000
67791  22.198  -10.493  12.255 0.8750000000
67792  21.646  -10.122  12.558 0.7500000000
66894  24.494  -11.094  11.811 1.0000000000
66895  23.763  -10.734  11.909 1.0000000000
67812  23.331  -10.161  11.613 1.0000000000
66873  24.901  -11.942  11.899 1.0000000000
66874  24.291  -11.823  12.285 1.0000000000
68722  20.955  -8.731  12.879 0.6250000000
68744  22.872  -9.236  11.516 1.0000000000
68721  21.573  -9.192  12.486 0.8750000000
67813  22.581  -10.186  11.852 1.0000000000
67809  25.879  -10.359  10.938 1.0000000000
67810  24.987  -10.364  11.109 1.0000000000
67811  24.164  -10.258  11.360 1.0000000000
136472  26.157  -11.127  11.253 1.0000000000
66893  25.411  -11.130  11.457 1.0000000000
66891  27.534  -11.346  11.435 1.0000000000
66892  26.716  -11.561  11.441 1.0000000000
73229  19.701  -4.873  12.759 0.2500000000
133613  19.690  -8.231  13.827 0.2500000000
69721  20.033  -7.763  13.179 0.3750000000
69720  20.632  -7.933  12.663 0.5000000000
69731  21.782  -7.662  11.613 1.0000000000
68745  22.035  -8.656  11.848 1.0000000000
69745  23.594  -8.517  10.865 1.0000000000
120596  26.453  -9.946  10.787 1.0000000000
68742  25.275  -9.620  10.617 1.0000000000
68767  24.305  -8.900  10.684 1.0000000000
68740  26.956  -9.570  10.873 1.0000000000
137238  27.358  -10.598  11.145 1.0000000000
126709  27.686  -10.008  10.995 1.0000000000
72430  20.139  -5.466  12.322 0.5000000000
72431  19.680  -5.841  12.803 0.3750000000
71578  19.652  -6.736  13.096 0.3750000000
139010  20.188  -6.931  12.522 0.5000000000
139549  21.015  -6.513  11.821 0.5000000000
70678  21.538  -6.969  11.471 0.8750000000
71588  22.057  -6.511  10.996 1.0000000000
124888  24.437  -8.007  10.534 1.0000000000
70691  22.849  -7.100  10.602 1.0000000000
69743  25.761  -8.073  10.442 1.0000000000
69744  25.197  -8.062  10.400 1.0000000000
69728  27.932  -8.544  10.902 1.0000000000
69729  27.038  -8.686  10.910 1.0000000000
68739  28.502  -9.381  10.979 0.8750000000
73228  20.161  -4.660  12.139 0.5000000000
71577  20.460  -6.295  12.246 0.5000000000
72443  20.725  -5.455  11.876 0.6250000000
72442  21.358  -5.356  11.278 0.6250000000
71589  21.809  -5.998  11.064 1.0000000000
70679  21.459  -6.541  11.491 0.7500000000
71603  22.703  -6.551  10.520 1.0000000000
71587  26.625  -6.654  10.524 1.0000000000
71600  25.301  -6.352  10.732 1.0000000000
70689  25.457  -7.255  10.590 1.0000000000
70690  24.276  -7.044  10.457 1.0000000000
70676  26.777  -7.228  10.488 1.0000000000
70688  26.070  -7.462  10.480 1.0000000000
70675  27.611  -7.233  10.748 0.8750000000
126177  27.350  -7.862  10.774 1.0000000000
69727  28.917  -8.484  10.890 0.8750000000
73240  20.734  -4.590  11.551 0.5000000000
72462  24.255  -5.031  9.860 1.0000000000
72463  23.710  -5.150  9.978 1.0000000000
130676  26.024  -6.280  10.593 1.0000000000
72450  24.980  -5.659  10.423 1.0000000000
71602  24.221  -6.266  10.326 1.0000000000
73237  26.990  -5.100  11.302 1.0000000000
71585  28.288  -6.824  11.079 1.0000000000
71586  27.380  -6.677  10.724 1.0000000000
140555  27.713  -5.451  11.301 1.0000000000
72439  28.024  -6.103  11.261 1.0000000000
73239  21.405  -4.512  10.913 0.8750000000
73251  22.072  -4.356  10.424 1.0000000000
74057  23.749  -3.600  9.572 1.0000000000
73258  23.868  -4.548  9.661 1.0000000000
73250  22.698  -4.549  10.117 1.0000000000
127370  27.347  -2.963  11.537 1.0000000000
74046  25.789  -3.833  11.092 1.0000000000
74043  28.542  -3.774  11.637 1.0000000000
74044  27.440  -3.977  11.428 1.0000000000
135853  26.183  -4.619  11.099 1.0000000000
73235  29.109  -4.477  11.481 1.0000000000
137072  29.782  -5.272  11.245 0.8750000000
77557  22.362  0.104  10.246 1.0000000000
136830  21.748  0.095  10.354 0.3750000000
119289  23.691  -2.293  10.285 1.0000000000
74885  26.358  -2.796  11.246 1.0000000000
74886  25.437  -2.305  11.058 1.0000000000
78497  21.791  1.616  10.260 0.8750000000
78482  23.520  1.175  10.780 1.0000000000
77556  23.069  0.522  10.632 1.0000000000
76650  23.009  -0.403  10.265 1.0000000000
77546  23.902  0.641  10.934 1.0000000000
75766  24.080  -1.630  10.680 1.0000000000
128159  26.379  -1.751  11.354 1.0000000000
139430  25.770  -1.394  10.855 1.0000000000
74884  27.179  -2.018  11.744 1.0000000000
116497  22.162  2.274  10.115 0.7500000000
77545  24.702  0.515  11.077 1.0000000000
77543  27.229  0.395  11.606 1.0000000000
76636  25.994  -0.239  10.941 1.0000000000
128943  25.553  -0.834  10.733 1.0000000000
79428  23.674  1.902  10.803 1.0000000000
78481  24.290  1.262  11.072 1.0000000000
116895  25.614  0.468  11.199 1.0000000000
84865  21.232  8.041  11.216 0.1250000000
84859  20.576  8.258  12.396 0.1250000000
83955  22.272  7.256  10.786 0.2500000000
84864  22.592  8.013  10.231 0.1250000000
84863  23.708  8.110  9.831 0.3750000000
128012  21.878  8.736  10.473 0.2500000000
85637  24.350  8.864  9.691 0.5000000000
125999  22.351  9.353  9.969 0.2500000000
85638  23.086  8.858  9.674 0.2500000000
85644  22.952  9.780  9.518 0.2500000000
127825  22.663  10.573  9.362 0.2500000000
85643  24.092  9.736  9.430 0.2500000000
86392  24.226  10.534  8.800 0.2500000000
86391  24.943  9.863  8.901 0.3750000000
139661  23.506  10.355  9.249 0.2500000000
86403  24.931  10.281  8.135 0.3750000000
86404  24.313  10.894  7.910 0.2500000000
133379  20.539  -10.282  13.937 0.1250000000
65945  26.687  -12.253  11.823 1.0000000000
72454  22.126  -5.177  10.631 0.8750000000
127767  25.409  -4.516  10.498 1.0000000000
121532  21.625  -12.767  15.282 0.1250000000
65014  23.297  -12.939  13.679 0.6250000000
64050  23.896  -13.540  13.713 0.7500000000
140745  20.005  -9.713  14.355 0.1250000000
65013  24.458  -13.455  13.309 1.0000000000
66850  20.918  -11.221  14.847 0.1250000000
65027  24.680  -13.054  12.666 1.0000000000
65931  26.217  -12.715  12.277 1.0000000000
65944  27.376  -12.183  11.655 1.0000000000
69713  19.407  -7.657  13.897 0.3750000000
127602  19.317  -6.131  13.736 0.2500000000
121872  28.540  -10.201  11.186 0.8750000000
70673  29.277  -7.793  10.887 0.8750000000
130974  29.664  -9.222  11.017 0.8750000000
71584  29.234  -7.043  11.070 0.8750000000
77547  20.586  0.328  11.401 0.1250000000
76638  20.617  -0.224  11.224 0.1250000000
74037  20.125  -3.689  12.004 0.3750000000
74902  21.948  -2.814  10.347 0.6250000000
73236  28.080  -4.685  11.475 1.0000000000
72438  29.075  -6.180  11.403 0.8750000000
77558  21.732  0.739  10.416 0.5000000000
139253  22.289  0.897  10.377 0.8750000000
76652  21.386  -0.363  10.627 0.3750000000
75769  21.837  -1.116  10.367 0.8750000000
74883  27.957  -2.394  11.829 1.0000000000
75749  28.499  -1.995  11.399 1.0000000000
75750  27.746  -1.414  11.788 1.0000000000
78496  22.711  1.555  10.435 1.0000000000
76635  26.718  -0.301  11.540 1.0000000000
80402  23.154  3.329  10.268 0.8750000000
80390  25.014  3.002  10.890 1.0000000000
79426  25.797  1.922  11.496 1.0000000000
77544  26.428  0.458  11.450 1.0000000000
122774  20.737  7.760  12.861 0.1250000000
83078  21.325  6.529  11.554 0.1250000000
128511  23.497  6.132  10.347 0.6250000000
83953  24.294  7.525  10.098 0.6250000000
84861  25.716  8.281  9.933 0.5000000000
128031  25.435  9.295  8.813 0.5000000000
85639  21.682  9.631  10.827 0.2500000000
85645  22.196  10.108  9.926 0.2500000000
85648  25.484  9.619  8.227 0.5000000000
86394  21.912  10.957  9.715 0.1250000000
86405  23.786  11.141  8.380 0.2500000000
86417  24.196  11.304  7.194 0.2500000000
115838  25.153  10.214  6.686 0.3750000000
115844  23.706  11.573  6.440 0.2500000000
121460  23.161  11.725  8.516 0.1250000000
65908  21.857  -12.323  14.555 0.1250000000
67761  20.959  -10.890  14.062 0.1250000000
67790  23.010  -10.794  12.240 1.0000000000
65932  25.156  -12.570  12.230 1.0000000000
65946  25.861  -11.914  11.701 1.0000000000
128424  21.343  -8.234  12.278 0.8750000000
130582  26.730  -10.715  11.058 1.0000000000
68743  24.590  -9.600  10.748 1.0000000000
123381  23.826  -9.449  11.127 1.0000000000
70665  19.808  -7.252  13.170 0.3750000000
125206  20.379  -7.320  12.523 0.5000000000
69719  21.038  -7.425  12.055 0.8750000000
69730  22.643  -7.930  11.066 1.0000000000
67808  26.999  -10.211  10.882 1.0000000000
131342  25.851  -9.574  10.651 1.0000000000
68765  25.495  -8.862  10.424 1.0000000000
68741  26.249  -8.971  10.658 1.0000000000
134186  27.590  -9.244  10.926 1.0000000000
70664  20.824  -6.883  11.947 0.6250000000
71590  21.217  -6.071  11.676 0.6250000000
70677  22.257  -7.036  11.029 1.0000000000
71604  22.478  -5.961  10.512 1.0000000000
134470  24.917  -7.365  10.574 1.0000000000
133347  23.527  -7.536  10.566 1.0000000000
127008  23.485  -6.735  10.353 1.0000000000
69742  26.481  -8.003  10.631 1.0000000000
70674  28.363  -7.674  10.928 0.8750000000
68738  29.338  -10.069  11.178 0.8750000000
72453  22.979  -5.246  10.207 1.0000000000
118259  23.421  -5.959  10.195 1.0000000000
72440  27.008  -5.977  10.771 1.0000000000
71599  26.040  -6.921  10.532 1.0000000000
120129  24.821  -6.641  10.684 1.0000000000
132720  25.417  -5.852  10.602 1.0000000000
73249  24.418  -4.573  9.732 1.0000000000
72451  24.767  -5.224  9.972 1.0000000000
72452  24.275  -5.567  10.075 1.0000000000
72441  26.092  -5.588  10.786 1.0000000000
71601  24.717  -5.840  10.469 1.0000000000
73238  25.322  -5.205  10.267 1.0000000000
129955  28.632  -5.339  11.430 1.0000000000
74048  20.865  -3.675  11.387 0.6250000000
74047  21.626  -3.656  10.647 0.7500000000
74059  22.430  -3.685  9.989 1.0000000000
74067  23.480  -4.042  9.508 1.0000000000
74058  23.072  -3.360  9.639 1.0000000000
74056  24.463  -3.879  9.791 1.0000000000
126408  23.453  -2.921  9.805 1.0000000000
74899  24.059  -3.064  10.106 1.0000000000
74898  24.781  -3.153  10.644 1.0000000000
130345  28.100  -3.159  11.778 1.0000000000
122364  25.447  -3.231  11.021 1.0000000000
74055  25.110  -3.914  10.492 1.0000000000
133843  22.620  -0.608  9.996 1.0000000000
76651  22.138  -0.482  10.123 0.7500000000
74901  22.562  -2.806  9.860 1.0000000000
74887  24.477  -2.336  10.691 1.0000000000
74900  22.972  -2.153  9.814 1.0000000000
139641  23.368  -1.634  10.205 1.0000000000
79438  22.906  2.503  10.353 0.8750000000
75767  22.987  -1.114  9.868 1.0000000000
76637  23.959  -0.153  10.914 1.0000000000
132136  24.583  -0.893  10.760 1.0000000000
75751  24.972  -1.571  10.836 1.0000000000
76649  23.638  -0.981  10.537 1.0000000000
124398  26.959  -1.131  11.732 1.0000000000
79427  24.778  2.109  11.217 1.0000000000
119392  25.167  -0.225  10.854 1.0000000000
78480  25.202  1.242  11.360 1.0000000000
79437  23.941  2.748  10.739 1.0000000000
83943  21.137  7.127  12.778 0.1250000000
83948  20.859  7.256  11.846 0.1250000000
129376  20.966  8.885  11.744 0.2500000000
83087  22.099  6.731  10.969 0.3750000000
83954  23.386  7.394  10.158 0.5000000000
84869  25.178  8.780  9.821 0.5000000000
84862  24.808  8.222  10.007 0.7500000000
86416  24.792  10.585  7.314 0.2500000000
65898  21.309  -12.460  15.734 0.1250000000
64999  22.797  -13.411  14.361 0.6250000000
64998  23.263  -13.836  14.110 0.7500000000
75770  20.929  -0.982  11.083 0.5000000000
74888  21.209  -2.740  11.279 0.6250000000
75752  21.542  -1.910  10.925 0.8750000000
119608  22.334  -1.986  10.163 1.0000000000
140062  26.551  1.814  11.592 1.0000000000
125267  24.530  6.887  10.260 0.7500000000
124584  23.903  7.001  10.175 0.7500000000
83086  23.175  6.742  10.358 0.5000000000
83952  25.350  7.477  10.236 0.7500000000
86429  24.449  10.812  6.641 0.2500000000
116042  24.685  10.377  6.044 0.3750000000
136699  24.527  -17.321  14.751 0.7500000000
60930  26.276  -17.627  14.334 0.7500000000
61860  23.892  -16.792  14.899 0.7500000000
129529  26.477  -17.069  13.882 0.7500000000
60931  25.407  -17.499  14.489 0.7500000000
120163  25.126  -16.809  14.166 0.7500000000
61874  24.421  -16.471  14.416 0.7500000000
61884  26.819  -16.599  13.371 0.7500000000
61885  25.823  -16.462  13.637 0.7500000000
62969  24.918  -16.108  13.807 0.7500000000
64035  23.473  -14.527  14.432 0.7500000000
62986  24.756  -15.236  13.772 0.8750000000
64034  24.034  -14.909  14.122 0.8750000000
62984  26.327  -15.922  13.099 0.7500000000
64047  25.972  -15.228  13.027 0.7500000000
64048  25.338  -14.729  13.342 0.8750000000
65012  25.150  -13.802  13.196 0.8750000000
62998  26.749  -15.268  12.773 0.7500000000
64061  26.047  -14.413  12.716 0.8750000000
133416  27.469  -13.938  12.161 0.7500000000
65025  26.603  -13.644  12.372 0.8750000000
65038  28.807  -13.574  11.672 0.8750000000
65930  27.232  -13.039  11.991 0.8750000000
65039  28.079  -12.964  11.588 0.8750000000
117839  28.072  -12.187  11.513 0.8750000000
66888  30.821  -12.068  11.065 0.3750000000
119911  30.314  -11.988  10.937 0.6250000000
66889  29.531  -11.892  11.131 0.7500000000
66890  28.629  -11.742  11.412 0.7500000000
66907  30.957  -11.689  10.319 0.5000000000
67822  30.753  -11.199  9.980 0.7500000000
67823  29.839  -10.816  10.866 0.7500000000
66925  32.362  -12.287  8.229 0.1250000000
67833  31.565  -11.933  8.905 0.3750000000
68764  30.230  -10.042  10.845 0.6250000000
68792  33.039  -11.442  7.871 0.1250000000
68793  32.364  -11.825  7.877 0.1250000000
69757  31.738  -9.460  8.369 0.1250000000
69740  31.035  -8.573  9.645 0.6250000000
70686  30.676  -7.683  10.162 0.6250000000
70687  30.093  -7.480  10.762 0.7500000000
69773  32.689  -9.413  7.626 0.1250000000
70707  32.643  -8.389  6.766 0.1250000000
131395  31.023  -7.298  8.462 0.1250000000
71596  30.811  -7.185  9.554 0.5000000000
120029  30.530  -6.964  10.440 0.6250000000
71598  30.117  -6.391  11.031 0.7500000000
69772  33.622  -9.115  6.958 0.1250000000
71613  30.767  -6.385  8.656 0.5000000000
72449  30.500  -5.555  10.571 0.6250000000
79439  22.177  3.127  9.925 0.6250000000
80403  21.905  4.039  9.793 0.5000000000
73257  30.643  -4.239  9.693 0.6250000000
74054  29.995  -3.568  10.789 0.6250000000
74042  29.374  -3.636  11.394 0.8750000000
73265  30.594  -4.522  8.558 0.5000000000
74908  30.133  -2.929  9.571 0.6250000000
74897  29.569  -2.945  11.068 0.7500000000
139882  22.508  3.863  9.878 0.7500000000
74882  28.756  -2.897  11.590 0.8750000000
76634  27.439  -0.473  11.673 0.8750000000
77542  27.971  0.233  11.434 0.8750000000
75748  29.168  -2.329  11.063 0.7500000000
75765  28.452  -1.264  11.230 0.8750000000
76648  28.808  -0.721  10.714 0.8750000000
77555  28.532  0.039  10.848 0.8750000000
119572  28.407  0.736  11.028 0.8750000000
74074  30.278  -3.931  7.814 0.3750000000
74065  30.436  -3.668  9.043 0.5000000000
74915  30.048  -3.032  8.428 0.5000000000
75776  29.640  -1.520  9.814 0.6250000000
74075  29.650  -3.349  7.166 0.2500000000
119060  29.703  -2.271  9.138 0.5000000000
81318  22.474  4.554  9.780 0.6250000000
123827  23.602  4.834  10.079 0.7500000000
80401  24.207  3.535  10.522 0.8750000000
132927  23.381  4.062  10.144 0.7500000000
78479  26.091  1.189  11.511 0.8750000000
79424  27.346  2.132  11.463 0.7500000000
78495  28.591  1.414  10.746 0.8750000000
76647  29.470  -0.883  10.145 0.7500000000
123753  29.463  -2.337  7.837 0.3750000000
75782  29.449  -1.608  8.778 0.5000000000
78510  29.194  0.648  9.695 0.7500000000
133118  22.634  5.602  10.047 0.6250000000
81317  24.480  4.265  10.321 0.8750000000
80400  25.307  3.726  10.518 0.8750000000
80389  26.163  3.286  11.063 0.8750000000
81315  26.632  4.549  10.472 0.7500000000
80388  27.135  3.089  11.207 0.8750000000
79447  28.619  2.280  10.309 0.7500000000
77567  29.348  0.094  9.102 0.5000000000
75788  28.851  -1.741  6.220 0.2500000000
76676  29.035  -1.171  7.132 0.5000000000
140610  29.369  -1.139  8.590 0.5000000000
74920  29.326  -2.748  6.563 0.2500000000
82203  23.820  5.558  10.258 0.5000000000
134451  24.470  6.099  10.387 0.6250000000
124063  25.510  5.949  10.335 0.7500000000
82201  26.021  5.198  10.281 0.7500000000
82213  26.457  5.892  9.991 0.7500000000
82200  27.015  5.139  10.099 0.7500000000
81326  27.669  4.779  9.911 0.7500000000
81314  27.399  4.376  10.417 0.7500000000
81313  28.046  4.140  10.154 0.7500000000
80410  28.327  3.709  9.482 0.7500000000
78523  28.812  1.678  8.059 0.5000000000
79463  28.424  2.456  7.754 0.3750000000
79456  28.590  2.451  8.653 0.6250000000
76677  28.620  -1.011  6.117 0.2500000000
77578  28.959  0.697  7.737 0.3750000000
122163  28.537  1.038  7.147 0.3750000000
132877  25.198  6.634  10.323 0.6250000000
83095  26.848  6.600  9.650 0.7500000000
82212  27.235  5.754  9.562 0.7500000000
82220  28.101  4.995  8.549 0.7500000000
81332  28.302  4.081  8.484 0.6250000000
79474  28.160  2.372  6.811 0.3750000000
80420  28.224  3.274  7.478 0.3750000000
77595  27.983  -0.437  5.630 0.1250000000
77596  27.583  0.136  5.271 0.1250000000
78535  27.827  0.712  6.303 0.2500000000
83084  26.044  6.740  10.212 0.6250000000
83951  26.432  7.576  9.788 0.7500000000
83094  27.399  6.377  9.132 0.6250000000
82221  27.757  5.775  8.863 0.7500000000
81338  28.125  4.195  7.527 0.3750000000
82228  28.056  4.949  7.635 0.3750000000
129245  28.132  4.514  9.381 0.7500000000
79475  27.642  2.153  5.874 0.2500000000
80433  27.986  2.943  6.527 0.3750000000
77611  27.762  0.172  4.226 0.1250000000
78541  27.433  0.671  4.556 0.1250000000
77603  27.908  -0.804  4.866 0.1250000000
125932  26.256  8.240  9.410 0.6250000000
122400  27.555  7.132  8.152 0.3750000000
83960  27.245  7.164  8.972 0.3750000000
83110  27.647  6.577  7.464 0.3750000000
81358  26.539  4.135  5.342 0.2500000000
81339  27.745  4.538  6.796 0.3750000000
82229  27.935  5.745  7.977 0.3750000000
79487  26.606  1.836  4.142 0.1250000000
80434  27.495  3.095  5.882 0.3750000000
80421  27.862  3.693  6.694 0.3750000000
77617  27.752  0.500  3.987 0.1250000000
85651  26.036  9.277  7.653 0.3750000000
84868  25.710  8.759  9.188 0.3750000000
83968  26.790  7.932  8.930 0.3750000000
83986  27.030  8.034  6.702 0.3750000000
84878  27.049  8.244  7.618 0.3750000000
83128  26.583  6.167  5.485 0.3750000000
83117  27.316  6.366  6.392 0.3750000000
127110  27.261  7.140  6.840 0.3750000000
82249  26.300  5.026  5.384 0.3750000000
126515  27.168  4.813  6.055 0.3750000000
82237  27.683  5.520  6.885 0.3750000000
79497  25.461  2.510  3.134 0.1250000000
80440  26.695  3.258  5.234 0.1250000000
80441  25.788  3.369  4.530 0.2500000000
78550  26.408  2.102  3.873 0.1250000000
84896  25.802  8.559  5.436 0.2500000000
83996  26.264  7.091  5.153 0.2500000000
131162  26.470  7.935  5.688 0.3750000000
122421  26.274  8.663  6.331 0.3750000000
129357  25.822  5.536  4.910 0.1250000000
83987  26.901  7.147  6.007 0.3750000000
82256  25.477  4.731  4.303 0.1250000000
80453  24.507  3.070  2.371 0.1250000000
81359  25.781  4.164  4.730 0.1250000000
85657  25.347  9.856  5.998 0.3750000000
84910  25.772  7.825  4.915 0.2500000000
83140  24.664  6.157  3.974 0.1250000000
84011  24.246  6.877  4.131 0.1250000000
121305  25.149  5.432  3.989 0.1250000000
83141  23.626  6.462  3.252 0.1250000000
81374  24.760  3.434  2.116 0.1250000000
82262  24.546  4.462  2.757 0.1250000000
84013  22.118  7.504  3.266 0.1250000000
82263  24.300  5.727  2.820 0.1250000000
83148  22.989  6.833  2.632 0.1250000000
82265  25.831  5.150  2.054 0.1250000000
135160  25.311  4.094  2.055 0.1250000000
65026  25.632  -13.320  12.633 0.8750000000
65943  28.919  -12.823  11.465 0.6250000000
72461  30.706  -5.250  9.486 0.6250000000
75764  29.151  -1.565  10.675 0.8750000000
76660  29.475  -0.788  9.310 0.5000000000
82202  24.782  5.165  10.368 0.8750000000
81316  25.591  4.450  10.382 0.8750000000
136479  26.196  3.979  10.618 0.8750000000
80397  28.266  3.274  10.253 0.7500000000
79436  27.922  2.766  10.912 0.7500000000
77577  29.171  0.213  8.296 0.5000000000
78522  29.187  1.008  8.906 0.7500000000
77587  29.009  -0.236  7.341 0.5000000000
80448  24.597  2.844  2.891 0.1250000000
84010  25.282  6.930  4.632 0.2500000000
83147  23.739  6.276  2.885 0.1250000000
127233  24.848  5.293  2.471 0.1250000000
68762  31.200  -9.830  9.203 0.5000000000
128146  30.894  -9.109  10.185 0.6250000000
69726  29.860  -8.373  10.830 0.7500000000
72469  30.695  -5.486  7.951 0.3750000000
74080  30.089  -4.133  6.441 0.2500000000
78494  28.855  0.705  10.394 0.7500000000
59941  25.091  -18.961  14.814 0.7500000000
118067  24.298  -18.261  14.990 0.7500000000
60920  23.440  -17.540  15.183 0.7500000000
124384  23.209  -16.579  15.233 0.7500000000
59940  26.033  -19.003  14.912 0.7500000000
59956  25.000  -18.058  14.733 0.7500000000
127089  27.058  -17.829  14.252 0.7500000000
62970  24.238  -15.725  14.165 0.7500000000
61872  27.300  -17.240  13.804 0.6250000000
62983  27.260  -16.039  12.897 0.7500000000
62997  27.831  -15.341  12.544 0.6250000000
116414  28.159  -14.650  12.096 0.6250000000
65037  29.629  -13.731  11.640 0.5000000000
65941  30.464  -12.921  11.649 0.3750000000
65942  29.862  -13.055  11.524 0.5000000000
117162  31.602  -11.777  10.013 0.1250000000
66905  32.356  -12.504  8.573 0.1250000000
67831  32.713  -12.217  8.421 0.1250000000
68779  33.812  -10.295  8.118 0.1250000000
69771  34.679  -9.058  6.432 0.1250000000
136224  34.248  -8.871  6.128 0.1250000000
70714  33.018  -7.703  5.592 0.1250000000
70715  32.061  -7.511  6.247 0.1250000000
71622  31.022  -6.217  7.179 0.1250000000
73271  30.561  -4.862  6.912 0.2500000000
81319  21.817  4.806  9.839 0.5000000000
74927  29.475  -2.891  5.617 0.1250000000
74081  29.719  -3.473  6.066 0.2500000000
75801  28.094  -2.276  4.585 0.1250000000
76685  27.807  -1.722  5.073 0.1250000000
76692  28.212  -0.734  4.343 0.1250000000
130599  22.748  6.321  10.446 0.3750000000
76703  28.183  -0.206  4.081 0.1250000000
78556  28.019  1.067  3.773 0.1250000000
79499  25.951  2.653  2.826 0.1250000000
81369  27.954  3.913  2.910 0.1250000000
134041  20.899  9.031  12.657 0.1250000000
116035  24.447  9.212  4.773 0.2500000000
116081  23.261  8.812  4.603 0.1250000000
115985  22.059  8.370  3.905 0.1250000000
83152  23.696  6.552  2.509 0.1250000000
84022  22.066  7.357  2.604 0.1250000000
83151  24.545  6.303  2.319 0.1250000000
127244  26.228  4.508  1.970 0.1250000000
83150  25.688  6.189  1.985 0.1250000000
67807  28.142  -10.768  11.400 0.7500000000
73247  29.932  -4.271  11.086 0.7500000000
78477  27.858  1.183  11.358 0.8750000000
141030  23.794  -14.202  14.140 0.7500000000
64049  24.546  -14.195  13.789 0.8750000000
67806  29.102  -10.925  11.337 0.7500000000
122800  30.534  -8.344  10.449 0.6250000000
134372  25.665  2.576  11.303 0.8750000000
79425  26.476  2.502  11.452 0.8750000000
78478  26.935  1.208  11.609 0.8750000000
85647  26.019  9.085  8.412 0.3750000000
85652  25.382  9.895  7.460 0.3750000000
136722  23.977  10.333  5.549 0.1250000000
115833  24.663  9.906  5.351 0.2500000000
59955  25.742  -18.230  14.682 0.7500000000
59954  26.584  -18.356  14.655 0.7500000000
140638  26.807  -17.456  14.054 0.7500000000
61875  23.792  -16.096  14.771 0.7500000000
62985  25.498  -15.653  13.395 0.7500000000
64036  22.946  -14.131  14.683 0.6250000000
64060  27.141  -14.544  12.439 0.7500000000
65024  28.162  -13.819  11.829 0.7500000000
65023  29.155  -14.471  11.839 0.6250000000
120195  30.065  -12.473  11.281 0.5000000000
136285  29.383  -12.421  11.335 0.6250000000
66908  30.054  -11.455  10.799 0.7500000000
66919  31.542  -12.043  9.370 0.5000000000
66918  32.049  -12.498  8.556 0.2500000000
66906  32.123  -12.461  9.082 0.1250000000
68781  31.882  -10.924  8.293 0.2500000000
68782  31.391  -10.918  9.047 0.3750000000
68763  30.689  -10.050  9.964 0.6250000000
119904  33.210  -10.243  7.642 0.1250000000
68791  33.797  -9.836  7.601 0.1250000000
128376  32.556  -10.756  7.801 0.1250000000
70697  31.206  -8.088  8.755 0.1250000000
119238  31.930  -8.613  7.837 0.1250000000
138372  30.904  -7.839  9.616 0.5000000000
130263  31.578  -7.851  7.595 0.1250000000
71621  31.237  -7.018  7.398 0.1250000000
71597  30.642  -6.252  10.062 0.6250000000
73246  30.485  -4.734  10.487 0.6250000000
129720  30.386  -4.044  10.435 0.6250000000
74909  29.728  -2.329  10.315 0.6250000000
77554  29.182  -0.094  10.045 0.7500000000
128194  29.093  1.406  9.951 0.7500000000
79435  28.138  1.990  11.042 0.7500000000
137288  29.232  -1.503  7.933 0.3750000000
80398  27.661  3.626  10.701 0.7500000000
78511  28.956  2.007  9.275 0.6250000000
130031  28.495  2.821  9.494 0.7500000000
76667  29.223  -0.641  8.269 0.5000000000
75793  28.227  -2.207  5.264 0.1250000000
75787  29.081  -1.995  6.948 0.2500000000
122425  29.009  -2.356  5.866 0.1250000000
135760  27.400  5.215  9.748 0.7500000000
80416  28.358  3.122  8.589 0.6250000000
78529  28.317  1.673  7.034 0.3750000000
116941  28.553  0.176  6.679 0.1250000000
83103  27.670  6.481  8.453 0.3750000000
127403  27.833  1.576  6.367 0.3750000000
78536  27.494  1.101  5.576 0.1250000000
81350  27.331  3.965  5.974 0.3750000000
79479  26.964  2.370  5.044 0.2500000000
78549  27.205  1.116  4.093 0.1250000000
78557  27.225  1.449  3.822 0.1250000000
120934  27.251  1.529  4.848 0.1250000000
84872  26.389  8.505  8.693 0.3750000000
79488  25.691  2.464  3.614 0.1250000000
79480  26.079  2.597  4.322 0.1250000000
84887  26.596  8.797  7.169 0.3750000000
83139  25.622  6.216  4.772 0.3750000000
82248  27.144  5.594  5.979 0.3750000000
80447  25.180  2.744  3.602 0.1250000000
79498  24.740  2.708  2.630 0.1250000000
79500  25.173  2.674  2.510 0.1250000000
81365  24.956  3.576  3.672 0.1250000000
79495  27.700  2.036  3.621 0.1250000000
79496  26.738  2.326  3.342 0.1250000000
84911  25.065  8.472  4.675 0.2500000000
84897  25.264  9.263  5.267 0.2500000000
129121  25.004  7.619  4.523 0.2500000000
81366  24.430  3.514  2.734 0.1250000000
126391  24.860  4.197  2.306 0.1250000000
115831  24.172  7.737  4.291 0.1250000000
84012  23.331  7.187  3.636 0.1250000000
136739  22.778  6.973  3.003 0.1250000000
83146  24.291  5.516  3.102 0.1250000000
81373  25.416  3.606  2.030 0.1250000000
82257  24.619  4.452  3.231 0.1250000000
132478  20.962  8.117  3.106 0.1250000000
115832  23.246  8.054  4.002 0.1250000000
58937  24.288  -19.102  15.264 0.7500000000
59942  23.505  -18.485  15.481 0.7500000000
64024  23.107  -14.866  15.065 0.5000000000
62971  23.653  -15.312  14.587 0.6250000000
128864  28.763  -15.219  12.139 0.6250000000
71631  31.731  -6.642  6.221 0.1250000000
71630  32.541  -7.023  5.605 0.1250000000
80452  26.902  3.018  2.747 0.1250000000
81370  26.645  3.803  2.301 0.1250000000
58922  25.189  -20.153  15.605 0.6250000000
58936  25.605  -19.692  15.145 0.6250000000
59939  27.307  -18.616  15.430 0.3750000000
58934  26.809  -18.879  15.115 0.6250000000
134417  27.948  -17.838  14.769 0.2500000000
59953  27.345  -18.246  14.773 0.3750000000
65036  30.419  -13.738  11.752 0.3750000000
81320  21.324  5.433  10.764 0.2500000000
61871  28.091  -17.151  13.789 0.5000000000
62982  28.172  -16.011  12.913 0.5000000000
140010  28.428  -15.516  12.573 0.3750000000
137759  27.177  -19.240  16.266 0.5000000000
58920  27.040  -19.171  15.734 0.6250000000
58016  25.429  -20.579  16.270 0.6250000000
60921  22.506  -17.119  15.636 0.3750000000
59943  22.667  -18.004  15.731 0.3750000000
130446  24.908  -19.641  15.151 0.6250000000
58924  23.613  -19.226  15.943 0.6250000000
58912  26.751  -19.916  17.259 0.3750000000
128298  26.740  -19.761  16.201 0.5000000000
61861  22.587  -16.134  15.793 0.2500000000
59922  27.843  -18.631  17.244 0.3750000000
60918  28.330  -17.371  14.469 0.2500000000
60919  27.812  -18.131  15.417 0.2500000000
61870  28.666  -16.678  14.124 0.2500000000
62968  28.712  -16.011  13.465 0.3750000000
64046  28.922  -15.492  12.787 0.2500000000
64059  29.670  -14.931  12.236 0.2500000000
64058  30.171  -14.366  11.845 0.2500000000
134251  18.978  -6.790  14.432 0.1250000000
74038  19.646  -3.836  12.733 0.2500000000
65940  30.923  -12.574  11.700 0.2500000000
75753  20.473  -1.753  11.650 0.3750000000
74889  20.217  -2.715  11.880 0.2500000000
126582  21.871  6.203  10.848 0.2500000000
124394  19.432  -5.221  13.366 0.1250000000
71570  19.267  -7.241  14.058 0.2500000000
64989  22.377  -13.712  15.075 0.2500000000
61883  27.697  -16.666  13.310 0.5000000000
58935  26.409  -19.532  15.417 0.6250000000
60929  27.713  -17.634  14.268 0.5000000000
65929  30.694  -13.323  12.017 0.2500000000
62957  23.189  -15.692  15.231 0.3750000000
58923  24.383  -19.813  15.720 0.6250000000
62958  22.480  -15.261  15.700 0.3750000000
58921  25.985  -20.155  15.756 0.6250000000
59932  27.590  -18.579  16.292 0.2500000000
124599  28.372  -17.573  15.256 0.2500000000
61882  28.294  -16.575  13.465 0.3750000000
58911  27.353  -19.306  16.964 0.3750000000
60907  22.098  -17.443  16.418 0.3750000000
58015  26.151  -20.354  16.626 0.5000000000
64045  29.534  -15.154  13.084 0.2500000000
71554  18.403  -7.424  14.653 0.1250000000
58008  23.816  -20.915  16.750 0.5000000000
58005  26.230  -20.496  17.569 0.2500000000
57088  25.167  -21.569  17.256 0.3750000000
58006  25.627  -20.943  16.962 0.5000000000
128106  23.051  -20.932  17.236 0.3750000000
58913  23.044  -20.167  17.008 0.5000000000
58018  23.739  -19.953  16.405 0.5000000000
58925  22.893  -19.234  16.704 0.3750000000
57078  21.640  -21.185  18.903 0.1250000000
57091  22.638  -21.320  17.717 0.3750000000
59923  22.256  -18.625  17.528 0.2500000000
55018  22.323  -22.975  19.556 0.1250000000
57077  22.227  -21.582  18.297 0.2500000000
56143  23.778  -22.285  17.664 0.3750000000
57074  26.202  -21.402  18.497 0.2500000000
57075  24.752  -22.201  17.647 0.3750000000
57089  24.261  -21.659  17.151 0.5000000000
57059  21.346  -21.509  19.736 0.1250000000
57076  22.823  -22.192  18.007 0.3750000000
57997  21.413  -20.226  18.912 0.1250000000
58915  21.885  -18.927  18.303 0.1250000000
133844  22.972  -18.674  16.042 0.3750000000
58017  24.595  -20.480  16.190 0.5000000000
58007  24.821  -21.106  16.661 0.5000000000
59933  22.447  -18.313  16.604 0.2500000000
134837  26.360  -20.721  18.282 0.2500000000
57090  23.349  -21.605  17.354 0.5000000000
57087  25.816  -21.125  17.795 0.3750000000
117207  25.580  -21.946  17.929 0.3750000000
58009  22.546  -20.465  17.651 0.2500000000
58914  22.474  -19.546  17.590 0.1250000000
56133  22.021  -22.171  18.875 0.1250000000
57976  21.052  -20.537  19.769 0.1250000000
57996  22.078  -20.806  18.269 0.1250000000
56116  21.586  -22.314  19.954 0.1250000000
56129  25.228  -22.767  18.230 0.2500000000
58902  21.981  -19.877  18.288 0.1250000000
56131  23.579  -23.003  18.319 0.2500000000
55030  24.499  -23.393  18.365 0.2500000000
56132  22.745  -22.808  18.701 0.1250000000
56130  24.354  -22.752  17.994 0.2500000000
64026  21.754  -14.759  16.277 0.1250000000
116144  21.622  2.501  10.166 0.1250000000
123533  21.496  3.364  10.295 0.1250000000
80391  20.896  3.516  11.165 0.1250000000
81308  20.884  4.863  11.345 0.1250000000
80381  20.728  3.688  12.420 0.1250000000
122112  20.860  4.242  11.528 0.1250000000
82191  20.940  5.430  11.894 0.1250000000
134962  21.271  2.000  10.503 0.1250000000
81302  20.835  4.661  12.204 0.1250000000
82182  21.179  5.189  12.889 0.1250000000
78498  21.264  1.284  10.683 0.1250000000
74874  19.498  -2.725  12.494 0.1250000000
62947  21.425  -15.266  16.870 0.1250000000
134336  19.994  -1.450  12.020 0.1250000000
78484  20.848  0.971  11.304 0.1250000000
78483  20.896  1.849  11.228 0.1250000000
79419  20.739  2.712  11.930 0.1250000000
118037  20.590  2.907  13.207 0.1250000000
81287  21.433  4.007  13.972 0.1250000000
81294  21.736  4.755  13.695 0.1250000000
82181  21.197  5.962  12.576 0.1250000000
77559  21.121  0.413  10.805 0.1250000000
65000  22.174  -13.050  14.775 0.1250000000
64990  21.836  -13.373  15.379 0.1250000000
125974  21.271  4.331  10.597 0.1250000000
62946  21.965  -15.645  16.383 0.1250000000
61846  21.545  -15.930  17.065 0.1250000000
74890  19.823  -2.028  12.130 0.1250000000
64025  22.414  -14.445  15.442 0.1250000000
129811  21.434  -14.104  16.450 0.1250000000
79429  21.052  2.663  10.747 0.1250000000
80371  20.840  3.518  13.645 0.1250000000
81295  21.156  4.286  13.164 0.1250000000
79399  20.642  3.047  13.825 0.1250000000
82175  21.903  5.702  13.477 0.1250000000
58901  27.296  -19.609  17.764 0.1250000000
60906  28.269  -17.798  16.136 0.1250000000
61859  28.824  -16.991  15.028 0.1250000000
62967  29.092  -15.839  14.135 0.1250000000
62981  29.234  -15.558  13.478 0.1250000000
64032  30.241  -14.478  14.324 0.1250000000
125489  29.724  -15.193  13.944 0.1250000000
131336  30.520  -13.947  13.905 0.1250000000
133887  30.319  -14.396  12.229 0.1250000000
65010  31.155  -13.152  13.430 0.1250000000
65919  30.940  -13.269  12.642 0.1250000000
56128  25.986  -22.259  18.674 0.1250000000
57994  27.522  -20.242  18.715 0.1250000000
59907  27.802  -19.014  17.967 0.1250000000
128172  27.651  -19.731  18.342 0.1250000000
59931  28.252  -18.037  17.037 0.1250000000
60905  28.806  -17.411  16.833 0.1250000000
61858  29.167  -16.468  15.835 0.1250000000
119892  29.387  -15.479  14.886 0.1250000000
64033  30.082  -15.185  15.509 0.1250000000
64996  31.038  -13.355  14.063 0.1250000000
65928  31.147  -12.646  12.403 0.1250000000
66860  31.683  -11.946  12.963 0.1250000000
65918  31.389  -12.570  13.267 0.1250000000
57995  26.905  -20.146  18.196 0.1250000000
65022  30.657  -13.989  12.048 0.1250000000
61844  28.798  -17.161  15.956 0.1250000000
64044  30.128  -14.604  13.175 0.1250000000
57073  26.929  -20.796  18.939 0.1250000000
56115  25.752  -23.077  18.888 0.1250000000
61869  28.855  -16.034  15.018 0.1250000000
133336  29.965  -14.938  14.784 0.1250000000
65011  30.665  -13.819  13.000 0.1250000000
65906  31.547  -12.562  14.246 0.1250000000
57058  26.626  -21.695  19.235 0.1250000000
60894  28.902  -17.778  17.629 0.1250000000
61873  25.814  -17.069  14.120 0.7500000000
67821  32.447  -12.267  9.105 0.1250000000
67832  31.898  -12.067  8.208 0.3750000000
68766  24.902  -8.876  10.400 1.0000000000
69741  30.443  -9.138  10.716 0.6250000000
69783  33.750  -8.446  5.964 0.1250000000
73212  19.098  -5.104  14.132 0.1250000000
73248  24.929  -4.606  9.941 1.0000000000
73259  23.288  -4.568  9.803 1.0000000000
74045  26.644  -3.626  11.278 1.0000000000
74053  30.404  -3.549  10.002 0.6250000000
74066  24.017  -4.096  9.461 1.0000000000
74896  29.989  -3.052  10.384 0.7500000000
75768  22.573  -1.190  9.940 1.0000000000
76633  28.125  -0.592  11.410 0.8750000000
77604  27.745  -0.134  4.589 0.1250000000
79489  24.939  2.540  3.105 0.1250000000
80399  26.955  3.875  10.855 0.7500000000
80454  25.751  3.057  2.354 0.1250000000
80455  24.824  2.953  2.108 0.1250000000
81371  24.573  3.531  2.429 0.1250000000
82211  27.753  5.191  9.357 0.7500000000
83085  23.933  6.548  10.282 0.6250000000
83967  27.234  7.738  8.253 0.3750000000
83977  27.378  7.514  7.507 0.3750000000
84871  26.864  8.258  8.284 0.3750000000
84879  26.580  8.751  7.962 0.3750000000
85642  25.027  9.311  9.458 0.5000000000
85656  25.802  9.415  6.795 0.3750000000
85661  25.671  9.114  6.032 0.3750000000
86393  23.319  10.974  8.925 0.2500000000
122033  26.202  -0.901  11.078 1.0000000000
134989  24.125  8.507  4.475 0.1250000000
137266  27.111  1.228  4.271 0.1250000000
138354  22.978  -4.070  9.623 1.0000000000
139018  28.224  4.570  8.066 0.6250000000
139065  19.347  -6.821  13.874 0.1250000000
140261  20.635  -9.102  13.349 0.3750000000
