#!ascii label  , from subject sub-01 vox2ras=TkReg
1736
28278  44.610  -51.754  25.564 0.6000000238
29130  45.236  -51.715  26.031 0.5000000000
28259  42.437  -51.667  26.231 0.6999999881
28281  41.795  -52.511  25.764 0.6000000238
128728  40.875  -52.749  25.736 0.6000000238
28261  40.140  -52.524  26.037 0.6000000238
29152  44.208  -51.377  25.936 0.6999999881
28279  43.849  -51.807  25.525 0.6000000238
28280  42.863  -52.099  25.617 0.5000000000
27411  42.223  -52.969  25.165 0.5000000000
27422  41.607  -53.605  24.545 0.5000000000
28282  40.159  -52.908  25.031 0.6000000238
28283  39.509  -52.296  25.388 0.6000000238
29132  43.966  -51.046  26.587 0.5000000000
126383  45.052  -51.816  25.669 0.5000000000
28297  44.285  -52.321  25.051 0.6000000238
28299  39.522  -52.376  24.346 0.6000000238
26526  45.644  -53.780  26.300 0.5000000000
118030  44.739  -54.153  26.523 0.5000000000
30886  39.113  -49.983  28.047 0.6000000238
30022  38.753  -50.162  27.113 0.6999999881
30019  42.037  -50.117  27.709 0.6000000238
29118  41.552  -50.809  27.350 0.6999999881
29119  40.460  -51.058  27.299 0.6000000238
29120  39.695  -51.146  26.849 0.6000000238
29136  39.351  -51.442  26.295 0.6000000238
30033  43.252  -50.741  27.171 0.6000000238
29133  42.993  -50.960  26.628 0.6999999881
29155  39.043  -51.043  25.419 0.6000000238
29117  44.217  -51.181  27.230 0.5000000000
30017  43.625  -50.718  27.475 0.5000000000
29168  39.205  -51.489  24.765 0.6000000238
28258  45.231  -52.184  26.673 0.5000000000
30060  39.382  -50.676  23.925 0.6000000238
27396  45.125  -53.235  26.813 0.5000000000
30073  40.116  -50.627  23.047 0.6000000238
121051  39.906  -49.212  22.713 0.6999999881
30943  39.863  -49.833  23.299 0.6000000238
128987  39.623  -48.652  22.337 0.6999999881
30080  40.380  -49.848  22.310 0.6000000238
30953  40.392  -49.779  21.659 0.6000000238
30964  38.850  -49.096  21.145 0.6000000238
30963  39.876  -49.544  21.413 0.6000000238
32886  39.860  -48.078  17.415 0.5000000000
32895  41.628  -48.121  16.095 0.6999999881
32885  40.814  -48.151  16.662 0.6000000238
139354  42.338  -47.478  15.371 0.8000000119
31923  41.436  -48.568  15.553 0.6999999881
30887  38.475  -49.378  27.508 0.6000000238
30899  38.357  -49.523  26.562 0.6999999881
30007  41.372  -49.957  28.405 0.6999999881
138828  40.271  -50.660  27.734 0.6999999881
30875  39.567  -49.517  28.795 0.6000000238
30036  38.593  -50.324  26.270 0.6999999881
30018  42.939  -50.260  27.761 0.6000000238
31843  38.312  -48.836  25.927 0.8000000119
29087  43.298  -50.601  28.675 0.5000000000
30006  42.999  -49.984  28.429 0.5000000000
120569  38.745  -49.025  24.938 0.8000000119
30928  38.758  -49.914  25.054 0.6000000238
29106  43.780  -51.051  28.095 0.5000000000
127111  43.402  -50.389  28.055 0.5000000000
31854  39.275  -48.764  23.971 0.8000000119
30927  39.271  -49.701  24.230 0.6000000238
27397  44.312  -53.737  27.158 0.5000000000
31867  39.159  -48.059  23.546 0.8000000119
32825  39.172  -48.024  22.753 0.8000000119
136523  39.620  -49.205  23.471 0.6999999881
32846  38.344  -47.661  21.803 0.6999999881
31878  39.086  -48.114  22.079 0.6999999881
32861  37.671  -47.306  20.749 0.6999999881
32860  37.901  -47.860  21.116 0.6999999881
31883  39.476  -48.810  21.766 0.6999999881
31896  37.720  -47.835  20.194 0.6000000238
31895  38.121  -48.532  20.700 0.6000000238
31884  38.628  -48.340  21.485 0.6000000238
32879  38.315  -47.545  18.644 0.6999999881
31904  37.990  -48.606  19.795 0.6999999881
31910  38.499  -48.490  18.454 0.6000000238
33764  41.206  -47.392  16.689 0.8000000119
33765  40.098  -47.216  17.292 0.8000000119
31917  39.435  -48.771  17.616 0.6000000238
34625  42.252  -46.456  16.041 0.8999999762
32905  41.868  -47.775  14.280 0.6999999881
33769  42.745  -46.945  15.028 0.8000000119
31922  41.864  -48.159  14.941 0.6999999881
31816  38.434  -48.497  27.805 0.6000000238
31829  38.178  -48.641  26.879 0.6999999881
32771  38.326  -47.628  27.173 0.6999999881
128630  39.290  -48.962  28.977 0.6000000238
32785  38.431  -47.066  26.307 0.6000000238
31773  41.129  -47.810  30.310 0.4000000060
30874  40.650  -49.529  29.034 0.6000000238
30855  39.968  -48.943  29.566 0.6000000238
134921  38.363  -47.945  26.208 0.6999999881
30873  41.825  -49.518  29.036 0.6000000238
120254  38.597  -48.090  25.297 0.8000000119
29989  42.743  -50.139  29.277 0.4000000060
123020  42.472  -49.688  28.990 0.5000000000
30872  42.385  -49.854  28.327 0.6000000238
31855  38.943  -48.098  24.393 0.8000000119
137257  39.016  -47.462  23.920 0.8000000119
29107  43.372  -51.440  28.881 0.4000000060
120125  38.651  -46.804  22.999 0.8000000119
27364  43.569  -52.776  28.126 0.5000000000
136862  38.026  -47.106  22.033 0.8000000119
34586  37.695  -45.681  20.255 0.8000000119
32847  37.767  -47.191  21.408 0.6999999881
32835  38.622  -47.389  22.492 0.8000000119
33750  38.205  -46.543  18.826 0.8000000119
32872  37.668  -47.068  20.181 0.6999999881
34607  38.603  -45.651  18.623 0.8999999762
139077  38.757  -46.327  18.335 0.8999999762
33751  37.751  -46.449  19.786 0.6999999881
33757  39.443  -46.207  17.903 0.8999999762
129317  37.979  -48.067  19.270 0.6999999881
33758  38.969  -47.090  17.988 0.6000000238
129007  41.471  -46.726  16.610 0.8999999762
34615  40.448  -46.482  17.142 0.8999999762
34640  42.440  -46.144  13.458 0.8000000119
33789  41.140  -46.352  13.980 0.8000000119
129969  42.981  -46.412  13.439 0.8000000119
33788  42.147  -46.800  13.871 0.8000000119
127446  43.242  -46.189  13.882 0.8000000119
32904  42.280  -47.583  14.844 0.6999999881
128101  38.661  -46.839  27.651 0.6999999881
33672  38.718  -46.051  27.094 0.6000000238
31805  38.870  -48.442  28.581 0.6000000238
33649  38.908  -47.164  28.307 0.5000000000
122154  38.441  -46.069  26.299 0.6999999881
32731  41.318  -47.198  30.277 0.4000000060
32742  40.479  -47.591  29.914 0.5000000000
31804  39.430  -48.385  29.217 0.6000000238
32800  38.509  -47.389  25.604 0.6999999881
31772  41.894  -47.684  30.598 0.5000000000
32815  38.742  -47.213  24.715 0.6999999881
130277  42.797  -47.879  31.695 0.5000000000
30853  42.074  -49.076  29.790 0.6000000238
123177  42.308  -49.445  31.458 0.4000000060
31761  42.622  -48.669  31.750 0.4000000060
34568  37.812  -45.776  22.583 0.8000000119
33713  38.787  -46.683  23.760 0.8000000119
29968  42.124  -50.154  31.345 0.4000000060
33726  38.119  -46.548  22.451 0.8000000119
32826  38.949  -47.388  23.226 0.8000000119
28228  42.958  -52.413  28.924 0.3000000119
35493  37.905  -44.964  19.829 0.8000000119
35478  37.728  -44.907  20.688 0.8000000119
33736  37.727  -46.522  21.686 0.8000000119
34596  38.267  -45.058  19.186 0.8000000119
33745  37.629  -46.542  20.757 0.8000000119
35500  39.336  -44.340  18.175 0.8999999762
35507  39.934  -44.930  17.534 0.8999999762
34606  39.286  -45.234  18.104 0.8999999762
35506  40.647  -44.677  16.968 0.8999999762
136964  39.961  -45.705  17.560 0.8999999762
34614  40.812  -45.716  16.812 0.8999999762
35533  42.453  -45.366  13.688 0.8000000119
35534  41.234  -45.484  14.074 0.8000000119
35518  41.777  -45.298  16.255 0.8999999762
34624  42.900  -45.951  15.100 0.8999999762
34639  43.168  -45.908  13.370 0.8000000119
33648  39.282  -46.470  28.151 0.6000000238
129491  38.961  -46.084  27.605 0.6000000238
34510  38.580  -45.200  26.768 0.6000000238
125263  39.918  -46.564  28.602 0.6000000238
33617  42.193  -46.191  30.524 0.4000000060
33631  41.008  -46.659  29.697 0.4000000060
33633  40.173  -46.999  29.220 0.4000000060
125314  39.500  -47.127  28.714 0.5000000000
116448  38.367  -45.772  25.354 0.6999999881
32730  41.993  -46.934  30.668 0.4000000060
33700  38.555  -46.238  24.603 0.6999999881
32719  43.077  -47.236  31.482 0.5000000000
33605  42.691  -46.700  30.974 0.4000000060
34557  38.431  -45.781  23.874 0.6999999881
133529  43.519  -47.795  31.948 0.5000000000
35453  37.453  -44.650  22.983 0.8000000119
34558  37.810  -45.344  23.263 0.8000000119
35477  38.129  -44.244  20.271 0.8000000119
34569  37.514  -45.353  22.045 0.8000000119
35492  38.384  -44.376  19.449 0.8000000119
36238  39.522  -43.481  18.219 0.8999999762
35501  38.726  -44.707  18.720 0.8999999762
36248  39.952  -44.058  17.553 0.8999999762
36259  41.439  -44.302  16.571 1.0000000000
124102  42.268  -44.366  14.191 0.8000000119
35517  42.515  -44.815  15.566 1.0000000000
35516  43.086  -44.280  15.135 1.0000000000
34635  43.248  -45.442  13.841 0.8000000119
35531  43.089  -44.953  14.165 0.8000000119
34497  38.925  -45.339  27.396 0.6000000238
35392  38.713  -44.466  27.292 0.6000000238
33647  40.148  -45.997  28.150 0.6000000238
35407  38.228  -44.319  26.468 0.6999999881
34450  42.442  -45.373  30.094 0.4000000060
134331  41.904  -45.490  29.526 0.4000000060
33632  40.583  -46.270  28.874 0.4000000060
33616  43.101  -45.820  30.741 0.4000000060
35440  38.003  -44.752  24.784 0.6999999881
33603  44.443  -46.613  31.261 0.5000000000
118449  43.932  -45.273  30.595 0.4000000060
34542  37.990  -45.061  24.051 0.8000000119
35462  37.494  -44.703  22.301 0.8000000119
36188  37.387  -43.903  23.503 0.8000000119
36221  38.312  -43.506  20.681 0.8000000119
36222  37.963  -44.161  21.110 0.8000000119
36234  38.985  -42.937  19.503 0.8000000119
36239  38.900  -43.759  18.931 0.8999999762
135528  40.620  -43.906  17.149 0.8999999762
37053  40.242  -43.165  17.580 0.8999999762
36247  41.171  -43.390  16.954 1.0000000000
36258  42.348  -43.692  16.164 1.0000000000
36272  42.704  -44.159  14.331 0.8000000119
35526  41.182  -44.510  14.407 0.8000000119
36257  43.025  -43.420  15.496 1.0000000000
36271  42.993  -43.222  14.636 0.8000000119
35524  43.186  -44.736  14.415 0.8000000119
34495  40.211  -45.038  27.929 0.6000000238
34496  39.475  -45.663  27.799 0.6000000238
36145  39.217  -43.789  27.654 0.6000000238
35408  37.857  -43.902  25.814 0.6999999881
133462  37.767  -43.207  25.406 0.6999999881
34468  42.344  -44.985  29.339 0.4000000060
34481  41.755  -45.255  28.897 0.5000000000
34482  41.014  -45.499  28.364 0.5000000000
35426  37.669  -44.038  25.080 0.8000000119
36969  37.604  -42.727  24.632 0.8000000119
34449  43.314  -44.926  30.260 0.4000000060
36180  37.475  -43.501  24.443 0.8000000119
34466  45.403  -45.095  29.411 0.4000000060
35359  44.581  -44.688  29.582 0.4000000060
130591  37.804  -43.322  22.248 0.8000000119
36200  37.506  -44.001  22.646 0.8000000119
36209  38.073  -43.413  21.477 0.8000000119
37024  38.638  -42.846  20.288 0.8000000119
37042  39.705  -42.640  18.310 0.8999999762
37033  39.309  -42.281  19.019 0.8000000119
37052  40.892  -42.625  17.299 1.0000000000
37051  41.817  -42.689  16.840 1.0000000000
37921  41.225  -41.789  17.378 1.0000000000
37059  42.789  -42.775  16.179 1.0000000000
37935  43.672  -41.628  14.693 1.0000000000
127535  42.683  -42.908  14.428 0.8999999762
36266  41.194  -43.655  14.598 0.8000000119
37076  41.384  -42.052  14.519 0.8999999762
37073  43.344  -42.231  14.531 1.0000000000
37074  43.078  -42.140  14.200 1.0000000000
37075  42.384  -42.093  14.125 1.0000000000
38884  43.729  -40.913  14.737 1.0000000000
39824  43.537  -39.831  15.405 1.0000000000
39832  43.575  -40.305  14.677 1.0000000000
39839  43.284  -40.259  14.110 1.0000000000
40630  43.310  -39.102  15.146 1.0000000000
39833  43.414  -39.601  14.406 1.0000000000
138517  39.525  -43.285  27.513 0.6999999881
36934  39.092  -43.003  27.255 0.6999999881
36945  39.480  -42.246  26.941 0.6999999881
36143  41.031  -43.868  27.648 0.6000000238
36144  40.028  -43.540  27.719 0.6000000238
121813  38.560  -43.028  26.759 0.6999999881
35377  41.072  -44.722  27.947 0.6000000238
35375  42.630  -44.472  28.346 0.5000000000
37838  38.102  -41.355  24.834 0.8000000119
135711  44.278  -44.298  28.583 0.4000000060
36997  37.709  -42.505  22.684 0.8000000119
37012  38.061  -42.657  21.827 0.8000000119
125165  38.610  -42.211  20.668 0.8000000119
37888  38.327  -41.908  21.377 0.8000000119
37034  39.039  -42.054  19.953 0.8000000119
37915  39.821  -41.763  18.488 0.8999999762
38866  40.037  -40.911  18.728 0.8000000119
37914  40.544  -41.320  18.055 0.8999999762
38865  41.082  -40.519  18.511 1.0000000000
38872  41.306  -41.003  17.781 1.0000000000
37920  41.896  -41.146  17.327 1.0000000000
38871  42.233  -40.433  17.955 1.0000000000
38864  42.854  -39.686  18.307 1.0000000000
37928  42.367  -41.791  16.712 1.0000000000
129427  43.112  -39.383  18.051 1.0000000000
37919  42.721  -40.853  17.048 1.0000000000
126424  43.286  -39.513  16.337 1.0000000000
39823  43.660  -40.437  15.565 1.0000000000
137912  42.743  -40.903  13.738 1.0000000000
123790  41.950  -41.275  14.021 1.0000000000
38893  43.357  -40.925  13.832 1.0000000000
122295  42.991  -40.303  13.891 1.0000000000
39840  43.245  -39.324  13.850 1.0000000000
41426  43.410  -38.426  14.384 1.0000000000
40638  43.516  -38.768  13.992 1.0000000000
36933  39.826  -42.817  27.334 0.6999999881
37808  38.983  -41.910  26.260 0.6999999881
36154  42.323  -43.932  26.633 0.5000000000
133191  40.573  -43.022  27.209 0.6999999881
140404  38.531  -42.073  25.756 0.6999999881
36142  41.980  -44.072  27.389 0.6000000238
119686  43.003  -44.339  27.965 0.5000000000
35388  42.474  -44.414  27.671 0.5000000000
37839  37.699  -42.003  24.304 0.8000000119
37861  37.631  -41.835  23.395 0.8000000119
37878  37.805  -41.678  22.664 0.6999999881
37877  38.195  -41.174  22.093 0.8000000119
37895  38.742  -41.473  20.676 0.8000000119
119783  38.532  -41.090  21.299 0.8000000119
38854  39.696  -40.645  19.511 0.6999999881
38855  39.187  -41.075  20.047 0.6999999881
38853  40.468  -40.292  19.243 0.8999999762
120116  40.551  -39.275  20.312 0.8000000119
40606  42.070  -38.017  20.383 0.8000000119
116364  42.032  -37.275  20.281 0.8000000119
39815  41.294  -39.955  19.160 0.8999999762
39793  41.831  -38.919  19.959 0.8000000119
41403  42.436  -37.765  19.819 0.8000000119
39814  42.179  -39.740  18.845 1.0000000000
39805  42.485  -39.141  19.413 0.8999999762
40616  42.653  -38.500  19.546 0.8999999762
39813  42.934  -39.169  18.919 0.8999999762
40615  42.932  -38.686  18.718 1.0000000000
39819  43.329  -39.819  17.116 1.0000000000
38876  43.434  -40.497  16.537 1.0000000000
132200  42.842  -38.861  16.500 1.0000000000
131155  42.709  -38.308  15.570 1.0000000000
41442  43.106  -38.018  13.140 1.0000000000
41421  42.206  -37.374  16.154 1.0000000000
41427  43.053  -37.545  14.400 1.0000000000
41441  43.365  -37.914  13.327 1.0000000000
42185  41.996  -36.519  15.587 1.0000000000
42190  42.563  -36.311  14.504 1.0000000000
129795  43.471  -36.719  13.410 1.0000000000
36942  41.972  -43.089  26.229 0.6999999881
123511  41.165  -42.530  26.571 0.6999999881
36944  40.284  -42.012  26.903 0.6999999881
37807  39.724  -41.487  26.511 0.6999999881
37820  39.228  -41.120  25.940 0.6999999881
37821  38.602  -41.553  25.555 0.6999999881
38774  38.666  -40.651  25.285 0.6999999881
35406  42.661  -44.620  26.920 0.5000000000
38795  38.154  -40.607  24.491 0.8000000119
135138  37.932  -40.519  23.789 0.6999999881
38826  38.147  -40.204  22.426 0.6999999881
38833  38.488  -40.373  21.595 0.6999999881
38843  38.865  -40.513  20.758 0.6999999881
39807  40.066  -39.996  19.935 0.6999999881
38842  39.415  -40.380  20.169 0.6999999881
40607  41.044  -38.543  20.670 0.8000000119
40593  41.330  -37.970  21.152 0.8000000119
125788  41.442  -37.073  21.535 0.8000000119
41396  41.659  -37.413  20.955 0.8000000119
42165  41.492  -36.706  20.901 0.8000000119
140647  41.253  -36.154  20.562 0.8000000119
41408  42.605  -37.892  19.164 1.0000000000
42170  42.115  -37.119  19.509 0.8999999762
124393  41.049  -35.935  19.973 0.8000000119
122158  41.526  -36.726  18.761 1.0000000000
42171  41.341  -36.360  19.350 0.8000000119
40624  42.900  -38.797  17.714 1.0000000000
41413  42.380  -38.064  18.114 1.0000000000
41420  42.394  -38.118  16.932 1.0000000000
43010  41.092  -35.757  16.126 1.0000000000
117890  43.377  -37.392  13.045 1.0000000000
43018  41.742  -35.765  15.399 1.0000000000
127714  42.233  -35.313  14.817 1.0000000000
121477  43.406  -37.528  13.297 1.0000000000
43975  42.905  -34.522  14.122 1.0000000000
36943  41.790  -42.217  25.882 0.6999999881
37805  41.017  -41.633  26.209 0.6999999881
38772  40.135  -40.399  25.888 0.6000000238
38773  39.425  -40.384  25.702 0.6000000238
39730  39.012  -39.808  25.177 0.6000000238
39754  38.724  -39.432  24.470 0.6999999881
39777  38.407  -39.395  22.753 0.6999999881
39769  38.481  -39.315  23.649 0.6999999881
40596  38.970  -38.922  22.255 0.6999999881
39783  39.190  -39.240  21.436 0.6999999881
41386  41.012  -37.965  21.981 0.8000000119
40608  40.059  -38.968  21.024 0.6999999881
40594  40.612  -38.395  21.453 0.8000000119
42978  41.124  -35.909  21.271 0.8000000119
43940  40.339  -35.288  19.938 0.8000000119
42175  40.838  -36.135  18.459 0.8000000119
42992  40.592  -35.711  19.221 0.8000000119
42180  40.804  -36.167  17.632 1.0000000000
43004  40.363  -35.751  17.841 1.0000000000
42998  40.110  -35.467  18.436 0.6999999881
43011  40.470  -35.657  17.021 1.0000000000
43005  39.901  -35.211  17.660 0.8999999762
43961  40.274  -34.539  16.110 1.0000000000
41443  42.446  -37.117  13.222 1.0000000000
43019  41.107  -35.047  15.623 1.0000000000
43967  41.769  -34.551  15.013 1.0000000000
43027  43.824  -36.071  12.692 1.0000000000
42198  43.451  -36.709  12.782 1.0000000000
42206  43.302  -36.673  12.527 1.0000000000
43028  43.276  -35.708  13.750 1.0000000000
37819  40.994  -40.738  25.801 0.6999999881
40552  39.873  -38.518  24.227 0.6000000238
40573  39.603  -38.381  23.508 0.6999999881
40583  40.404  -38.276  22.310 0.6999999881
40584  39.604  -38.477  22.674 0.6999999881
40595  39.776  -38.688  21.826 0.6999999881
41376  41.213  -37.244  22.450 0.6999999881
42157  41.289  -36.446  21.868 0.6999999881
43921  40.053  -34.473  21.583 0.6999999881
43932  40.239  -34.818  20.723 0.6999999881
43941  39.672  -34.546  19.972 0.6999999881
124966  39.364  -34.159  19.070 0.8000000119
43012  39.945  -34.902  16.863 0.8999999762
44975  39.804  -33.180  16.671 1.0000000000
43036  42.923  -36.180  11.968 1.0000000000
43968  40.945  -34.162  15.443 1.0000000000
43035  43.924  -35.499  12.125 1.0000000000
44993  42.988  -33.543  13.836 1.0000000000
38771  41.507  -40.135  25.421 0.6000000238
39728  40.693  -39.884  25.469 0.6000000238
39729  39.820  -39.742  25.375 0.6000000238
39751  41.230  -38.729  24.806 0.6000000238
39753  39.433  -39.164  24.722 0.6000000238
40551  40.816  -38.243  24.293 0.6000000238
40572  40.315  -38.060  23.699 0.6000000238
124691  40.157  -38.162  23.038 0.6000000238
41366  41.155  -37.463  23.385 0.6999999881
42147  41.371  -36.246  22.810 0.6999999881
121864  41.051  -35.493  22.252 0.6999999881
42967  40.524  -34.749  22.152 0.6999999881
43909  40.121  -34.112  22.340 0.6999999881
43910  39.594  -33.806  21.694 0.6999999881
43933  39.577  -34.135  20.881 0.6999999881
49053  46.344  -29.543  18.511 0.3000000119
131119  39.201  -33.311  19.270 0.6999999881
44947  39.219  -33.633  20.103 0.6999999881
50143  47.234  -28.358  18.285 0.3000000119
44955  39.262  -33.404  18.491 0.8000000119
41437  38.849  -36.960  14.959 0.8999999762
44963  39.458  -33.537  17.554 1.0000000000
41436  39.853  -37.144  14.595 1.0000000000
42199  41.254  -36.457  13.375 1.0000000000
44984  40.987  -33.288  15.237 1.0000000000
44983  41.872  -33.812  14.672 1.0000000000
43974  43.706  -35.074  13.000 1.0000000000
42205  43.779  -36.115  12.066 1.0000000000
44992  43.648  -33.953  13.082 1.0000000000
39726  42.242  -39.569  25.350 0.6000000238
39727  41.334  -39.359  25.197 0.6000000238
40534  42.640  -38.862  25.254 0.6000000238
40549  42.574  -38.150  24.903 0.6000000238
41345  42.811  -37.324  24.624 0.6000000238
42114  42.204  -36.985  24.196 0.6999999881
41346  41.489  -37.555  24.071 0.6000000238
42134  41.559  -36.811  23.538 0.6999999881
42977  46.568  -35.391  21.744 0.3000000119
43906  46.061  -34.911  22.241 0.3000000119
125980  41.714  -36.008  23.491 0.6999999881
42952  41.387  -35.409  23.184 0.6999999881
43896  40.732  -33.877  22.883 0.6999999881
49054  45.625  -29.945  18.856 0.3000000119
50144  46.590  -28.715  18.715 0.4000000060
50134  46.228  -28.303  19.398 0.4000000060
119985  38.270  -37.339  15.447 0.6999999881
117581  37.543  -37.130  15.674 0.6999999881
53011  47.585  -25.275  18.946 0.3000000119
51148  47.588  -27.498  18.318 0.3000000119
45920  38.953  -32.077  19.584 0.6999999881
53010  48.268  -25.209  18.203 0.3000000119
51149  46.883  -27.888  18.919 0.3000000119
122905  39.282  -32.713  17.983 0.8000000119
42200  39.196  -36.253  14.472 0.8999999762
137638  47.808  -25.855  18.547 0.3000000119
52048  47.086  -26.986  19.068 0.3000000119
139876  39.567  -32.753  17.278 0.8000000119
45946  39.842  -32.256  16.634 1.0000000000
43037  41.639  -35.916  12.632 1.0000000000
45956  40.945  -32.393  15.107 1.0000000000
43989  43.686  -34.822  11.902 1.0000000000
43043  43.417  -35.493  11.861 1.0000000000
44994  42.168  -32.822  14.281 1.0000000000
45003  43.787  -33.604  12.346 1.0000000000
138655  42.827  -32.144  13.391 1.0000000000
45972  43.982  -31.840  12.303 1.0000000000
137998  43.570  -36.415  24.652 0.6999999881
42113  42.943  -36.450  24.513 0.6999999881
42146  46.386  -36.441  22.691 0.3000000119
42965  46.307  -35.638  22.523 0.4000000060
42933  42.768  -35.570  24.379 0.6999999881
42951  42.002  -35.282  23.925 0.6999999881
43920  45.746  -34.235  21.878 0.4000000060
43895  41.400  -34.181  23.293 0.6999999881
44926  46.026  -34.047  21.066 0.3000000119
44914  45.223  -33.658  22.334 0.5000000000
44901  41.356  -33.544  23.160 0.6999999881
44917  40.248  -33.334  22.541 0.6999999881
44927  45.497  -33.566  21.537 0.5000000000
44918  39.764  -33.483  22.134 0.6999999881
45918  44.688  -31.710  19.661 0.4000000060
46877  44.108  -31.484  20.935 0.6000000238
46885  44.017  -30.739  20.636 0.5000000000
44929  39.450  -33.079  21.739 0.6999999881
46891  44.571  -31.185  19.268 0.3000000119
45911  39.165  -32.403  21.250 0.6999999881
54002  45.469  -25.012  20.632 0.4000000060
47935  44.076  -30.043  20.496 0.4000000060
125949  39.029  -32.887  20.544 0.6999999881
42192  37.314  -36.467  15.677 0.6999999881
54021  46.506  -24.529  19.775 0.4000000060
49043  45.231  -29.544  19.508 0.4000000060
50135  45.520  -28.695  19.782 0.4000000060
41431  36.920  -37.008  16.100 0.6000000238
54032  47.873  -24.468  18.751 0.3000000119
53004  46.749  -25.369  19.518 0.3000000119
54020  47.211  -24.565  19.311 0.4000000060
50129  45.025  -28.251  20.374 0.4000000060
45927  39.114  -32.546  18.903 0.6999999881
46892  38.848  -31.390  19.882 0.6999999881
42191  38.111  -36.538  15.141 0.6999999881
140542  46.226  -25.638  19.822 0.4000000060
51141  45.684  -27.828  19.962 0.4000000060
51135  44.498  -27.919  20.891 0.4000000060
46896  39.198  -31.935  18.253 0.8000000119
124705  47.257  -26.087  19.085 0.3000000119
52050  45.823  -27.063  20.039 0.4000000060
136838  39.396  -31.475  17.752 0.8000000119
46903  39.646  -31.460  17.060 0.8999999762
45957  40.309  -32.064  15.806 1.0000000000
45012  43.459  -33.750  11.880 1.0000000000
45965  42.856  -31.423  13.287 1.0000000000
45966  41.825  -31.888  14.324 1.0000000000
45971  43.725  -32.657  11.897 1.0000000000
45013  43.002  -33.154  11.145 1.0000000000
46937  43.603  -31.010  12.258 1.0000000000
128824  43.653  -31.903  11.777 1.0000000000
41343  44.165  -37.381  24.999 0.6000000238
42930  44.821  -35.969  24.203 0.6000000238
42931  44.083  -35.589  24.322 0.6000000238
43879  43.366  -35.166  24.371 0.6999999881
42132  45.502  -36.307  23.857 0.5000000000
42950  44.637  -35.324  23.897 0.6000000238
131535  42.677  -34.852  24.173 0.6999999881
42966  45.738  -35.156  23.020 0.5000000000
43891  44.979  -34.680  23.462 0.4000000060
116178  42.051  -34.493  23.713 0.6999999881
124387  41.535  -34.810  23.419 0.6999999881
124985  44.358  -34.100  23.486 0.6000000238
43894  42.798  -34.172  23.762 0.6999999881
44915  44.678  -33.038  22.724 0.6000000238
44900  42.126  -33.638  23.455 0.6999999881
44928  45.060  -32.968  21.922 0.6000000238
45890  44.296  -32.465  22.001 0.6000000238
119105  41.175  -32.271  22.900 0.6999999881
45893  40.422  -32.500  22.625 0.6999999881
129824  44.319  -32.087  21.241 0.5000000000
46878  43.524  -30.988  21.548 0.6000000238
46866  42.581  -30.918  22.164 0.6000000238
46869  39.907  -31.962  22.276 0.6000000238
52971  43.948  -25.324  21.530 0.4000000060
49044  44.544  -29.873  19.883 0.4000000060
137643  43.021  -30.471  21.713 0.5000000000
45905  39.540  -32.344  21.856 0.6999999881
137577  45.027  -24.511  21.151 0.4000000060
47924  43.491  -30.177  21.258 0.5000000000
46886  38.966  -31.568  21.121 0.6999999881
52993  45.208  -25.815  20.720 0.4000000060
52970  44.804  -25.230  21.186 0.5000000000
49036  44.349  -29.415  20.531 0.4000000060
50130  44.414  -28.696  20.810 0.4000000060
46887  38.808  -31.242  20.659 0.6999999881
43030  38.384  -35.638  14.822 0.8999999762
52049  46.366  -26.353  19.700 0.4000000060
116270  39.210  -31.141  18.397 0.6999999881
46897  39.015  -30.727  19.322 0.6999999881
52041  45.533  -26.446  20.310 0.4000000060
43029  40.207  -35.762  13.538 0.8999999762
46911  40.062  -31.437  16.231 0.8999999762
43990  42.891  -34.254  11.790 1.0000000000
43038  40.973  -35.070  12.805 1.0000000000
120175  40.830  -31.431  15.276 1.0000000000
43983  41.738  -34.258  12.242 1.0000000000
46929  41.906  -31.015  14.338 1.0000000000
43991  42.200  -33.351  11.356 1.0000000000
131190  41.309  -33.539  12.230 1.0000000000
123698  42.813  -29.872  13.743 1.0000000000
49103  43.625  -28.410  12.784 0.8999999762
49096  43.697  -29.207  12.992 1.0000000000
47993  43.347  -30.292  12.650 1.0000000000
46945  43.172  -31.239  11.844 1.0000000000
45981  42.646  -32.151  11.412 1.0000000000
49104  43.285  -29.611  12.783 1.0000000000
118328  42.722  -29.794  12.338 1.0000000000
46946  42.100  -31.306  11.978 0.8999999762
49111  43.047  -28.952  12.513 1.0000000000
49112  41.864  -29.804  12.224 0.8999999762
43892  44.059  -34.774  23.913 0.6000000238
44898  44.119  -33.262  23.372 0.6999999881
45877  42.545  -32.880  23.215 0.6999999881
45875  44.053  -32.672  22.867 0.6000000238
133659  41.708  -32.949  23.077 0.6999999881
138312  42.764  -32.409  22.862 0.6999999881
125477  42.018  -32.309  22.894 0.6000000238
46867  41.570  -31.438  22.614 0.6000000238
46868  40.563  -31.644  22.601 0.6000000238
138733  44.623  -24.074  21.321 0.3000000119
45904  43.751  -31.871  21.649 0.6000000238
46865  43.163  -31.575  22.075 0.6000000238
47913  40.701  -30.814  22.310 0.6000000238
120806  42.960  -24.978  21.508 0.4000000060
53984  42.073  -24.823  21.347 0.4000000060
47925  42.311  -30.056  21.735 0.6000000238
47912  41.608  -30.555  22.150 0.6000000238
47914  39.905  -31.069  22.294 0.6000000238
49029  42.408  -29.326  21.935 0.4000000060
119567  39.472  -30.690  21.794 0.6000000238
52972  43.072  -25.866  21.587 0.5000000000
124312  42.864  -27.906  22.124 0.4000000060
50121  43.804  -28.170  21.533 0.4000000060
47936  39.203  -30.009  20.723 0.6000000238
132618  43.018  -26.559  21.656 0.5000000000
51123  44.204  -27.282  21.214 0.4000000060
118522  39.266  -29.943  19.183 0.6000000238
51124  43.373  -27.225  21.655 0.4000000060
122554  39.120  -35.322  14.183 0.8999999762
139019  39.673  -30.319  17.110 0.8999999762
47960  39.492  -30.749  17.565 0.8000000119
43976  39.814  -34.803  13.527 0.8999999762
45006  40.476  -33.219  12.915 0.8999999762
43984  40.624  -34.108  12.985 0.8999999762
118764  41.133  -30.500  15.213 1.0000000000
49097  43.282  -29.302  13.583 1.0000000000
45005  41.583  -32.812  11.690 1.0000000000
45973  41.556  -32.012  12.080 0.8999999762
50206  41.955  -28.423  12.301 1.0000000000
131623  41.124  -28.984  12.488 1.0000000000
48002  41.386  -30.578  12.400 0.8999999762
50207  40.986  -28.150  12.461 1.0000000000
50199  40.283  -28.337  12.760 0.8999999762
44899  43.134  -33.393  23.532 0.6999999881
56071  45.475  -22.990  21.214 0.3000000119
54973  44.614  -23.277  21.358 0.3000000119
53983  42.692  -24.111  21.361 0.3000000119
47926  41.041  -30.059  21.878 0.6000000238
52974  41.288  -25.428  21.382 0.5000000000
136263  41.484  -24.675  21.052 0.4000000060
49030  41.423  -29.243  22.023 0.5000000000
50123  42.207  -28.519  22.214 0.5000000000
126300  40.554  -29.512  21.787 0.5000000000
49031  39.943  -29.332  21.545 0.5000000000
52973  42.207  -25.600  21.581 0.5000000000
50124  40.545  -28.798  21.762 0.5000000000
52024  41.628  -26.253  21.768 0.5000000000
132748  41.217  -28.175  21.992 0.5000000000
47945  39.141  -29.989  19.928 0.6000000238
51126  41.373  -27.149  21.907 0.5000000000
52023  42.376  -26.992  21.950 0.5000000000
49055  39.483  -29.461  18.591 0.6999999881
51136  40.113  -26.953  20.795 0.5000000000
51127  40.528  -27.581  21.422 0.5000000000
49074  39.990  -29.975  16.623 0.8999999762
49073  40.674  -29.884  15.862 0.8999999762
46910  40.339  -30.664  15.975 0.8999999762
49089  41.434  -29.694  15.184 0.8999999762
50189  43.859  -28.063  13.005 0.8999999762
50190  43.705  -28.649  13.240 0.8999999762
49088  42.315  -29.467  14.436 0.8999999762
47979  42.039  -30.186  14.395 1.0000000000
46938  40.857  -31.336  12.502 0.8999999762
50205  42.942  -28.280  12.503 0.8000000119
51203  41.438  -27.087  12.522 0.6999999881
45974  40.392  -32.211  12.804 0.8999999762
49113  40.741  -29.810  12.651 0.8999999762
47994  40.260  -30.545  12.790 0.8999999762
120799  44.948  -22.374  21.373 0.3000000119
138406  43.873  -23.160  21.401 0.3000000119
54992  42.401  -23.409  20.884 0.4000000060
56074  42.776  -22.682  20.763 0.3000000119
54003  41.896  -24.074  20.978 0.3000000119
54993  41.821  -23.381  20.357 0.4000000060
54023  40.810  -24.887  20.248 0.4000000060
47927  40.090  -30.203  21.888 0.6000000238
52996  40.644  -25.525  20.928 0.5000000000
53006  40.444  -25.678  19.970 0.4000000060
50125  39.970  -28.453  21.302 0.5000000000
49032  39.477  -29.160  20.981 0.5000000000
52051  40.064  -26.535  19.988 0.5000000000
49038  39.250  -29.397  20.357 0.5000000000
133892  39.343  -28.056  20.374 0.5000000000
49045  39.286  -29.170  19.597 0.5000000000
51143  39.570  -27.386  20.011 0.5000000000
50146  39.565  -28.587  18.842 0.5000000000
51151  39.668  -27.708  19.039 0.5000000000
50145  39.936  -28.041  18.120 0.6000000238
50156  39.830  -28.908  17.905 0.6000000238
51167  40.773  -27.840  16.609 0.6999999881
50165  40.592  -28.659  16.450 0.6999999881
136899  40.425  -29.344  16.340 0.6999999881
50164  41.318  -28.232  15.746 0.8000000119
50179  40.999  -29.118  15.795 0.8000000119
51192  42.842  -27.879  14.628 0.8999999762
50178  41.820  -28.912  15.128 0.8999999762
51202  43.523  -27.228  13.249 0.6999999881
46939  39.826  -31.278  13.093 0.8999999762
47995  39.546  -30.444  13.369 0.8999999762
51204  40.536  -27.455  12.626 1.0000000000
56089  42.522  -22.087  20.149 0.3000000119
55011  41.664  -23.222  19.619 0.4000000060
54004  41.351  -24.202  20.386 0.4000000060
56090  42.063  -22.582  19.911 0.3000000119
53013  40.668  -25.619  19.009 0.4000000060
54022  41.210  -24.187  19.556 0.4000000060
55023  41.612  -23.512  18.909 0.4000000060
51142  39.915  -26.903  19.180 0.4000000060
53005  40.881  -24.979  19.303 0.4000000060
54034  41.491  -24.349  18.586 0.4000000060
122733  40.298  -26.203  19.168 0.4000000060
52057  40.692  -26.018  18.366 0.4000000060
52066  40.692  -26.614  17.708 0.5000000000
51150  40.150  -27.225  18.331 0.5000000000
51166  41.405  -27.354  16.052 0.6000000238
51177  42.083  -27.578  15.282 0.8000000119
51191  43.582  -27.787  13.739 0.6999999881
130099  42.610  -26.967  12.898 0.6999999881
49105  39.871  -29.705  13.049 0.8999999762
49106  39.281  -29.588  13.670 0.8999999762
51205  39.722  -27.782  13.136 0.8999999762
50192  39.071  -28.062  13.693 0.8000000119
51194  39.334  -27.586  13.739 0.6999999881
51195  38.486  -27.731  14.159 0.8000000119
122045  42.744  -20.904  19.800 0.3000000119
55010  42.212  -22.257  19.284 0.3000000119
55022  42.277  -22.571  18.542 0.3000000119
54043  42.033  -24.551  17.565 0.4000000060
54033  42.362  -23.542  17.860 0.4000000060
53020  42.554  -24.799  16.668 0.5000000000
52065  41.127  -25.884  17.681 0.5000000000
53032  42.125  -25.523  16.529 0.5000000000
120021  41.427  -26.161  16.901 0.5000000000
53031  43.050  -25.193  15.750 0.5000000000
52075  42.079  -26.045  15.994 0.5000000000
52089  42.087  -26.773  15.555 0.6000000238
51176  43.048  -26.975  14.576 0.6999999881
53055  44.020  -26.017  14.112 0.6999999881
136238  43.871  -25.870  13.409 0.6999999881
124817  42.504  -26.054  13.210 0.6999999881
52121  41.666  -26.501  12.843 0.6999999881
53071  42.516  -25.127  13.320 0.6999999881
51193  39.909  -27.010  13.055 0.8000000119
52107  40.482  -26.465  13.383 0.6999999881
57033  43.278  -20.696  20.644 0.3000000119
57049  42.567  -20.748  18.831 0.3000000119
57069  42.447  -20.731  17.983 0.4000000060
127731  42.558  -21.387  18.472 0.3000000119
126093  42.688  -21.752  17.803 0.4000000060
55036  42.756  -22.436  17.442 0.4000000060
54042  42.828  -23.869  16.819 0.4000000060
55048  43.402  -23.032  15.986 0.3000000119
54056  43.419  -24.167  15.931 0.5000000000
55047  43.301  -22.878  15.166 0.3000000119
54055  43.497  -23.642  15.128 0.5000000000
55062  43.407  -23.424  14.617 0.4000000060
52088  42.832  -26.019  15.037 0.6999999881
130063  43.562  -25.319  14.726 0.6999999881
122413  43.641  -24.128  14.316 0.6000000238
53054  44.008  -25.567  13.574 0.6999999881
52105  43.788  -26.407  13.606 0.6999999881
130433  43.745  -24.820  13.502 0.6999999881
54082  42.756  -24.124  13.495 0.6000000238
56137  42.764  -21.600  17.130 0.3000000119
56147  43.127  -22.127  15.787 0.3000000119
57082  42.502  -21.086  17.126 0.3000000119
134822  42.862  -21.687  15.952 0.3000000119
57096  42.167  -21.383  16.362 0.3000000119
56160  42.952  -22.452  15.306 0.3000000119
57095  42.543  -21.679  15.942 0.4000000060
55074  43.218  -23.516  13.985 0.5000000000
55063  42.995  -23.054  14.489 0.5000000000
55049  42.300  -22.386  15.512 0.5000000000
55075  42.950  -23.515  13.924 0.6000000238
53056  41.789  -24.863  13.962 0.6000000238
58874  42.241  -19.439  20.285 0.4000000060
57967  42.004  -19.697  19.487 0.3000000119
57989  42.304  -20.223  18.785 0.3000000119
57990  41.974  -20.045  18.629 0.3000000119
58002  42.233  -20.549  17.844 0.3000000119
136567  42.113  -20.872  17.045 0.3000000119
131965  42.594  -21.403  16.454 0.3000000119
56149  41.437  -21.482  16.834 0.3000000119
56148  41.776  -21.850  16.150 0.4000000060
55050  41.323  -22.978  16.093 0.4000000060
55065  41.863  -23.411  15.222 0.6000000238
54057  40.921  -24.155  15.958 0.4000000060
54072  41.364  -24.477  15.029 0.6000000238
52092  38.237  -26.772  15.015 0.6999999881
51196  37.677  -27.718  14.398 0.8000000119
57070  41.769  -20.458  18.027 0.3000000119
57083  41.180  -21.195  17.754 0.3000000119
55037  40.641  -22.570  16.939 0.4000000060
55051  40.283  -23.791  16.785 0.4000000060
54058  39.833  -24.878  16.445 0.4000000060
134743  40.588  -25.003  15.664 0.5000000000
53047  40.820  -25.406  14.835 0.6000000238
52091  39.273  -26.635  14.934 0.6999999881
52077  38.739  -26.190  15.767 0.4000000060
53035  38.191  -25.728  16.459 0.4000000060
52078  37.948  -26.310  15.744 0.5000000000
51179  37.772  -27.307  14.509 0.6999999881
51180  36.853  -27.294  14.695 0.6999999881
58861  41.804  -18.917  20.553 0.3000000119
57968  41.243  -19.813  19.500 0.3000000119
57991  41.352  -20.269  18.821 0.3000000119
132142  40.636  -20.984  18.729 0.3000000119
56122  40.239  -21.809  18.424 0.3000000119
55024  39.897  -22.874  17.876 0.4000000060
55038  39.646  -23.544  17.622 0.3000000119
55039  38.776  -23.993  18.035 0.3000000119
54044  39.289  -24.385  17.319 0.3000000119
54045  38.374  -24.596  17.504 0.3000000119
53034  39.066  -25.604  16.342 0.4000000060
53022  38.787  -25.123  16.952 0.3000000119
133781  38.055  -25.111  17.033 0.3000000119
53023  37.418  -25.253  16.630 0.3000000119
53036  37.346  -25.929  15.932 0.3000000119
53037  36.708  -25.386  15.978 0.4000000060
53048  36.687  -26.058  15.434 0.5000000000
52093  37.214  -26.646  15.095 0.5000000000
58862  40.878  -18.897  20.551 0.3000000119
58876  40.527  -19.518  20.289 0.3000000119
57050  40.427  -20.458  19.425 0.3000000119
56123  39.595  -22.555  18.468 0.3000000119
55026  38.394  -23.395  18.290 0.3000000119
126792  37.878  -23.999  17.881 0.3000000119
54046  37.583  -24.610  17.225 0.3000000119
54059  36.817  -24.533  16.594 0.3000000119
53049  36.099  -25.722  15.312 0.4000000060
52094  36.172  -26.607  15.066 0.5000000000
116764  39.934  -19.092  20.880 0.3000000119
133432  40.208  -20.091  20.011 0.3000000119
57969  39.410  -20.461  19.918 0.3000000119
132008  39.382  -21.940  18.995 0.3000000119
56124  38.814  -22.755  18.663 0.3000000119
140235  37.797  -23.320  18.132 0.3000000119
54047  37.229  -24.067  17.289 0.3000000119
53050  35.449  -26.069  14.911 0.4000000060
53058  35.103  -25.548  14.321 0.4000000060
52095  35.432  -26.615  14.937 0.5000000000
53051  34.974  -26.078  14.417 0.4000000060
60847  40.847  -17.618  21.203 0.3000000119
59879  40.424  -18.385  21.040 0.3000000119
57970  38.478  -20.767  19.629 0.3000000119
57051  38.710  -21.517  19.284 0.3000000119
57071  38.438  -22.119  18.900 0.3000000119
56125  38.082  -22.780  18.497 0.3000000119
55040  37.334  -23.448  17.548 0.3000000119
55066  36.279  -23.909  15.962 0.3000000119
54073  36.082  -24.820  15.594 0.3000000119
124669  35.551  -25.391  15.045 0.3000000119
59859  40.041  -17.831  21.320 0.3000000119
58863  39.424  -19.804  20.519 0.3000000119
59880  38.952  -19.126  21.129 0.3000000119
57052  37.926  -21.348  19.090 0.3000000119
57992  37.543  -20.604  18.760 0.3000000119
57072  37.730  -22.019  18.463 0.3000000119
56139  37.444  -22.668  17.892 0.3000000119
57084  37.357  -21.742  17.681 0.3000000119
55052  36.809  -23.653  16.811 0.3000000119
59860  39.514  -18.422  21.281 0.3000000119
58864  38.471  -19.594  20.570 0.3000000119
59881  38.109  -18.868  20.975 0.3000000119
58877  37.944  -20.040  19.921 0.3000000119
57971  37.795  -20.592  19.379 0.3000000119
56150  37.196  -22.158  17.107 0.3000000119
56140  37.013  -22.839  16.958 0.3000000119
56151  36.541  -23.024  16.050 0.3000000119
60823  38.517  -18.214  21.406 0.3000000119
137882  37.998  -17.729  21.434 0.3000000119
133464  37.628  -19.458  19.602 0.3000000119
58865  37.823  -19.226  20.234 0.4000000060
133711  37.438  -20.483  17.975 0.3000000119
58003  37.351  -20.891  17.370 0.3000000119
125150  37.489  -19.220  18.930 0.4000000060
59887  37.446  -18.767  19.570 0.4000000060
58897  37.437  -19.737  18.237 0.4000000060
59882  37.485  -18.431  20.406 0.3000000119
60862  37.021  -17.862  19.529 0.4000000060
37058  43.272  -42.731  15.452 1.0000000000
38875  43.637  -41.134  15.534 1.0000000000
137904  43.285  -42.918  14.912 0.8999999762
52122  40.760  -26.636  12.783 0.6999999881
52108  39.700  -26.973  13.994 0.8000000119
51178  38.762  -27.287  14.327 0.8000000119
52090  40.224  -26.237  14.488 0.6999999881
128632  41.072  -51.561  27.040 0.6000000238
29135  40.157  -51.783  26.647 0.6000000238
30048  38.715  -50.466  25.590 0.6000000238
28241  44.694  -51.761  27.180 0.5000000000
28242  44.182  -51.833  27.794 0.5000000000
31787  40.649  -48.337  30.068 0.5000000000
29976  42.281  -49.805  30.436 0.4000000060
30841  42.200  -48.919  30.654 0.5000000000
29088  42.868  -50.959  29.347 0.4000000060
34597  37.979  -45.700  19.381 0.8999999762
118655  38.302  -45.154  25.977 0.6999999881
31771  42.302  -48.106  31.115 0.5000000000
31760  43.103  -48.314  32.110 0.5000000000
120972  37.582  -44.676  23.602 0.8000000119
29089  42.031  -51.475  29.856 0.4000000060
34577  37.617  -45.678  21.266 0.8000000119
120378  38.233  -45.121  25.241 0.6999999881
135310  43.936  -46.013  30.919 0.4000000060
136160  39.283  -43.021  18.819 0.8000000119
120827  41.957  -43.121  14.388 0.8000000119
140671  39.797  -44.193  27.886 0.6000000238
35360  43.581  -44.439  29.485 0.4000000060
33615  44.717  -45.791  30.597 0.4000000060
128275  37.522  -42.814  23.696 0.8000000119
128301  43.197  -42.151  16.068 1.0000000000
35374  43.317  -44.273  28.578 0.5000000000
35376  42.224  -44.750  28.649 0.5000000000
38892  43.659  -41.144  14.154 1.0000000000
36155  41.501  -43.382  26.994 0.6999999881
37927  43.282  -41.400  16.268 1.0000000000
41434  43.542  -38.144  13.679 1.0000000000
42179  41.336  -36.487  16.849 1.0000000000
42987  40.810  -35.538  20.637 0.8000000119
42174  41.271  -36.754  17.945 1.0000000000
41414  41.853  -37.351  17.428 1.0000000000
128131  39.354  -34.111  18.195 0.8000000119
44974  40.176  -33.701  15.928 1.0000000000
40550  41.696  -38.182  24.585 0.6000000238
41367  40.902  -37.786  23.763 0.6999999881
45917  45.153  -32.319  19.802 0.4000000060
41429  39.299  -37.566  15.439 1.0000000000
47944  44.863  -30.448  19.154 0.4000000060
119460  43.091  -30.483  13.261 1.0000000000
45909  45.249  -32.697  20.604 0.4000000060
46884  44.314  -31.286  20.054 0.5000000000
45903  44.835  -32.533  21.252 0.5000000000
52994  44.567  -25.993  21.165 0.4000000060
52042  44.983  -26.441  20.760 0.4000000060
48000  43.115  -30.525  12.383 1.0000000000
49028  43.054  -29.634  21.638 0.5000000000
50200  39.593  -28.717  13.257 0.8000000119
52025  40.732  -26.365  21.412 0.5000000000
50131  39.520  -28.405  20.775 0.5000000000
49065  40.053  -29.156  17.006 0.6999999881
51156  40.434  -27.509  17.462 0.6000000238
52076  41.009  -27.025  16.838 0.5000000000
53021  41.742  -25.379  17.276 0.5000000000
52106  41.490  -25.984  13.200 0.6999999881
53057  41.126  -25.796  13.915 0.6999999881
53033  39.802  -25.755  15.569 0.6000000238
55025  39.141  -23.281  18.301 0.3000000119
122220  38.300  -49.252  20.250 0.5000000000
139160  38.192  -48.707  19.105 0.5000000000
29211  40.281  -51.093  20.500 0.5000000000
30098  38.642  -50.652  19.955 0.5000000000
29200  41.289  -50.681  21.190 0.5000000000
137996  39.939  -49.947  21.094 0.5000000000
138906  38.910  -49.946  20.771 0.5000000000
28306  40.596  -52.293  22.675 0.4000000060
30072  40.805  -50.547  22.121 0.5000000000
27442  40.646  -53.186  22.818 0.4000000060
29180  40.357  -51.444  22.863 0.5000000000
27423  40.707  -53.391  24.372 0.5000000000
133012  38.245  -40.739  16.544 0.6999999881
38879  37.475  -40.551  16.777 0.6999999881
38887  39.457  -41.010  15.796 0.8000000119
37936  40.383  -41.880  15.074 0.8000000119
37937  39.525  -41.663  15.563 0.8000000119
133779  41.033  -41.370  14.843 0.8999999762
128575  38.169  -40.077  16.743 0.6999999881
118294  40.238  -41.102  15.356 0.8999999762
38877  39.873  -40.502  15.741 0.8999999762
38886  41.110  -40.676  14.854 0.8999999762
39836  38.771  -38.882  16.284 0.6000000238
39825  38.724  -39.651  16.442 0.8000000119
117817  40.507  -40.058  15.385 0.8999999762
39834  41.348  -39.819  14.609 0.8999999762
39841  42.465  -39.628  14.046 0.8999999762
38792  44.233  -40.448  24.634 0.5000000000
38794  42.763  -41.029  25.169 0.5000000000
38769  42.954  -40.204  25.287 0.5000000000
120665  42.466  -41.852  25.318 0.6000000238
37817  42.186  -41.126  25.400 0.5000000000
118884  41.710  -40.785  25.517 0.5000000000
136645  37.831  -38.516  16.240 0.6000000238
125085  40.593  -39.164  15.302 0.8999999762
39835  39.673  -39.573  16.047 0.8999999762
39842  41.550  -39.035  14.401 0.8999999762
124273  42.641  -38.701  13.611 0.8999999762
39724  44.003  -39.105  25.289 0.5000000000
40532  44.126  -38.235  25.214 0.5000000000
39749  44.547  -39.630  24.950 0.5000000000
39725  43.173  -39.382  25.303 0.5000000000
38791  45.005  -40.101  24.353 0.5000000000
39750  43.755  -39.935  25.163 0.5000000000
40641  38.600  -38.023  15.941 0.6999999881
40640  39.788  -38.402  15.813 0.8999999762
40639  40.678  -38.416  14.916 0.8999999762
40644  41.984  -37.934  13.542 0.8999999762
118888  44.774  -37.859  24.953 0.5000000000
41344  43.438  -37.760  25.007 0.5000000000
138602  45.365  -38.830  24.649 0.5000000000
40571  45.777  -38.927  24.262 0.5000000000
41428  40.128  -37.809  15.209 0.8999999762
41435  40.827  -37.805  14.365 0.8999999762
118870  41.003  -37.164  13.823 0.8999999762
136014  44.698  -37.159  24.744 0.5000000000
41365  45.650  -37.089  23.985 0.5000000000
42111  45.050  -36.712  24.400 0.5000000000
40546  45.800  -37.742  24.165 0.5000000000
42131  46.017  -36.752  23.367 0.4000000060
43020  37.631  -35.755  15.375 0.6000000238
124138  37.319  -35.002  15.687 0.6000000238
43031  37.945  -34.941  15.185 0.6999999881
43969  37.487  -34.230  15.398 0.6999999881
139986  37.041  -33.689  15.567 0.6999999881
136147  36.584  -33.564  15.975 0.6999999881
138577  38.504  -34.905  14.656 0.8000000119
44986  37.467  -33.379  15.147 0.6999999881
44987  36.720  -33.070  15.510 0.6999999881
45958  37.035  -32.558  15.101 0.6999999881
44996  38.790  -33.587  14.226 0.8000000119
124893  38.575  -32.785  14.272 0.8000000119
44995  39.608  -33.866  13.600 0.8000000119
46932  37.506  -31.818  14.823 0.6999999881
45967  37.804  -32.683  14.745 0.6999999881
132784  38.289  -32.126  14.423 0.8000000119
119798  39.445  -32.940  13.622 0.8000000119
46931  38.522  -31.227  14.412 0.8000000119
47980  37.736  -30.747  14.945 0.6000000238
122826  39.146  -31.975  13.773 0.8000000119
47988  38.417  -30.320  14.579 0.6000000238
49099  37.940  -29.577  14.869 0.6000000238
49090  37.147  -29.029  15.214 0.6000000238
47987  39.022  -30.394  14.126 0.8000000119
132605  38.362  -28.858  14.385 0.6000000238
49100  37.748  -28.441  14.566 0.6000000238
46930  39.233  -31.087  13.803 0.8000000119
123413  38.684  -29.586  14.300 0.6999999881
50180  36.995  -27.996  14.647 0.6999999881
49098  38.907  -28.745  13.884 0.6999999881
50193  38.364  -28.122  14.121 0.6999999881
27435  41.136  -53.841  23.778 0.4000000060
27436  40.559  -53.418  23.591 0.5000000000
28307  39.922  -52.341  23.482 0.5000000000
30079  40.747  -50.137  21.605 0.5000000000
30088  40.560  -50.133  21.269 0.5000000000
38885  42.130  -40.451  14.092 0.8999999762
137363  46.385  -37.160  22.868 0.3000000119
43977  38.961  -34.455  14.173 0.8000000119
30096  40.888  -50.544  20.892 0.5000000000
29190  41.107  -51.267  21.972 0.5000000000
38878  38.974  -40.423  16.227 0.8000000119
38793  43.451  -40.765  24.850 0.5000000000
43978  38.216  -34.114  14.862 0.8000000119
44997  38.160  -33.316  14.691 0.6999999881
117026  44.403  -44.387  27.557 0.4000000060
35403  44.902  -45.142  26.148 0.4000000060
35405  43.400  -45.098  26.452 0.4000000060
35404  44.186  -45.088  26.637 0.4000000060
35424  42.892  -44.617  26.103 0.5000000000
35422  44.928  -45.632  25.334 0.4000000060
138717  45.743  -44.808  25.717 0.4000000060
36179  42.798  -43.391  25.145 0.5000000000
36956  42.409  -42.817  25.503 0.5000000000
35439  43.409  -44.637  24.629 0.5000000000
35438  43.932  -45.532  24.887 0.4000000060
128208  43.445  -45.154  25.524 0.4000000060
34539  45.180  -45.851  24.511 0.4000000060
34525  44.482  -45.834  24.994 0.4000000060
35423  44.101  -45.594  25.703 0.4000000060
34538  46.110  -45.640  24.234 0.4000000060
36968  42.867  -42.641  24.814 0.5000000000
36168  43.000  -44.257  25.259 0.5000000000
132821  44.491  -45.199  23.522 0.4000000060
132085  45.019  -45.867  23.765 0.4000000060
131089  46.336  -46.184  20.826 0.4000000060
33724  46.266  -46.259  22.347 0.4000000060
117426  45.628  -46.035  23.743 0.4000000060
33743  46.715  -46.878  20.891 0.4000000060
139398  46.648  -46.515  22.010 0.4000000060
36967  43.300  -42.659  24.072 0.5000000000
36178  43.156  -43.542  24.481 0.5000000000
35452  43.436  -43.987  23.903 0.4000000060
36264  48.498  -43.831  15.389 0.3000000119
35451  43.886  -44.767  23.842 0.4000000060
130545  48.673  -44.573  15.950 0.3000000119
34556  44.887  -45.264  22.846 0.4000000060
34623  48.505  -45.444  16.172 0.3000000119
34612  48.073  -45.900  16.994 0.3000000119
34604  47.594  -45.549  17.848 0.3000000119
34594  46.575  -45.756  19.215 0.3000000119
34595  46.405  -46.015  19.890 0.4000000060
134617  46.044  -45.581  21.226 0.4000000060
34567  45.610  -45.784  22.484 0.4000000060
34613  47.025  -46.605  17.624 0.3000000119
34605  46.651  -46.243  18.407 0.3000000119
37860  43.697  -42.086  23.809 0.4000000060
36981  43.657  -42.810  23.374 0.4000000060
36199  44.157  -43.709  22.450 0.4000000060
36187  43.727  -43.676  23.152 0.4000000060
37065  48.531  -43.031  15.873 0.3000000119
37050  48.550  -42.839  17.867 0.3000000119
36256  48.599  -43.768  16.488 0.3000000119
35498  48.141  -44.500  18.138 0.3000000119
35489  47.919  -44.210  18.955 0.3000000119
35475  46.972  -44.281  20.177 0.4000000060
34584  46.255  -45.460  20.632 0.4000000060
34576  45.663  -45.322  21.717 0.4000000060
124918  48.396  -44.755  17.076 0.3000000119
35499  47.342  -45.176  18.683 0.3000000119
35490  47.191  -44.750  19.466 0.3000000119
37837  43.183  -41.741  24.566 0.4000000060
37893  48.313  -41.339  19.730 0.3000000119
120430  47.631  -41.820  20.673 0.3000000119
126954  46.371  -42.615  21.562 0.4000000060
37887  46.618  -41.758  21.722 0.4000000060
37010  45.597  -43.046  21.909 0.4000000060
36996  44.149  -42.907  22.672 0.4000000060
117748  48.344  -42.022  18.048 0.3000000119
118845  48.284  -42.016  19.369 0.3000000119
37022  47.536  -42.515  20.501 0.3000000119
37023  46.773  -42.954  20.895 0.4000000060
36198  44.713  -43.367  22.099 0.4000000060
37040  48.394  -42.672  18.810 0.3000000119
37032  48.094  -42.853  19.791 0.3000000119
36219  46.572  -43.818  20.784 0.4000000060
37009  46.123  -43.435  21.385 0.4000000060
36208  45.342  -43.826  21.674 0.4000000060
36232  48.376  -43.564  18.452 0.3000000119
36233  47.671  -43.810  19.659 0.3000000119
36220  45.960  -44.242  21.257 0.4000000060
35467  45.430  -44.595  21.668 0.4000000060
39768  45.695  -39.681  23.970 0.4000000060
38813  46.140  -40.098  23.282 0.4000000060
38814  45.449  -40.533  23.702 0.4000000060
37836  43.908  -41.280  24.233 0.4000000060
38832  46.803  -40.905  21.893 0.3000000119
38825  45.930  -41.027  23.128 0.4000000060
37875  45.579  -41.860  22.844 0.4000000060
37859  44.388  -41.727  23.654 0.4000000060
37886  47.358  -41.239  21.168 0.4000000060
37874  46.259  -41.418  22.429 0.4000000060
36994  45.974  -42.270  22.219 0.4000000060
37876  44.753  -42.171  23.074 0.4000000060
125779  36.695  -31.962  15.127 0.6000000238
45959  36.333  -32.399  15.453 0.6000000238
119409  37.141  -30.141  15.552 0.5000000000
46922  36.883  -31.208  15.315 0.5000000000
49091  36.410  -29.547  15.853 0.5000000000
50181  36.397  -28.507  15.303 0.5000000000
124939  36.399  -27.700  14.888 0.5000000000
51181  35.975  -27.190  14.928 0.4000000060
57107  37.217  -21.233  15.856 0.3000000119
57108  36.798  -21.522  14.986 0.3000000119
56170  36.222  -22.051  14.179 0.3000000119
118523  37.282  -19.997  17.255 0.3000000119
57097  37.242  -21.432  16.748 0.3000000119
58023  37.309  -20.603  15.108 0.3000000119
58024  37.174  -21.029  14.237 0.3000000119
57114  36.656  -21.437  13.821 0.3000000119
58029  36.925  -20.849  13.365 0.3000000119
126903  37.378  -19.012  17.303 0.3000000119
58013  37.313  -20.504  16.323 0.3000000119
132681  37.362  -19.839  15.623 0.3000000119
58932  37.445  -19.640  14.743 0.3000000119
58028  37.362  -20.328  13.984 0.3000000119
58033  37.217  -20.226  12.927 0.3000000119
58043  36.776  -19.836  12.063 0.3000000119
128128  37.457  -18.930  18.186 0.3000000119
126941  37.338  -19.485  16.391 0.3000000119
58918  37.456  -19.067  15.512 0.3000000119
59950  37.750  -18.738  14.442 0.3000000119
58941  37.644  -19.623  13.661 0.3000000119
58947  37.683  -19.581  12.620 0.3000000119
60876  37.166  -17.635  18.388 0.3000000119
60891  37.491  -17.406  17.263 0.3000000119
127871  37.518  -18.610  16.310 0.3000000119
59937  37.735  -18.366  15.485 0.3000000119
59963  38.276  -19.021  13.189 0.3000000119
60902  37.734  -17.741  16.105 0.3000000119
61840  37.625  -16.781  16.349 0.3000000119
60927  38.427  -18.054  13.504 0.3000000119
61812  37.313  -16.670  18.086 0.3000000119
119612  37.603  -15.880  16.660 0.3000000119
124090  37.852  -17.005  15.340 0.3000000119
117146  37.415  -16.032  17.517 0.3000000119
63972  36.908  -14.845  18.056 0.3000000119
33712  46.441  -46.246  22.916 0.4000000060
119552  45.305  -44.447  27.076 0.4000000060
136548  45.793  -44.595  26.399 0.4000000060
136095  47.242  -45.286  23.968 0.4000000060
35437  46.787  -44.874  24.805 0.4000000060
32858  46.919  -47.241  20.189 0.4000000060
33734  46.995  -46.866  21.701 0.4000000060
33723  46.954  -46.440  22.439 0.4000000060
35523  48.372  -44.936  14.136 0.3000000119
34634  48.456  -46.160  15.191 0.3000000119
135992  48.266  -46.293  16.228 0.3000000119
33763  46.960  -47.397  17.422 0.3000000119
33756  46.370  -47.062  18.121 0.3000000119
32859  46.532  -47.086  19.373 0.3000000119
136116  48.436  -44.498  14.965 0.3000000119
118983  48.544  -42.225  16.286 0.3000000119
37902  48.406  -41.339  18.951 0.3000000119
37925  48.496  -41.444  16.628 0.3000000119
39767  46.366  -39.109  23.507 0.4000000060
134910  46.736  -39.698  22.689 0.4000000060
38823  46.994  -40.210  22.147 0.4000000060
38841  47.880  -40.472  20.725 0.3000000119
37894  48.000  -41.249  20.433 0.3000000119
138637  46.520  -38.331  23.318 0.4000000060
44988  36.010  -32.877  15.988 0.6000000238
61801  36.869  -16.860  19.906 0.3000000119
119443  36.992  -17.078  18.979 0.3000000119
62902  36.801  -15.693  19.072 0.3000000119
62901  37.107  -15.713  18.286 0.3000000119
117992  36.593  -15.090  18.905 0.3000000119
37072  48.899  -42.191  14.576 0.3000000119
35387  43.621  -44.332  27.835 0.4000000060
35461  44.171  -44.463  22.864 0.4000000060
37057  48.532  -42.928  16.901 0.3000000119
37858  45.179  -41.405  23.440 0.4000000060
59918  37.365  -18.274  17.803 0.3000000119
60916  37.988  -17.844  14.874 0.3000000119
60915  38.240  -17.136  14.210 0.3000000119
124235  36.574  -14.215  18.867 0.3000000119
35358  45.065  -44.545  28.862 0.3000000119
35372  46.032  -44.627  27.780 0.3000000119
32906  40.936  -48.128  14.403 0.6000000238
33782  41.060  -47.285  14.116 0.6999999881
33783  39.868  -46.485  14.717 0.6999999881
35420  47.179  -44.643  25.594 0.3000000119
29066  41.926  -50.871  31.633 0.3000000119
29967  42.335  -50.211  31.901 0.3000000119
35528  38.862  -44.780  15.381 0.6999999881
34465  46.178  -45.481  29.229 0.3000000119
34637  38.983  -45.668  15.319 0.6999999881
139311  39.006  -46.211  15.331 0.6999999881
34478  47.336  -45.634  28.132 0.3000000119
34494  46.906  -45.000  27.528 0.3000000119
34493  47.713  -45.472  27.316 0.3000000119
34551  48.918  -45.957  23.887 0.3000000119
33687  48.810  -45.539  25.820 0.3000000119
34509  48.032  -44.913  25.765 0.3000000119
33721  49.315  -46.584  22.453 0.3000000119
33711  48.684  -46.227  23.028 0.3000000119
34537  48.305  -45.346  24.322 0.3000000119
31744  43.971  -49.079  32.556 0.3000000119
32717  45.277  -47.076  31.478 0.4000000060
132781  39.257  -43.998  15.384 0.6999999881
33629  46.524  -46.214  29.738 0.3000000119
33602  45.398  -46.431  30.914 0.3000000119
34636  39.981  -45.574  14.738 0.6999999881
33658  48.029  -46.140  27.825 0.3000000119
33671  48.940  -46.049  26.621 0.3000000119
33686  49.510  -46.376  25.792 0.3000000119
34524  47.737  -44.824  24.884 0.3000000119
33720  50.223  -46.959  22.964 0.3000000119
31759  44.264  -48.258  32.184 0.4000000060
37069  38.889  -42.280  15.869 0.6999999881
32727  47.124  -47.567  30.388 0.3000000119
32741  46.859  -46.932  30.143 0.3000000119
33644  48.249  -46.889  28.213 0.3000000119
33628  47.208  -46.655  29.351 0.3000000119
133328  40.065  -43.592  14.972 0.6999999881
33670  49.451  -46.780  26.725 0.3000000119
35527  40.037  -44.653  14.876 0.6999999881
34565  47.806  -46.255  22.755 0.3000000119
34552  48.037  -45.738  23.480 0.3000000119
33732  48.907  -46.925  21.618 0.3000000119
33722  48.383  -46.578  22.252 0.3000000119
122070  39.065  -43.183  15.588 0.6999999881
31784  48.117  -47.799  29.450 0.3000000119
37068  39.694  -42.541  15.272 0.6999999881
32769  49.515  -47.771  27.647 0.3000000119
32770  48.931  -47.328  27.947 0.3000000119
32844  48.327  -47.607  20.952 0.3000000119
31783  48.724  -48.274  29.092 0.3000000119
37067  40.695  -42.773  14.773 0.6999999881
33733  47.861  -47.083  21.636 0.3000000119
122005  47.336  -38.712  21.789 0.3000000119
120235  40.800  -49.233  15.477 0.5000000000
32896  38.815  -47.894  15.395 0.6999999881
130393  40.671  -48.858  15.067 0.6000000238
129982  39.753  -48.955  15.058 0.6000000238
31933  41.431  -48.536  14.873 0.6000000238
35519  37.747  -44.469  16.025 0.6999999881
36267  38.448  -43.811  15.798 0.6999999881
135815  43.974  -49.857  32.628 0.3000000119
37060  38.315  -42.932  16.171 0.6999999881
31743  44.924  -48.880  32.316 0.4000000060
37929  38.137  -42.084  16.456 0.6999999881
31770  47.032  -48.224  30.837 0.4000000060
32716  45.880  -47.428  31.417 0.4000000060
37938  38.730  -41.349  16.191 0.6999999881
31769  47.610  -48.051  30.123 0.3000000119
31768  48.274  -48.638  29.827 0.3000000119
128098  48.578  -49.907  30.228 0.3000000119
34479  46.562  -45.202  28.399 0.3000000119
32907  39.893  -48.065  14.952 0.6000000238
31782  49.317  -48.802  28.740 0.3000000119
140729  47.145  -48.909  30.820 0.3000000119
30983  38.370  -49.953  19.636 0.5000000000
30998  39.663  -49.740  17.110 0.5000000000
30999  38.848  -50.104  17.616 0.5000000000
127638  38.247  -49.255  19.326 0.4000000060
29238  35.980  -51.741  16.823 0.4000000060
122818  34.672  -51.966  17.269 0.5000000000
130854  38.839  -49.244  17.885 0.4000000060
131101  38.461  -49.257  18.550 0.5000000000
31916  40.565  -49.126  16.695 0.5000000000
29234  33.806  -51.374  17.584 0.4000000060
29227  33.590  -51.710  18.011 0.4000000060
119901  35.574  -50.732  17.114 0.5000000000
31005  40.972  -49.461  15.902 0.4000000060
29226  33.675  -51.148  18.357 0.4000000060
133611  33.757  -51.973  18.516 0.4000000060
30120  33.681  -50.495  17.721 0.4000000060
29233  34.506  -51.013  17.354 0.4000000060
31009  37.017  -49.553  16.374 0.5000000000
31925  37.737  -48.974  15.946 0.4000000060
31934  40.402  -49.939  15.039 0.5000000000
31935  39.783  -50.139  14.760 0.4000000060
128039  38.974  -49.947  15.053 0.4000000060
127759  33.977  -51.895  18.989 0.4000000060
31897  35.652  -48.083  20.908 0.4000000060
127566  33.685  -49.700  17.901 0.4000000060
32862  35.391  -46.945  20.206 0.4000000060
30119  34.446  -49.933  17.451 0.5000000000
32873  35.337  -47.232  19.416 0.4000000060
31010  36.084  -49.107  16.899 0.5000000000
34608  34.984  -45.850  18.613 0.4000000060
33753  35.202  -46.472  19.056 0.4000000060
30129  36.093  -49.997  16.891 0.5000000000
31926  36.537  -48.584  16.621 0.5000000000
35502  34.888  -45.095  18.857 0.4000000060
31924  38.779  -48.978  15.260 0.5000000000
30976  35.259  -49.305  20.309 0.4000000060
31905  35.331  -48.576  20.142 0.4000000060
30107  33.869  -50.315  18.539 0.4000000060
129661  35.455  -47.708  20.132 0.4000000060
31918  35.051  -48.396  17.726 0.5000000000
31001  34.227  -49.081  17.850 0.4000000060
31906  35.158  -48.304  19.209 0.4000000060
31000  35.225  -49.124  17.393 0.5000000000
33759  35.145  -46.616  18.407 0.4000000060
135939  35.260  -47.115  18.774 0.4000000060
32898  36.922  -47.881  16.487 0.5000000000
118892  34.810  -44.484  18.388 0.4000000060
32897  37.870  -47.892  15.986 0.6000000238
30992  34.040  -49.104  18.070 0.4000000060
30984  34.927  -49.119  19.390 0.4000000060
30985  34.414  -49.075  18.545 0.4000000060
32880  35.114  -47.566  18.266 0.4000000060
32899  36.053  -47.758  16.814 0.5000000000
33767  35.146  -46.833  17.911 0.4000000060
34617  34.983  -46.022  18.020 0.4000000060
35509  34.808  -45.271  18.189 0.4000000060
33784  39.082  -46.954  15.287 0.6000000238
33771  38.072  -46.952  16.006 0.6000000238
122978  37.176  -47.072  16.466 0.6000000238
29220  34.306  -51.093  19.091 0.4000000060
129258  34.324  -49.661  18.883 0.4000000060
31911  34.823  -48.454  18.387 0.4000000060
32874  35.200  -47.741  18.784 0.4000000060
32888  35.509  -47.680  17.365 0.5000000000
32889  35.142  -47.654  17.871 0.5000000000
127646  35.361  -47.033  17.518 0.5000000000
33766  35.346  -46.265  17.469 0.5000000000
130971  36.352  -47.214  16.649 0.5000000000
33774  35.731  -46.935  16.956 0.5000000000
128900  35.830  -46.155  16.949 0.5000000000
140453  35.275  -44.902  17.432 0.5000000000
136319  34.936  -44.705  17.830 0.4000000060
33785  38.231  -46.003  15.721 0.6000000238
33773  36.403  -46.507  16.667 0.6000000238
33772  37.279  -46.205  16.321 0.6000000238
34627  36.460  -45.556  16.711 0.6000000238
34626  37.429  -45.328  16.148 0.6000000238
35529  38.154  -45.224  15.625 0.6000000238
37931  36.488  -41.695  16.855 0.5000000000
37930  37.245  -41.903  16.705 0.6000000238
37062  36.573  -42.519  16.712 0.5000000000
37061  37.491  -42.697  16.485 0.6000000238
130558  36.986  -43.192  16.485 0.6000000238
121478  36.398  -43.359  16.693 0.5000000000
36262  35.847  -43.728  17.040 0.5000000000
35521  35.924  -44.649  17.012 0.5000000000
35508  35.340  -44.203  17.464 0.5000000000
36249  35.394  -43.302  17.509 0.5000000000
125673  37.806  -41.285  16.620 0.5000000000
130515  36.906  -41.115  16.832 0.5000000000
133489  36.370  -44.040  16.721 0.6000000238
36260  37.671  -43.510  16.274 0.6000000238
36261  36.985  -43.870  16.447 0.6000000238
31006  40.549  -50.335  16.065 0.4000000060
31015  40.612  -50.317  15.383 0.4000000060
31915  41.233  -48.767  16.139 0.5000000000
30991  38.394  -49.950  18.663 0.5000000000
30118  39.732  -51.372  16.802 0.5000000000
30111  38.703  -50.706  18.022 0.5000000000
134678  40.007  -50.670  16.661 0.5000000000
30113  33.528  -50.945  17.895 0.4000000060
30112  33.489  -50.300  18.000 0.4000000060
33752  35.268  -46.386  19.839 0.4000000060
34599  35.118  -45.733  19.371 0.4000000060
121178  33.751  -49.630  18.163 0.4000000060
31919  34.686  -48.444  18.064 0.4000000060
133881  34.940  -49.714  19.632 0.4000000060
35520  36.818  -44.647  16.525 0.6000000238
32848  35.461  -47.127  20.989 0.3000000119
33746  35.289  -46.370  20.664 0.3000000119
35494  35.284  -44.905  19.697 0.3000000119
34598  35.301  -45.623  20.351 0.3000000119
35479  35.444  -44.720  20.569 0.3000000119
27378  44.502  -52.705  27.409 0.5000000000
27412  41.179  -53.142  25.162 0.6000000238
27424  40.079  -52.989  24.043 0.5000000000
28227  43.709  -51.907  28.458 0.4000000060
28260  41.191  -52.186  26.486 0.6000000238
28262  39.547  -52.084  26.098 0.6000000238
28298  43.304  -52.624  25.096 0.5000000000
28314  41.204  -52.513  22.087 0.4000000060
28339  33.910  -52.613  18.882 0.4000000060
29074  42.267  -50.629  30.101 0.4000000060
29131  44.716  -51.445  26.553 0.5000000000
29134  41.989  -51.282  26.842 0.6999999881
29137  38.864  -51.016  26.004 0.6999999881
29151  44.689  -51.454  26.007 0.5000000000
29153  43.462  -51.330  26.045 0.6999999881
29154  39.218  -51.625  25.710 0.6000000238
29169  39.035  -50.562  24.833 0.6000000238
29181  39.559  -51.579  23.683 0.5000000000
29977  41.809  -50.683  30.975 0.3000000119
30008  40.121  -50.248  28.311 0.6000000238
30020  40.962  -50.531  27.851 0.6999999881
30021  39.587  -50.635  27.452 0.6000000238
30034  42.512  -50.636  27.240 0.6000000238
30035  39.089  -50.783  26.639 0.6999999881
30097  39.816  -50.452  20.732 0.5000000000
30815  44.705  -49.686  32.566 0.3000000119
30816  43.288  -49.678  32.510 0.3000000119
30817  42.679  -49.530  32.148 0.3000000119
30838  48.099  -49.396  30.310 0.3000000119
30840  46.660  -49.024  31.294 0.3000000119
30851  49.262  -49.456  29.320 0.3000000119
30852  48.719  -49.387  29.833 0.3000000119
30854  41.220  -48.977  29.690 0.6000000238
30876  38.834  -49.202  28.380 0.6000000238
30914  38.472  -49.704  25.710 0.6000000238
30954  40.067  -49.249  21.971 0.6000000238
31745  43.170  -48.951  32.310 0.3000000119
31757  46.234  -48.137  31.397 0.4000000060
31758  45.243  -48.027  31.742 0.4000000060
31785  42.050  -48.396  30.479 0.6000000238
31786  41.634  -48.389  30.265 0.5000000000
31788  39.946  -48.259  29.769 0.5000000000
31802  49.724  -48.401  28.060 0.3000000119
31803  49.121  -48.015  28.367 0.3000000119
31866  39.524  -48.627  23.115 0.8000000119
31927  35.726  -48.429  17.163 0.5000000000
32718  44.413  -47.461  31.741 0.5000000000
32720  42.466  -47.404  31.115 0.4000000060
32728  46.521  -47.337  30.944 0.4000000060
32729  45.923  -46.888  31.194 0.4000000060
32740  47.471  -47.352  29.746 0.3000000119
32743  39.714  -47.705  29.348 0.6000000238
32756  48.491  -47.576  28.672 0.3000000119
32757  47.844  -47.127  28.986 0.3000000119
32758  39.104  -47.754  28.740 0.6000000238
32759  38.594  -47.703  28.096 0.6000000238
32834  49.865  -47.075  21.874 0.3000000119
32845  47.301  -47.383  21.018 0.3000000119
32871  37.838  -47.238  19.464 0.6999999881
32887  38.974  -47.978  18.032 0.6000000238
32894  42.036  -47.941  15.485 0.8000000119
33604  43.482  -46.587  31.177 0.4000000060
33614  46.195  -46.560  30.574 0.3000000119
33618  41.607  -46.573  30.263 0.4000000060
33630  45.674  -45.800  30.106 0.3000000119
33645  47.592  -46.408  28.561 0.3000000119
33646  46.919  -45.922  28.915 0.3000000119
33657  48.780  -46.603  27.414 0.3000000119
33710  49.527  -46.429  23.396 0.3000000119
33725  46.085  -45.910  21.724 0.4000000060
33727  37.692  -45.998  22.008 0.8000000119
33735  46.505  -46.434  21.579 0.4000000060
33744  46.599  -46.650  19.969 0.4000000060
33749  46.296  -46.676  19.003 0.3000000119
33762  47.700  -46.905  16.813 0.3000000119
33770  42.173  -47.398  16.005 0.6999999881
33781  42.638  -46.958  14.121 0.6999999881
34447  45.004  -45.292  30.004 0.4000000060
34448  44.469  -45.099  30.243 0.4000000060
34467  42.873  -44.713  29.721 0.4000000060
34469  41.707  -45.997  29.955 0.4000000060
34470  41.333  -45.884  29.215 0.4000000060
34480  45.765  -44.841  28.643 0.3000000119
34492  48.360  -45.929  27.169 0.3000000119
34508  48.228  -45.416  26.562 0.3000000119
34522  49.146  -45.810  24.879 0.3000000119
34523  48.461  -45.209  25.136 0.3000000119
34540  44.517  -45.648  24.318 0.4000000060
34541  38.304  -45.450  24.617 0.6999999881
34553  47.153  -45.949  23.154 0.4000000060
34554  46.330  -46.005  23.498 0.4000000060
34555  45.414  -45.987  23.256 0.4000000060
34566  45.887  -46.285  23.099 0.4000000060
34585  45.915  -44.990  21.185 0.4000000060
34616  35.062  -45.438  17.695 0.5000000000
34628  35.580  -45.494  17.199 0.5000000000
35346  43.992  -44.725  30.174 0.4000000060
35361  42.813  -44.457  29.067 0.4000000060
35373  45.179  -44.379  28.088 0.4000000060
35385  47.300  -44.851  26.551 0.3000000119
35386  46.317  -44.657  26.909 0.3000000119
35389  41.854  -44.524  27.942 0.5000000000
35390  40.410  -44.204  27.903 0.6000000238
35391  39.334  -44.700  27.728 0.6000000238
35402  46.491  -44.574  26.106 0.4000000060
35421  45.885  -45.162  25.009 0.4000000060
35425  38.042  -44.527  25.575 0.6999999881
35441  37.598  -44.338  24.248 0.8000000119
35460  44.703  -44.307  22.109 0.4000000060
35468  37.597  -44.823  21.552 0.8000000119
35476  46.355  -44.671  20.679 0.4000000060
35491  46.572  -45.190  20.011 0.3000000119
35515  48.524  -45.183  15.162 0.3000000119
35525  43.192  -45.267  14.436 0.8000000119
35532  43.028  -45.200  13.856 0.8000000119
36146  38.561  -43.650  27.073 0.6999999881
36156  38.148  -43.452  26.314 0.6999999881
36169  42.558  -43.726  25.802 0.5000000000
36218  47.302  -43.369  20.319 0.4000000060
36246  48.503  -43.714  17.529 0.3000000119
36265  43.247  -43.593  14.907 0.8999999762
36946  38.883  -42.531  26.730 0.6999999881
36957  38.374  -42.605  26.090 0.6999999881
36958  38.063  -42.212  25.223 0.8000000119
36980  44.093  -42.361  23.298 0.4000000060
36995  45.038  -42.606  22.396 0.4000000060
37008  47.058  -42.147  21.099 0.3000000119
37011  38.361  -42.760  21.056 0.8000000119
37021  48.081  -41.983  20.133 0.3000000119
37041  40.326  -42.184  17.802 0.8999999762
37066  43.482  -42.516  14.974 0.8999999762
37806  40.275  -41.123  26.313 0.6999999881
37818  41.715  -41.391  25.686 0.5000000000
37889  38.003  -41.987  22.123 0.8000000119
37903  39.439  -41.413  19.239 0.6999999881
37913  48.348  -41.345  18.217 0.3000000119
37926  43.543  -41.949  15.467 1.0000000000
37943  43.462  -41.531  14.064 1.0000000000
37944  42.917  -41.424  13.811 1.0000000000
38756  39.788  -40.852  26.144 0.6999999881
38770  42.224  -40.480  25.393 0.5000000000
38796  37.784  -41.189  23.992 0.8000000119
38815  44.686  -40.912  23.996 0.4000000060
38816  38.009  -39.990  23.290 0.6999999881
38824  46.496  -40.567  22.610 0.4000000060
38827  37.826  -40.921  23.079 0.6999999881
38870  43.131  -40.092  17.613 1.0000000000
39748  45.248  -39.334  24.614 0.5000000000
39752  40.440  -39.078  24.866 0.6000000238
39784  38.573  -39.597  21.900 0.6999999881
39794  39.467  -39.698  20.649 0.6999999881
39795  38.814  -39.828  21.217 0.6999999881
39806  40.974  -39.644  19.671 0.8999999762
40533  43.331  -38.576  25.236 0.5000000000
40535  41.933  -38.766  25.130 0.6000000238
40547  45.459  -38.264  24.557 0.5000000000
40548  44.834  -38.762  25.029 0.5000000000
40553  39.067  -38.779  24.018 0.6000000238
40570  46.135  -38.338  23.985 0.4000000060
40582  46.947  -38.746  22.603 0.3000000119
40585  38.922  -38.758  23.152 0.6999999881
40643  43.399  -38.411  13.501 1.0000000000
41342  45.262  -37.450  24.517 0.5000000000
41364  46.205  -37.611  23.528 0.5000000000
41377  40.832  -37.922  22.952 0.6000000238
41409  41.961  -37.335  18.525 1.0000000000
42112  44.204  -36.478  24.661 0.6000000238
42133  42.201  -36.174  24.055 0.6999999881
42156  46.701  -36.165  21.931 0.3000000119
42166  41.668  -36.577  20.113 0.8000000119
42207  42.398  -36.497  12.617 1.0000000000
42932  43.501  -35.909  24.525 0.6999999881
42948  45.994  -35.923  23.271 0.4000000060
42949  45.312  -35.545  23.651 0.6000000238
42979  40.678  -35.137  21.439 0.6999999881
42993  39.847  -35.036  19.154 0.8000000119
43034  43.909  -35.070  11.980 1.0000000000
43042  43.884  -35.488  11.928 1.0000000000
43893  43.638  -34.048  23.665 0.6999999881
43907  45.459  -34.389  22.715 0.5000000000
43908  40.904  -34.674  22.834 0.6999999881
43948  39.600  -34.777  18.334 0.8999999762
43955  39.583  -34.468  17.546 0.8999999762
43962  39.749  -34.082  16.731 1.0000000000
43981  43.832  -34.597  12.365 1.0000000000
43982  42.305  -35.290  12.125 1.0000000000
44897  44.858  -33.782  23.108 0.6000000238
44916  40.936  -33.075  22.885 0.6999999881
44940  39.236  -33.367  21.074 0.6999999881
44985  40.253  -32.814  15.864 1.0000000000
45002  43.725  -34.418  12.086 1.0000000000
45004  43.820  -32.829  12.914 1.0000000000
45014  42.512  -32.890  11.024 1.0000000000
45876  43.395  -32.738  23.156 0.6000000238
45891  43.382  -32.254  22.408 0.6000000238
45892  42.559  -31.833  22.508 0.6000000238
45894  39.831  -32.807  22.223 0.6999999881
45902  45.290  -33.012  21.238 0.5000000000
45910  44.630  -32.026  20.478 0.5000000000
45912  38.962  -32.049  20.405 0.6999999881
45919  39.047  -32.765  19.792 0.6999999881
45928  38.973  -31.632  19.043 0.6999999881
45935  39.461  -32.098  17.488 0.8000000119
45980  43.167  -32.580  11.272 1.0000000000
46879  39.353  -31.499  21.760 0.6999999881
46880  38.999  -30.778  21.202 0.6000000238
47928  39.516  -30.036  21.369 0.5000000000
47934  44.328  -30.605  19.828 0.5000000000
47937  38.901  -30.673  20.337 0.6000000238
47953  39.329  -30.309  18.436 0.6999999881
47967  39.799  -30.760  16.738 0.8999999762
47986  43.404  -29.795  13.053 1.0000000000
48001  42.534  -30.509  12.049 1.0000000000
49037  43.788  -29.298  21.200 0.5000000000
49042  45.963  -29.139  19.168 0.4000000060
49066  39.605  -29.824  17.570 0.8999999762
50122  43.089  -28.833  21.916 0.4000000060
50136  44.879  -29.097  20.179 0.4000000060
50137  39.291  -28.216  19.747 0.5000000000
50155  40.242  -28.346  17.254 0.6000000238
50191  42.938  -28.643  14.304 0.8999999762
50198  43.668  -28.774  12.915 1.0000000000
51125  42.033  -27.733  22.245 0.5000000000
51134  45.025  -27.238  20.549 0.4000000060
51137  39.759  -27.775  20.823 0.5000000000
51140  46.375  -27.411  19.549 0.3000000119
51190  43.682  -27.300  13.400 0.6999999881
51210  43.402  -27.840  12.766 0.8000000119
51211  42.291  -27.693  12.454 0.8000000119
51212  41.377  -27.713  12.402 0.6999999881
52022  43.827  -26.426  21.434 0.4000000060
52120  43.428  -26.310  13.322 0.6999999881
52992  45.796  -25.726  20.176 0.4000000060
52995  41.038  -24.918  20.849 0.4000000060
53012  41.281  -25.294  18.271 0.5000000000
53046  43.974  -24.887  13.986 0.6000000238
53070  43.480  -25.369  13.281 0.6999999881
53980  45.505  -24.270  20.823 0.4000000060
53982  43.794  -24.120  21.434 0.3000000119
54070  43.588  -24.511  14.920 0.5000000000
54071  42.305  -23.864  14.317 0.6000000238
54080  43.560  -24.077  13.707 0.5000000000
54081  43.161  -23.839  13.551 0.5000000000
54094  43.256  -24.405  13.325 0.6999999881
54974  43.167  -23.342  21.296 0.3000000119
55064  42.714  -23.041  14.708 0.5000000000
55073  43.448  -23.596  14.178 0.4000000060
56110  42.510  -21.601  19.449 0.3000000119
56138  40.466  -22.049  17.670 0.3000000119
56169  43.233  -23.133  14.561 0.4000000060
57951  38.672  -20.185  20.179 0.3000000119
58878  37.559  -20.002  19.220 0.3000000119
59902  37.276  -18.449  18.727 0.4000000060
59929  37.528  -18.196  16.965 0.3000000119
60848  37.749  -18.050  21.123 0.3000000119
61813  36.982  -16.333  18.990 0.3000000119
61827  37.490  -16.549  17.166 0.3000000119
61856  37.854  -16.165  15.690 0.3000000119
62924  37.353  -15.359  17.391 0.3000000119
116905  43.082  -44.699  27.247 0.5000000000
117072  42.779  -21.580  16.363 0.3000000119
117747  48.471  -42.131  17.214 0.3000000119
120344  47.581  -46.665  22.161 0.3000000119
120925  37.749  -44.077  21.899 0.8000000119
121188  37.524  -45.169  22.624 0.8000000119
121194  40.324  -26.584  18.536 0.4000000060
121217  43.043  -22.168  16.491 0.3000000119
121344  46.060  -25.090  19.989 0.4000000060
121986  40.154  -47.426  14.612 0.6000000238
122204  38.527  -43.599  19.840 0.8000000119
122349  43.426  -43.316  23.745 0.5000000000
122367  38.231  -39.948  24.103 0.6999999881
122405  41.798  -39.484  19.436 0.8000000119
122741  42.290  -49.588  29.673 0.4000000060
122802  43.736  -26.865  13.742 0.6999999881
123260  43.541  -36.954  24.772 0.6999999881
123278  45.218  -45.032  22.134 0.4000000060
123448  38.355  -46.142  23.146 0.8000000119
123503  41.550  -26.678  16.282 0.5000000000
124935  40.473  -35.195  16.324 1.0000000000
125196  47.571  -48.798  30.435 0.3000000119
126064  42.626  -21.160  17.588 0.4000000060
126261  43.767  -47.132  31.548 0.5000000000
126919  43.059  -44.320  14.550 0.8000000119
127691  37.520  -21.208  18.269 0.3000000119
127865  42.896  -23.026  16.905 0.4000000060
128668  38.501  -46.739  26.934 0.6000000238
129399  38.520  -40.053  24.759 0.6000000238
129464  35.543  -48.822  20.872 0.4000000060
129559  42.234  -22.849  20.382 0.3000000119
129888  48.880  -48.903  29.381 0.3000000119
130071  37.548  -43.299  22.944 0.8000000119
130332  40.201  -36.534  13.971 1.0000000000
130368  38.466  -46.619  25.480 0.6999999881
130916  41.340  -37.559  21.588 0.8000000119
131398  39.292  -28.692  20.354 0.5000000000
132899  42.423  -26.244  21.738 0.5000000000
132905  40.424  -40.615  15.388 0.8999999762
134620  39.484  -21.080  19.434 0.3000000119
134982  42.155  -37.633  24.447 0.6000000238
135301  43.575  -40.008  16.273 1.0000000000
135460  42.158  -29.212  12.313 0.8999999762
135539  43.664  -44.820  27.071 0.4000000060
135542  40.232  -29.103  12.803 0.8999999762
135563  49.339  -47.170  27.340 0.3000000119
135631  48.185  -43.428  19.165 0.3000000119
135722  42.168  -28.259  15.046 0.8999999762
135866  40.273  -52.903  23.328 0.5000000000
136626  43.598  -40.765  14.159 1.0000000000
137301  48.339  -41.882  18.660 0.3000000119
137430  41.540  -38.406  14.066 0.8999999762
137609  41.626  -44.953  28.321 0.5000000000
138232  41.744  -25.455  13.529 0.6999999881
138311  40.360  -26.198  20.704 0.5000000000
138771  44.538  -26.681  21.050 0.4000000060
139036  43.160  -39.310  17.264 1.0000000000
139188  40.559  -28.246  21.608 0.5000000000
139367  42.746  -51.732  29.349 0.3000000119
139730  47.741  -28.132  17.846 0.3000000119
139997  46.434  -44.707  25.436 0.4000000060
140733  37.193  -37.571  16.077 0.6000000238
141063  43.284  -34.595  24.031 0.6999999881
141064  41.210  -51.863  22.011 0.5000000000
141173  43.592  -48.475  32.274 0.5000000000
