#!ascii label  , from subject sub-01 vox2ras=TkReg
962
14638  46.022  -68.547  19.827 0.3000000119
22029  42.771  -59.849  15.335 0.6000000238
23836  38.337  -58.547  15.946 0.6999999881
15345  46.124  -66.804  19.139 0.4000000060
130999  46.928  -62.786  17.364 0.4000000060
16095  47.819  -66.784  19.240 0.5000000000
15344  47.176  -67.370  19.513 0.5000000000
22020  43.665  -59.581  15.495 0.6999999881
22030  41.337  -60.316  15.034 0.6999999881
22975  42.455  -59.809  15.215 0.5000000000
23834  40.511  -58.465  16.006 0.6000000238
23835  39.511  -58.497  16.065 0.6000000238
23827  39.160  -57.806  17.022 0.6999999881
24763  38.189  -57.566  16.880 0.6999999881
16101  46.805  -66.096  17.699 0.5000000000
19249  47.636  -62.159  17.653 0.4000000060
16100  47.513  -66.056  18.340 0.6000000238
21020  46.311  -60.466  18.863 0.4000000060
21028  46.538  -59.680  18.343 0.5000000000
16882  48.005  -65.563  18.023 0.6000000238
21996  45.441  -59.418  18.448 0.6000000238
22018  45.289  -59.134  16.344 0.6000000238
16881  48.868  -65.658  18.644 0.6000000238
22019  44.587  -59.392  15.540 0.6000000238
23847  41.944  -59.217  15.289 0.6000000238
23833  41.489  -58.361  15.766 0.6000000238
24749  39.750  -57.017  17.766 0.6999999881
23826  40.107  -57.769  17.044 0.6999999881
24750  38.819  -56.886  17.568 0.6999999881
24751  37.953  -56.358  17.198 0.6999999881
25722  39.360  -56.190  18.209 0.6999999881
25723  38.557  -55.879  17.771 0.6999999881
25733  38.056  -55.195  17.363 0.6999999881
26614  38.419  -54.950  18.040 0.6999999881
16107  46.743  -65.943  16.729 0.5000000000
140500  46.894  -64.482  15.883 0.5000000000
116518  46.949  -64.095  15.857 0.5000000000
21027  47.080  -60.596  18.566 0.4000000060
16894  47.717  -65.201  16.947 0.5000000000
22010  46.831  -59.008  17.310 0.5000000000
22957  46.206  -58.852  16.465 0.6000000238
139373  49.252  -64.598  17.951 0.6000000238
17675  48.992  -64.245  17.183 0.5000000000
18464  50.370  -62.554  17.115 0.5000000000
22028  44.436  -59.237  15.003 0.6999999881
23846  42.967  -58.795  15.217 0.6000000238
22974  43.586  -59.258  15.169 0.6999999881
23825  41.032  -57.575  16.789 0.6000000238
23832  42.445  -58.044  15.601 0.6000000238
24748  40.644  -56.809  17.675 0.6000000238
24740  40.254  -56.182  18.375 0.6000000238
26618  37.948  -54.580  16.971 0.6999999881
25712  39.773  -55.504  18.767 0.6000000238
27470  38.445  -54.247  17.152 0.6999999881
25713  39.008  -55.341  18.532 0.6999999881
21026  48.005  -60.690  18.126 0.4000000060
16908  47.250  -64.817  16.147 0.5000000000
19260  48.449  -62.904  16.453 0.4000000060
129279  47.567  -59.346  17.660 0.5000000000
18466  48.653  -63.322  16.422 0.4000000060
22963  45.075  -59.070  15.167 0.6000000238
133192  49.022  -63.652  16.654 0.4000000060
20141  49.402  -61.441  16.876 0.4000000060
19258  49.861  -62.409  16.778 0.4000000060
21031  50.480  -60.420  16.651 0.4000000060
125474  44.945  -58.708  14.815 0.6999999881
23845  43.852  -58.300  14.961 0.6000000238
24747  41.603  -56.582  17.441 0.6000000238
24762  41.999  -57.287  16.414 0.6000000238
24739  41.302  -55.843  18.341 0.6000000238
27471  38.224  -53.896  16.545 0.6999999881
27466  38.794  -53.793  17.348 0.6999999881
26603  38.911  -54.484  18.822 0.6000000238
132609  38.514  -54.319  18.138 0.6000000238
20134  48.404  -61.522  17.532 0.4000000060
21033  48.421  -59.846  17.567 0.4000000060
22962  46.425  -58.438  15.587 0.6999999881
21032  49.550  -60.024  16.928 0.4000000060
131304  45.415  -58.094  14.776 0.8000000119
20139  50.812  -61.266  16.857 0.5000000000
23831  43.309  -57.536  15.494 0.6000000238
24746  42.487  -56.194  17.027 0.5000000000
24761  42.943  -56.863  16.208 0.6000000238
128507  38.513  -53.422  16.108 0.6999999881
25701  40.145  -54.782  19.136 0.6000000238
25711  40.620  -55.336  18.789 0.6000000238
121523  38.897  -53.590  16.511 0.8000000119
28345  39.054  -53.231  16.000 0.8000000119
26602  39.687  -54.217  19.268 0.6000000238
26611  39.445  -54.900  18.972 0.6000000238
126233  48.382  -59.012  17.191 0.5000000000
22956  47.832  -58.559  16.715 0.6000000238
22009  49.234  -59.153  16.895 0.5000000000
22954  50.386  -58.141  16.452 0.6999999881
127664  50.254  -59.417  16.618 0.4000000060
23844  44.690  -57.919  14.752 0.6999999881
24772  43.993  -57.059  15.287 0.6999999881
25720  42.937  -55.106  17.323 0.6000000238
24760  43.558  -56.293  15.907 0.6000000238
25721  42.199  -55.507  17.800 0.6000000238
29236  38.933  -52.721  15.741 0.6000000238
124668  41.392  -54.858  18.699 0.6000000238
28342  39.203  -53.303  16.697 0.6999999881
123232  39.406  -52.803  16.142 0.6999999881
27462  39.253  -53.586  19.367 0.6999999881
27465  38.677  -53.750  18.707 0.6999999881
22961  48.442  -57.766  15.772 0.5000000000
22970  47.681  -57.467  15.450 0.6000000238
127608  47.372  -58.094  15.685 0.6000000238
133682  49.649  -56.818  16.208 0.6999999881
22960  49.467  -57.892  15.951 0.6000000238
23843  46.198  -57.707  15.129 0.6999999881
23821  50.584  -57.205  17.697 0.6999999881
23823  51.190  -58.058  17.148 0.6999999881
132293  45.549  -57.128  15.111 0.6999999881
24759  44.186  -56.046  15.817 0.6999999881
126230  43.562  -55.154  17.176 0.5000000000
25731  43.798  -55.527  16.487 0.6000000238
129424  37.696  -50.693  16.126 0.5000000000
26609  42.135  -54.060  18.858 0.6000000238
25709  42.711  -54.557  17.874 0.6000000238
30127  39.286  -51.588  15.058 0.6000000238
26610  41.084  -54.397  19.059 0.6000000238
29232  39.603  -52.218  16.317 0.6000000238
29235  39.783  -52.333  15.466 0.5000000000
30126  40.324  -51.648  14.995 0.5000000000
27461  40.217  -53.303  19.659 0.6999999881
28338  38.696  -52.910  19.487 0.6999999881
28340  38.624  -53.186  18.087 0.6999999881
28337  39.721  -52.664  19.963 0.6999999881
29225  38.736  -51.640  17.876 0.6000000238
23842  47.139  -57.299  15.345 0.6000000238
24755  49.028  -56.719  15.625 0.6999999881
24768  48.229  -56.542  15.431 0.6000000238
24737  49.171  -56.152  17.476 0.6999999881
24770  46.583  -56.857  15.317 0.6999999881
25730  44.459  -55.498  16.508 0.6999999881
24758  45.155  -56.071  15.862 0.6999999881
25719  44.013  -55.175  17.059 0.6000000238
31008  38.372  -50.283  15.613 0.4000000060
26613  43.277  -54.589  17.806 0.5000000000
31007  39.755  -50.926  14.729 0.4000000060
27460  41.559  -52.732  19.575 0.6000000238
26600  41.881  -53.395  19.378 0.6000000238
29231  40.230  -51.911  15.721 0.5000000000
30118  39.732  -51.372  16.802 0.4000000060
28330  38.666  -52.066  19.656 0.6999999881
118108  38.632  -52.329  18.646 0.6000000238
30111  38.703  -50.706  18.022 0.5000000000
24745  48.317  -55.796  16.580 0.6000000238
24756  47.711  -55.865  15.733 0.6999999881
24769  47.467  -56.592  15.379 0.6999999881
133159  49.213  -56.023  18.727 0.6999999881
24738  48.306  -55.993  18.057 0.6999999881
126007  45.928  -55.546  16.485 0.6000000238
25729  45.228  -55.546  16.554 0.6000000238
131831  43.146  -54.224  18.409 0.6000000238
26607  43.668  -54.675  18.028 0.5000000000
26608  42.799  -54.170  18.373 0.6000000238
28335  42.109  -52.047  19.783 0.6000000238
26599  42.583  -53.761  19.240 0.6000000238
30125  40.372  -51.253  15.788 0.4000000060
30131  40.540  -51.045  15.273 0.5000000000
31016  40.343  -50.887  14.837 0.4000000060
28336  41.229  -52.177  19.776 0.6000000238
31006  40.549  -50.335  16.065 0.4000000060
28329  39.401  -52.027  20.135 0.6000000238
29219  38.569  -51.448  19.211 0.5000000000
25715  47.397  -55.739  17.435 0.6999999881
25716  46.405  -55.540  16.922 0.6000000238
25696  47.647  -55.491  19.751 0.6999999881
25706  46.588  -55.712  18.080 0.6000000238
25717  45.379  -55.381  16.950 0.6000000238
25695  48.650  -55.399  20.318 0.6999999881
116838  44.798  -55.306  17.469 0.5000000000
26594  42.935  -54.229  19.745 0.6000000238
26598  43.344  -54.341  18.871 0.6000000238
27459  42.276  -52.626  19.790 0.5000000000
28328  40.719  -51.659  20.227 0.6000000238
30098  38.642  -50.652  19.955 0.5000000000
25697  46.710  -55.689  19.180 0.6999999881
25698  45.903  -55.714  19.362 0.6999999881
25699  44.859  -55.797  19.150 0.6000000238
123819  43.512  -55.434  19.827 0.5000000000
27454  42.466  -53.368  20.688 0.6000000238
27455  42.397  -51.990  20.097 0.6000000238
29210  41.430  -51.040  20.686 0.6000000238
29212  39.111  -51.366  20.168 0.5000000000
18456  51.315  -62.963  18.735 0.5000000000
21029  51.486  -60.509  17.879 0.5000000000
120152  51.664  -61.862  19.994 0.5000000000
21024  51.785  -60.558  19.024 0.5000000000
135612  51.511  -58.451  18.002 0.6999999881
22936  51.647  -58.921  19.326 0.6999999881
21979  51.822  -59.648  19.122 0.5000000000
21010  51.749  -60.183  19.874 0.5000000000
23820  51.190  -57.780  18.270 0.6999999881
23813  51.509  -58.344  18.818 0.6999999881
24736  49.965  -56.457  18.384 0.6999999881
116409  47.129  -68.468  19.646 0.3000000119
22964  40.964  -59.350  15.214 0.6000000238
22008  51.015  -59.569  16.711 0.6000000238
121506  39.225  -52.753  17.179 0.6999999881
128039  38.974  -49.947  15.053 0.5000000000
26606  44.089  -55.084  17.458 0.5000000000
25708  44.367  -55.216  18.088 0.5000000000
28327  41.980  -51.530  20.174 0.6000000238
124588  45.230  -55.595  18.315 0.6000000238
136164  42.453  -52.519  20.177 0.6000000238
22924  50.804  -58.536  21.015 0.6000000238
21942  46.933  -59.389  22.542 0.6000000238
117428  46.250  -57.885  23.200 0.4000000060
22926  49.223  -58.520  21.955 0.5000000000
23808  51.023  -58.009  20.474 0.6000000238
118561  44.005  -59.170  18.356 0.5000000000
118802  45.395  -58.676  23.205 0.4000000060
139790  44.315  -59.350  17.016 0.5000000000
22013  42.659  -60.085  16.805 0.5000000000
116865  48.393  -58.761  22.203 0.5000000000
133977  44.870  -58.123  23.556 0.4000000060
119806  43.407  -59.797  16.413 0.5000000000
21034  41.335  -61.029  15.527 0.5000000000
22917  47.234  -58.679  22.579 0.6000000238
22022  41.940  -60.450  15.277 0.5000000000
22916  49.311  -57.464  22.159 0.5000000000
24724  50.705  -57.222  20.140 0.6000000238
23776  43.414  -57.509  24.437 0.4000000060
22896  42.654  -58.035  24.526 0.4000000060
137653  46.653  -57.301  23.537 0.4000000060
22014  39.263  -61.311  16.687 0.5000000000
129420  48.499  -57.976  22.305 0.5000000000
21038  40.450  -61.429  15.346 0.5000000000
22024  37.855  -60.870  15.872 0.5000000000
23800  49.846  -56.867  21.740 0.6000000238
24717  50.188  -56.789  21.084 0.6000000238
23815  50.680  -57.086  18.906 0.6000000238
22976  40.440  -60.176  14.961 0.5000000000
22967  38.050  -59.724  15.546 0.5000000000
124231  37.313  -59.850  15.939 0.4000000060
139069  49.413  -56.610  22.405 0.5000000000
23792  48.781  -56.986  22.797 0.5000000000
23791  49.637  -56.010  22.295 0.6000000238
25685  49.439  -55.635  21.185 0.6000000238
24725  50.008  -56.337  20.646 0.6000000238
122302  48.774  -55.079  21.160 0.6000000238
24726  49.434  -55.902  19.877 0.6000000238
23775  45.073  -57.335  23.947 0.4000000060
121461  43.738  -56.786  24.615 0.4000000060
23837  37.451  -58.199  16.273 0.5000000000
22968  36.593  -59.081  16.151 0.5000000000
22027  35.697  -58.917  16.662 0.4000000060
22025  36.822  -60.211  16.568 0.4000000060
24704  48.146  -56.020  23.734 0.6000000238
25662  49.187  -55.368  22.657 0.6000000238
25663  48.695  -54.696  22.532 0.6000000238
25674  48.370  -54.658  21.589 0.6000000238
24687  42.414  -56.509  25.286 0.4000000060
120720  36.802  -57.892  16.383 0.5000000000
24766  35.581  -57.150  16.795 0.4000000060
24767  34.706  -57.158  17.056 0.4000000060
139251  46.515  -56.620  24.163 0.6000000238
24696  45.881  -56.469  24.356 0.4000000060
25645  47.709  -54.772  24.436 0.6000000238
24705  47.173  -56.683  23.913 0.6000000238
24703  48.749  -55.514  23.244 0.5000000000
26573  48.086  -54.400  23.164 0.6000000238
128889  47.900  -54.620  23.853 0.5000000000
25686  47.951  -54.978  20.684 0.6000000238
120484  41.511  -56.859  25.437 0.4000000060
24697  44.405  -56.326  24.698 0.4000000060
117520  37.147  -56.296  16.917 0.6000000238
25725  35.716  -55.514  17.270 0.5000000000
25726  34.639  -55.701  17.447 0.5000000000
24754  33.933  -56.043  17.901 0.5000000000
25647  46.388  -55.570  24.981 0.4000000060
25648  45.330  -55.902  24.838 0.4000000060
25634  46.833  -54.750  25.492 0.5000000000
26553  47.498  -54.226  24.544 0.5000000000
27430  47.271  -53.806  24.634 0.5000000000
26574  47.095  -54.156  22.836 0.6000000238
26586  47.679  -54.316  22.065 0.6000000238
25687  46.798  -55.267  20.258 0.6000000238
25616  43.273  -55.217  26.187 0.4000000060
121490  43.093  -56.217  25.277 0.4000000060
25617  42.389  -55.384  26.254 0.4000000060
25639  41.924  -56.032  25.780 0.4000000060
25734  37.585  -55.437  17.112 0.6000000238
26527  43.794  -54.500  26.636 0.4000000060
25637  43.585  -55.639  25.561 0.4000000060
26615  35.184  -54.756  17.520 0.5000000000
26616  34.267  -54.974  17.870 0.4000000060
26546  45.261  -54.631  26.006 0.4000000060
25633  47.405  -54.374  25.088 0.5000000000
26561  46.524  -53.795  23.445 0.5000000000
139512  46.995  -54.494  21.492 0.6000000238
25676  45.439  -55.302  21.169 0.6000000238
136774  42.606  -54.358  27.151 0.4000000060
26619  37.351  -54.196  16.755 0.6000000238
25724  36.387  -54.619  17.180 0.6000000238
27467  35.616  -53.886  17.252 0.5000000000
28341  33.717  -52.665  18.288 0.5000000000
118030  44.739  -54.153  26.523 0.4000000060
26545  46.287  -54.326  25.955 0.4000000060
26525  46.278  -53.562  25.851 0.5000000000
27418  46.854  -53.382  24.887 0.5000000000
26575  45.880  -54.211  22.513 0.5000000000
26528  42.059  -54.835  26.757 0.4000000060
27472  36.598  -53.832  16.832 0.6000000238
133267  35.718  -52.516  16.911 0.5000000000
122818  34.672  -51.966  17.269 0.5000000000
27410  46.689  -53.396  25.352 0.5000000000
27419  46.239  -53.029  24.662 0.4000000060
26562  45.484  -53.731  23.184 0.4000000060
25664  45.170  -54.997  21.878 0.4000000060
25677  44.443  -55.719  21.174 0.6000000238
25689  44.330  -55.959  20.135 0.4000000060
27381  41.789  -53.804  28.045 0.4000000060
26507  43.371  -54.095  27.171 0.4000000060
125396  37.453  -53.434  16.319 0.6000000238
27379  43.788  -53.436  27.595 0.4000000060
28346  38.188  -53.037  15.847 0.5000000000
27473  36.171  -53.221  16.691 0.5000000000
29234  33.806  -51.374  17.584 0.4000000060
29238  35.980  -51.741  16.823 0.4000000060
28277  45.526  -52.312  25.523 0.5000000000
28295  45.728  -52.604  25.008 0.5000000000
27420  45.509  -52.843  24.531 0.6000000238
26576  44.854  -54.483  22.575 0.4000000060
26577  43.934  -54.985  22.857 0.4000000060
25678  43.594  -55.634  21.420 0.4000000060
27434  44.158  -53.604  23.925 0.5000000000
29237  37.630  -52.292  15.961 0.5000000000
28347  36.862  -52.748  16.212 0.6000000238
30128  36.858  -51.173  16.389 0.4000000060
25667  42.748  -55.201  22.264 0.5000000000
25690  43.200  -55.308  20.631 0.5000000000
120940  43.754  -53.109  24.536 0.5000000000
27433  45.104  -53.307  23.851 0.5000000000
26564  43.568  -54.549  23.485 0.5000000000
25657  43.128  -55.122  22.959 0.5000000000
27380  42.802  -53.731  27.711 0.4000000060
29199  41.908  -51.166  20.701 0.5000000000
26595  42.706  -54.363  20.656 0.4000000060
25679  42.924  -55.218  21.510 0.5000000000
26555  42.070  -54.196  23.931 0.5000000000
27421  42.671  -53.469  24.583 0.5000000000
28320  41.732  -51.470  21.262 0.4000000060
28313  42.002  -52.371  21.277 0.4000000060
130606  42.444  -52.405  20.616 0.5000000000
27446  42.051  -53.423  21.432 0.5000000000
26579  41.677  -54.242  22.432 0.5000000000
26588  42.292  -54.562  21.660 0.5000000000
126811  41.951  -54.587  23.197 0.5000000000
26566  41.388  -54.207  23.195 0.5000000000
141157  41.234  -53.973  22.748 0.4000000060
22966  39.017  -59.323  15.345 0.5000000000
24764  37.395  -57.222  16.723 0.6000000238
22031  40.595  -60.940  14.897 0.6000000238
21997  44.666  -59.215  18.381 0.5000000000
126708  38.497  -51.933  15.598 0.5000000000
25688  45.577  -55.601  20.334 0.6000000238
21039  39.815  -61.609  15.285 0.5000000000
22032  39.841  -61.089  14.931 0.5000000000
22033  38.875  -60.455  15.327 0.5000000000
23838  36.017  -58.057  16.538 0.4000000060
23839  35.172  -58.009  16.825 0.4000000060
24694  47.630  -55.609  24.268 0.6000000238
24765  36.547  -57.115  16.681 0.6000000238
24752  35.096  -56.352  17.016 0.4000000060
25636  44.607  -55.508  25.350 0.4000000060
25735  36.777  -55.485  17.067 0.6000000238
25736  36.163  -56.295  16.970 0.6000000238
26617  33.881  -55.057  18.296 0.5000000000
27468  33.972  -53.250  17.844 0.5000000000
129545  34.498  -53.985  17.656 0.5000000000
28343  34.866  -53.001  17.315 0.5000000000
27432  45.989  -53.315  23.980 0.5000000000
28344  33.961  -52.305  17.650 0.5000000000
28257  45.559  -52.297  26.002 0.5000000000
25666  43.401  -55.355  22.240 0.3000000119
27441  41.270  -53.469  22.282 0.4000000060
6361  42.467  -79.805  24.504 0.3000000119
6973  41.989  -79.738  22.363 0.3000000119
6960  42.275  -79.587  23.433 0.3000000119
136027  40.617  -78.839  22.398 0.3000000119
7619  41.570  -79.355  22.240 0.3000000119
118815  41.183  -78.772  22.987 0.3000000119
7621  38.707  -78.345  21.502 0.3000000119
7620  39.378  -78.421  22.162 0.3000000119
8911  41.223  -76.488  25.326 0.3000000119
8308  40.569  -78.030  23.691 0.3000000119
8945  39.093  -77.223  22.821 0.3000000119
8324  38.730  -77.612  21.863 0.3000000119
8301  40.020  -77.283  24.121 0.3000000119
9599  39.196  -75.295  24.871 0.3000000119
8919  39.443  -76.516  24.359 0.3000000119
141159  38.888  -76.492  23.273 0.4000000060
130845  38.817  -76.861  22.204 0.4000000060
9642  39.295  -75.831  21.719 0.4000000060
9657  39.821  -76.039  20.780 0.3000000119
10285  39.104  -74.508  24.491 0.3000000119
10286  38.858  -74.888  23.805 0.4000000060
9625  38.925  -75.485  22.654 0.4000000060
8960  38.862  -76.349  22.072 0.4000000060
10928  39.380  -73.756  25.207 0.3000000119
130902  40.137  -75.518  21.321 0.4000000060
12393  39.629  -72.165  25.713 0.4000000060
10940  39.409  -73.547  24.600 0.4000000060
9656  41.067  -75.701  20.514 0.4000000060
127092  42.226  -75.712  20.190 0.3000000119
135246  39.616  -73.289  24.092 0.4000000060
10299  39.315  -74.197  23.730 0.3000000119
10324  40.116  -74.347  22.433 0.4000000060
11633  39.642  -72.706  24.658 0.4000000060
10323  41.599  -74.641  21.589 0.5000000000
137315  40.682  -74.638  21.880 0.4000000060
16099  48.317  -66.245  18.902 0.5000000000
12392  39.946  -71.633  25.484 0.4000000060
9641  40.885  -75.114  21.417 0.4000000060
13934  47.041  -69.606  19.498 0.3000000119
13932  48.068  -69.126  19.840 0.4000000060
10332  44.118  -74.616  19.709 0.3000000119
21980  44.926  -59.496  19.010 0.4000000060
21981  44.218  -59.424  19.147 0.4000000060
19253  50.900  -62.057  17.392 0.4000000060
19248  51.142  -62.594  18.005 0.4000000060
17674  50.520  -63.583  17.884 0.4000000060
11640  40.153  -72.653  23.938 0.4000000060
10955  39.906  -73.468  23.449 0.3000000119
10971  40.435  -73.712  22.738 0.5000000000
17669  50.698  -64.038  18.515 0.4000000060
16880  49.581  -65.045  18.503 0.4000000060
11632  40.183  -71.930  24.715 0.4000000060
14637  47.852  -68.641  19.699 0.4000000060
10322  42.658  -74.794  21.293 0.4000000060
15342  48.479  -67.982  20.002 0.5000000000
9639  42.871  -75.361  20.531 0.5000000000
13914  47.812  -69.743  19.936 0.4000000060
13223  46.816  -70.540  19.418 0.4000000060
10321  44.175  -74.479  20.600 0.3000000119
132364  46.438  -71.148  19.124 0.4000000060
22012  43.440  -59.379  17.781 0.4000000060
22007  51.381  -59.737  17.370 0.4000000060
11639  41.168  -72.456  23.526 0.4000000060
10954  40.745  -73.083  23.138 0.4000000060
17665  50.714  -64.515  19.243 0.4000000060
16867  49.490  -65.747  19.292 0.5000000000
10953  41.705  -72.934  22.865 0.4000000060
10970  41.380  -73.516  22.489 0.4000000060
16093  49.377  -66.382  19.909 0.5000000000
12414  41.658  -71.823  23.889 0.4000000060
119061  43.157  -72.399  22.977 0.4000000060
10969  42.632  -72.950  22.625 0.4000000060
127911  43.021  -73.652  22.162 0.5000000000
10968  43.896  -73.752  21.868 0.5000000000
136114  50.380  -65.047  19.987 0.4000000060
16086  49.690  -66.754  20.571 0.5000000000
12399  43.313  -71.147  24.095 0.4000000060
10983  44.674  -73.827  21.122 0.5000000000
14636  48.298  -68.618  19.987 0.4000000060
10982  45.255  -73.259  20.949 0.4000000060
11680  45.903  -72.364  19.944 0.4000000060
11691  46.280  -71.818  19.378 0.4000000060
13202  47.605  -70.333  20.222 0.4000000060
18451  51.417  -63.232  19.610 0.4000000060
20111  51.557  -61.856  20.588 0.3000000119
11655  43.571  -73.112  22.392 0.4000000060
11654  44.312  -73.277  22.137 0.4000000060
16859  50.281  -65.406  20.824 0.4000000060
24753  34.068  -57.095  17.593 0.4000000060
13138  44.835  -70.559  24.484 0.4000000060
12412  43.719  -71.774  23.424 0.4000000060
11653  44.893  -72.995  22.146 0.5000000000
11668  45.125  -73.215  21.620 0.5000000000
16085  50.284  -66.224  21.273 0.5000000000
15332  49.250  -67.626  20.658 0.4000000060
13155  45.253  -71.108  23.902 0.4000000060
10993  45.716  -72.669  20.679 0.4000000060
13913  48.254  -69.328  20.251 0.4000000060
12450  47.367  -70.895  20.637 0.4000000060
13201  48.059  -69.876  20.634 0.4000000060
21011  51.486  -60.614  20.601 0.4000000060
18441  51.329  -63.389  20.495 0.3000000119
12411  44.717  -71.724  23.313 0.4000000060
12422  45.157  -72.192  22.651 0.4000000060
17654  50.495  -64.586  21.387 0.3000000119
13154  46.075  -70.925  23.594 0.4000000060
12410  46.360  -71.298  23.058 0.4000000060
11651  46.147  -71.964  22.059 0.4000000060
11666  46.375  -71.868  21.505 0.5000000000
13858  46.292  -70.209  23.576 0.4000000060
13167  47.648  -70.361  22.054 0.4000000060
13166  48.068  -69.868  21.590 0.4000000060
14603  49.002  -68.197  21.075 0.4000000060
21952  51.291  -59.607  20.478 0.4000000060
12409  46.837  -71.195  22.764 0.4000000060
7719  39.554  -77.473  15.917 0.3000000119
9586  40.634  -75.652  25.668 0.3000000119
10269  39.422  -74.585  25.271 0.3000000119
10921  39.464  -73.238  25.919 0.4000000060
12391  40.612  -71.123  25.165 0.4000000060
12400  41.098  -71.381  24.479 0.4000000060
13140  42.395  -70.433  24.871 0.4000000060
131084  43.975  -70.682  24.481 0.4000000060
19233  51.351  -62.654  20.941 0.3000000119
13137  45.590  -70.385  24.130 0.4000000060
122430  51.247  -61.902  21.032 0.4000000060
18442  50.855  -63.655  21.227 0.4000000060
16834  50.361  -65.323  22.065 0.4000000060
14575  46.565  -69.512  23.202 0.4000000060
133338  47.081  -70.094  23.027 0.4000000060
140456  47.573  -69.821  22.636 0.4000000060
122382  47.858  -69.798  22.314 0.4000000060
15311  49.358  -67.274  22.241 0.3000000119
16078  50.095  -66.730  21.781 0.4000000060
14592  46.678  -68.732  22.747 0.4000000060
117081  48.507  -67.113  19.663 0.4000000060
20993  50.911  -60.181  20.926 0.4000000060
135315  41.559  -79.844  21.675 0.3000000119
7610  42.009  -79.178  22.992 0.3000000119
7637  39.407  -79.213  21.286 0.3000000119
7720  39.037  -78.483  15.962 0.3000000119
7701  39.971  -78.001  16.390 0.3000000119
7611  40.038  -78.139  22.958 0.3000000119
9598  39.820  -76.077  25.115 0.3000000119
8930  39.255  -76.807  23.641 0.4000000060
120874  38.727  -77.106  21.538 0.4000000060
9600  38.816  -75.357  24.139 0.3000000119
9614  38.742  -75.482  23.449 0.4000000060
9624  39.810  -75.055  22.040 0.4000000060
132573  39.641  -73.999  25.774 0.3000000119
12382  39.783  -71.657  26.281 0.4000000060
10309  42.219  -74.076  21.946 0.4000000060
132405  43.566  -74.882  20.828 0.5000000000
125556  45.405  -72.894  19.941 0.3000000119
10308  43.337  -74.298  21.600 0.5000000000
122861  42.217  -71.028  24.311 0.4000000060
12432  46.903  -71.453  21.125 0.4000000060
14604  48.673  -68.725  21.521 0.4000000060
20996  47.559  -60.972  22.031 0.4000000060
20980  48.039  -60.165  21.904 0.4000000060
20982  46.321  -60.520  22.635 0.4000000060
21943  46.309  -59.814  22.673 0.3000000119
21941  47.726  -59.305  22.285 0.5000000000
130570  49.016  -60.185  21.473 0.4000000060
126938  50.083  -58.757  21.568 0.4000000060
16041  40.876  -66.325  24.879 0.3000000119
16809  41.249  -66.045  24.435 0.3000000119
20073  41.764  -61.414  24.582 0.3000000119
20961  42.828  -60.549  24.032 0.3000000119
21921  42.396  -59.671  24.273 0.3000000119
22894  44.117  -58.011  23.933 0.3000000119
17609  41.156  -64.438  24.363 0.3000000119
19193  41.210  -62.963  24.783 0.3000000119
20058  41.185  -61.689  24.872 0.3000000119
16027  40.299  -66.503  26.068 0.3000000119
129122  40.133  -65.103  25.229 0.3000000119
22897  41.990  -58.804  24.565 0.3000000119
18402  40.826  -63.740  24.807 0.3000000119
20059  40.556  -61.512  25.258 0.3000000119
20962  41.870  -60.487  24.461 0.3000000119
140153  39.317  -62.653  26.153 0.3000000119
19183  40.069  -62.290  25.645 0.3000000119
21911  39.671  -59.665  25.712 0.3000000119
140543  39.456  -61.918  26.079 0.3000000119
20942  39.389  -60.501  25.906 0.3000000119
18389  39.576  -63.983  25.901 0.3000000119
20951  41.070  -60.021  24.846 0.3000000119
22887  40.636  -58.574  25.310 0.3000000119
24688  41.177  -56.252  25.969 0.3000000119
124026  38.812  -62.029  26.454 0.3000000119
20952  40.271  -60.496  25.322 0.3000000119
23759  39.925  -57.394  26.025 0.3000000119
20048  38.352  -61.286  26.655 0.3000000119
21899  38.889  -59.729  26.227 0.3000000119
22876  39.206  -58.944  26.201 0.3000000119
22877  38.691  -58.265  26.561 0.3000000119
135782  40.663  -55.439  26.766 0.3000000119
24675  40.573  -56.771  25.949 0.3000000119
25599  40.355  -55.058  27.324 0.3000000119
26509  40.907  -54.325  27.770 0.3000000119
27365  42.547  -53.248  28.502 0.3000000119
27349  41.178  -52.970  29.491 0.3000000119
27366  41.598  -53.430  28.779 0.3000000119
28211  42.016  -52.299  29.465 0.3000000119
20971  45.613  -60.369  22.943 0.3000000119
20981  47.073  -60.195  22.382 0.4000000060
22908  43.632  -58.880  23.837 0.3000000119
22886  41.346  -58.295  24.994 0.3000000119
20096  47.283  -61.685  22.118 0.5000000000
17610  40.553  -64.528  24.827 0.3000000119
135913  41.106  -60.943  24.868 0.3000000119
132077  42.355  -61.170  24.270 0.3000000119
20973  43.632  -60.349  23.694 0.3000000119
21933  44.003  -59.623  23.603 0.3000000119
19182  40.869  -62.295  25.076 0.3000000119
17591  40.137  -64.041  25.372 0.3000000119
21909  41.157  -59.122  24.839 0.3000000119
20060  39.802  -61.335  25.717 0.3000000119
21900  38.099  -59.751  26.602 0.3000000119
23744  37.913  -57.738  27.454 0.3000000119
22888  39.941  -58.819  25.717 0.3000000119
20033  37.644  -61.263  27.169 0.3000000119
118408  38.998  -57.341  26.524 0.3000000119
16835  49.998  -66.034  22.438 0.3000000119
16836  49.153  -65.855  22.650 0.4000000060
16837  46.972  -65.555  22.367 0.4000000060
126669  48.117  -65.644  22.491 0.4000000060
17639  49.961  -64.638  22.129 0.3000000119
17642  46.522  -64.810  22.483 0.4000000060
16838  45.981  -65.503  22.437 0.3000000119
17640  49.091  -64.683  22.415 0.4000000060
126667  48.175  -64.805  22.414 0.4000000060
125415  46.143  -64.062  22.656 0.3000000119
18444  49.299  -63.222  21.783 0.3000000119
130022  48.246  -64.019  22.356 0.4000000060
18427  46.504  -63.418  22.574 0.4000000060
135885  48.795  -61.621  21.436 0.3000000119
20114  48.031  -61.693  21.781 0.4000000060
119369  46.676  -62.085  22.350 0.4000000060
19235  49.882  -62.705  21.450 0.3000000119
130864  49.620  -61.118  21.286 0.3000000119
20994  50.082  -60.226  21.187 0.3000000119
120044  50.492  -61.926  21.287 0.3000000119
18426  47.428  -63.360  22.336 0.4000000060
134064  48.927  -65.309  22.583 0.4000000060
10920  39.775  -72.971  26.584 0.3000000119
15312  48.394  -68.297  22.245 0.3000000119
11601  43.388  -72.618  27.786 0.3000000119
140750  42.579  -73.516  27.235 0.3000000119
10912  40.503  -72.894  27.137 0.3000000119
11615  39.549  -72.501  26.134 0.3000000119
16064  48.446  -66.686  22.526 0.3000000119
14591  47.665  -68.658  22.523 0.3000000119
12356  43.504  -71.868  28.246 0.3000000119
12373  41.387  -71.737  27.947 0.3000000119
12372  42.488  -71.920  28.207 0.3000000119
133704  40.079  -71.596  27.058 0.3000000119
13133  40.278  -70.909  25.904 0.3000000119
16065  47.231  -66.999  22.261 0.3000000119
13091  45.141  -70.344  29.004 0.3000000119
126693  42.743  -71.315  28.596 0.3000000119
13105  43.552  -71.012  28.732 0.3000000119
12374  40.595  -71.205  27.547 0.3000000119
12357  41.933  -71.098  28.542 0.3000000119
13121  40.236  -70.910  26.779 0.3000000119
132382  43.067  -70.326  29.328 0.3000000119
140922  42.059  -70.138  29.222 0.3000000119
13115  40.765  -70.335  27.315 0.3000000119
13114  41.211  -70.608  28.167 0.3000000119
13132  41.122  -70.442  25.617 0.3000000119
13130  43.232  -70.006  25.321 0.3000000119
119570  45.281  -69.792  24.788 0.3000000119
13800  44.357  -69.690  29.741 0.3000000119
13836  41.758  -69.837  26.146 0.3000000119
13828  41.387  -69.685  26.915 0.3000000119
13835  43.017  -69.570  26.047 0.3000000119
15313  46.922  -67.884  22.344 0.3000000119
13802  42.353  -69.167  29.748 0.3000000119
13788  43.707  -68.949  30.441 0.3000000119
13094  41.858  -69.570  29.233 0.3000000119
13818  41.293  -69.725  27.720 0.3000000119
140304  45.181  -69.304  25.385 0.3000000119
131640  46.066  -69.477  23.694 0.3000000119
15314  45.913  -67.912  22.607 0.3000000119
16066  46.161  -67.113  22.262 0.3000000119
125472  48.847  -67.433  22.415 0.3000000119
14526  41.723  -68.837  28.805 0.3000000119
131095  42.525  -69.179  26.800 0.3000000119
13834  44.504  -69.262  25.891 0.3000000119
14558  45.676  -68.980  24.203 0.3000000119
11604  40.522  -72.041  27.434 0.3000000119
11602  42.269  -72.726  27.679 0.3000000119
7721  38.311  -79.246  15.942 0.3000000119
8309  39.723  -77.506  23.493 0.4000000060
8918  40.547  -76.914  24.749 0.3000000119
8946  38.765  -76.231  22.913 0.4000000060
8959  38.989  -76.533  21.205 0.4000000060
8976  39.394  -76.716  20.235 0.3000000119
9613  38.770  -76.086  23.776 0.4000000060
9640  41.917  -75.189  20.937 0.3000000119
10298  39.738  -74.054  23.050 0.3000000119
10310  41.035  -74.074  22.075 0.5000000000
10311  39.306  -74.654  22.879 0.4000000060
10312  38.915  -74.931  23.306 0.4000000060
10967  44.561  -73.608  21.675 0.5000000000
10984  44.125  -74.208  21.294 0.5000000000
10994  44.701  -73.720  20.080 0.3000000119
11603  41.213  -72.526  27.546 0.3000000119
11614  39.879  -72.267  26.849 0.3000000119
11622  39.463  -72.849  25.376 0.4000000060
11631  40.779  -72.012  24.102 0.4000000060
11638  44.226  -72.493  22.665 0.4000000060
11652  45.501  -72.495  22.083 0.4000000060
11667  45.755  -72.529  21.410 0.5000000000
11679  46.253  -72.011  20.620 0.4000000060
12398  44.312  -71.207  24.004 0.4000000060
12401  39.707  -72.235  25.198 0.4000000060
12413  42.688  -71.765  23.679 0.4000000060
12419  47.380  -70.941  21.652 0.4000000060
12420  46.832  -71.434  22.093 0.5000000000
12421  45.872  -71.819  22.593 0.4000000060
12451  46.795  -71.339  20.066 0.4000000060
12465  47.134  -70.764  19.870 0.4000000060
13092  43.976  -70.322  29.213 0.3000000119
13093  42.441  -69.938  29.463 0.3000000119
13106  42.448  -70.603  29.017 0.3000000119
13107  41.768  -70.302  28.856 0.3000000119
13120  40.820  -70.261  26.403 0.3000000119
13131  42.118  -70.138  25.432 0.3000000119
13139  43.176  -70.502  24.652 0.4000000060
13141  41.535  -70.690  24.918 0.4000000060
13152  47.393  -70.283  22.655 0.4000000060
13153  46.852  -70.742  23.109 0.4000000060
13168  47.238  -70.853  22.507 0.4000000060
13181  47.753  -70.407  21.131 0.4000000060
13222  47.208  -70.349  19.736 0.4000000060
13801  43.168  -69.594  29.840 0.3000000119
13811  41.509  -69.664  28.504 0.3000000119
13843  45.759  -69.654  24.264 0.4000000060
13845  44.335  -69.985  25.028 0.3000000119
13873  48.343  -69.281  21.977 0.4000000060
13874  48.038  -69.189  22.446 0.4000000060
13875  47.332  -69.457  22.762 0.3000000119
13893  48.593  -68.903  20.677 0.4000000060
13894  48.433  -69.374  21.108 0.4000000060
13933  47.563  -69.743  19.749 0.4000000060
14589  49.012  -68.021  21.897 0.3000000119
14590  48.523  -68.558  22.108 0.4000000060
14618  48.606  -68.390  20.334 0.4000000060
15323  49.945  -66.994  21.181 0.4000000060
15324  49.550  -67.427  21.579 0.4000000060
15333  48.752  -67.971  20.279 0.4000000060
15341  49.044  -67.280  20.040 0.5000000000
15343  48.144  -67.799  19.772 0.4000000060
16061  50.425  -66.099  22.066 0.4000000060
16062  49.904  -66.612  22.245 0.3000000119
16063  49.387  -66.650  22.503 0.4000000060
16092  49.882  -65.785  20.189 0.5000000000
16094  48.954  -66.396  19.426 0.5000000000
16096  46.896  -66.405  18.811 0.6000000238
16106  47.289  -65.709  17.307 0.5000000000
16792  40.393  -66.068  25.306 0.3000000119
16810  40.770  -65.413  24.628 0.3000000119
16851  50.375  -65.423  21.565 0.5000000000
16866  50.126  -65.181  19.226 0.5000000000
16879  50.289  -64.658  18.677 0.4000000060
16893  48.611  -64.928  17.735 0.6000000238
16895  46.972  -65.418  16.416 0.5000000000
17592  39.629  -64.788  25.827 0.3000000119
17641  47.195  -64.192  22.495 0.4000000060
17653  50.920  -64.071  20.762 0.3000000119
17655  50.393  -64.455  21.675 0.4000000060
17659  50.551  -64.709  20.648 0.4000000060
17664  51.170  -64.117  19.919 0.3000000119
17670  49.898  -64.283  18.064 0.6000000238
17676  48.068  -64.578  16.603 0.5000000000
17680  48.299  -63.953  16.355 0.5000000000
17681  47.478  -64.233  16.018 0.5000000000
18388  40.528  -63.083  25.291 0.3000000119
18401  41.527  -63.575  24.397 0.3000000119
18425  49.250  -63.924  22.146 0.3000000119
18443  50.186  -63.694  21.697 0.3000000119
18452  51.153  -63.743  18.987 0.4000000060
18457  51.023  -63.310  18.274 0.4000000060
18459  50.836  -62.858  17.691 0.4000000060
18460  49.689  -63.649  17.346 0.5000000000
18461  47.727  -63.601  16.182 0.5000000000
18465  49.589  -63.046  16.750 0.4000000060
19218  48.389  -63.236  22.041 0.4000000060
19219  47.583  -62.474  22.062 0.4000000060
19220  46.809  -62.801  22.410 0.4000000060
19234  50.863  -62.775  21.305 0.3000000119
19236  48.728  -62.418  21.626 0.3000000119
19240  51.530  -62.543  20.229 0.3000000119
19243  51.533  -62.389  19.413 0.5000000000
19247  51.405  -62.155  18.559 0.4000000060
19252  51.204  -61.931  17.847 0.4000000060
19254  50.383  -61.918  16.854 0.4000000060
19255  48.985  -62.183  16.722 0.4000000060
19256  47.680  -62.921  16.690 0.4000000060
19259  49.199  -62.665  16.574 0.4000000060
20047  39.103  -61.273  26.230 0.3000000119
20112  50.995  -61.041  21.192 0.4000000060
20113  49.469  -61.959  21.367 0.3000000119
20123  51.756  -61.116  20.114 0.4000000060
20124  51.529  -61.302  20.796 0.4000000060
20128  51.657  -61.555  19.288 0.5000000000
20133  51.482  -61.337  18.319 0.5000000000
20135  47.424  -61.377  18.302 0.4000000060
20138  51.205  -61.286  17.432 0.4000000060
20140  50.174  -61.319  16.652 0.4000000060
20142  49.717  -62.002  16.717 0.4000000060
20943  38.622  -60.513  26.404 0.3000000119
20995  48.443  -60.956  21.538 0.4000000060
21022  44.726  -59.846  19.329 0.4000000060
21025  48.944  -60.701  17.395 0.4000000060
21030  51.111  -60.473  17.020 0.4000000060
21037  39.319  -61.594  15.820 0.5000000000
21040  40.326  -61.331  15.013 0.5000000000
21910  40.439  -59.455  25.242 0.3000000119
21920  43.210  -59.662  23.915 0.3000000119
21922  41.681  -59.620  24.565 0.3000000119
21930  46.349  -58.861  22.789 0.6000000238
21931  45.682  -59.494  22.934 0.3000000119
21940  48.658  -59.381  21.952 0.5000000000
21953  50.504  -59.449  21.155 0.4000000060
21954  49.597  -59.412  21.586 0.4000000060
21967  51.651  -59.455  19.769 0.6999999881
21994  51.678  -59.721  18.245 0.6999999881
21995  47.505  -60.073  18.139 0.5000000000
22011  45.906  -59.119  17.515 0.6000000238
22021  42.741  -60.141  15.620 0.6000000238
22023  40.938  -60.999  15.080 0.6000000238
22878  37.810  -58.439  26.941 0.3000000119
22895  43.328  -58.270  24.192 0.4000000060
22905  47.722  -57.781  22.717 0.5000000000
22906  46.890  -58.117  22.838 0.4000000060
22907  45.501  -57.813  23.470 0.4000000060
22925  50.022  -57.915  21.649 0.5000000000
22937  51.382  -58.770  20.155 0.6999999881
22945  51.722  -59.020  18.484 0.6999999881
22950  51.527  -58.985  17.514 0.6999999881
22953  51.151  -58.802  16.793 0.6999999881
22955  48.925  -58.416  16.523 0.5000000000
22965  40.000  -59.238  15.271 0.5000000000
22969  48.397  -57.151  15.390 0.6000000238
22971  46.728  -57.886  15.325 0.6000000238
22972  45.682  -58.394  15.105 0.8000000119
22973  44.399  -58.824  14.860 0.6999999881
22977  39.659  -59.999  15.169 0.5000000000
23760  39.510  -58.151  26.164 0.3000000119
23761  38.451  -57.130  27.162 0.3000000119
23768  42.258  -57.311  24.896 0.4000000060
23769  41.568  -57.622  25.098 0.4000000060
23770  40.169  -58.116  25.735 0.3000000119
23777  41.944  -58.005  24.778 0.3000000119
23783  48.629  -56.263  23.246 0.5000000000
23784  47.974  -56.888  23.362 0.6000000238
23785  47.109  -57.447  23.267 0.4000000060
23786  46.123  -57.164  23.775 0.4000000060
23799  50.525  -57.511  21.087 0.6000000238
23807  51.314  -58.151  19.705 0.6999999881
23814  51.158  -57.702  19.193 0.6999999881
23824  50.288  -57.375  16.638 0.6999999881
23829  49.614  -57.396  15.997 0.6000000238
23830  49.004  -57.375  15.606 0.5000000000
23841  47.849  -57.033  15.329 0.6000000238
24686  43.718  -56.207  25.014 0.4000000060
24695  46.850  -56.023  24.468 0.6000000238
24698  43.046  -56.848  24.847 0.4000000060
24711  49.230  -56.034  22.845 0.5000000000
24718  49.803  -56.175  21.585 0.6000000238
24732  50.174  -56.436  19.562 0.6000000238
24733  48.450  -55.746  19.256 0.6999999881
24743  49.840  -56.654  17.065 0.6999999881
24744  49.196  -56.198  16.288 0.6000000238
24757  46.832  -56.060  15.686 0.6999999881
24771  44.669  -56.762  15.243 0.6999999881
25618  41.413  -55.536  26.384 0.4000000060
25619  40.506  -55.999  26.333 0.3000000119
25635  45.892  -55.161  25.625 0.4000000060
25638  42.761  -55.823  25.694 0.4000000060
25646  47.280  -55.171  24.932 0.5000000000
25655  48.622  -54.888  23.278 0.6000000238
25656  48.221  -55.128  23.805 0.6000000238
25665  44.209  -55.291  22.054 0.4000000060
25672  49.558  -55.626  22.063 0.6000000238
25673  49.205  -55.085  21.971 0.6000000238
25675  46.432  -54.947  21.048 0.6000000238
25700  43.967  -55.331  18.967 0.5000000000
25705  47.482  -55.801  18.684 0.6999999881
25707  45.701  -55.525  17.675 0.6000000238
25710  42.154  -54.628  18.271 0.6000000238
25718  44.589  -55.266  17.005 0.5000000000
25727  47.322  -55.624  16.422 0.6000000238
25728  46.720  -55.607  16.105 0.6000000238
25732  43.230  -55.684  16.568 0.6000000238
26508  41.901  -54.348  27.414 0.4000000060
26529  41.216  -54.911  27.042 0.3000000119
26543  47.254  -53.817  25.047 0.5000000000
26544  46.947  -54.005  25.542 0.5000000000
26547  44.180  -54.908  25.984 0.4000000060
26554  43.152  -54.071  24.084 0.5000000000
26560  47.462  -54.082  23.937 0.5000000000
26563  44.532  -54.059  23.276 0.4000000060
26565  42.719  -54.677  23.488 0.5000000000
26567  40.914  -53.779  23.045 0.4000000060
26578  42.324  -54.883  22.695 0.5000000000
26587  46.348  -54.538  21.804 0.6000000238
26601  40.681  -53.842  19.375 0.6000000238
27367  40.672  -53.523  28.921 0.3000000119
27382  41.028  -53.796  28.368 0.3000000119
27394  45.997  -52.881  25.652 0.5000000000
27395  45.722  -52.922  26.249 0.5000000000
27431  46.818  -53.548  24.323 0.4000000060
27435  41.136  -53.841  23.778 0.5000000000
28229  42.137  -52.964  29.113 0.3000000119
28276  46.206  -52.882  25.157 0.5000000000
28296  45.081  -52.285  25.129 0.5000000000
28319  42.223  -51.690  20.560 0.4000000060
30105  38.458  -50.675  18.880 0.5000000000
31935  39.783  -50.139  14.760 0.4000000060
116685  42.121  -60.577  15.741 0.5000000000
117404  42.920  -54.762  26.716 0.4000000060
117949  47.396  -54.658  21.172 0.6000000238
118622  37.436  -59.137  15.777 0.5000000000
119148  45.117  -59.138  17.641 0.6000000238
119859  39.597  -56.466  26.447 0.3000000119
119905  40.818  -57.659  25.499 0.3000000119
120481  49.939  -58.585  16.388 0.4000000060
120689  48.597  -56.040  15.715 0.6999999881
122037  45.608  -71.518  23.225 0.4000000060
122359  43.737  -55.849  20.648 0.4000000060
122381  37.303  -54.855  17.017 0.6000000238
122760  44.262  -57.112  24.321 0.4000000060
122966  46.045  -67.584  19.538 0.4000000060
123074  33.884  -54.164  18.062 0.5000000000
123095  42.164  -72.378  23.252 0.4000000060
124000  39.810  -63.246  25.770 0.3000000119
124294  44.706  -52.839  24.498 0.5000000000
124650  39.061  -61.451  15.511 0.5000000000
124955  46.522  -66.278  22.329 0.4000000060
125161  42.864  -58.894  24.220 0.3000000119
126042  37.692  -59.159  26.810 0.3000000119
126195  46.691  -61.172  22.452 0.4000000060
126321  49.687  -65.366  22.449 0.4000000060
126666  47.383  -64.985  22.395 0.4000000060
126668  47.450  -66.228  22.384 0.4000000060
126677  49.773  -60.794  16.749 0.4000000060
127059  44.966  -56.632  24.407 0.4000000060
127171  48.027  -67.718  22.358 0.3000000119
127486  34.408  -56.476  17.343 0.4000000060
127829  42.529  -53.261  19.975 0.6000000238
127910  46.432  -71.535  22.538 0.4000000060
128227  46.543  -70.488  19.215 0.3000000119
128398  41.662  -62.255  24.634 0.3000000119
129129  47.888  -58.513  22.400 0.5000000000
129249  47.800  -69.243  19.644 0.4000000060
129644  38.328  -59.018  26.506 0.3000000119
130241  45.996  -55.694  18.532 0.6999999881
131281  48.318  -68.885  20.070 0.4000000060
131700  46.028  -55.788  16.102 0.6000000238
131971  46.050  -56.317  15.609 0.6999999881
132240  42.204  -73.425  22.397 0.4000000060
132885  46.976  -58.616  16.310 0.6000000238
133099  50.266  -63.150  17.331 0.5000000000
133110  44.286  -60.274  23.484 0.3000000119
133668  48.808  -67.896  22.187 0.3000000119
133818  45.714  -58.828  15.582 0.6000000238
133947  39.031  -75.883  24.501 0.3000000119
137007  50.646  -58.892  16.549 0.6999999881
137212  43.719  -54.967  17.526 0.6000000238
137659  48.267  -68.645  19.909 0.5000000000
138570  38.331  -57.758  26.898 0.3000000119
138712  44.903  -55.750  20.732 0.4000000060
139365  49.733  -56.144  19.169 0.6000000238
139419  42.837  -57.430  24.666 0.4000000060
139451  51.329  -59.256  17.036 0.6999999881
139694  50.750  -64.623  19.902 0.4000000060
139741  49.799  -67.082  21.959 0.4000000060
140601  48.307  -62.365  16.963 0.4000000060
