#!ascii label  , from subject sub-01 vox2ras=TkReg
2145
4881  32.580  -83.187  21.837 0.6999999881
5397  32.793  -82.739  20.391 0.8000000119
5399  30.785  -82.110  20.318 0.8000000119
5414  30.036  -82.639  19.537 0.6999999881
4382  31.722  -84.585  20.908 0.6000000238
136513  33.035  -83.012  20.990 0.6000000238
5413  31.279  -82.523  19.587 0.6000000238
3847  30.785  -85.238  20.706 0.6000000238
5910  31.318  -81.590  21.133 0.8000000119
5400  29.627  -82.365  20.348 0.6999999881
5401  28.470  -82.550  20.575 0.6999999881
5402  27.335  -82.697  20.444 0.6999999881
4354  31.691  -83.864  22.221 0.6000000238
119509  32.590  -82.228  21.271 0.6999999881
5415  28.944  -82.924  19.662 0.6999999881
3848  29.707  -85.743  20.875 0.6000000238
3849  28.817  -86.130  21.055 0.6000000238
3321  29.207  -86.255  20.301 0.6000000238
137186  27.053  -86.935  20.187 0.6000000238
3337  27.725  -86.776  19.916 0.6000000238
122087  29.068  -81.704  21.886 0.8000000119
5893  28.099  -81.961  22.039 0.8000000119
5895  26.158  -82.148  22.021 0.6999999881
5896  25.486  -81.564  22.173 0.6999999881
5897  24.802  -81.301  21.716 0.6999999881
5892  30.319  -81.462  21.714 0.8000000119
5387  27.719  -82.386  21.335 0.6999999881
5389  25.372  -82.067  21.544 0.6999999881
5890  31.938  -81.533  22.149 0.6999999881
5385  29.371  -82.073  21.171 0.8000000119
5388  26.762  -82.497  21.271 0.6999999881
5373  32.155  -82.197  22.582 0.6999999881
116878  30.442  -84.540  22.099 0.6999999881
3812  27.458  -85.735  22.667 0.6000000238
4372  29.568  -85.031  22.022 0.6000000238
130753  27.355  -86.669  20.660 0.6000000238
3322  28.254  -86.450  20.477 0.6000000238
2869  26.710  -87.393  20.183 0.6000000238
2474  26.475  -88.216  20.152 0.6999999881
2885  26.598  -87.692  19.417 0.6000000238
2101  26.642  -89.777  20.053 0.5000000000
2110  26.206  -88.870  19.919 0.6000000238
2102  25.769  -89.394  19.917 0.5000000000
5876  27.639  -81.397  22.542 0.8999999762
139489  26.013  -81.574  22.341 0.8000000119
6421  25.029  -80.763  22.267 0.6999999881
5874  30.672  -81.120  22.629 0.6999999881
5875  28.589  -81.233  22.470 0.8999999762
6422  24.192  -80.342  21.728 0.6999999881
5368  31.683  -82.025  23.318 0.8000000119
5873  31.421  -81.335  22.703 0.8000000119
5370  30.687  -82.817  24.032 0.8000000119
4864  28.612  -83.787  23.791 0.6999999881
4874  31.477  -83.378  22.840 0.6999999881
4331  28.680  -84.486  23.145 0.8000000119
4357  27.665  -85.012  23.074 0.8000000119
3813  27.072  -86.070  22.937 0.6999999881
3301  27.245  -86.602  21.410 0.6999999881
3323  26.856  -86.935  20.828 0.6000000238
123717  26.906  -88.442  20.842 0.6999999881
140703  26.765  -89.010  20.324 0.6999999881
136412  29.060  -80.452  22.801 0.8999999762
6402  26.525  -80.417  22.549 0.8000000119
6404  24.545  -79.826  22.176 0.6999999881
6380  30.892  -80.793  23.364 0.8000000119
6399  30.116  -80.244  23.063 0.8000000119
5863  31.236  -81.470  23.506 0.6999999881
4841  27.178  -83.618  24.753 0.6999999881
4839  29.575  -83.078  24.262 0.6000000238
4863  29.894  -83.745  23.528 0.8000000119
4332  27.127  -84.762  23.707 0.8000000119
3794  26.878  -86.026  23.630 0.8000000119
3284  27.158  -86.632  22.656 0.6999999881
2853  27.010  -87.248  21.898 0.8000000119
3302  26.996  -86.889  21.631 0.6999999881
2447  28.113  -88.255  22.300 0.8000000119
2086  28.246  -89.743  20.971 0.6999999881
2463  27.661  -88.675  21.478 0.6999999881
2464  27.023  -87.903  21.485 0.6999999881
2087  27.413  -89.593  20.497 0.6999999881
132735  19.323  -77.270  17.986 0.6000000238
8426  18.021  -78.083  15.864 0.6000000238
9703  17.801  -75.002  18.613 0.6000000238
9704  16.683  -74.860  18.345 0.6999999881
6401  27.276  -80.525  22.629 0.8999999762
6403  25.354  -80.091  22.403 0.6999999881
136617  29.802  -81.790  24.705 0.6000000238
5360  27.438  -82.866  25.079 0.6000000238
5359  28.329  -82.477  25.019 0.6000000238
4311  26.868  -84.439  24.461 0.6999999881
3762  26.878  -85.841  25.584 0.6999999881
3763  26.681  -85.347  25.558 0.6999999881
8980  25.025  -75.803  20.344 0.6999999881
9647  23.227  -75.540  21.680 0.6999999881
3238  27.105  -86.223  25.155 0.8000000119
4333  26.699  -85.274  24.185 0.8000000119
9024  25.687  -76.108  18.455 0.6000000238
9683  23.965  -75.320  19.847 0.6000000238
9665  22.846  -75.564  21.101 0.6999999881
3271  27.169  -86.625  23.446 0.6999999881
9004  23.449  -75.737  19.253 0.5000000000
9005  22.710  -76.424  19.600 0.6999999881
2843  27.673  -87.660  22.853 0.8000000119
2844  27.239  -87.178  22.726 0.8000000119
9720  25.234  -75.777  18.152 0.5000000000
9043  24.030  -76.374  17.554 0.5000000000
2462  28.613  -88.929  21.727 0.6999999881
8423  24.797  -77.414  16.184 0.5000000000
8441  25.150  -78.188  15.518 0.6000000238
8424  24.034  -77.805  16.390 0.5000000000
7708  23.365  -78.397  16.742 0.6000000238
7710  21.847  -79.346  17.800 0.6999999881
7055  20.737  -79.464  17.398 0.6999999881
7745  22.884  -79.550  15.184 0.5000000000
7072  21.834  -79.721  16.222 0.6000000238
7054  21.305  -79.669  16.943 0.6000000238
8425  18.999  -78.317  16.290 0.6000000238
7743  24.604  -79.209  14.769 0.6000000238
7073  21.019  -79.904  15.879 0.6000000238
7092  19.824  -79.643  15.088 0.6000000238
7088  23.043  -80.096  14.233 0.5000000000
121871  22.184  -79.934  14.729 0.5000000000
7730  18.477  -78.514  15.318 0.6000000238
9046  17.378  -76.378  17.184 0.6000000238
9047  15.912  -76.283  16.670 0.6999999881
10386  14.746  -74.304  17.390 0.6000000238
11013  14.716  -73.581  19.252 0.6999999881
132059  20.525  -79.969  14.257 0.6000000238
7759  19.748  -78.996  14.735 0.6000000238
8427  17.229  -77.580  15.580 0.6000000238
139234  15.874  -76.921  15.855 0.6999999881
10400  14.951  -74.387  16.098 0.5000000000
131610  26.396  -79.644  22.361 0.8999999762
124843  30.301  -80.653  24.518 0.6000000238
123251  30.720  -80.673  24.011 0.6999999881
6981  25.688  -79.447  22.288 0.8000000119
7629  23.367  -78.290  22.933 0.6999999881
8343  24.454  -77.344  22.344 0.6999999881
7645  25.503  -78.175  21.538 0.8000000119
4820  26.531  -83.229  26.033 0.6999999881
8353  25.313  -77.408  20.850 0.8000000119
135725  24.174  -75.811  21.852 0.6000000238
8365  25.841  -77.977  19.141 0.6999999881
8385  26.335  -77.475  18.179 0.6000000238
2829  28.147  -87.452  23.453 0.8000000119
3254  29.254  -86.579  24.438 0.8000000119
2828  29.127  -87.546  23.425 0.8000000119
9061  26.152  -76.606  16.913 0.5000000000
2842  28.588  -87.906  22.888 0.8000000119
9062  25.508  -76.472  16.849 0.5000000000
7740  27.098  -78.559  15.439 0.5000000000
7741  26.392  -79.055  14.946 0.6000000238
8440  25.878  -78.185  15.435 0.6000000238
7758  25.063  -79.929  14.036 0.6000000238
7124  24.668  -79.578  12.980 0.6000000238
11741  15.841  -72.535  17.349 0.5000000000
7126  22.191  -80.024  13.932 0.5000000000
11043  14.993  -73.120  16.980 0.5000000000
126717  14.719  -72.949  17.760 0.6000000238
7767  20.948  -78.954  13.853 0.6000000238
8453  18.673  -77.664  14.301 0.6999999881
9085  17.086  -77.155  13.979 0.6999999881
9066  15.627  -76.170  15.833 0.6999999881
132403  22.706  -78.388  13.286 0.6000000238
9744  16.875  -75.784  14.683 0.6000000238
9096  22.428  -77.359  13.673 0.6999999881
9083  18.996  -76.844  14.281 0.6000000238
9759  18.361  -76.295  14.331 0.5000000000
6978  28.910  -79.572  22.973 0.6999999881
6993  27.440  -79.254  22.212 0.6999999881
6994  26.868  -79.230  21.992 0.8000000119
7644  26.699  -78.750  21.422 0.6999999881
7673  26.260  -78.525  19.493 0.6999999881
7674  25.747  -78.103  20.326 0.6999999881
13254  16.811  -70.782  18.833 0.5000000000
7134  27.519  -79.529  12.671 0.5000000000
7123  26.623  -79.780  12.983 0.6000000238
12497  16.243  -71.439  18.349 0.5000000000
8469  27.185  -78.278  11.935 0.5000000000
8468  28.164  -78.077  11.857 0.5000000000
7763  26.001  -79.448  11.991 0.6000000238
137025  23.853  -79.414  12.743 0.6000000238
10416  16.243  -74.904  14.950 0.5000000000
9103  27.520  -77.486  12.349 0.5000000000
8456  26.577  -77.588  12.177 0.6000000238
130448  24.220  -77.871  12.562 0.6000000238
9093  25.084  -77.198  12.794 0.6000000238
6977  30.260  -79.504  23.167 0.6999999881
7626  29.234  -78.954  22.664 0.6999999881
7643  27.412  -78.919  21.663 0.6999999881
9754  23.353  -76.214  14.660 0.5000000000
9089  28.631  -76.514  13.051 0.5000000000
9757  20.537  -75.950  14.693 0.5000000000
9091  26.984  -76.815  13.069 0.5000000000
9771  24.911  -76.448  13.687 0.5000000000
9078  23.630  -76.618  13.889 0.5000000000
9081  21.102  -76.682  14.441 0.5000000000
10424  23.853  -75.578  15.112 0.5000000000
11062  23.640  -74.343  15.924 0.5000000000
120713  26.538  -73.742  14.544 0.5000000000
10407  25.089  -74.411  15.084 0.5000000000
9739  21.888  -75.453  15.115 0.5000000000
10420  27.045  -74.251  14.362 0.5000000000
10422  25.561  -74.788  14.645 0.5000000000
9753  24.332  -76.181  14.363 0.5000000000
9767  28.237  -75.769  13.547 0.5000000000
9751  25.968  -75.406  14.226 0.5000000000
11068  25.843  -73.797  14.742 0.5000000000
13927  15.884  -68.640  20.365 0.6000000238
13949  14.383  -69.257  20.293 0.6000000238
14650  17.459  -68.680  19.892 0.5000000000
14615  15.682  -68.419  21.203 0.6999999881
14633  14.476  -68.180  20.997 0.6000000238
13930  12.299  -69.126  20.707 0.6000000238
13177  11.087  -69.362  22.143 0.6999999881
13195  16.902  -69.758  22.033 0.6000000238
14598  14.735  -68.327  21.455 0.6999999881
130839  12.795  -68.929  21.612 0.6999999881
13911  10.936  -69.282  21.118 0.6999999881
13869  12.443  -69.716  23.162 0.8000000119
13193  18.340  -70.529  22.054 0.5000000000
13906  17.251  -69.181  21.408 0.5000000000
13887  12.749  -69.062  22.772 0.8000000119
13885  14.624  -68.716  22.554 0.6000000238
12404  13.715  -71.216  24.422 0.6999999881
13882  20.571  -70.136  22.589 0.5000000000
13904  19.365  -69.588  21.532 0.5000000000
13148  13.591  -70.222  24.252 0.6999999881
12415  12.356  -71.368  23.720 0.6999999881
13867  13.778  -69.088  23.829 0.6999999881
13176  17.019  -70.245  22.777 0.6999999881
11645  14.490  -73.331  23.840 0.6999999881
136817  14.068  -70.690  24.741 0.6999999881
13174  18.899  -70.858  22.816 0.6000000238
13866  14.559  -69.030  23.929 0.8000000119
13806  16.830  -69.272  30.212 0.6999999881
13082  17.300  -69.973  30.335 0.8000000119
16059  24.143  -65.655  23.984 0.4000000060
124733  15.220  -73.281  24.211 0.6999999881
15309  22.676  -67.906  23.923 0.5000000000
12402  15.154  -72.133  24.779 0.6999999881
13156  20.645  -70.447  23.479 0.6000000238
131691  18.868  -70.553  24.041 0.6000000238
13852  14.376  -69.255  24.746 0.6999999881
13159  17.517  -70.358  23.522 0.8000000119
13851  14.920  -68.983  25.243 0.8000000119
17527  12.282  -63.722  34.264 0.5000000000
17526  13.122  -64.274  33.974 0.5000000000
16703  13.564  -65.458  33.907 0.5000000000
15258  12.499  -67.199  27.590 0.5000000000
15990  14.748  -67.158  27.751 0.6000000238
16005  12.606  -66.545  26.981 0.6000000238
15249  11.291  -67.297  28.915 0.6000000238
15213  11.212  -67.387  32.122 0.6000000238
135636  14.573  -67.849  28.489 0.6999999881
15246  13.602  -67.632  27.988 0.6999999881
14528  15.371  -68.155  28.968 0.6999999881
120374  14.212  -68.622  29.686 0.6999999881
11623  17.798  -72.932  25.694 0.6999999881
12376  18.786  -72.233  26.845 0.6999999881
12338  19.091  -71.514  28.915 0.8000000119
15297  22.556  -67.761  24.888 0.5000000000
11625  16.111  -72.203  25.165 0.6999999881
138216  21.289  -69.786  24.565 0.6000000238
12396  15.144  -71.086  25.696 0.8000000119
13145  17.967  -70.170  24.206 0.6999999881
131944  16.261  -69.615  26.453 0.8000000119
13125  15.026  -69.449  26.021 0.8000000119
18330  11.781  -63.027  33.644 0.5000000000
18329  12.888  -63.262  33.715 0.6000000238
18339  13.481  -63.259  33.109 0.5000000000
17525  13.498  -64.021  33.375 0.6000000238
16702  13.479  -64.807  33.452 0.6000000238
130977  13.506  -65.600  33.023 0.6000000238
136952  13.102  -65.730  32.345 0.6000000238
16711  12.559  -66.223  32.467 0.5000000000
16022  11.820  -65.769  26.794 0.5000000000
16007  10.998  -66.092  27.945 0.5000000000
16020  14.026  -66.020  26.528 0.6000000238
16759  11.059  -65.801  28.533 0.6000000238
15234  10.961  -67.056  29.502 0.6999999881
16712  11.249  -66.566  31.883 0.6000000238
16003  15.479  -66.341  27.468 0.6000000238
15245  15.557  -67.524  28.376 0.6999999881
14530  13.578  -68.203  28.860 0.6999999881
15247  12.472  -67.869  28.306 0.6999999881
15232  11.795  -68.192  29.340 0.8000000119
15214  10.451  -67.215  31.094 0.6999999881
16002  16.580  -66.009  27.967 0.6999999881
15231  16.166  -67.824  28.876 0.6999999881
15243  17.750  -66.822  28.961 0.6999999881
14517  17.402  -68.429  29.725 0.8000000119
13803  19.566  -68.884  29.226 0.8000000119
121689  18.260  -69.901  29.964 0.8000000119
14550  21.962  -68.108  25.117 0.5000000000
139240  19.272  -68.368  24.510 0.6000000238
12383  19.001  -71.127  26.961 0.8000000119
13108  19.594  -70.257  28.078 0.8000000119
13848  19.804  -69.889  24.528 0.6000000238
14568  20.012  -69.157  24.653 0.6999999881
135327  16.938  -69.669  26.749 0.8000000119
13849  17.610  -68.899  25.208 0.6999999881
14553  16.711  -68.808  25.904 0.6999999881
125989  16.402  -68.755  25.690 0.8000000119
19122  11.567  -62.703  32.778 0.4000000060
19116  12.349  -62.755  33.279 0.5000000000
128454  13.848  -64.062  32.636 0.4000000060
131733  13.790  -64.991  32.763 0.5000000000
16734  12.223  -65.661  30.907 0.5000000000
16807  12.870  -64.758  25.445 0.5000000000
17571  11.130  -64.961  27.810 0.6000000238
16747  11.155  -65.584  28.786 0.6000000238
16735  11.238  -66.089  31.012 0.6000000238
16805  14.953  -65.045  25.490 0.6000000238
15972  10.726  -66.706  30.222 0.6999999881
15971  10.646  -66.622  31.099 0.6999999881
16772  16.101  -65.643  27.187 0.6000000238
15228  18.832  -67.714  29.282 0.8000000119
122990  17.780  -67.780  25.619 0.6999999881
14545  17.370  -68.675  26.459 0.6999999881
13821  18.698  -69.202  27.335 0.8000000119
14537  19.708  -68.574  28.186 0.8000000119
126983  17.874  -68.137  25.221 0.6999999881
19121  12.338  -62.509  32.583 0.4000000060
19131  11.228  -62.399  31.663 0.4000000060
19132  10.088  -62.538  31.165 0.4000000060
18350  13.889  -63.339  32.516 0.5000000000
19120  13.308  -62.650  32.513 0.4000000060
19133  8.674  -62.499  31.027 0.5000000000
16724  13.253  -65.475  31.733 0.5000000000
17561  13.270  -64.808  29.503 0.5000000000
16746  12.665  -65.242  30.089 0.5000000000
18361  14.416  -64.177  29.015 0.5000000000
119468  11.452  -65.681  29.730 0.6999999881
16757  17.622  -65.514  27.972 0.6000000238
15241  19.299  -67.651  28.865 0.8000000119
135178  20.198  -66.561  24.528 0.6000000238
16049  18.636  -66.911  24.424 0.6000000238
120628  18.208  -66.161  24.270 0.6999999881
122236  18.593  -65.569  27.053 0.6999999881
14538  19.109  -68.272  27.487 0.6999999881
20869  8.731  -61.503  31.527 0.3000000119
125945  13.348  -62.284  31.570 0.4000000060
19130  12.379  -62.167  31.717 0.3000000119
19145  11.459  -61.854  30.817 0.4000000060
19146  10.430  -62.009  30.630 0.4000000060
19147  9.479  -62.123  30.698 0.4000000060
20000  9.696  -61.452  30.350 0.5000000000
18349  14.502  -64.041  31.965 0.4000000060
20887  9.863  -60.970  29.967 0.3000000119
130750  14.135  -64.896  31.996 0.4000000060
17569  12.628  -64.406  28.506 0.5000000000
16723  14.155  -65.270  31.178 0.4000000060
18369  12.136  -63.932  27.458 0.6000000238
17550  14.909  -64.976  31.386 0.4000000060
18368  13.405  -63.739  28.172 0.4000000060
17560  14.575  -64.840  29.786 0.5000000000
15988  18.202  -66.156  28.335 0.6999999881
131185  18.603  -66.274  26.585 0.6999999881
19134  8.129  -62.443  31.330 0.4000000060
20015  10.090  -61.026  29.698 0.4000000060
21836  9.928  -60.586  30.200 0.3000000119
19128  14.933  -63.292  31.791 0.3000000119
17559  15.646  -64.977  30.318 0.4000000060
122059  14.695  -63.576  28.452 0.4000000060
18360  15.506  -64.429  29.427 0.4000000060
19144  12.509  -61.810  30.903 0.3000000119
19998  11.718  -61.331  30.128 0.3000000119
19999  10.734  -61.436  29.983 0.4000000060
20911  10.584  -60.721  29.331 0.3000000119
20886  10.175  -60.623  29.579 0.3000000119
134875  13.364  -61.951  30.853 0.3000000119
18348  15.526  -64.417  31.422 0.3000000119
123998  16.237  -64.719  30.072 0.3000000119
17558  16.243  -64.731  30.683 0.3000000119
116529  16.474  -64.170  29.592 0.3000000119
20013  11.010  -60.971  29.325 0.3000000119
20910  11.035  -60.312  29.014 0.3000000119
20012  12.066  -60.926  29.492 0.3000000119
20909  11.563  -60.478  28.998 0.3000000119
18347  16.191  -64.145  31.369 0.3000000119
18359  16.752  -64.322  30.377 0.3000000119
18358  17.349  -63.860  29.937 0.3000000119
133305  9.779  -60.545  31.046 0.3000000119
19997  12.782  -61.447  30.218 0.3000000119
20011  13.080  -61.099  29.536 0.3000000119
19140  17.299  -63.508  31.199 0.3000000119
9026  23.161  -76.442  18.776 0.6000000238
7692  22.541  -78.663  18.363 0.6999999881
7693  21.780  -79.113  18.682 0.6999999881
7039  21.138  -79.431  18.159 0.6999999881
16733  13.299  -65.408  30.850 0.4000000060
17562  11.935  -64.947  29.033 0.6000000238
21862  10.603  -60.121  29.293 0.3000000119
5411  33.030  -82.936  19.465 0.6999999881
5404  25.450  -82.345  20.625 0.6999999881
4355  30.688  -83.920  22.814 0.8000000119
138724  26.575  -87.892  20.556 0.6999999881
5358  30.297  -82.262  24.454 0.6000000238
7628  24.306  -78.274  22.440 0.6999999881
2808  27.838  -86.965  23.970 0.8000000119
2446  29.029  -88.491  22.406 0.8000000119
116337  14.855  -74.993  17.279 0.6999999881
8404  23.619  -77.390  17.194 0.5000000000
7056  20.203  -79.213  16.565 0.6000000238
138782  14.128  -73.032  19.604 0.6000000238
8451  20.759  -77.402  14.270 0.6999999881
8342  25.005  -77.355  21.825 0.8000000119
7727  27.089  -77.943  16.759 0.5000000000
8421  26.527  -77.340  16.393 0.6000000238
8458  24.890  -78.274  11.870 0.6000000238
12385  17.117  -71.574  25.968 0.8000000119
1327  25.044  -90.779  25.185 0.4000000060
1313  25.552  -90.661  26.056 0.4000000060
1705  25.126  -90.422  23.691 0.3000000119
1338  24.718  -90.917  24.421 0.4000000060
1015  24.904  -91.671  24.358 0.4000000060
1010  25.356  -91.366  25.464 0.4000000060
130629  28.486  -91.663  23.895 0.4000000060
1337  28.013  -91.126  24.367 0.5000000000
1696  26.911  -90.465  24.636 0.5000000000
1348  27.580  -91.187  23.697 0.3000000119
1687  25.684  -89.946  25.438 0.4000000060
1704  26.280  -90.639  23.700 0.3000000119
1698  25.145  -90.457  24.727 0.3000000119
1718  24.968  -90.523  22.558 0.3000000119
1023  28.442  -91.899  22.808 0.4000000060
1022  29.377  -92.264  22.914 0.4000000060
1335  29.828  -91.681  24.193 0.5000000000
1031  28.995  -92.406  22.166 0.3000000119
1349  27.150  -91.305  22.721 0.3000000119
127614  25.769  -90.957  21.596 0.4000000060
1361  26.822  -91.409  21.723 0.3000000119
1743  26.375  -90.508  20.129 0.4000000060
1744  25.193  -89.958  20.475 0.4000000060
2103  24.939  -89.510  19.951 0.4000000060
1021  29.913  -92.167  22.771 0.4000000060
118562  30.512  -91.299  21.524 0.4000000060
1042  29.119  -92.260  21.570 0.4000000060
1370  30.075  -91.252  21.055 0.4000000060
1393  31.269  -90.362  20.218 0.5000000000
1372  28.528  -92.183  21.515 0.4000000060
1383  29.641  -91.116  20.787 0.4000000060
1728  25.927  -91.009  20.598 0.4000000060
1374  27.054  -91.192  20.417 0.5000000000
1741  28.445  -90.985  20.010 0.4000000060
2487  26.169  -88.321  19.432 0.6000000238
2111  25.594  -89.012  19.388 0.4000000060
2109  31.812  -89.700  20.268 0.6000000238
2097  31.326  -89.721  20.239 0.6000000238
132065  30.109  -90.833  20.548 0.6000000238
132365  30.597  -89.894  20.493 0.6000000238
2098  29.847  -90.382  20.697 0.6000000238
2084  29.995  -89.450  21.048 0.6999999881
2100  28.124  -90.452  20.007 0.5000000000
2099  28.761  -90.576  20.480 0.6000000238
2461  29.455  -88.945  21.760 0.6999999881
2852  31.894  -87.354  21.605 0.6999999881
2839  30.981  -87.295  21.960 0.6999999881
2868  32.033  -87.987  20.855 0.6000000238
2459  31.082  -88.114  21.205 0.6999999881
3269  30.395  -86.726  23.550 0.6999999881
3270  29.619  -86.976  23.832 0.6999999881
3256  27.537  -86.566  24.556 0.6999999881
2460  30.212  -88.653  21.555 0.6999999881
2841  29.532  -87.998  22.825 0.6999999881
2445  29.760  -88.473  22.281 0.6999999881
3792  31.779  -85.979  23.779 0.5000000000
3252  30.878  -86.162  24.021 0.6000000238
3283  30.651  -86.997  22.706 0.6999999881
3253  30.069  -86.400  24.270 0.6999999881
118428  30.033  -85.497  25.398 0.6999999881
2840  30.368  -87.969  22.358 0.6999999881
3236  28.918  -86.260  24.978 0.6999999881
116790  28.239  -85.865  25.988 0.6000000238
3777  30.490  -85.836  24.717 0.6000000238
3759  30.858  -85.164  25.078 0.6000000238
3760  29.086  -85.847  25.659 0.6000000238
4295  30.399  -84.809  25.734 0.6000000238
5842  26.920  -81.887  25.923 0.5000000000
5417  26.275  -82.732  19.441 0.6000000238
5430  27.414  -83.154  18.783 0.6000000238
3745  28.733  -85.327  26.336 0.6000000238
4278  27.324  -84.763  26.582 0.6000000238
4784  27.109  -83.495  27.420 0.5000000000
5326  26.516  -82.652  26.769 0.5000000000
6442  23.362  -80.791  19.841 0.6000000238
5912  24.720  -81.694  20.846 0.6000000238
5926  24.876  -81.909  19.863 0.6000000238
139079  29.983  -84.488  26.255 0.6000000238
4267  27.552  -84.141  27.109 0.5000000000
4279  26.688  -84.656  26.218 0.5000000000
5899  22.017  -80.829  21.918 0.6000000238
6406  22.664  -80.080  22.179 0.6000000238
119578  22.708  -80.603  21.232 0.6000000238
6433  22.768  -80.816  20.356 0.6000000238
6432  23.323  -80.542  20.718 0.6000000238
6405  23.510  -79.651  22.019 0.6000000238
6423  23.276  -80.224  21.494 0.6000000238
6963  30.750  -79.897  23.766 0.6000000238
4804  29.067  -83.719  27.006 0.6000000238
6407  21.788  -80.323  22.928 0.6000000238
127596  21.313  -77.672  24.223 0.6000000238
6985  22.278  -79.553  23.188 0.6000000238
7613  22.795  -77.479  23.732 0.6000000238
7630  22.551  -78.604  23.510 0.6000000238
8933  22.869  -75.843  23.481 0.5000000000
8328  23.676  -77.359  22.889 0.6000000238
8327  23.927  -76.505  22.657 0.5000000000
5900  20.443  -81.785  22.253 0.6999999881
117814  20.376  -81.018  23.092 0.6000000238
6964  21.754  -79.050  24.041 0.6000000238
8315  21.680  -76.672  24.027 0.6000000238
9632  22.023  -75.613  22.827 0.6000000238
6424  17.258  -80.209  21.867 0.6000000238
6408  20.817  -80.303  23.861 0.6000000238
6965  20.263  -79.079  24.569 0.6000000238
8329  21.080  -76.660  22.780 0.5000000000
6966  19.371  -79.063  24.369 0.6000000238
7648  19.518  -78.280  22.394 0.6000000238
7649  18.678  -78.893  22.545 0.6000000238
6434  18.486  -80.550  21.063 0.6000000238
6383  18.901  -79.698  24.147 0.6000000238
8983  21.887  -76.518  21.220 0.6000000238
8331  19.714  -77.832  23.270 0.6000000238
8345  20.398  -77.559  22.372 0.5000000000
7647  20.267  -78.508  21.390 0.6000000238
6996  19.742  -79.422  21.341 0.5000000000
7009  19.924  -80.141  20.372 0.5000000000
8367  22.363  -77.750  19.633 0.6000000238
120578  21.487  -78.502  20.216 0.6000000238
7008  20.482  -79.510  20.491 0.6000000238
7024  20.496  -79.759  19.646 0.6000000238
136123  19.682  -79.529  18.757 0.6999999881
7678  19.104  -79.354  18.899 0.6999999881
7679  17.956  -78.490  19.216 0.6999999881
7680  17.057  -78.062  19.229 0.6999999881
7023  21.100  -79.411  19.062 0.6000000238
7040  20.381  -79.410  18.585 0.6999999881
8389  19.335  -77.480  18.681 0.6999999881
8369  19.282  -78.387  18.836 0.6999999881
129922  18.668  -78.021  19.281 0.6999999881
8371  17.693  -77.421  19.837 0.6000000238
7711  20.029  -78.943  17.567 0.6000000238
6358  26.679  -80.981  26.653 0.5000000000
116824  27.755  -81.249  25.611 0.5000000000
130196  27.736  -78.726  26.052 0.5000000000
124115  28.075  -80.326  25.599 0.5000000000
6952  29.665  -79.505  25.175 0.6000000238
124399  29.207  -76.678  24.627 0.6000000238
7593  28.277  -77.846  25.701 0.6000000238
7592  28.877  -78.729  25.396 0.6000000238
6951  30.322  -79.166  24.738 0.6000000238
6976  30.837  -79.089  23.458 0.6000000238
8312  30.039  -76.749  24.151 0.5000000000
8311  30.680  -77.612  23.967 0.6000000238
127912  30.631  -79.097  22.806 0.6000000238
8340  31.700  -77.593  21.655 0.6000000238
7658  30.759  -78.462  20.979 0.5000000000
7642  30.293  -78.607  22.066 0.6000000238
122666  28.946  -78.663  21.988 0.6000000238
126349  31.677  -78.439  20.445 0.5000000000
7659  29.398  -78.546  21.144 0.6000000238
7691  26.547  -78.472  18.528 0.5000000000
7037  27.647  -79.394  18.679 0.5000000000
7672  26.890  -78.828  19.856 0.6000000238
7005  28.747  -78.832  20.265 0.6000000238
2085  29.136  -89.722  21.183 0.6999999881
5841  28.930  -80.823  25.291 0.5000000000
8355  21.471  -77.613  20.811 0.6000000238
121388  19.674  -78.896  18.354 0.6999999881
6368  30.418  -79.895  24.524 0.6000000238
7660  28.179  -78.755  21.209 0.6000000238
132341  27.452  -79.056  19.384 0.6000000238
133229  24.803  -90.664  23.957 0.3000000119
1697  25.687  -90.173  24.651 0.4000000060
1717  25.901  -90.798  22.677 0.3000000119
1360  27.749  -91.832  21.886 0.4000000060
1373  27.643  -91.761  21.012 0.4000000060
1369  30.909  -91.073  20.535 0.4000000060
1384  28.814  -91.515  20.587 0.3000000119
127717  30.588  -90.990  20.324 0.5000000000
1739  30.830  -90.552  20.127 0.6000000238
1385  28.045  -91.365  20.404 0.5000000000
1742  27.508  -90.690  19.973 0.5000000000
2473  30.772  -89.038  20.607 0.6000000238
3268  31.164  -86.417  23.206 0.6999999881
123695  20.353  -78.219  24.237 0.6000000238
8372  16.606  -77.341  19.834 0.6000000238
8304  29.783  -77.456  24.575 0.6000000238
8964  31.126  -76.129  21.611 0.5000000000
7603  30.370  -78.433  24.501 0.6000000238
7625  31.189  -78.478  22.831 0.6000000238
8326  31.409  -77.026  22.858 0.5000000000
7624  31.409  -77.618  22.448 0.6000000238
8978  31.929  -77.195  20.564 0.5000000000
7004  29.911  -78.841  20.250 0.5000000000
7020  29.241  -79.300  19.520 0.5000000000
1635  18.635  -90.278  29.184 0.4000000060
1634  19.366  -90.041  29.553 0.4000000060
131519  18.460  -89.902  28.515 0.5000000000
969  17.141  -92.144  29.490 0.5000000000
970  16.306  -92.602  29.309 0.5000000000
711  14.862  -93.111  28.264 0.5000000000
1283  16.640  -91.592  28.788 0.5000000000
1270  17.827  -91.796  29.650 0.5000000000
2004  19.669  -89.114  29.385 0.4000000060
1994  20.300  -89.207  30.166 0.4000000060
2385  19.992  -88.429  28.833 0.5000000000
463  26.497  -93.703  27.813 0.3000000119
452  26.453  -93.706  28.427 0.3000000119
473  26.355  -94.156  26.363 0.3000000119
726  26.462  -93.081  26.411 0.3000000119
960  16.912  -92.895  29.996 0.5000000000
699  15.523  -93.253  29.678 0.5000000000
1269  18.594  -91.850  30.180 0.4000000060
1281  18.194  -91.024  29.475 0.4000000060
1620  19.761  -90.543  30.254 0.3000000119
1609  20.294  -91.014  30.997 0.3000000119
2772  21.325  -87.704  28.650 0.4000000060
1983  20.930  -89.484  30.888 0.3000000119
2373  20.882  -88.669  30.443 0.4000000060
2384  20.361  -88.501  29.658 0.5000000000
2362  21.532  -88.897  31.193 0.3000000119
707  27.003  -93.306  29.064 0.3000000119
138459  25.973  -94.037  29.184 0.3000000119
725  26.494  -93.638  27.206 0.3000000119
1009  26.138  -92.522  25.501 0.3000000119
959  17.730  -92.651  30.295 0.3000000119
957  19.209  -92.193  30.745 0.3000000119
1607  21.540  -89.715  31.787 0.3000000119
2756  21.700  -87.432  30.241 0.4000000060
2764  22.034  -87.206  29.019 0.4000000060
2372  21.556  -88.139  30.712 0.4000000060
1974  22.270  -88.941  32.846 0.3000000119
124052  27.882  -92.620  30.400 0.4000000060
695  27.435  -93.028  29.760 0.4000000060
684  27.143  -93.328  30.482 0.4000000060
419  26.672  -93.522  31.335 0.4000000060
118102  25.902  -93.972  31.382 0.4000000060
409  25.435  -94.137  32.171 0.5000000000
706  27.722  -92.624  29.060 0.3000000119
128167  26.863  -93.333  28.430 0.3000000119
990  27.185  -92.733  28.014 0.3000000119
1000  26.026  -91.751  26.196 0.3000000119
1688  25.447  -90.319  25.511 0.3000000119
958  18.612  -92.836  30.806 0.3000000119
2744  22.469  -86.731  31.607 0.3000000119
3188  22.292  -86.821  30.625 0.3000000119
132342  23.615  -87.135  29.518 0.4000000060
129886  23.357  -87.774  29.274 0.4000000060
1963  22.249  -89.061  33.716 0.3000000119
118229  22.436  -87.564  32.823 0.3000000119
2343  22.376  -88.101  33.518 0.3000000119
2361  22.103  -88.277  31.513 0.3000000119
1243  24.189  -92.177  32.918 0.5000000000
1255  23.811  -91.300  31.953 0.5000000000
942  29.927  -91.647  31.944 0.3000000119
943  29.134  -91.890  31.406 0.3000000119
953  29.076  -91.658  30.726 0.3000000119
669  28.215  -92.357  31.309 0.3000000119
670  27.429  -92.956  31.324 0.4000000060
922  25.915  -92.999  34.357 0.5000000000
924  24.419  -93.034  33.622 0.5000000000
954  28.608  -92.098  30.620 0.3000000119
671  26.866  -93.204  32.277 0.4000000060
655  26.265  -93.365  33.103 0.5000000000
642  25.538  -93.308  33.745 0.5000000000
989  27.660  -92.456  28.594 0.3000000119
1311  26.924  -92.040  27.461 0.3000000119
1312  26.271  -91.097  26.966 0.3000000119
1672  26.105  -90.107  26.779 0.3000000119
2040  26.306  -89.608  26.658 0.4000000060
3187  22.684  -86.147  31.259 0.3000000119
3201  23.828  -86.650  29.897 0.4000000060
1950  22.323  -89.346  34.599 0.3000000119
2724  22.527  -87.043  33.553 0.3000000119
2382  23.898  -87.827  29.777 0.4000000060
129180  22.358  -88.399  34.560 0.3000000119
1618  23.875  -89.827  31.014 0.4000000060
1605  24.176  -90.395  31.701 0.5000000000
1973  25.721  -89.775  32.400 0.4000000060
1604  25.015  -90.137  32.030 0.5000000000
1227  31.184  -90.498  33.733 0.3000000119
1242  24.956  -91.636  33.285 0.5000000000
1594  24.526  -91.032  32.453 0.5000000000
1241  29.691  -91.722  33.039 0.3000000119
1219  26.191  -91.870  34.453 0.4000000060
1584  25.728  -91.219  33.609 0.5000000000
137673  30.678  -91.303  31.647 0.3000000119
130847  28.496  -92.241  32.106 0.4000000060
933  28.328  -92.454  33.085 0.4000000060
911  26.477  -92.500  34.539 0.5000000000
1230  25.358  -92.248  34.061 0.5000000000
653  27.680  -92.624  32.398 0.4000000060
654  26.958  -92.940  33.321 0.5000000000
1299  27.949  -91.752  28.612 0.3000000119
1289  27.583  -90.818  28.376 0.4000000060
1643  27.787  -89.915  28.486 0.3000000119
1655  26.986  -89.952  28.046 0.4000000060
2027  26.611  -89.602  27.363 0.4000000060
2919  30.343  -87.436  16.784 0.5000000000
1686  27.079  -89.750  25.539 0.3000000119
1929  22.740  -89.045  36.167 0.3000000119
2330  22.550  -87.993  35.182 0.3000000119
3185  25.033  -86.347  31.244 0.3000000119
119355  22.516  -88.726  35.373 0.3000000119
2743  25.542  -86.941  31.459 0.3000000119
1981  25.412  -89.321  31.772 0.5000000000
1972  26.458  -89.381  32.611 0.4000000060
1980  25.996  -89.081  32.154 0.3000000119
1946  31.609  -89.606  34.232 0.3000000119
1962  26.840  -89.757  33.363 0.5000000000
1228  30.350  -91.105  33.594 0.3000000119
1218  27.199  -91.978  34.914 0.4000000060
1575  26.937  -91.226  34.457 0.4000000060
920  28.884  -92.290  33.696 0.4000000060
908  28.667  -92.415  34.753 0.4000000060
909  28.036  -92.592  34.866 0.4000000060
895  28.031  -92.265  35.198 0.4000000060
1265  29.838  -91.303  30.905 0.3000000119
1277  29.498  -91.054  30.423 0.3000000119
640  27.275  -92.668  34.150 0.4000000060
635  26.650  -92.704  34.274 0.5000000000
1642  28.676  -89.941  28.934 0.3000000119
2012  28.982  -89.545  28.770 0.4000000060
2025  28.194  -89.173  27.809 0.4000000060
2904  31.035  -86.864  17.031 0.5000000000
2048  27.267  -89.302  26.402 0.4000000060
2038  28.334  -89.231  27.147 0.5000000000
2506  28.936  -87.723  17.121 0.5000000000
2322  22.915  -88.237  35.661 0.3000000119
6443  22.840  -81.018  19.701 0.5000000000
1961  27.700  -89.269  33.613 0.3000000119
1971  27.294  -88.932  32.731 0.3000000119
121030  23.811  -81.044  19.129 0.5000000000
5419  22.003  -82.403  19.157 0.6000000238
2328  31.663  -89.187  34.703 0.3000000119
1947  31.522  -89.926  34.849 0.3000000119
1581  31.813  -89.761  33.194 0.3000000119
1215  30.696  -90.760  34.398 0.3000000119
1572  30.516  -90.707  35.118 0.3000000119
1574  27.592  -90.990  34.813 0.4000000060
1949  27.839  -89.945  34.588 0.4000000060
5428  29.364  -83.193  18.871 0.5000000000
4887  18.980  -83.372  20.165 0.5000000000
1217  29.182  -91.871  35.162 0.3000000119
1202  29.112  -91.567  35.493 0.3000000119
1203  28.680  -91.736  35.426 0.3000000119
1552  29.401  -90.350  36.035 0.3000000119
4904  30.524  -83.064  18.688 0.5000000000
1264  30.994  -91.061  30.949 0.3000000119
1630  29.976  -90.210  29.953 0.3000000119
4903  33.121  -83.246  18.661 0.5000000000
2001  30.073  -89.784  29.411 0.3000000119
3881  32.915  -85.082  17.890 0.5000000000
2011  29.633  -89.512  28.861 0.4000000060
3344  31.186  -86.256  17.852 0.6000000238
2023  29.956  -89.423  28.167 0.4000000060
2024  29.223  -89.425  27.453 0.5000000000
3334  30.392  -86.384  18.657 0.5000000000
1670  29.979  -90.096  26.533 0.4000000060
1671  28.872  -89.632  26.513 0.3000000119
1685  28.216  -89.785  25.789 0.4000000060
2895  28.534  -86.977  18.430 0.6000000238
2052  32.259  -89.676  25.022 0.3000000119
1694  31.685  -90.209  24.803 0.4000000060
1324  30.511  -90.880  24.600 0.4000000060
1326  28.853  -90.657  25.148 0.3000000119
2896  27.666  -87.155  18.443 0.6000000238
2906  28.266  -87.389  17.737 0.5000000000
2059  32.552  -89.189  24.180 0.3000000119
1693  31.767  -90.096  23.840 0.5000000000
1333  30.943  -90.810  23.886 0.4000000060
1346  29.904  -92.096  23.561 0.4000000060
2508  27.371  -87.646  17.732 0.6000000238
120169  32.810  -89.068  23.263 0.3000000119
2060  32.357  -89.552  23.615 0.5000000000
1703  31.322  -90.473  22.964 0.4000000060
1344  30.684  -91.169  22.966 0.4000000060
2071  32.897  -89.051  22.528 0.4000000060
138041  32.217  -89.685  22.336 0.5000000000
1358  31.005  -91.010  21.997 0.4000000060
1726  31.898  -90.184  20.814 0.5000000000
5915  21.650  -81.886  20.669 0.6000000238
5405  21.163  -82.563  20.284 0.6000000238
127895  31.821  -87.981  34.929 0.3000000119
2317  31.882  -88.799  35.678 0.3000000119
121375  31.723  -89.115  36.049 0.3000000119
1934  31.345  -89.700  35.593 0.3000000119
5916  20.891  -82.310  21.210 0.6000000238
5406  20.309  -82.817  20.637 0.6000000238
140225  31.857  -89.188  33.396 0.3000000119
1549  30.756  -90.015  35.943 0.3000000119
1541  30.174  -89.827  36.625 0.3000000119
5407  19.292  -83.085  20.977 0.6000000238
2739  32.303  -88.578  32.156 0.3000000119
1195  29.642  -90.851  35.697 0.3000000119
1196  29.234  -91.083  35.685 0.3000000119
5408  18.433  -83.078  21.723 0.6000000238
1275  31.672  -90.559  30.438 0.3000000119
5377  16.295  -81.884  22.617 0.6000000238
4883  16.450  -83.276  21.726 0.6000000238
4884  15.285  -82.816  21.491 0.6000000238
5920  14.480  -82.043  20.307 0.5000000000
1669  31.044  -90.185  26.541 0.4000000060
130892  31.082  -90.550  25.171 0.4000000060
120909  33.250  -88.757  21.848 0.4000000060
2072  32.522  -89.483  21.654 0.5000000000
3148  31.721  -87.012  34.888 0.3000000119
118570  32.287  -87.333  35.707 0.3000000119
120318  31.906  -88.503  35.337 0.3000000119
2308  32.280  -88.514  36.649 0.3000000119
1924  31.763  -89.005  37.148 0.3000000119
1914  31.178  -89.321  37.553 0.3000000119
1915  30.566  -89.301  37.568 0.3000000119
125659  21.402  -81.521  21.593 0.5000000000
2720  31.554  -87.837  34.000 0.3000000119
2348  32.171  -89.207  32.752 0.3000000119
5374  19.372  -82.137  22.474 0.5000000000
5390  19.954  -82.550  21.580 0.6000000238
2731  31.617  -87.960  32.882 0.3000000119
129703  29.952  -89.647  36.783 0.3000000119
5391  19.120  -82.701  21.858 0.6000000238
2740  31.587  -87.726  31.897 0.3000000119
5392  17.705  -82.824  22.245 0.6000000238
1652  31.507  -89.754  27.032 0.3000000119
1653  30.826  -89.853  27.696 0.3000000119
5395  15.115  -81.947  21.578 0.6000000238
5931  15.865  -81.954  19.467 0.6000000238
118298  18.513  -81.456  23.123 0.6000000238
5864  18.669  -80.553  23.649 0.5000000000
6385  17.240  -80.024  23.281 0.6000000238
5883  16.310  -81.077  22.596 0.6000000238
6436  16.151  -80.912  21.329 0.6000000238
5918  15.692  -81.477  20.485 0.6000000238
5423  17.009  -82.064  18.618 0.6000000238
5947  17.142  -82.056  17.649 0.5000000000
5880  19.552  -81.306  23.083 0.5000000000
6384  17.931  -79.772  23.752 0.5000000000
6410  16.705  -80.394  22.620 0.5000000000
5917  17.198  -81.404  20.258 0.6000000238
7059  16.043  -79.186  17.210 0.5000000000
8391  15.400  -77.603  18.742 0.6000000238
7713  15.424  -78.624  17.622 0.6000000238
7731  15.214  -78.798  16.648 0.5000000000
7714  14.660  -78.263  17.089 0.6000000238
7732  14.428  -78.342  15.948 0.6000000238
6987  17.231  -79.742  22.825 0.5000000000
6445  18.140  -81.214  19.574 0.5000000000
6455  17.983  -81.121  18.682 0.5000000000
5930  17.577  -81.592  19.123 0.6000000238
7041  17.802  -80.100  18.634 0.6000000238
7057  17.385  -80.394  18.181 0.5000000000
7076  16.575  -79.948  16.888 0.5000000000
7694  17.411  -79.027  18.794 0.6000000238
9006  19.207  -76.511  19.123 0.6000000238
7695  16.536  -78.586  18.648 0.6000000238
8406  14.219  -77.666  17.524 0.5000000000
9594  13.258  -75.662  24.989 0.5000000000
7617  18.566  -78.673  23.387 0.5000000000
131129  17.913  -80.969  20.646 0.5000000000
6454  18.503  -80.666  19.084 0.6000000238
10265  13.221  -74.388  25.947 0.5000000000
10925  11.818  -73.155  26.124 0.6000000238
10278  13.762  -75.197  25.472 0.6000000238
9593  14.181  -75.590  24.854 0.6000000238
9595  12.276  -75.505  25.015 0.5000000000
9606  13.937  -75.742  24.230 0.5000000000
9620  13.118  -76.144  23.496 0.5000000000
9049  12.233  -75.956  16.480 0.5000000000
9048  12.906  -76.712  17.384 0.5000000000
12339  18.347  -71.376  29.409 0.6000000238
127442  17.415  -71.456  29.573 0.6999999881
11592  17.402  -72.590  28.050 0.6000000238
12362  15.836  -71.984  29.060 0.6999999881
12377  14.300  -72.009  28.163 0.6000000238
12378  13.314  -71.901  28.038 0.6000000238
119389  15.856  -72.734  27.716 0.6000000238
11594  15.303  -72.232  28.280 0.6000000238
131465  18.185  -72.665  27.711 0.6000000238
10914  17.141  -73.886  26.765 0.6000000238
10924  15.273  -73.817  26.725 0.6000000238
11617  14.197  -73.134  26.877 0.5000000000
11610  12.679  -71.991  27.235 0.6000000238
10913  17.877  -73.575  26.489 0.6000000238
10923  16.351  -74.279  26.356 0.6000000238
135888  13.658  -73.734  26.412 0.5000000000
11618  13.200  -72.751  26.791 0.6000000238
132319  17.142  -74.113  26.062 0.6000000238
10263  15.290  -74.595  25.984 0.6000000238
10291  15.677  -74.618  24.745 0.6000000238
130735  15.385  -74.879  25.320 0.6000000238
9605  14.685  -75.318  24.450 0.6000000238
10304  14.054  -75.131  23.619 0.5000000000
9634  11.951  -75.813  22.203 0.5000000000
10317  11.296  -74.848  22.267 0.5000000000
10328  10.412  -74.809  21.642 0.5000000000
9672  9.481  -75.196  20.327 0.5000000000
12363  14.869  -71.939  29.037 0.6000000238
12342  14.509  -72.021  29.961 0.6999999881
10946  16.695  -73.852  25.138 0.5000000000
10962  15.056  -74.212  23.868 0.6000000238
120967  13.432  -74.252  23.356 0.6000000238
10316  12.206  -75.099  22.733 0.5000000000
10964  11.930  -73.148  22.812 0.6000000238
10978  10.723  -73.934  22.134 0.5000000000
11664  10.549  -72.001  21.950 0.6000000238
10989  10.043  -73.735  21.359 0.6000000238
137444  17.588  -65.315  23.864 0.4000000060
13808  14.833  -69.243  30.391 0.6999999881
13781  13.601  -69.844  31.842 0.5000000000
13074  13.702  -71.121  32.093 0.5000000000
16804  17.773  -65.515  24.553 0.6000000238
17577  17.956  -64.786  26.665 0.5000000000
12310  14.190  -71.306  31.552 0.6000000238
12329  13.254  -72.155  30.949 0.5000000000
118771  19.685  -65.123  23.702 0.5000000000
13807  15.793  -69.321  30.263 0.6000000238
13084  14.869  -70.740  31.303 0.8000000119
13790  16.253  -70.079  30.602 0.6999999881
123955  15.163  -71.398  30.663 0.8000000119
12343  13.630  -72.140  29.569 0.6999999881
11647  12.861  -72.292  23.809 0.6000000238
11663  11.339  -72.198  22.724 0.6000000238
13075  13.491  -70.432  32.466 0.5000000000
17586  17.269  -64.787  25.794 0.5000000000
14520  13.923  -68.952  30.427 0.6999999881
12298  12.768  -71.307  32.390 0.5000000000
18419  21.152  -63.361  24.107 0.4000000060
17618  19.111  -64.709  23.272 0.4000000060
17616  21.146  -64.174  24.733 0.4000000060
17601  21.421  -65.079  25.326 0.5000000000
16801  21.710  -65.951  25.825 0.4000000060
14505  12.784  -68.798  31.233 0.5000000000
130194  13.163  -70.407  32.886 0.5000000000
17619  17.037  -64.673  23.821 0.3000000119
17604  16.344  -64.778  25.141 0.3000000119
132990  13.035  -68.684  30.407 0.6000000238
18397  22.520  -63.439  25.211 0.4000000060
125081  22.915  -63.914  25.884 0.4000000060
15280  21.640  -67.422  25.580 0.4000000060
138243  12.226  -68.422  30.472 0.6000000238
14521  12.391  -68.393  29.760 0.6000000238
16784  22.977  -65.131  25.972 0.4000000060
117055  12.230  -68.447  31.738 0.5000000000
13782  13.208  -69.240  32.224 0.5000000000
20106  20.861  -61.858  22.232 0.3000000119
17636  16.497  -63.907  23.430 0.3000000119
17621  14.983  -64.067  23.676 0.3000000119
16806  13.906  -65.068  25.383 0.4000000060
17597  24.889  -63.915  25.027 0.3000000119
16033  23.226  -66.286  25.562 0.4000000060
16816  24.380  -65.110  24.521 0.4000000060
17638  14.498  -63.576  23.608 0.4000000060
15223  10.915  -67.942  30.419 0.6000000238
14490  12.604  -68.533  32.431 0.4000000060
17623  13.338  -63.717  24.280 0.4000000060
21008  22.606  -60.433  21.687 0.3000000119
20122  19.941  -61.134  22.343 0.3000000119
14491  11.226  -68.046  31.925 0.5000000000
16808  12.249  -64.367  25.792 0.4000000060
17590  11.713  -64.345  26.792 0.4000000060
17570  11.563  -64.648  27.969 0.5000000000
18387  12.158  -63.142  25.887 0.4000000060
17579  11.603  -64.333  27.165 0.4000000060
20045  16.762  -61.613  27.266 0.3000000119
19169  16.118  -62.321  27.756 0.3000000119
19178  15.139  -61.826  26.989 0.3000000119
18377  15.120  -62.791  27.744 0.3000000119
137829  15.951  -63.017  28.224 0.3000000119
18341  10.482  -62.921  32.185 0.4000000060
20044  17.957  -61.757  27.715 0.3000000119
1935  29.460  -89.478  36.301 0.3000000119
1654  30.303  -89.800  27.319 0.4000000060
19171  12.946  -62.398  26.521 0.3000000119
133031  10.990  -71.329  22.374 0.6000000238
18353  8.025  -62.978  31.570 0.4000000060
16818  19.912  -65.902  24.068 0.5000000000
18378  13.808  -62.924  27.470 0.3000000119
1336  28.881  -91.457  24.518 0.3000000119
1334  30.400  -91.448  24.021 0.4000000060
6435  16.941  -80.744  21.281 0.5000000000
1621  19.005  -90.866  29.867 0.4000000060
1282  17.307  -91.049  29.025 0.5000000000
138684  15.006  -93.330  29.133 0.5000000000
2395  20.548  -88.186  28.399 0.5000000000
124620  26.342  -93.775  29.114 0.4000000060
1268  19.469  -91.410  30.527 0.4000000060
2757  21.043  -87.982  29.930 0.4000000060
2771  22.145  -87.810  28.520 0.4000000060
136334  27.289  -92.994  28.907 0.4000000060
443  26.033  -94.030  29.803 0.4000000060
431  25.698  -94.219  30.695 0.4000000060
688  17.027  -93.322  30.741 0.3000000119
1964  22.183  -89.540  33.074 0.3000000119
2745  22.140  -87.511  31.075 0.3000000119
135681  22.518  -86.791  29.500 0.4000000060
129563  22.845  -87.273  29.063 0.4000000060
694  27.709  -92.673  29.421 0.3000000119
965  28.280  -92.249  29.623 0.4000000060
3197  22.657  -86.367  30.278 0.4000000060
1993  23.630  -89.285  30.302 0.4000000060
912  25.758  -92.632  34.358 0.5000000000
119046  31.818  -86.111  16.951 0.5000000000
2712  22.588  -87.453  34.546 0.3000000119
2370  24.599  -88.000  30.489 0.4000000060
1992  24.242  -88.985  30.793 0.4000000060
1982  24.652  -89.578  31.393 0.5000000000
1592  26.066  -90.198  33.133 0.5000000000
1229  29.411  -91.829  34.227 0.3000000119
1254  31.203  -91.043  31.318 0.3000000119
976  28.763  -91.588  29.759 0.3000000119
1278  29.129  -90.511  29.671 0.3000000119
3357  30.171  -86.923  17.721 0.6000000238
135471  25.772  -88.502  31.740 0.3000000119
2360  25.045  -88.707  31.206 0.4000000060
1560  28.113  -91.582  35.306 0.3000000119
3863  32.613  -84.908  18.752 0.5000000000
2341  28.271  -88.531  33.696 0.3000000119
1936  28.887  -90.068  35.746 0.3000000119
1682  31.455  -90.281  25.375 0.4000000060
1683  30.569  -90.537  25.546 0.4000000060
1684  29.415  -90.261  25.684 0.4000000060
2418  33.145  -88.477  24.264 0.3000000119
125205  32.673  -88.069  37.333 0.3000000119
5881  17.508  -81.467  23.060 0.6000000238
130674  31.268  -90.344  25.710 0.3000000119
1913  31.614  -88.906  38.293 0.3000000119
2290  31.440  -88.697  39.159 0.3000000119
2754  31.279  -87.405  31.046 0.3000000119
141053  17.522  -81.173  18.049 0.5000000000
7712  16.175  -78.972  18.055 0.6000000238
12327  15.890  -71.148  30.418 0.6999999881
12328  14.468  -71.688  30.928 0.6999999881
13083  15.607  -70.653  30.855 0.6999999881
13792  14.502  -69.768  31.089 0.6000000238
18437  19.001  -63.347  22.204 0.3000000119
118052  18.762  -62.511  22.394 0.3000000119
3866  30.113  -85.877  20.089 0.5000000000
3846  31.757  -84.848  20.220 0.5000000000
122346  32.129  -86.593  22.037 0.6000000238
6444  18.670  -80.840  19.957 0.4000000060
7025  19.024  -80.329  19.351 0.5000000000
8392  14.615  -77.381  18.459 0.5000000000
9686  18.503  -75.339  19.556 0.5000000000
9009  17.022  -76.621  20.366 0.5000000000
8373  15.731  -77.201  19.558 0.5000000000
8393  13.740  -77.128  18.071 0.5000000000
9028  14.302  -76.662  19.083 0.5000000000
9045  18.737  -76.498  17.776 0.5000000000
9030  12.559  -75.939  17.862 0.4000000060
9666  17.425  -74.932  20.321 0.5000000000
8987  15.732  -76.034  20.363 0.5000000000
9012  13.799  -75.970  19.266 0.5000000000
9725  11.758  -75.292  17.142 0.5000000000
10340  16.604  -74.708  20.234 0.6000000238
9669  15.182  -75.611  20.260 0.5000000000
9690  12.775  -74.764  19.465 0.5000000000
11002  9.347  -73.051  19.431 0.5000000000
10342  14.799  -74.446  20.176 0.6000000238
10371  9.825  -73.606  17.425 0.5000000000
10372  9.552  -73.654  17.836 0.5000000000
10343  14.005  -74.352  20.185 0.6000000238
10369  11.923  -74.305  18.885 0.6000000238
9707  11.285  -74.528  17.685 0.5000000000
10352  15.895  -74.265  19.673 0.6000000238
11001  14.154  -73.749  20.134 0.6000000238
10354  12.616  -74.041  19.720 0.6000000238
11723  9.819  -72.347  18.483 0.6000000238
117345  13.473  -73.011  19.883 0.6000000238
11704  9.760  -71.997  19.046 0.5000000000
11677  9.601  -72.286  20.426 0.5000000000
11015  12.502  -73.197  19.540 0.6000000238
10370  10.829  -73.713  18.237 0.6000000238
118344  12.398  -71.748  28.055 0.5000000000
12365  12.085  -71.902  28.972 0.5000000000
127923  13.010  -72.030  28.843 0.5000000000
12429  10.479  -70.837  21.673 0.6000000238
11701  12.679  -72.239  19.503 0.6000000238
12462  9.865  -70.799  20.014 0.6000000238
127676  11.691  -72.418  19.260 0.6000000238
12482  10.410  -71.054  19.659 0.6000000238
12481  11.359  -71.071  19.797 0.6000000238
19205  12.943  -63.185  24.864 0.3000000119
18331  10.609  -63.345  33.229 0.3000000119
2096  32.387  -89.595  20.723 0.4000000060
2471  32.476  -88.507  20.391 0.5000000000
119693  26.369  -87.953  18.821 0.5000000000
2897  26.886  -87.500  18.564 0.5000000000
2867  32.981  -87.841  20.339 0.4000000060
2884  27.146  -87.047  19.336 0.4000000060
3267  32.112  -86.195  22.825 0.4000000060
3883  31.426  -85.703  18.861 0.4000000060
3335  29.587  -86.406  19.410 0.4000000060
140295  30.489  -85.994  19.380 0.4000000060
3346  28.848  -86.725  19.048 0.4000000060
2883  28.075  -86.863  19.134 0.4000000060
4308  33.390  -84.368  24.391 0.4000000060
4309  32.569  -84.634  24.602 0.4000000060
3776  31.335  -85.582  24.440 0.4000000060
4380  32.985  -83.578  19.967 0.4000000060
4330  33.070  -85.025  23.942 0.4000000060
3775  32.220  -85.356  24.219 0.4000000060
4294  31.215  -84.439  25.473 0.4000000060
4818  30.670  -84.090  26.066 0.5000000000
11700  13.525  -72.190  19.400 0.5000000000
11719  14.845  -72.277  18.253 0.5000000000
12480  13.073  -71.305  19.602 0.5000000000
12499  14.550  -71.601  18.854 0.5000000000
13255  15.971  -70.908  19.019 0.5000000000
121064  13.023  -70.098  19.872 0.5000000000
13947  16.226  -69.195  19.753 0.5000000000
12344  12.832  -72.271  29.918 0.4000000060
12311  12.903  -71.839  31.590 0.4000000060
13237  14.726  -70.110  19.744 0.5000000000
13239  11.056  -70.373  20.044 0.5000000000
3282  31.393  -86.715  22.345 0.5000000000
3791  32.613  -85.598  23.435 0.4000000060
4293  32.062  -84.132  25.213 0.4000000060
971  15.521  -92.759  28.743 0.4000000060
983  14.715  -92.804  27.183 0.4000000060
123  15.394  -96.926  27.067 0.4000000060
981  15.960  -91.943  28.350 0.4000000060
982  15.313  -92.291  27.765 0.4000000060
266  15.572  -96.120  27.036 0.4000000060
994  15.268  -92.136  26.808 0.4000000060
136845  17.313  -95.351  27.626 0.4000000060
273  15.942  -95.274  26.686 0.4000000060
274  14.977  -95.285  26.062 0.4000000060
1647  16.843  -90.685  27.824 0.5000000000
1293  16.421  -91.241  27.993 0.5000000000
1306  16.555  -90.972  27.167 0.4000000060
1307  15.864  -91.606  27.381 0.4000000060
478  15.496  -94.420  25.655 0.4000000060
126019  17.928  -90.365  28.747 0.5000000000
1645  17.935  -89.879  27.956 0.5000000000
1661  17.271  -90.432  27.541 0.5000000000
1318  15.928  -91.658  26.547 0.4000000060
1004  15.416  -92.366  25.967 0.4000000060
1674  17.972  -90.189  27.214 0.4000000060
1316  17.315  -90.737  26.812 0.4000000060
718  19.419  -93.185  27.338 0.4000000060
719  18.602  -93.482  27.008 0.4000000060
720  17.796  -93.731  26.727 0.4000000060
476  16.914  -93.688  26.247 0.4000000060
486  15.552  -93.656  25.391 0.4000000060
468  18.249  -94.444  27.440 0.4000000060
477  16.458  -94.512  26.388 0.4000000060
1315  18.277  -90.902  26.604 0.5000000000
1001  17.681  -91.651  26.430 0.4000000060
1002  17.158  -92.337  26.240 0.4000000060
1003  16.260  -92.362  25.938 0.4000000060
992  19.723  -92.191  27.043 0.5000000000
993  18.748  -92.211  26.650 0.4000000060
727  17.939  -92.763  26.511 0.4000000060
728  17.364  -93.084  26.322 0.4000000060
968  21.109  -93.005  28.953 0.3000000119
698  20.771  -93.891  29.331 0.3000000119
967  21.714  -92.578  29.358 0.4000000060
979  20.735  -92.502  28.246 0.3000000119
116930  22.233  -91.289  29.143 0.4000000060
978  21.343  -92.139  28.686 0.4000000060
432  22.372  -94.494  31.244 0.3000000119
686  21.839  -93.973  30.503 0.4000000060
697  21.472  -93.469  29.691 0.4000000060
966  22.340  -92.029  29.708 0.4000000060
685  22.556  -93.483  30.825 0.4000000060
956  22.704  -92.526  30.473 0.4000000060
1279  22.818  -91.256  29.645 0.4000000060
125397  23.468  -90.199  30.323 0.3000000119
980  20.115  -92.859  27.800 0.3000000119
125777  22.349  -90.151  28.546 0.3000000119
1644  21.765  -90.403  28.162 0.4000000060
673  22.972  -94.001  31.659 0.4000000060
1633  22.628  -90.665  29.086 0.3000000119
955  23.189  -92.040  30.867 0.4000000060
1256  23.504  -91.519  31.194 0.4000000060
1266  23.295  -91.173  30.357 0.4000000060
1303  20.587  -91.113  27.201 0.4000000060
1302  21.235  -90.773  27.643 0.4000000060
422  22.430  -95.490  31.555 0.4000000060
2002  23.264  -89.643  29.557 0.3000000119
658  24.009  -94.031  32.499 0.4000000060
672  23.460  -94.501  32.134 0.4000000060
657  24.480  -93.597  33.047 0.4000000060
935  23.930  -93.149  32.835 0.4000000060
945  23.135  -92.983  31.253 0.4000000060
1304  19.874  -90.659  26.865 0.4000000060
1658  20.565  -90.092  27.259 0.4000000060
2016  21.828  -89.490  28.089 0.3000000119
1657  21.316  -89.998  27.648 0.4000000060
2393  22.312  -88.734  28.418 0.3000000119
410  24.668  -94.338  32.384 0.4000000060
420  24.891  -94.642  31.914 0.4000000060
656  25.128  -93.756  33.015 0.4000000060
134455  24.719  -92.547  33.756 0.4000000060
135013  23.603  -92.378  31.859 0.4000000060
2018  18.822  -89.499  28.163 0.4000000060
2394  21.379  -88.438  28.083 0.3000000119
2005  19.047  -89.612  28.861 0.4000000060
1314  18.928  -90.317  26.874 0.4000000060
2030  19.284  -89.101  27.788 0.4000000060
1659  19.559  -89.771  27.196 0.4000000060
2029  20.101  -89.155  27.537 0.4000000060
119988  29.935  -83.712  26.570 0.4000000060
944  23.524  -93.522  32.089 0.4000000060
421  22.878  -94.903  31.866 0.4000000060
430  26.354  -93.802  30.554 0.4000000060
442  26.751  -93.586  29.761 0.4000000060
453  25.954  -94.089  28.589 0.3000000119
469  17.330  -94.607  27.139 0.4000000060
470  16.786  -95.304  27.303 0.4000000060
472  26.308  -94.033  27.188 0.3000000119
641  26.395  -93.082  33.954 0.5000000000
643  24.860  -93.296  33.662 0.5000000000
696  22.167  -93.026  30.020 0.4000000060
716  27.232  -92.978  28.541 0.3000000119
717  26.807  -93.320  27.940 0.3000000119
729  16.228  -93.236  25.633 0.4000000060
734  15.565  -92.996  25.516 0.4000000060
894  28.616  -92.189  35.264 0.3000000119
910  27.321  -92.397  34.586 0.5000000000
921  28.135  -92.610  34.166 0.4000000060
923  25.060  -93.003  34.219 0.5000000000
932  29.117  -92.094  32.522 0.3000000119
934  27.648  -92.678  33.488 0.4000000060
947  19.420  -92.814  31.204 0.3000000119
952  30.173  -91.394  31.249 0.3000000119
964  28.852  -91.738  30.332 0.3000000119
977  28.233  -91.981  28.981 0.4000000060
991  20.393  -91.977  27.489 0.4000000060
999  26.666  -92.929  27.362 0.3000000119
1005  14.747  -92.747  26.167 0.4000000060
1016  24.640  -91.351  23.922 0.4000000060
1041  29.796  -91.926  21.820 0.4000000060
1201  29.691  -91.141  35.430 0.3000000119
1216  29.931  -91.213  34.732 0.3000000119
1267  22.910  -91.797  30.180 0.4000000060
1276  30.604  -90.765  30.518 0.3000000119
1280  21.829  -91.840  29.110 0.4000000060
1288  28.382  -90.950  28.980 0.4000000060
1290  22.127  -90.753  28.699 0.4000000060
1291  21.663  -91.271  28.479 0.4000000060
1292  21.024  -91.652  27.920 0.4000000060
1300  27.477  -91.886  28.100 0.3000000119
1301  26.928  -90.968  27.786 0.4000000060
1305  19.284  -91.245  26.698 0.4000000060
1317  16.739  -91.478  26.480 0.4000000060
1323  31.021  -90.661  24.669 0.4000000060
1325  29.736  -90.885  24.852 0.4000000060
1345  30.337  -91.741  23.350 0.4000000060
1347  29.197  -92.089  23.765 0.4000000060
1350  24.607  -90.928  23.626 0.3000000119
1359  30.359  -91.657  22.458 0.4000000060
1371  29.271  -91.803  21.089 0.4000000060
1382  31.044  -90.708  20.074 0.5000000000
1540  30.631  -89.677  36.698 0.3000000119
1550  30.175  -90.254  36.105 0.3000000119
1551  29.752  -90.345  36.082 0.3000000119
1557  31.047  -90.274  35.351 0.3000000119
1558  30.281  -90.557  35.658 0.3000000119
1559  28.774  -91.025  35.661 0.3000000119
1570  31.582  -90.038  33.963 0.3000000119
1571  31.239  -90.368  34.647 0.3000000119
1573  28.277  -90.600  35.260 0.4000000060
1583  27.178  -90.281  34.161 0.4000000060
1593  25.363  -90.662  32.768 0.5000000000
1606  23.651  -90.708  31.121 0.5000000000
1619  20.417  -90.100  30.542 0.3000000119
1631  29.416  -89.807  29.316 0.3000000119
1632  23.108  -90.512  29.603 0.3000000119
1646  17.256  -90.403  28.234 0.5000000000
1656  26.518  -90.252  27.444 0.4000000060
1660  18.685  -89.702  27.585 0.4000000060
1673  25.781  -89.922  26.112 0.3000000119
1695  27.987  -90.616  25.013 0.3000000119
1715  32.033  -89.868  22.951 0.5000000000
1716  31.697  -90.117  21.946 0.5000000000
1727  31.285  -90.810  21.212 0.4000000060
1738  31.297  -90.511  20.347 0.5000000000
1740  29.213  -90.922  20.557 0.4000000060
1753  31.688  -90.030  20.294 0.5000000000
1754  31.297  -90.128  20.224 0.6000000238
1905  31.106  -89.068  38.601 0.3000000119
1925  31.255  -89.490  36.474 0.3000000119
1928  23.162  -89.442  36.779 0.3000000119
1933  31.606  -89.385  35.156 0.3000000119
1959  31.770  -89.406  33.534 0.3000000119
1975  22.050  -89.491  32.458 0.3000000119
1995  19.930  -89.810  29.947 0.4000000060
2003  22.886  -89.967  28.974 0.3000000119
2010  30.593  -89.750  28.771 0.4000000060
2013  28.270  -89.456  28.372 0.4000000060
2014  22.950  -89.127  28.899 0.3000000119
2015  22.499  -89.509  28.557 0.3000000119
2017  19.393  -88.966  28.498 0.4000000060
2026  27.335  -89.297  27.863 0.4000000060
2028  20.964  -89.269  27.662 0.3000000119
2039  26.798  -89.159  27.003 0.4000000060
2047  28.033  -89.301  26.604 0.5000000000
2049  26.363  -89.519  26.080 0.4000000060
2289  32.070  -88.479  38.873 0.3000000119
2299  32.210  -88.553  37.774 0.3000000119
2340  31.686  -88.835  34.173 0.3000000119
2342  27.937  -88.277  33.007 0.3000000119
2351  22.332  -88.270  32.427 0.3000000119
2352  22.116  -88.996  31.966 0.3000000119
2359  25.376  -87.815  31.214 0.3000000119
2371  23.920  -88.544  30.200 0.4000000060
2383  23.425  -88.618  29.514 0.4000000060
2396  19.855  -88.555  28.067 0.5000000000
2403  20.543  -88.620  27.840 0.4000000060
2433  33.176  -88.666  23.491 0.3000000119
2448  27.350  -87.807  22.139 0.8000000119
2472  31.585  -88.759  20.487 0.6000000238
2486  31.892  -89.114  20.386 0.5000000000
2730  31.905  -88.696  33.201 0.3000000119
2734  22.496  -86.798  32.605 0.3000000119
2755  24.938  -87.121  30.756 0.4000000060
2763  24.306  -87.127  30.017 0.4000000060
2765  21.443  -87.486  29.428 0.4000000060
2766  20.684  -87.936  29.113 0.5000000000
2770  22.888  -88.177  28.824 0.4000000060
2807  28.709  -87.049  23.956 0.8000000119
2827  30.014  -87.449  23.198 0.6999999881
2830  27.454  -87.130  23.403 0.8000000119
2851  32.644  -87.478  20.920 0.4000000060
2870  26.709  -87.436  21.041 0.6000000238
2894  29.145  -87.190  17.819 0.6000000238
2905  29.646  -87.461  17.246 0.5000000000
3195  24.342  -86.429  30.586 0.3000000119
3196  23.455  -86.200  30.345 0.4000000060
3202  23.176  -86.604  29.634 0.4000000060
3203  22.036  -86.919  29.803 0.4000000060
3237  28.085  -86.308  25.322 0.6000000238
3239  26.708  -85.839  25.017 0.8000000119
3255  28.384  -86.624  24.539 0.8000000119
3257  26.926  -86.249  24.313 0.8000000119
3300  27.910  -86.313  21.199 0.6000000238
3336  28.631  -86.607  19.729 0.6000000238
3345  29.432  -86.763  18.528 0.4000000060
3356  32.218  -85.681  16.602 0.5000000000
3746  27.805  -85.414  26.330 0.6000000238
3747  27.024  -85.422  26.092 0.6000000238
3761  27.441  -85.950  25.829 0.6999999881
3778  29.670  -86.077  24.937 0.6999999881
3779  26.570  -85.333  24.915 0.6999999881
3793  26.999  -85.488  23.334 0.8000000119
3831  30.116  -85.125  21.443 0.6000000238
3832  29.208  -85.591  21.590 0.6000000238
3833  27.776  -86.087  21.965 0.6999999881
3834  27.312  -86.404  22.267 0.6999999881
3864  31.866  -85.067  19.471 0.4000000060
3865  31.033  -85.471  19.795 0.5000000000
3882  32.152  -85.522  17.905 0.5000000000
3899  32.418  -85.405  17.275 0.5000000000
4268  26.911  -84.140  26.921 0.5000000000
4276  29.170  -84.506  26.662 0.6000000238
4277  28.181  -84.729  26.745 0.6000000238
4296  29.617  -85.148  26.093 0.6000000238
4297  26.592  -84.722  25.479 0.6999999881
4310  31.693  -84.859  24.804 0.4000000060
4312  26.597  -84.812  24.864 0.6999999881
4356  28.537  -85.327  22.363 0.6000000238
4370  32.291  -83.879  21.398 0.6000000238
4371  31.177  -84.619  21.489 0.6000000238
4381  32.469  -83.987  20.555 0.6000000238
4392  33.234  -83.902  18.550 0.5000000000
4393  33.143  -84.130  19.138 0.5000000000
4394  32.549  -84.392  19.698 0.4000000060
4407  33.124  -84.539  18.347 0.5000000000
4783  27.763  -83.647  27.477 0.5000000000
4785  26.682  -83.639  27.055 0.5000000000
4803  30.793  -83.378  26.322 0.5000000000
4805  28.358  -84.032  27.152 0.5000000000
4806  26.532  -83.432  26.673 0.6999999881
4819  26.808  -83.280  25.353 0.6999999881
4840  28.266  -83.153  24.492 0.6999999881
4842  26.668  -84.042  25.305 0.6999999881
4861  31.678  -82.688  23.073 0.6999999881
4862  31.037  -83.238  23.441 0.8000000119
4865  27.573  -84.005  24.064 0.6999999881
4873  32.183  -82.979  22.478 0.6999999881
4880  32.623  -82.503  21.890 0.6999999881
4882  17.547  -83.376  21.725 0.6000000238
4891  14.628  -82.387  20.815 0.5000000000
4894  33.161  -83.397  19.304 0.5000000000
5313  26.656  -83.006  27.279 0.5000000000
5324  30.368  -82.804  26.729 0.4000000060
5341  27.679  -82.143  25.433 0.6000000238
5342  26.833  -82.632  25.658 0.6000000238
5343  26.620  -82.435  26.256 0.5000000000
5369  31.190  -82.020  24.037 0.8000000119
5375  18.310  -82.347  22.520 0.6000000238
5376  17.228  -82.182  22.707 0.6000000238
5378  15.669  -81.491  22.166 0.6000000238
5384  32.295  -81.866  22.006 0.6999999881
5386  28.528  -82.197  21.437 0.6999999881
5393  16.808  -82.741  22.315 0.6000000238
5394  15.775  -82.352  22.123 0.6000000238
5398  32.143  -81.991  20.574 0.8000000119
5403  26.314  -82.715  20.345 0.6999999881
5412  32.453  -82.654  19.646 0.6999999881
5416  26.960  -82.916  19.570 0.6000000238
5418  25.629  -82.454  19.679 0.6000000238
5422  19.726  -83.169  19.962 0.5000000000
5429  28.362  -83.301  18.868 0.5000000000
5843  26.574  -81.759  26.689 0.5000000000
5854  30.591  -81.383  24.302 0.6999999881
5855  29.755  -81.113  24.832 0.6000000238
5856  28.842  -81.744  25.149 0.6000000238
5865  17.652  -80.579  23.443 0.5000000000
5866  16.892  -80.751  23.101 0.6000000238
5872  31.843  -81.737  22.677 0.8000000119
5877  26.645  -81.399  22.502 0.8000000119
5878  25.842  -80.896  22.438 0.6999999881
5879  21.169  -81.013  22.608 0.6000000238
5882  16.766  -81.450  22.893 0.6000000238
5891  31.413  -81.416  21.948 0.8000000119
5894  27.170  -82.146  22.102 0.8000000119
5898  22.148  -81.109  20.943 0.5000000000
5901  15.976  -80.793  22.069 0.6000000238
5902  15.468  -81.323  21.460 0.6000000238
5909  32.098  -81.629  21.518 0.6999999881
5911  30.316  -81.821  20.896 0.8000000119
5913  24.053  -80.828  20.939 0.6999999881
5914  22.335  -81.458  20.131 0.6000000238
5919  14.876  -81.723  20.837 0.5000000000
5927  23.240  -81.153  19.184 0.5000000000
5928  22.577  -81.735  19.311 0.6000000238
5929  21.890  -82.210  19.856 0.6000000238
5941  17.446  -81.591  18.272 0.6000000238
5946  17.264  -81.431  17.509 0.5000000000
6347  26.803  -80.242  26.923 0.5000000000
6356  29.026  -80.103  25.335 0.6000000238
6357  27.183  -80.613  26.126 0.5000000000
6381  21.030  -79.473  24.393 0.6000000238
6382  19.903  -79.740  24.476 0.6000000238
6400  28.156  -80.432  22.765 0.8999999762
6409  19.720  -80.507  23.798 0.6000000238
6425  16.534  -80.433  21.984 0.5000000000
6466  17.100  -80.609  17.542 0.5000000000
6492  20.369  -80.075  14.619 0.6000000238
6493  20.045  -80.030  14.774 0.6000000238
6941  28.415  -79.503  25.550 0.6000000238
6942  27.485  -79.763  26.126 0.5000000000
6953  19.788  -78.696  24.365 0.6000000238
6967  18.440  -79.105  23.770 0.5000000000
6968  17.710  -79.519  23.369 0.5000000000
6979  27.864  -79.596  22.623 0.6999999881
6980  27.048  -79.780  22.408 0.8999999762
6982  24.834  -79.107  22.301 0.6999999881
6983  23.876  -78.979  22.353 0.6999999881
6984  23.012  -79.189  22.648 0.6999999881
6986  17.919  -79.112  23.150 0.5000000000
6992  28.139  -78.932  22.268 0.6999999881
6995  26.085  -78.922  21.982 0.8000000119
6997  19.125  -80.030  21.268 0.6000000238
7003  31.104  -78.849  20.018 0.5000000000
7006  27.744  -78.901  20.143 0.6000000238
7007  21.100  -79.265  19.910 0.6000000238
7010  19.235  -80.465  20.208 0.5000000000
7021  28.228  -79.189  19.454 0.6000000238
7022  26.827  -78.997  19.007 0.6000000238
7026  18.411  -79.600  18.874 0.6999999881
7036  28.144  -80.116  18.073 0.5000000000
7038  27.024  -79.072  18.334 0.5000000000
7042  16.943  -79.453  18.364 0.5000000000
7053  22.114  -79.416  17.012 0.6000000238
7058  16.717  -79.713  17.761 0.6000000238
7074  20.628  -79.656  16.290 0.6000000238
7075  20.131  -79.517  15.734 0.6000000238
7077  15.796  -79.443  16.257 0.5000000000
7089  22.235  -79.696  15.557 0.5000000000
7090  20.797  -80.095  15.082 0.6000000238
7091  20.319  -79.952  15.275 0.6000000238
7106  26.496  -80.182  14.052 0.6000000238
7107  25.652  -79.989  13.159 0.6000000238
7108  24.010  -79.870  13.866 0.6000000238
7109  21.182  -80.013  14.482 0.6000000238
7110  20.148  -79.937  14.441 0.6000000238
7111  19.929  -79.715  14.865 0.6000000238
7125  23.172  -79.919  13.533 0.6000000238
7127  21.207  -79.696  13.975 0.6000000238
7128  20.420  -79.665  14.179 0.6000000238
7129  20.081  -79.628  14.438 0.6000000238
7133  28.449  -79.209  12.558 0.5000000000
7604  29.840  -78.797  25.063 0.6000000238
7605  29.368  -78.071  25.092 0.6000000238
7612  30.993  -78.443  23.725 0.6000000238
7614  21.927  -78.095  24.176 0.6000000238
7615  21.092  -78.616  24.393 0.6000000238
7616  19.345  -78.416  23.878 0.6000000238
7627  25.067  -78.443  22.155 0.6999999881
7631  19.032  -78.287  23.179 0.5000000000
7641  31.211  -78.155  21.832 0.6000000238
7646  20.805  -77.798  21.377 0.6000000238
7657  31.840  -78.161  21.081 0.5000000000
7661  27.228  -78.679  20.833 0.6999999881
7662  26.414  -78.542  20.519 0.6000000238
7663  20.944  -78.562  20.690 0.6000000238
7671  31.697  -78.547  19.823 0.5000000000
7675  22.308  -78.425  19.045 0.6999999881
7676  21.771  -78.736  19.552 0.6999999881
7677  19.709  -79.971  19.474 0.6999999881
7696  14.969  -78.031  18.014 0.6000000238
7706  27.521  -78.994  16.937 0.5000000000
7709  22.825  -78.890  17.468 0.6000000238
7728  23.522  -78.780  15.811 0.5000000000
7729  22.692  -79.235  16.314 0.6000000238
7742  25.476  -79.137  14.824 0.6000000238
7744  23.745  -79.402  14.889 0.6000000238
7746  19.236  -78.910  14.969 0.6000000238
7747  18.213  -78.404  14.803 0.6000000238
7756  27.188  -79.613  14.674 0.5000000000
7757  25.796  -80.004  14.222 0.6000000238
7764  24.969  -79.298  11.900 0.6000000238
7765  23.154  -79.260  12.980 0.6000000238
7766  21.789  -78.938  13.621 0.6000000238
7768  20.261  -78.930  14.264 0.6000000238
7774  27.813  -78.840  12.085 0.5000000000
7775  26.871  -79.156  12.118 0.5000000000
7776  26.319  -78.523  11.768 0.6000000238
8305  28.643  -77.010  25.211 0.6000000238
8313  23.272  -76.499  23.383 0.6000000238
8314  22.520  -76.557  23.902 0.6000000238
8316  20.807  -77.279  24.001 0.6000000238
8317  20.117  -77.784  23.812 0.6000000238
8330  20.561  -77.284  23.377 0.5000000000
8341  31.529  -76.893  22.119 0.6000000238
8344  21.243  -77.021  21.815 0.6000000238
8352  32.145  -78.045  20.362 0.5000000000
8354  22.191  -77.063  20.367 0.6999999881
8366  25.555  -77.252  19.785 0.6999999881
8368  21.960  -78.015  20.172 0.6000000238
8370  18.502  -76.984  19.751 0.6999999881
8374  15.041  -77.082  19.173 0.5000000000
8386  25.890  -76.860  18.770 0.6999999881
8387  23.307  -76.839  18.014 0.6000000238
8388  22.797  -77.465  18.769 0.6000000238
8390  16.199  -77.789  19.031 0.6000000238
8403  26.509  -77.253  17.264 0.5000000000
8405  23.168  -78.026  17.940 0.6999999881
8407  13.401  -77.289  16.911 0.5000000000
8420  27.045  -77.831  15.917 0.6000000238
8422  25.705  -77.213  16.161 0.6000000238
8428  13.942  -77.780  16.411 0.6000000238
8439  26.495  -77.891  15.681 0.6000000238
8442  24.331  -78.427  15.613 0.5000000000
8443  17.648  -78.106  15.028 0.6000000238
8444  17.090  -77.597  14.859 0.6000000238
8452  19.795  -77.485  14.356 0.6999999881
8454  17.621  -77.705  14.436 0.6999999881
8457  25.702  -77.772  11.922 0.6000000238
8459  23.622  -78.551  12.718 0.6000000238
8460  21.998  -77.979  13.695 0.6999999881
8461  21.254  -78.149  13.930 0.6000000238
8462  20.446  -78.251  14.244 0.6999999881
8463  19.612  -78.328  14.463 0.6999999881
8923  28.637  -76.119  24.997 0.6000000238
8931  30.785  -76.748  23.430 0.5000000000
8934  22.246  -76.053  23.725 0.6000000238
8935  21.761  -75.952  23.457 0.6000000238
8936  21.225  -76.576  23.494 0.5000000000
8949  30.999  -76.388  22.573 0.5000000000
8951  24.001  -76.004  22.360 0.6000000238
8952  23.481  -75.897  22.882 0.5000000000
8953  21.449  -75.972  22.994 0.6000000238
8963  31.722  -76.939  21.311 0.6000000238
8965  24.969  -76.512  21.127 0.6000000238
8966  24.523  -76.406  22.004 0.6000000238
8967  22.243  -75.830  21.434 0.6999999881
8968  21.665  -75.971  22.192 0.6000000238
8979  31.377  -76.354  20.783 0.5000000000
8981  24.538  -75.799  21.218 0.6000000238
8982  22.452  -75.979  20.620 0.6999999881
8984  18.079  -75.453  20.133 0.5000000000
8985  17.329  -75.714  20.507 0.5000000000
8986  16.444  -75.942  20.527 0.5000000000
9000  31.864  -77.472  19.808 0.5000000000
9003  25.534  -76.038  19.435 0.6000000238
9007  18.750  -76.163  19.669 0.6000000238
9008  17.976  -76.365  20.226 0.6000000238
9010  16.085  -76.672  20.215 0.5000000000
9011  15.190  -76.492  19.865 0.5000000000
9023  26.144  -76.621  17.824 0.5000000000
9025  23.745  -76.007  18.398 0.5000000000
9027  18.974  -75.844  18.591 0.5000000000
9029  13.401  -76.387  18.486 0.5000000000
9041  25.683  -76.160  17.545 0.5000000000
9042  24.914  -76.163  17.279 0.5000000000
9044  19.252  -76.461  18.645 0.6000000238
9063  24.391  -76.837  16.797 0.5000000000
9064  17.877  -77.142  16.590 0.6000000238
9065  16.570  -77.042  16.206 0.6000000238
9073  16.507  -77.246  15.318 0.6999999881
9079  22.841  -76.673  13.971 0.5000000000
9080  21.969  -76.690  14.218 0.5000000000
9082  20.121  -76.666  14.444 0.6000000238
9084  17.810  -77.098  14.009 0.6999999881
9086  16.789  -77.235  14.552 0.6999999881
9090  27.879  -76.706  13.182 0.5000000000
9092  26.007  -76.905  12.748 0.6000000238
9094  24.257  -76.895  13.393 0.5000000000
9095  23.389  -77.426  13.287 0.5000000000
9097  21.605  -77.358  14.019 0.6999999881
9102  28.472  -77.280  12.287 0.5000000000
9592  15.320  -75.002  24.858 0.6000000238
9607  12.752  -76.107  24.539 0.5000000000
9617  22.353  -75.693  23.283 0.5000000000
9618  14.290  -75.472  23.962 0.6000000238
9619  13.692  -75.775  23.787 0.5000000000
9630  23.626  -75.711  22.148 0.6999999881
9631  22.863  -75.574  22.703 0.5000000000
9633  12.682  -76.212  22.808 0.5000000000
9646  23.941  -75.475  21.353 0.6999999881
9648  22.468  -75.627  22.029 0.6000000238
9651  9.906  -75.308  21.100 0.5000000000
9662  24.879  -75.386  19.521 0.6000000238
9663  24.362  -75.377  20.491 0.6000000238
9664  23.589  -75.381  20.746 0.6999999881
9667  16.685  -75.186  20.533 0.5000000000
9668  15.907  -75.273  20.489 0.6000000238
9670  14.589  -75.034  20.159 0.5000000000
9682  25.348  -75.649  18.879 0.6000000238
9684  23.134  -75.545  20.166 0.6999999881
9685  19.066  -75.846  19.120 0.5000000000
9687  17.940  -74.918  19.907 0.5000000000
9688  14.462  -75.847  19.792 0.5000000000
9689  13.714  -75.150  19.786 0.6000000238
9700  24.915  -75.501  18.731 0.5000000000
9701  24.534  -75.810  18.157 0.5000000000
9702  18.622  -75.300  18.931 0.5000000000
9705  13.081  -75.604  18.933 0.5000000000
9706  12.286  -75.058  18.325 0.5000000000
9721  18.246  -75.664  18.174 0.6000000238
9722  16.945  -75.579  17.745 0.6999999881
9723  15.673  -75.330  17.399 0.6999999881
9724  14.622  -74.658  16.819 0.5000000000
9731  15.034  -75.476  16.605 0.6999999881
9738  22.859  -75.631  15.259 0.5000000000
9740  20.973  -75.336  14.988 0.5000000000
9741  20.063  -75.309  14.904 0.5000000000
9742  19.017  -75.309  14.873 0.5000000000
9743  17.905  -75.617  14.676 0.6000000238
9745  15.978  -75.949  15.018 0.6999999881
9746  15.325  -75.151  15.625 0.6999999881
9752  25.234  -75.743  14.303 0.5000000000
9755  22.411  -76.156  14.715 0.5000000000
9756  21.474  -76.028  14.714 0.5000000000
9758  19.507  -76.024  14.576 0.5000000000
9760  17.346  -76.567  14.129 0.6999999881
9761  16.671  -76.643  14.520 0.6000000238
9768  27.307  -75.914  13.673 0.5000000000
9769  26.385  -76.073  13.614 0.5000000000
9770  25.587  -76.294  13.573 0.5000000000
10262  16.173  -74.509  25.713 0.6000000238
10264  14.206  -74.603  25.962 0.6000000238
10275  16.591  -74.248  25.465 0.6000000238
10276  15.909  -74.638  25.191 0.6000000238
10277  14.672  -75.118  25.394 0.6000000238
10279  12.770  -74.977  25.465 0.5000000000
10292  15.223  -74.788  24.328 0.6000000238
10303  14.727  -74.988  23.867 0.6000000238
10329  9.607  -74.425  20.857 0.5000000000
10339  17.217  -74.552  19.755 0.6999999881
10341  15.731  -74.623  20.267 0.6000000238
10344  9.163  -74.036  19.989 0.5000000000
10353  13.278  -74.395  20.016 0.6000000238
10355  11.857  -73.674  19.135 0.6000000238
10356  9.410  -73.574  18.963 0.5000000000
10366  18.028  -74.844  19.356 0.6000000238
10367  16.385  -74.347  18.939 0.6999999881
10368  15.063  -73.904  18.431 0.6000000238
10385  15.579  -74.578  18.006 0.6999999881
10387  10.301  -74.062  16.961 0.5000000000
10388  9.796  -74.095  16.822 0.5000000000
10398  16.884  -74.085  15.202 0.5000000000
10399  15.766  -74.112  15.381 0.5000000000
10408  24.226  -74.800  15.373 0.5000000000
10409  23.275  -74.925  15.502 0.5000000000
10410  22.329  -74.925  15.551 0.5000000000
10421  26.261  -74.453  14.462 0.5000000000
10423  24.791  -75.259  14.841 0.5000000000
10431  27.646  -74.950  13.965 0.5000000000
10432  26.764  -75.158  14.159 0.5000000000
10915  16.136  -73.582  27.105 0.6000000238
10922  17.832  -73.522  25.955 0.6000000238
10933  17.231  -73.752  25.625 0.5000000000
10934  12.254  -74.020  25.766 0.5000000000
10947  16.208  -74.243  24.867 0.6000000238
10948  15.633  -74.120  24.388 0.6000000238
10963  14.316  -74.247  23.569 0.6000000238
10976  12.499  -74.191  23.016 0.5000000000
10977  11.551  -74.057  22.648 0.6000000238
10990  9.429  -73.278  20.433 0.5000000000
11000  14.888  -74.071  19.893 0.6000000238
11014  13.385  -73.781  20.094 0.6000000238
11016  11.209  -73.015  18.916 0.6000000238
11017  9.478  -72.811  18.451 0.5000000000
11028  14.459  -72.786  18.630 0.6000000238
11029  9.986  -72.674  17.959 0.6000000238
11030  9.750  -72.758  17.965 0.5000000000
11044  14.671  -73.658  17.424 0.6000000238
11045  14.507  -74.159  17.032 0.6000000238
11055  15.380  -73.614  16.188 0.5000000000
11056  14.621  -73.946  16.718 0.5000000000
11059  26.469  -73.173  14.740 0.5000000000
11060  25.856  -73.048  15.148 0.5000000000
11063  22.754  -74.396  15.983 0.5000000000
11591  18.741  -72.279  27.701 0.6999999881
11593  16.312  -72.393  28.246 0.6000000238
11605  18.404  -72.936  26.933 0.6000000238
11606  17.739  -73.278  27.239 0.6000000238
11607  16.787  -73.128  27.538 0.6000000238
11608  14.943  -72.728  27.460 0.6000000238
11609  13.751  -72.257  27.389 0.5000000000
11616  18.438  -73.006  26.132 0.6000000238
11624  16.850  -73.126  25.282 0.5000000000
11634  16.074  -73.319  24.721 0.6999999881
11635  14.594  -72.522  24.262 0.6999999881
11636  13.745  -72.226  24.150 0.6999999881
11646  13.645  -73.266  23.546 0.6999999881
11648  12.083  -72.265  23.349 0.6000000238
11676  10.002  -72.154  21.127 0.5000000000
11687  9.468  -72.280  19.686 0.5000000000
11702  11.106  -71.713  19.406 0.6000000238
11703  10.077  -71.778  19.093 0.6000000238
11720  14.146  -72.155  18.889 0.5000000000
11721  13.901  -71.615  19.232 0.5000000000
11722  10.489  -72.307  18.863 0.6000000238
11724  9.673  -72.450  18.530 0.5000000000
11742  15.157  -72.647  17.622 0.5000000000
11757  26.558  -72.514  15.315 0.5000000000
12326  16.721  -70.782  30.236 0.6999999881
12330  12.322  -72.232  30.771 0.4000000060
12340  16.364  -71.523  29.749 0.6999999881
12341  15.446  -71.722  29.901 0.6000000238
12358  19.476  -71.292  28.205 0.8000000119
12359  19.162  -71.906  28.306 0.8000000119
12360  18.352  -72.123  28.698 0.6000000238
12361  16.922  -71.996  28.906 0.6000000238
12364  13.947  -71.898  28.859 0.6999999881
12375  19.265  -71.692  27.534 0.6999999881
12384  18.234  -71.909  26.335 0.8000000119
12394  16.869  -72.277  25.511 0.6999999881
12395  16.047  -71.250  25.838 0.8000000119
12403  14.230  -71.600  24.649 0.6999999881
12405  13.077  -71.303  24.136 0.6999999881
12416  11.614  -71.147  23.030 0.6000000238
12428  11.027  -70.340  22.285 0.6000000238
12445  10.150  -70.510  20.748 0.6000000238
12446  9.666  -71.352  20.320 0.5000000000
12478  15.053  -70.938  19.191 0.5000000000
12479  14.013  -70.810  19.436 0.5000000000
12483  9.898  -71.261  19.597 0.6000000238
12484  9.668  -71.490  19.709 0.5000000000
12496  17.165  -71.321  18.281 0.5000000000
12498  15.364  -71.577  18.529 0.5000000000
12512  15.629  -72.058  17.895 0.5000000000
13065  12.578  -70.947  33.085 0.5000000000
13085  14.175  -70.409  31.663 0.6000000238
13095  18.699  -70.712  29.456 0.8000000119
13109  19.328  -70.635  28.795 0.8000000119
13116  18.597  -70.030  27.137 0.8000000119
13122  17.855  -70.383  26.903 0.8000000119
13123  16.097  -70.365  26.316 0.8000000119
13124  15.286  -70.205  26.131 0.8000000119
13134  14.763  -69.975  25.781 0.8000000119
13142  21.306  -69.955  23.989 0.6000000238
13143  20.549  -70.239  24.252 0.6000000238
13144  19.616  -70.504  24.144 0.6000000238
13146  16.772  -69.514  24.507 0.6999999881
13147  14.340  -69.752  25.008 0.6999999881
13149  12.792  -70.401  23.730 0.6999999881
13157  20.088  -70.759  23.727 0.6000000238
13158  18.461  -70.691  23.511 0.8000000119
13160  16.705  -69.919  23.599 0.8000000119
13161  12.166  -70.508  23.315 0.8000000119
13162  11.678  -69.948  22.732 0.8000000119
13173  19.932  -70.832  22.941 0.6000000238
13175  17.922  -70.722  22.744 0.6000000238
13178  10.661  -69.860  21.551 0.6000000238
13192  19.216  -70.472  22.168 0.5000000000
13194  17.521  -70.300  21.999 0.5000000000
13196  10.860  -69.184  21.548 0.6999999881
13197  10.633  -69.791  20.981 0.6999999881
13218  13.267  -69.093  20.431 0.6000000238
13219  11.985  -69.629  20.281 0.5000000000
13220  10.910  -69.861  20.543 0.6999999881
13236  15.650  -70.124  19.520 0.5000000000
13238  13.878  -69.886  19.942 0.6000000238
13240  10.221  -70.541  20.026 0.6000000238
13253  17.634  -70.617  18.735 0.5000000000
13791  15.333  -69.964  30.862 0.6999999881
13804  18.758  -69.049  29.669 0.8000000119
13805  17.845  -69.172  30.084 0.8000000119
13812  19.573  -69.577  28.729 0.8000000119
13819  19.756  -69.290  28.278 0.8000000119
13820  19.462  -69.313  27.820 0.8000000119
13829  17.556  -69.244  27.000 0.8000000119
13830  16.687  -69.184  26.493 0.6999999881
13831  15.510  -69.505  26.240 0.8000000119
13837  16.890  -68.557  25.769 0.6999999881
13838  15.931  -69.056  26.089 0.8000000119
13839  15.185  -69.045  25.937 0.8000000119
13840  14.770  -69.264  25.602 0.8000000119
13846  21.910  -69.478  24.374 0.6000000238
13847  20.776  -69.632  24.744 0.6000000238
13850  15.706  -68.858  25.510 0.8000000119
13853  13.816  -69.398  24.139 0.6999999881
13854  13.140  -69.503  23.648 0.6999999881
13863  21.845  -69.477  23.689 0.6000000238
13864  21.295  -69.760  23.108 0.6000000238
13865  15.718  -69.279  24.233 0.8000000119
13868  13.216  -69.156  23.504 0.6999999881
13881  21.009  -68.977  22.126 0.5000000000
13883  19.921  -70.239  22.213 0.5000000000
13884  16.268  -69.469  22.433 0.6000000238
13886  14.014  -68.795  23.066 0.6000000238
13888  12.254  -69.084  22.079 0.6999999881
13889  11.344  -69.009  21.890 0.6999999881
13903  20.188  -69.278  21.717 0.5000000000
13905  17.982  -69.775  21.371 0.5000000000
13907  16.438  -68.799  21.461 0.6000000238
13908  15.489  -68.810  21.951 0.6000000238
13909  11.951  -69.021  21.395 0.6999999881
13910  11.141  -68.992  21.402 0.6999999881
13928  14.943  -68.621  20.657 0.6000000238
13929  14.148  -68.544  20.739 0.6000000238
13931  11.458  -69.242  20.882 0.6999999881
13946  17.148  -69.237  19.518 0.5000000000
13948  15.322  -69.302  20.075 0.5000000000
14492  10.639  -67.774  31.137 0.6999999881
14504  13.703  -69.335  31.157 0.6000000238
14506  11.432  -68.238  31.042 0.6000000238
14515  19.247  -68.255  29.344 0.8000000119
14516  18.383  -68.348  29.629 0.8000000119
14518  16.247  -68.499  29.578 0.6999999881
14519  15.161  -68.700  29.659 0.6999999881
14522  11.587  -68.210  30.047 0.8000000119
14527  19.876  -68.729  28.724 0.8000000119
14529  14.572  -68.298  29.122 0.6999999881
14531  12.474  -68.291  29.025 0.6999999881
14539  18.070  -68.572  26.989 0.6999999881
14544  18.078  -67.892  26.460 0.6999999881
14551  21.366  -68.172  25.166 0.5000000000
14552  17.298  -68.219  25.934 0.6999999881
14565  22.249  -68.673  24.600 0.6000000238
14566  21.562  -69.065  24.864 0.5000000000
14567  20.880  -68.953  24.956 0.5000000000
14569  18.729  -69.107  24.735 0.6999999881
14583  22.306  -68.896  23.835 0.5000000000
14584  13.456  -68.863  22.916 0.8000000119
14599  14.001  -68.457  22.134 0.6999999881
14600  13.287  -68.753  22.012 0.8000000119
14612  18.606  -68.893  20.879 0.5000000000
14613  17.711  -68.722  20.824 0.5000000000
14614  17.052  -68.537  20.911 0.6999999881
14616  14.017  -68.293  21.397 0.6999999881
14617  13.497  -68.636  21.379 0.6999999881
14631  16.399  -68.452  20.703 0.6999999881
14632  15.358  -68.323  20.906 0.6999999881
14634  13.804  -68.498  21.005 0.6000000238
14635  12.960  -68.896  21.057 0.6999999881
14651  16.758  -68.624  20.047 0.5000000000
15224  10.658  -67.461  30.354 0.6999999881
15229  18.077  -67.587  29.379 0.8000000119
15230  17.058  -67.684  29.198 0.6999999881
15233  11.163  -67.779  29.570 0.8000000119
15242  18.599  -67.063  28.919 0.6999999881
15244  16.640  -66.981  28.555 0.6999999881
15248  11.690  -67.885  28.795 0.6999999881
15255  19.273  -67.374  28.191 0.8000000119
15256  18.888  -67.217  27.281 0.6999999881
15257  13.602  -67.005  27.289 0.6000000238
15259  11.490  -67.114  28.177 0.6000000238
15265  18.246  -67.198  25.859 0.6000000238
15278  22.952  -67.028  25.280 0.5000000000
15279  22.205  -67.375  25.575 0.4000000060
15281  20.939  -67.590  25.217 0.4000000060
15282  18.126  -67.424  25.011 0.6999999881
15296  23.204  -67.186  24.403 0.5000000000
15298  20.232  -68.192  24.682 0.6000000238
15299  18.571  -67.877  24.614 0.6999999881
15965  10.596  -67.076  31.598 0.6000000238
15978  11.102  -66.379  29.279 0.6000000238
15986  18.816  -66.761  28.315 0.8000000119
15987  18.494  -65.809  27.729 0.6999999881
15989  15.829  -66.870  27.948 0.6999999881
15991  11.181  -66.577  28.688 0.6000000238
16001  18.780  -66.455  27.602 0.6999999881
16004  14.445  -66.492  27.111 0.6000000238
16006  11.556  -66.378  27.446 0.5000000000
16021  12.901  -65.999  26.424 0.6000000238
16023  11.128  -65.504  27.381 0.5000000000
16034  22.590  -66.668  25.752 0.4000000060
16035  21.992  -66.732  25.941 0.4000000060
16036  21.093  -66.845  25.491 0.4000000060
16037  18.326  -66.435  25.194 0.6999999881
16046  23.550  -66.469  24.784 0.5000000000
16047  20.110  -67.273  24.558 0.6000000238
16048  19.360  -66.587  24.197 0.5000000000
16725  12.117  -65.916  31.799 0.5000000000
16736  10.940  -66.231  30.342 0.6999999881
16748  11.110  -66.059  29.462 0.6999999881
16756  18.168  -65.383  27.746 0.5000000000
16758  11.037  -65.313  28.238 0.6000000238
16769  18.339  -65.075  27.245 0.5000000000
16770  17.884  -64.903  27.381 0.5000000000
16771  17.063  -65.213  27.429 0.6000000238
16773  15.088  -65.910  26.808 0.6000000238
16774  11.017  -65.357  27.855 0.6000000238
16785  18.288  -65.096  26.518 0.6999999881
16786  16.626  -65.156  26.776 0.6000000238
16787  15.722  -65.311  26.310 0.6000000238
16788  14.553  -65.537  26.078 0.6000000238
16789  13.388  -65.510  25.927 0.5000000000
16790  12.278  -65.106  26.203 0.5000000000
16791  11.462  -64.956  26.828 0.4000000060
16799  23.983  -64.947  25.307 0.3000000119
16800  23.350  -65.451  25.715 0.4000000060
16802  20.825  -65.951  25.052 0.5000000000
16803  18.122  -65.492  25.479 0.6000000238
16817  23.861  -65.762  25.098 0.4000000060
16819  19.008  -65.672  23.613 0.5000000000
16820  18.137  -65.750  23.563 0.6000000238
16821  17.784  -64.952  23.387 0.4000000060
16833  18.428  -65.034  23.237 0.4000000060
17549  16.152  -64.620  31.098 0.3000000119
17553  15.704  -65.049  31.006 0.3000000119
17554  14.933  -65.181  30.708 0.4000000060
17555  13.907  -65.184  30.364 0.4000000060
17563  11.236  -65.214  28.499 0.6000000238
17568  13.696  -64.387  29.026 0.5000000000
17578  17.369  -64.802  26.737 0.5000000000
17580  11.243  -64.895  27.362 0.4000000060
17585  17.837  -64.994  25.760 0.5000000000
17587  16.618  -64.853  26.083 0.5000000000
17588  15.821  -64.924  25.554 0.3000000119
17589  12.057  -63.791  25.944 0.4000000060
17598  24.214  -64.190  25.472 0.3000000119
17599  23.363  -64.547  25.817 0.4000000060
17600  22.651  -64.760  26.011 0.4000000060
17602  20.505  -65.073  24.346 0.4000000060
17603  17.311  -65.041  24.781 0.4000000060
17605  15.233  -64.621  24.617 0.3000000119
17606  13.417  -64.396  24.711 0.4000000060
17607  12.591  -63.908  25.052 0.4000000060
17615  24.670  -64.482  24.828 0.4000000060
17617  19.938  -63.877  23.839 0.4000000060
17620  16.046  -64.334  24.023 0.3000000119
17622  13.818  -63.543  23.816 0.4000000060
17634  18.068  -64.410  22.905 0.3000000119
17635  17.335  -64.163  23.153 0.3000000119
18340  12.952  -62.776  33.171 0.5000000000
18342  8.529  -63.295  31.783 0.4000000060
18352  8.412  -62.894  31.269 0.4000000060
18356  16.732  -64.231  31.018 0.3000000119
18367  15.779  -63.570  28.704 0.4000000060
18379  12.616  -63.124  27.063 0.6000000238
18380  12.071  -63.491  26.670 0.4000000060
18381  12.021  -63.651  26.461 0.4000000060
18396  23.685  -63.732  25.646 0.4000000060
18398  22.079  -64.255  25.638 0.5000000000
18399  12.500  -63.358  25.306 0.3000000119
18407  21.782  -63.632  24.862 0.4000000060
18410  12.964  -63.436  24.717 0.4000000060
18421  18.483  -63.918  22.465 0.3000000119
18422  17.887  -63.789  22.680 0.3000000119
18438  18.398  -63.321  22.427 0.3000000119
18439  17.681  -63.118  22.845 0.3000000119
19126  16.456  -63.516  31.361 0.3000000119
19129  14.190  -62.881  32.134 0.5000000000
19170  14.139  -62.130  26.894 0.3000000119
19172  12.298  -62.894  26.393 0.3000000119
19181  12.338  -62.690  26.009 0.4000000060
19187  23.935  -63.162  25.350 0.4000000060
19188  23.312  -63.256  25.338 0.4000000060
19190  12.609  -62.914  25.426 0.3000000119
19200  23.778  -62.657  24.855 0.4000000060
19201  22.942  -62.702  24.654 0.4000000060
19204  13.242  -62.914  24.801 0.3000000119
19230  19.531  -62.558  22.362 0.3000000119
19986  8.745  -61.912  30.866 0.4000000060
20014  10.428  -61.088  29.581 0.4000000060
20046  15.862  -61.512  26.928 0.3000000119
20107  20.137  -61.921  22.323 0.3000000119
20108  19.364  -61.737  22.436 0.3000000119
20120  21.288  -61.225  22.143 0.3000000119
20121  20.605  -61.465  22.234 0.3000000119
20868  9.534  -61.170  30.801 0.3000000119
21009  20.565  -60.763  22.272 0.3000000119
21835  10.261  -59.985  29.879 0.3000000119
116167  15.746  -78.284  18.367 0.6000000238
116272  27.613  -83.149  27.749 0.5000000000
116459  14.110  -64.159  23.932 0.4000000060
116473  31.211  -77.680  23.244 0.6000000238
116799  21.515  -79.908  15.313 0.5000000000
116915  24.106  -81.112  19.944 0.6000000238
117051  33.051  -83.073  20.037 0.6999999881
117329  19.576  -78.167  18.010 0.6000000238
117466  26.615  -88.437  32.213 0.3000000119
117529  19.708  -78.661  16.699 0.6000000238
117995  16.810  -92.896  25.986 0.4000000060
118389  10.298  -70.311  20.387 0.6000000238
119039  12.303  -72.530  26.603 0.6000000238
119266  19.108  -77.152  19.283 0.6000000238
119625  29.618  -84.522  22.652 0.8000000119
119627  10.026  -71.300  21.134 0.6000000238
119731  19.564  -78.902  15.759 0.6000000238
119804  26.491  -84.009  26.064 0.6999999881
119898  26.523  -92.215  26.841 0.3000000119
119899  28.600  -79.871  18.837 0.5000000000
119920  18.636  -66.199  23.956 0.6999999881
120832  11.033  -73.079  22.425 0.5000000000
120986  29.241  -82.436  24.725 0.6000000238
120993  21.859  -60.688  22.056 0.3000000119
121557  28.378  -92.229  30.010 0.3000000119
121637  27.897  -82.986  19.652 0.6999999881
121870  13.549  -66.466  26.826 0.6000000238
122021  15.404  -69.198  23.048 0.6000000238
122437  18.567  -69.866  24.472 0.6000000238
122522  14.316  -64.711  24.799 0.4000000060
122926  12.770  -73.232  23.236 0.6000000238
123181  19.456  -78.121  17.302 0.6000000238
123310  26.679  -85.756  24.431 0.8000000119
123573  11.988  -69.298  22.524 0.6999999881
123744  32.543  -89.445  22.765 0.4000000060
123916  26.888  -81.269  26.153 0.5000000000
123929  24.394  -81.465  19.081 0.5000000000
124002  19.665  -68.093  28.577 0.8000000119
124778  17.950  -79.629  22.263 0.6000000238
124987  22.575  -65.781  25.972 0.4000000060
125115  26.166  -93.650  32.159 0.4000000060
125116  22.068  -65.128  26.009 0.4000000060
125246  26.590  -81.121  27.268 0.5000000000
125408  9.876  -72.915  21.047 0.6000000238
125564  11.859  -64.438  26.368 0.4000000060
125577  13.254  -68.504  29.661 0.6000000238
125764  30.772  -79.171  24.184 0.6000000238
125955  24.287  -75.516  18.980 0.5000000000
126224  19.044  -69.807  29.326 0.8000000119
126625  16.996  -70.508  26.598 0.8000000119
126699  16.243  -69.719  23.218 0.6999999881
126971  10.359  -72.999  21.751 0.6000000238
127390  26.745  -77.950  17.683 0.6000000238
127478  26.483  -90.751  33.868 0.4000000060
127509  18.665  -69.993  21.538 0.5000000000
127553  12.126  -63.079  26.229 0.4000000060
127645  28.995  -89.334  28.303 0.4000000060
127836  13.794  -72.179  30.446 0.6999999881
128008  26.018  -78.456  21.214 0.6999999881
128065  16.173  -93.910  25.659 0.4000000060
128126  17.404  -66.234  28.427 0.6000000238
128261  19.252  -70.248  27.456 0.8000000119
128683  26.602  -83.981  26.624 0.5000000000
128787  14.497  -70.828  25.279 0.6999999881
128913  17.292  -69.258  25.064 0.6999999881
129032  22.060  -77.252  24.172 0.6000000238
129312  19.505  -67.876  28.012 0.8000000119
129425  14.525  -74.040  26.430 0.5000000000
129514  12.101  -71.511  19.615 0.6000000238
129687  27.556  -89.112  27.224 0.4000000060
129781  12.722  -69.262  23.151 0.8000000119
129805  32.491  -88.140  36.140 0.3000000119
129966  24.896  -91.233  24.905 0.4000000060
130039  29.660  -81.027  22.457 0.6999999881
130069  10.115  -61.457  30.111 0.4000000060
130211  28.426  -91.931  20.808 0.4000000060
130264  13.482  -75.874  24.475 0.5000000000
130757  22.372  -87.536  31.986 0.3000000119
130982  24.213  -78.864  11.968 0.6000000238
131090  19.285  -67.537  24.383 0.6000000238
131105  27.855  -84.391  23.504 0.8000000119
131152  25.287  -76.543  20.302 0.8000000119
131418  28.857  -92.124  20.981 0.3000000119
131872  16.782  -64.822  24.719 0.3000000119
132017  19.379  -70.832  23.579 0.6000000238
132074  16.156  -76.766  15.151 0.6999999881
132150  16.838  -81.776  19.559 0.6000000238
132638  25.564  -78.676  11.689 0.6000000238
132703  16.853  -80.142  22.387 0.5000000000
132731  19.502  -70.989  27.529 0.8000000119
132809  23.706  -80.423  21.218 0.6000000238
133251  13.125  -75.326  23.321 0.5000000000
133466  18.773  -78.385  14.597 0.6999999881
133471  17.806  -70.700  29.943 0.8000000119
133780  32.167  -89.771  24.376 0.3000000119
133814  12.120  -70.663  19.962 0.6000000238
134042  16.145  -82.304  18.643 0.6000000238
134147  18.104  -62.690  22.658 0.3000000119
134324  17.164  -63.483  23.054 0.3000000119
134750  12.721  -73.415  26.287 0.6000000238
134867  31.005  -91.120  21.208 0.4000000060
134935  26.213  -89.802  25.288 0.3000000119
135499  14.903  -75.292  24.973 0.6000000238
135839  13.633  -71.686  31.523 0.5000000000
136040  22.977  -85.670  31.781 0.3000000119
136176  10.633  -67.506  31.583 0.6000000238
136324  25.980  -80.129  22.458 0.6999999881
136381  16.268  -74.876  20.453 0.6000000238
136407  9.574  -72.463  18.951 0.5000000000
136427  13.920  -71.866  31.164 0.5000000000
136542  19.718  -68.270  29.021 0.8000000119
136665  27.296  -86.719  23.917 0.8000000119
137118  29.427  -92.257  22.253 0.4000000060
137143  25.722  -93.635  32.828 0.5000000000
137180  11.020  -60.666  29.109 0.3000000119
137427  16.853  -90.913  28.404 0.5000000000
137438  22.525  -79.525  13.432 0.5000000000
137783  23.264  -78.212  17.367 0.6000000238
137817  21.227  -79.545  17.595 0.6000000238
137923  16.819  -63.704  23.194 0.3000000119
137936  29.800  -80.345  25.017 0.6000000238
137991  23.697  -80.731  20.316 0.6000000238
138294  11.124  -62.958  33.000 0.4000000060
138415  20.016  -91.431  26.921 0.4000000060
138554  31.324  -82.512  23.650 0.8000000119
138619  21.829  -67.751  25.435 0.5000000000
138676  14.671  -73.292  18.231 0.6000000238
138775  24.337  -79.286  12.092 0.6000000238
138838  17.333  -74.625  19.051 0.6999999881
139099  18.442  -65.630  26.232 0.6999999881
139137  14.899  -74.954  16.333 0.5000000000
139183  11.942  -71.984  19.417 0.6000000238
139412  24.675  -65.176  23.826 0.4000000060
139434  32.117  -77.679  21.034 0.6000000238
139490  28.431  -85.915  21.666 0.6000000238
139591  27.809  -92.663  29.938 0.4000000060
139597  26.657  -91.395  20.925 0.4000000060
139637  21.573  -79.805  23.798 0.6000000238
139820  25.069  -76.678  16.595 0.5000000000
139870  9.537  -71.791  20.028 0.5000000000
140046  18.559  -78.871  19.079 0.6999999881
140218  21.946  -79.631  13.719 0.5000000000
140250  15.261  -74.950  20.357 0.5000000000
140402  24.722  -78.628  22.311 0.6999999881
140473  20.513  -79.675  24.478 0.6000000238
140588  25.322  -63.678  24.552 0.3000000119
140665  25.969  -82.493  21.232 0.6999999881
140826  28.454  -79.155  22.700 0.6999999881
140962  16.089  -70.672  30.575 0.6999999881
140979  18.827  -77.511  17.003 0.6000000238
