#!ascii label  , from subject sub-04 vox2ras=TkReg
1474
82668  -43.034  2.926  50.010 0.0000000000
126516  -47.119  1.101  26.868 0.0000000000
119637  -42.060  8.023  40.955 0.0000000000
78701  -45.847  -1.386  38.803 0.0000000000
78587  -47.045  -0.826  48.144 0.0000000000
84106  -44.947  5.430  38.225 0.0000000000
88204  -48.304  12.162  35.399 0.0000000000
91335  -41.988  16.343  38.232 0.0000000000
76101  -39.910  -4.318  53.181 0.0000000000
80417  -42.168  0.639  44.356 0.0000000000
81327  -42.469  1.540  38.119 0.0000000000
83313  -44.949  4.254  44.725 0.0000000000
90031  -43.868  14.168  43.034 0.0000000000
87552  -45.637  10.794  37.732 0.0000000000
91320  -47.415  16.893  38.835 0.0000000000
91353  -45.037  16.121  35.182 0.0000000000
92592  -46.632  18.701  41.734 0.0000000000
81452  -43.010  1.765  25.380 0.0000000000
84719  -39.310  6.493  51.433 0.0000000000
85432  -44.671  7.597  48.590 0.0000000000
79570  -51.292  -0.310  39.783 0.0000000000
77790  -47.234  -1.965  43.355 0.0000000000
119982  -42.270  -1.049  47.211 0.0000000000
129533  -41.957  -2.839  50.681 0.0000000000
82111  -43.187  2.326  31.131 0.0000000000
84185  -43.181  6.179  29.318 0.0000000000
86129  -49.106  8.238  43.707 0.0000000000
85528  -49.863  7.860  36.563 0.0000000000
86949  -46.027  9.306  29.663 0.0000000000
86920  -44.026  9.229  34.896 0.0000000000
88197  -40.632  11.935  35.334 0.0000000000
81992  -41.951  2.696  47.162 0.0000000000
115723  -43.372  2.639  44.266 0.0000000000
83305  -43.842  4.558  46.879 0.0000000000
90028  -46.705  14.836  44.767 0.0000000000
90682  -45.710  15.777  41.454 0.0000000000
91277  -49.053  16.872  42.306 0.0000000000
92635  -48.624  19.028  39.179 0.0000000000
80602  -45.321  1.268  25.627 0.0000000000
112582  -36.463  5.718  49.499 0.0000000000
84002  -39.131  5.854  48.450 0.0000000000
78617  -47.206  -1.280  45.421 0.0000000000
78614  -43.838  -1.558  45.908 0.0000000000
78595  -44.711  -1.392  47.447 0.0000000000
76134  -40.956  -4.465  51.740 0.0000000000
80382  -38.054  -0.067  49.992 0.0000000000
133183  -37.915  1.934  51.503 0.0000000000
80369  -36.204  0.790  51.122 0.0000000000
79625  -45.802  -0.431  36.072 0.0000000000
128814  -43.126  3.692  38.002 0.0000000000
81371  -42.757  1.716  34.787 0.0000000000
83385  -42.696  4.213  34.167 0.0000000000
83405  -42.472  4.506  30.739 0.0000000000
84146  -44.164  5.994  34.002 0.0000000000
84804  -43.732  6.660  45.046 0.0000000000
119514  -47.415  8.280  46.900 0.0000000000
85475  -45.056  7.782  42.447 0.0000000000
88178  -48.095  12.277  36.733 0.0000000000
86903  -49.176  9.151  37.699 0.0000000000
87581  -50.628  9.958  35.502 0.0000000000
86239  -49.317  8.881  31.300 0.0000000000
86931  -48.170  9.568  32.717 0.0000000000
86229  -44.841  8.651  32.435 0.0000000000
87578  -46.322  10.944  35.024 0.0000000000
91343  -43.076  15.813  36.757 0.0000000000
89471  -42.227  13.825  34.414 0.0000000000
90117  -41.204  14.353  34.360 0.0000000000
111531  -38.674  12.941  33.896 0.0000000000
90103  -39.276  14.656  36.142 0.0000000000
79529  -43.298  -0.980  41.627 0.0000000000
79583  -43.559  -0.504  38.338 0.0000000000
81291  -42.728  1.115  41.286 0.0000000000
82032  -43.301  2.721  40.794 0.0000000000
83332  -45.678  4.415  41.150 0.0000000000
88802  -41.470  12.443  40.886 0.0000000000
127154  -43.545  9.883  39.012 0.0000000000
89444  -43.599  13.436  39.333 0.0000000000
90081  -45.428  14.659  38.457 0.0000000000
90092  -47.489  15.065  36.630 0.0000000000
124904  -47.116  14.523  35.192 0.0000000000
91997  -47.925  17.985  36.112 0.0000000000
91990  -45.564  17.531  38.086 0.0000000000
91972  -44.198  17.776  40.073 0.0000000000
82797  -41.408  3.262  25.338 0.0000000000
129126  -41.987  5.040  51.839 0.0000000000
83293  -44.737  5.734  51.327 0.0000000000
85399  -42.472  7.397  51.163 0.0000000000
84033  -41.113  5.771  46.254 0.0000000000
85464  -40.304  7.029  42.876 0.0000000000
86844  -38.284  9.105  43.342 0.0000000000
87506  -40.079  11.094  41.913 0.0000000000
79567  -49.173  -1.147  39.030 0.0000000000
78654  -49.596  -1.292  41.384 0.0000000000
117731  -46.635  -2.217  41.182 0.0000000000
133473  -43.711  -1.951  43.353 0.0000000000
79493  -41.672  -0.201  46.154 0.0000000000
79459  -47.528  -1.372  50.245 0.0000000000
76911  -43.637  -3.778  53.752 0.0000000000
76941  -44.487  -3.407  51.338 0.0000000000
77758  -45.107  -2.446  49.457 0.0000000000
78562  -42.638  -1.709  50.176 0.0000000000
128795  -42.290  1.750  51.108 0.0000000000
80576  -46.969  1.465  29.686 0.0000000000
80518  -44.264  0.238  35.301 0.0000000000
80565  -44.517  0.973  31.545 0.0000000000
81434  -44.943  1.628  28.454 0.0000000000
125561  -43.706  2.593  27.258 0.0000000000
82798  -42.590  3.882  25.884 0.0000000000
84965  -41.989  6.861  25.708 0.0000000000
84034  -46.025  5.818  47.879 0.0000000000
127590  -47.376  5.880  44.638 0.0000000000
84089  -47.817  5.855  40.870 0.0000000000
86170  -46.746  8.563  40.455 0.0000000000
84857  -50.891  7.948  39.965 0.0000000000
84872  -46.953  6.526  37.496 0.0000000000
85547  -47.080  7.469  33.354 0.0000000000
128095  -45.743  8.048  29.151 0.0000000000
85585  -42.523  8.467  27.742 0.0000000000
111056  -44.435  12.548  35.249 0.0000000000
114586  -42.394  10.339  35.662 0.0000000000
121235  -40.704  8.699  36.503 0.0000000000
131248  -38.765  9.965  36.989 0.0000000000
87561  -36.141  11.250  35.914 0.0000000000
82673  -42.686  3.269  48.778 0.0000000000
82678  -42.575  3.471  47.557 0.0000000000
82679  -43.212  3.993  48.344 0.0000000000
90667  -47.254  15.470  43.598 0.0000000000
91939  -49.597  17.587  42.424 0.0000000000
80603  -45.902  0.970  25.864 0.0000000000
78598  -46.901  -0.757  47.359 0.0000000000
78607  -45.941  -1.246  46.462 0.0000000000
111931  -46.234  -1.123  48.042 0.0000000000
79467  -37.521  -0.934  49.789 0.0000000000
116676  -36.715  0.377  50.633 0.0000000000
79587  -47.182  -1.192  38.018 0.0000000000
79600  -45.865  -0.874  37.437 0.0000000000
83360  -44.166  4.762  38.388 0.0000000000
82747  -43.216  4.114  36.715 0.0000000000
84126  -44.126  5.138  36.094 0.0000000000
84145  -43.828  5.490  34.460 0.0000000000
118875  -44.527  5.706  35.586 0.0000000000
84825  -42.672  6.738  42.753 0.0000000000
85465  -44.214  7.225  43.346 0.0000000000
85486  -43.571  7.586  41.640 0.0000000000
88827  -48.327  12.793  36.274 0.0000000000
87567  -49.060  10.806  36.427 0.0000000000
88216  -49.391  10.956  34.978 0.0000000000
87593  -49.681  10.006  33.643 0.0000000000
87587  -48.214  10.618  34.484 0.0000000000
86923  -47.499  9.892  33.895 0.0000000000
88214  -47.905  11.465  35.073 0.0000000000
91336  -42.606  16.017  37.770 0.0000000000
90746  -42.438  15.295  36.047 0.0000000000
90745  -41.542  15.146  36.439 0.0000000000
90104  -40.158  14.585  35.961 0.0000000000
90733  -40.428  15.497  37.609 0.0000000000
111862  -42.766  -0.166  42.890 0.0000000000
79536  -43.054  -0.391  41.448 0.0000000000
111706  -42.716  0.683  42.853 0.0000000000
82691  -43.843  3.293  44.651 0.0000000000
82015  -43.509  2.463  42.514 0.0000000000
82695  -44.669  3.445  43.481 0.0000000000
113280  -44.677  3.618  41.873 0.0000000000
82696  -45.312  3.791  43.094 0.0000000000
89422  -42.493  13.526  41.888 0.0000000000
115998  -42.777  13.313  39.988 0.0000000000
90046  -43.650  14.387  41.212 0.0000000000
91312  -46.472  16.383  39.697 0.0000000000
90714  -45.007  15.382  39.535 0.0000000000
90725  -46.105  15.356  38.388 0.0000000000
90091  -46.859  14.539  37.479 0.0000000000
127292  -47.766  16.462  37.358 0.0000000000
90748  -47.878  16.593  35.690 0.0000000000
115313  -48.374  17.884  37.372 0.0000000000
92624  -47.206  18.936  40.424 0.0000000000
92639  -46.819  18.408  38.885 0.0000000000
92633  -45.884  18.273  39.624 0.0000000000
91985  -44.877  17.548  38.814 0.0000000000
91951  -44.775  18.196  40.763 0.0000000000
81457  -42.414  2.098  25.069 0.0000000000
83280  -40.705  5.804  52.376 0.0000000000
132038  -42.465  6.196  51.895 0.0000000000
112572  -41.096  6.932  51.457 0.0000000000
114212  -38.843  5.296  46.074 0.0000000000
84017  -40.742  5.708  47.776 0.0000000000
84045  -40.373  5.496  45.684 0.0000000000
111329  -40.978  6.135  43.981 0.0000000000
84811  -39.740  6.503  43.334 0.0000000000
86841  -37.692  9.953  44.365 0.0000000000
86846  -39.339  9.590  42.429 0.0000000000
88135  -39.558  11.238  43.065 0.0000000000
88791  -40.521  12.269  42.915 0.0000000000
125147  -40.844  12.329  44.876 0.0000000000
129684  -50.087  -0.405  38.300 0.0000000000
79569  -50.496  -0.797  39.646 0.0000000000
78639  -49.251  -1.342  43.017 0.0000000000
78643  -47.709  -1.829  42.787 0.0000000000
78652  -47.896  -1.826  41.801 0.0000000000
77797  -46.372  -2.337  42.599 0.0000000000
77796  -45.505  -2.463  42.391 0.0000000000
77788  -45.718  -2.405  43.367 0.0000000000
78604  -43.365  -1.434  46.650 0.0000000000
118933  -42.452  -1.057  45.513 0.0000000000
79494  -42.099  -0.767  46.322 0.0000000000
76103  -41.576  -4.339  53.338 0.0000000000
112877  -43.103  -3.760  51.816 0.0000000000
76957  -43.220  -3.277  51.156 0.0000000000
76959  -44.894  -3.212  50.770 0.0000000000
77740  -43.764  -2.772  50.140 0.0000000000
77756  -43.636  -2.245  49.334 0.0000000000
77739  -42.461  -2.333  50.568 0.0000000000
81961  -40.910  2.870  51.653 0.0000000000
81223  -39.700  2.000  51.381 0.0000000000
81423  -47.867  1.876  29.633 0.0000000000
80471  -42.970  0.139  37.974 0.0000000000
79611  -43.732  -0.090  36.898 0.0000000000
80501  -42.750  0.932  36.735 0.0000000000
81398  -42.896  2.081  33.039 0.0000000000
118420  -43.354  1.323  33.389 0.0000000000
81410  -43.539  1.731  31.595 0.0000000000
80574  -44.894  1.006  30.732 0.0000000000
81420  -43.739  1.874  30.564 0.0000000000
133824  -44.538  1.839  27.929 0.0000000000
82121  -43.322  2.413  30.009 0.0000000000
84176  -42.720  5.293  30.114 0.0000000000
83416  -42.519  4.678  28.344 0.0000000000
120393  -42.546  5.665  27.562 0.0000000000
83427  -41.909  4.945  26.017 0.0000000000
84184  -42.991  6.457  27.940 0.0000000000
85402  -44.968  7.324  50.569 0.0000000000
84004  -45.265  5.878  49.601 0.0000000000
84758  -46.491  7.748  49.257 0.0000000000
86114  -48.089  8.210  45.953 0.0000000000
84791  -47.892  7.172  46.359 0.0000000000
84816  -48.700  6.804  43.946 0.0000000000
84069  -48.168  5.697  42.557 0.0000000000
84070  -48.852  6.261  42.086 0.0000000000
86889  -44.451  9.993  38.664 0.0000000000
130195  -45.056  8.596  39.447 0.0000000000
86890  -45.953  9.463  38.381 0.0000000000
86202  -50.974  8.300  37.545 0.0000000000
86196  -50.586  8.313  38.936 0.0000000000
84874  -49.674  7.532  38.121 0.0000000000
84865  -48.789  6.916  38.742 0.0000000000
85527  -47.856  7.351  36.317 0.0000000000
85534  -47.306  7.390  35.283 0.0000000000
85541  -47.458  7.550  34.198 0.0000000000
86951  -47.774  9.036  30.274 0.0000000000
85577  -47.132  8.467  30.013 0.0000000000
86267  -45.648  8.986  28.913 0.0000000000
86273  -43.624  8.681  27.579 0.0000000000
86265  -44.231  9.086  27.968 0.0000000000
112110  -41.986  8.217  28.816 0.0000000000
85574  -43.446  8.459  29.944 0.0000000000
117890  -44.181  8.625  33.486 0.0000000000
126095  -43.295  8.103  32.915 0.0000000000
90132  -45.956  15.644  35.007 0.0000000000
112733  -45.328  13.118  35.168 0.0000000000
90131  -44.755  14.902  34.546 0.0000000000
89488  -41.384  13.750  34.140 0.0000000000
88199  -42.641  11.920  35.293 0.0000000000
118513  -41.332  11.272  35.602 0.0000000000
87566  -41.175  9.967  36.251 0.0000000000
87574  -40.689  10.856  35.981 0.0000000000
86908  -39.642  9.840  36.787 0.0000000000
87564  -39.741  10.733  36.311 0.0000000000
88844  -37.445  12.643  33.809 0.0000000000
88196  -37.258  11.897  34.414 0.0000000000
122151  -36.410  11.983  34.318 0.0000000000
87560  -35.423  11.300  35.688 0.0000000000
81991  -41.755  1.919  45.936 0.0000000000
81271  -42.467  1.445  44.470 0.0000000000
81998  -42.341  2.680  45.590 0.0000000000
123114  -43.513  4.048  46.130 0.0000000000
128757  -44.293  4.402  45.942 0.0000000000
90047  -44.308  14.757  41.743 0.0000000000
90666  -46.074  15.287  43.239 0.0000000000
90683  -46.653  16.187  41.753 0.0000000000
91314  -48.737  17.780  40.209 0.0000000000
91980  -48.712  18.751  39.081 0.0000000000
91953  -49.443  18.129  40.518 0.0000000000
92605  -48.852  19.070  40.973 0.0000000000
80601  -44.714  1.599  25.615 0.0000000000
84742  -38.036  6.326  50.309 0.0000000000
84728  -39.479  6.757  50.665 0.0000000000
83989  -38.157  6.010  49.502 0.0000000000
78626  -46.723  -1.788  44.832 0.0000000000
77782  -45.408  -2.339  44.337 0.0000000000
78615  -45.531  -1.723  45.834 0.0000000000
78605  -44.251  -1.456  46.693 0.0000000000
78594  -43.683  -1.540  47.571 0.0000000000
76121  -40.439  -4.527  52.423 0.0000000000
116500  -40.352  -3.310  50.583 0.0000000000
80371  -38.573  0.662  50.420 0.0000000000
81233  -39.117  1.382  50.878 0.0000000000
81232  -38.006  1.363  51.059 0.0000000000
81231  -37.050  1.011  51.184 0.0000000000
82733  -42.770  3.072  38.325 0.0000000000
115671  -42.474  1.709  36.238 0.0000000000
116731  -42.450  2.715  36.097 0.0000000000
82757  -42.536  3.594  34.889 0.0000000000
82099  -42.525  3.004  32.677 0.0000000000
82120  -42.777  2.920  30.643 0.0000000000
83392  -42.673  4.826  32.802 0.0000000000
84163  -43.014  5.378  32.090 0.0000000000
84164  -43.852  6.087  32.150 0.0000000000
84778  -43.982  6.939  47.032 0.0000000000
85441  -45.780  8.074  47.657 0.0000000000
85448  -45.252  7.468  45.876 0.0000000000
116886  -46.111  7.823  44.404 0.0000000000
86127  -47.507  8.451  43.358 0.0000000000
88176  -46.382  11.631  37.409 0.0000000000
86901  -46.922  9.774  37.883 0.0000000000
87554  -48.284  10.619  36.905 0.0000000000
126654  -50.628  9.394  36.800 0.0000000000
86217  -50.967  8.882  35.961 0.0000000000
86223  -49.667  8.544  34.368 0.0000000000
86232  -50.060  9.085  33.161 0.0000000000
86939  -49.223  9.380  31.604 0.0000000000
86943  -47.253  9.251  30.594 0.0000000000
86238  -45.540  9.134  31.355 0.0000000000
86929  -46.509  9.353  32.650 0.0000000000
132086  -45.851  9.219  33.394 0.0000000000
87585  -45.357  10.243  34.920 0.0000000000
91344  -44.243  16.094  36.068 0.0000000000
90762  -44.009  15.018  34.468 0.0000000000
90753  -42.701  14.991  35.054 0.0000000000
90130  -41.327  14.119  34.026 0.0000000000
89487  -40.824  13.956  33.893 0.0000000000
112624  -39.674  12.287  35.105 0.0000000000
90128  -40.128  13.711  34.592 0.0000000000
89470  -39.134  13.481  34.675 0.0000000000
90113  -37.741  14.199  35.336 0.0000000000
78671  -44.455  -1.501  40.216 0.0000000000
78700  -44.965  -1.176  38.876 0.0000000000
79548  -43.402  -0.768  40.185 0.0000000000
79564  -42.944  -0.153  39.871 0.0000000000
80459  -42.607  0.729  39.664 0.0000000000
81277  -42.978  1.674  42.902 0.0000000000
81303  -42.946  1.993  41.077 0.0000000000
82038  -42.600  2.283  39.547 0.0000000000
82726  -43.348  3.455  39.863 0.0000000000
113250  -44.075  4.435  39.252 0.0000000000
83353  -45.329  4.956  39.857 0.0000000000
87520  -41.557  10.129  40.329 0.0000000000
86166  -42.761  8.826  40.012 0.0000000000
88161  -42.317  11.356  39.754 0.0000000000
88162  -42.967  11.636  39.335 0.0000000000
88814  -44.306  12.500  38.312 0.0000000000
90054  -44.167  14.965  40.795 0.0000000000
129863  -44.171  13.961  38.998 0.0000000000
88818  -45.073  12.351  37.825 0.0000000000
88820  -47.165  13.089  37.343 0.0000000000
88821  -47.875  12.985  36.845 0.0000000000
89463  -48.302  13.250  35.569 0.0000000000
89475  -47.700  13.745  35.056 0.0000000000
90122  -47.623  14.609  35.642 0.0000000000
90757  -47.322  16.326  35.252 0.0000000000
91346  -46.759  17.324  35.563 0.0000000000
91986  -48.018  18.402  37.408 0.0000000000
116169  -47.418  18.340  37.141 0.0000000000
91345  -45.539  16.706  35.959 0.0000000000
133249  -44.682  16.570  36.655 0.0000000000
91329  -43.385  16.693  38.525 0.0000000000
91319  -43.081  16.997  39.080 0.0000000000
82650  -43.707  3.950  51.289 0.0000000000
132931  -44.152  4.170  51.117 0.0000000000
83284  -43.753  4.802  51.811 0.0000000000
84723  -43.785  6.380  51.761 0.0000000000
85414  -43.373  7.683  49.907 0.0000000000
84745  -40.522  6.655  49.670 0.0000000000
84755  -41.916  6.719  48.799 0.0000000000
84765  -42.934  6.738  47.927 0.0000000000
84789  -42.673  6.384  45.965 0.0000000000
84824  -41.962  6.527  42.981 0.0000000000
119685  -41.251  7.458  42.060 0.0000000000
85462  -38.491  7.512  42.968 0.0000000000
85470  -39.042  8.077  42.607 0.0000000000
86133  -40.221  8.127  42.000 0.0000000000
86856  -40.755  9.375  41.207 0.0000000000
88152  -40.650  11.319  41.291 0.0000000000
89421  -41.749  13.080  42.287 0.0000000000
89411  -43.189  13.843  43.392 0.0000000000
116663  -48.655  -0.703  37.965 0.0000000000
78703  -47.781  -1.384  38.779 0.0000000000
79538  -51.059  -0.533  41.843 0.0000000000
79549  -50.254  -1.051  40.368 0.0000000000
78676  -49.421  -1.376  40.563 0.0000000000
78674  -47.605  -1.757  40.382 0.0000000000
78672  -45.715  -1.960  40.071 0.0000000000
77809  -44.418  -2.084  41.354 0.0000000000
77808  -43.927  -1.890  41.952 0.0000000000
78634  -42.730  -1.122  43.755 0.0000000000
77780  -43.872  -1.971  44.518 0.0000000000
78623  -42.580  -1.178  44.543 0.0000000000
80416  -41.729  0.433  45.046 0.0000000000
81260  -41.452  1.214  46.392 0.0000000000
76913  -45.243  -3.476  53.399 0.0000000000
76123  -42.093  -4.280  52.590 0.0000000000
117820  -43.996  -3.699  52.913 0.0000000000
77720  -46.056  -3.019  52.024 0.0000000000
77728  -45.698  -2.875  51.022 0.0000000000
77743  -46.256  -2.357  50.324 0.0000000000
78576  -45.741  -1.810  48.911 0.0000000000
77765  -44.793  -2.048  48.765 0.0000000000
78584  -43.539  -1.845  48.508 0.0000000000
79479  -42.514  -1.323  48.226 0.0000000000
82662  -43.105  2.828  50.917 0.0000000000
123077  -41.847  3.347  51.565 0.0000000000
82648  -40.866  3.695  51.952 0.0000000000
83278  -39.671  4.750  52.749 0.0000000000
83952  -38.418  5.681  52.181 0.0000000000
81425  -49.092  2.472  29.204 0.0000000000
81436  -48.316  1.688  28.297 0.0000000000
81446  -47.524  1.526  27.478 0.0000000000
79599  -44.943  -0.743  37.457 0.0000000000
79624  -44.944  -0.246  35.885 0.0000000000
81372  -43.123  1.022  35.105 0.0000000000
80543  -43.840  0.612  33.777 0.0000000000
80557  -45.505  0.562  32.357 0.0000000000
80575  -45.992  0.990  30.443 0.0000000000
80583  -46.460  1.520  28.969 0.0000000000
81445  -45.991  1.725  26.575 0.0000000000
81444  -45.246  1.901  26.610 0.0000000000
111041  -44.849  2.109  25.702 0.0000000000
82144  -43.706  2.642  25.275 0.0000000000
82789  -42.605  3.760  28.973 0.0000000000
82143  -43.456  3.114  26.257 0.0000000000
82799  -43.297  3.113  24.987 0.0000000000
83442  -41.858  3.673  24.701 0.0000000000
83433  -41.570  4.418  25.641 0.0000000000
84194  -41.607  5.526  26.192 0.0000000000
83300  -44.504  5.109  49.805 0.0000000000
83306  -44.825  5.176  47.648 0.0000000000
83310  -45.301  5.036  46.156 0.0000000000
84769  -47.329  7.782  48.012 0.0000000000
84036  -46.961  6.309  46.881 0.0000000000
84057  -46.065  5.182  44.850 0.0000000000
83323  -46.589  4.692  42.449 0.0000000000
83343  -46.355  4.964  40.834 0.0000000000
115635  -45.679  5.524  39.163 0.0000000000
86168  -44.287  8.196  40.470 0.0000000000
127864  -46.212  8.375  41.773 0.0000000000
86136  -48.847  8.567  42.223 0.0000000000
128094  -47.648  8.755  39.087 0.0000000000
86172  -50.103  8.467  40.798 0.0000000000
126706  -50.167  8.051  42.201 0.0000000000
84846  -48.898  6.412  40.371 0.0000000000
84854  -47.518  6.278  39.158 0.0000000000
115929  -45.511  5.929  37.644 0.0000000000
84889  -44.991  6.360  35.082 0.0000000000
84915  -45.437  6.963  32.001 0.0000000000
110640  -47.854  7.796  32.291 0.0000000000
85556  -46.418  7.460  31.419 0.0000000000
84934  -45.159  7.505  29.284 0.0000000000
84950  -43.562  7.957  27.395 0.0000000000
85604  -42.194  7.591  26.303 0.0000000000
120716  -43.841  8.364  31.481 0.0000000000
88202  -46.493  11.955  35.213 0.0000000000
129538  -45.412  11.232  35.210 0.0000000000
111324  -44.633  10.704  35.232 0.0000000000
89472  -43.372  13.675  34.781 0.0000000000
127684  -43.436  11.423  35.432 0.0000000000
86916  -43.530  9.743  35.280 0.0000000000
121455  -42.249  8.996  35.522 0.0000000000
86209  -41.126  8.163  36.177 0.0000000000
85525  -40.153  7.288  36.815 0.0000000000
88186  -38.209  11.866  35.035 0.0000000000
128070  -38.061  10.503  36.815 0.0000000000
110975  -41.781  16.821  39.127 0.0000000000
121921  -41.113  16.541  38.881 0.0000000000
90722  -40.207  15.863  38.120 0.0000000000
90731  -38.859  15.328  37.619 0.0000000000
90101  -37.486  14.765  36.276 0.0000000000
82674  -43.374  3.776  49.492 0.0000000000
80604  -46.363  1.176  26.257 0.0000000000
79486  -47.587  -0.505  47.708 0.0000000000
79495  -47.622  -0.615  46.858 0.0000000000
78597  -46.270  -0.956  47.081 0.0000000000
78571  -36.763  -1.571  49.701 0.0000000000
78702  -46.762  -1.487  38.776 0.0000000000
79586  -46.292  -1.175  38.102 0.0000000000
83367  -44.229  5.046  37.504 0.0000000000
83373  -43.757  4.783  36.782 0.0000000000
83374  -44.314  5.244  36.798 0.0000000000
84117  -44.820  5.580  37.236 0.0000000000
127944  -42.650  7.600  41.435 0.0000000000
85473  -43.109  7.175  42.203 0.0000000000
132278  -43.236  7.760  41.150 0.0000000000
88828  -48.519  12.471  35.657 0.0000000000
88189  -48.924  11.523  35.882 0.0000000000
88205  -48.806  11.629  35.424 0.0000000000
87588  -49.175  10.544  34.383 0.0000000000
88215  -48.684  11.290  35.037 0.0000000000
133091  -42.009  16.053  37.914 0.0000000000
90735  -42.060  15.660  37.291 0.0000000000
128310  -41.548  16.034  37.956 0.0000000000
90734  -41.190  15.600  37.439 0.0000000000
80423  -42.387  0.212  43.615 0.0000000000
82692  -44.520  3.613  44.292 0.0000000000
82693  -45.183  4.120  43.891 0.0000000000
89415  -43.163  13.899  42.481 0.0000000000
89423  -43.133  13.914  41.567 0.0000000000
90036  -43.733  14.287  42.127 0.0000000000
90715  -46.046  15.841  39.083 0.0000000000
90726  -47.016  16.163  38.196 0.0000000000
91331  -47.978  17.101  37.765 0.0000000000
91332  -48.382  17.870  38.105 0.0000000000
92604  -47.524  19.023  41.113 0.0000000000
92623  -46.115  18.540  40.340 0.0000000000
92622  -45.153  18.231  40.184 0.0000000000
92602  -45.500  18.478  40.792 0.0000000000
80600  -43.647  1.370  25.931 0.0000000000
81442  -42.801  1.351  26.754 0.0000000000
83954  -40.023  6.192  52.053 0.0000000000
84720  -40.868  6.436  51.976 0.0000000000
111096  -40.184  6.768  51.443 0.0000000000
84043  -38.491  5.380  45.394 0.0000000000
84044  -39.343  5.360  45.497 0.0000000000
84053  -38.909  5.591  44.659 0.0000000000
84054  -39.833  5.544  44.695 0.0000000000
84801  -39.323  5.979  43.931 0.0000000000
88130  -39.632  11.633  44.540 0.0000000000
88133  -39.977  11.785  43.632 0.0000000000
79590  -50.827  -0.300  38.865 0.0000000000
77798  -47.028  -2.175  42.813 0.0000000000
77789  -46.627  -2.203  43.397 0.0000000000
78603  -42.632  -1.202  46.495 0.0000000000
120436  -41.789  -0.490  47.074 0.0000000000
128214  -42.027  -0.806  47.831 0.0000000000
76102  -40.732  -4.386  53.315 0.0000000000
122964  -42.498  -3.123  50.854 0.0000000000
132408  -43.552  -3.053  50.678 0.0000000000
119776  -43.109  -2.784  50.641 0.0000000000
81234  -40.282  1.255  50.963 0.0000000000
81224  -40.885  1.902  51.411 0.0000000000
112304  -46.497  0.777  32.504 0.0000000000
80470  -42.616  0.744  38.427 0.0000000000
80485  -43.164  0.341  37.180 0.0000000000
80484  -42.674  0.839  37.590 0.0000000000
82100  -42.986  2.207  32.101 0.0000000000
81433  -44.108  2.064  29.124 0.0000000000
84177  -43.352  5.911  30.503 0.0000000000
114645  -42.679  5.441  28.931 0.0000000000
85416  -45.263  7.681  49.812 0.0000000000
84748  -45.887  7.446  49.876 0.0000000000
85427  -45.555  7.956  49.301 0.0000000000
85459  -48.902  7.954  44.271 0.0000000000
84793  -48.381  7.854  45.243 0.0000000000
84807  -48.894  7.552  44.251 0.0000000000
84063  -48.988  6.535  43.006 0.0000000000
84817  -49.559  7.345  42.870 0.0000000000
87541  -44.637  10.845  38.155 0.0000000000
113830  -45.134  9.284  38.819 0.0000000000
87542  -45.266  10.075  38.258 0.0000000000
85523  -50.957  8.162  37.016 0.0000000000
85522  -50.509  7.890  37.491 0.0000000000
85521  -48.821  7.484  37.142 0.0000000000
133225  -48.678  7.643  36.475 0.0000000000
85535  -48.544  7.814  35.821 0.0000000000
86950  -46.758  9.100  29.804 0.0000000000
86255  -47.211  8.883  29.990 0.0000000000
86956  -46.114  9.122  29.322 0.0000000000
86266  -44.998  9.166  28.376 0.0000000000
86254  -45.413  9.236  29.245 0.0000000000
86253  -44.438  9.167  29.080 0.0000000000
86245  -44.826  9.161  29.974 0.0000000000
86222  -44.356  8.926  34.256 0.0000000000
86228  -43.503  8.349  33.548 0.0000000000
86221  -43.746  8.677  34.356 0.0000000000
86215  -43.183  8.926  35.116 0.0000000000
90756  -45.519  15.918  34.965 0.0000000000
90763  -45.036  15.370  34.684 0.0000000000
119551  -41.005  13.012  34.680 0.0000000000
88198  -41.620  12.001  35.192 0.0000000000
87573  -39.799  11.502  35.708 0.0000000000
89483  -37.349  12.951  33.822 0.0000000000
88212  -37.153  12.366  34.003 0.0000000000
81265  -42.134  1.773  45.177 0.0000000000
131212  -41.945  2.525  46.363 0.0000000000
129080  -43.231  4.183  47.438 0.0000000000
82684  -43.008  3.913  46.674 0.0000000000
82687  -43.686  3.664  45.441 0.0000000000
90033  -45.527  14.804  43.801 0.0000000000
90034  -46.497  15.061  44.084 0.0000000000
90674  -48.085  16.123  43.009 0.0000000000
90673  -46.927  15.819  42.690 0.0000000000
91276  -47.864  16.640  42.057 0.0000000000
91292  -47.582  17.071  41.070 0.0000000000
91293  -49.155  17.498  41.273 0.0000000000
92595  -49.595  17.619  42.760 0.0000000000
92606  -49.643  18.359  41.341 0.0000000000
92587  -49.116  18.639  42.080 0.0000000000
79687  -45.244  0.551  26.030 0.0000000000
79686  -44.766  0.829  25.777 0.0000000000
83988  -37.346  5.972  49.858 0.0000000000
78616  -46.358  -1.504  45.668 0.0000000000
78606  -45.128  -1.418  46.615 0.0000000000
79468  -38.525  -0.737  49.705 0.0000000000
80383  -39.067  0.006  49.921 0.0000000000
80370  -37.577  0.536  50.564 0.0000000000
82739  -42.759  3.133  37.523 0.0000000000
83378  -43.047  4.389  35.099 0.0000000000
82752  -42.817  3.682  35.851 0.0000000000
121745  -42.493  3.394  34.160 0.0000000000
82763  -42.481  3.633  33.472 0.0000000000
115165  -42.447  4.008  32.726 0.0000000000
121478  -42.600  4.327  33.370 0.0000000000
84156  -43.571  5.517  33.789 0.0000000000
84155  -43.348  5.466  32.952 0.0000000000
84157  -43.991  6.068  33.175 0.0000000000
84779  -44.767  7.370  46.690 0.0000000000
84805  -44.631  7.041  44.925 0.0000000000
121874  -44.785  7.542  43.129 0.0000000000
85466  -45.008  7.273  44.029 0.0000000000
85467  -45.706  7.908  43.329 0.0000000000
127886  -46.783  8.191  43.875 0.0000000000
127718  -46.555  8.324  43.063 0.0000000000
118487  -47.560  11.379  37.068 0.0000000000
113855  -47.438  10.389  37.320 0.0000000000
87568  -50.119  10.364  35.767 0.0000000000
86911  -49.968  10.103  36.335 0.0000000000
87569  -50.657  9.638  36.199 0.0000000000
86912  -51.101  8.951  36.667 0.0000000000
86918  -50.902  9.349  35.974 0.0000000000
86225  -50.612  9.095  35.023 0.0000000000
86233  -50.342  9.509  34.204 0.0000000000
86924  -48.808  9.882  33.474 0.0000000000
86932  -49.409  9.526  32.620 0.0000000000
114599  -49.010  9.649  32.244 0.0000000000
86938  -48.724  9.514  31.498 0.0000000000
86937  -47.543  9.433  31.777 0.0000000000
86936  -46.450  9.309  31.514 0.0000000000
86930  -47.206  9.556  32.977 0.0000000000
118900  -46.405  10.091  34.475 0.0000000000
86922  -46.496  9.552  33.708 0.0000000000
112569  -45.652  9.511  34.222 0.0000000000
90747  -43.392  15.504  35.585 0.0000000000
90752  -41.812  14.801  35.204 0.0000000000
90129  -40.820  14.059  33.989 0.0000000000
89486  -40.610  13.692  34.335 0.0000000000
90116  -40.502  14.236  34.748 0.0000000000
90115  -39.636  14.097  35.259 0.0000000000
90114  -38.704  14.098  35.330 0.0000000000
90102  -38.367  14.711  36.194 0.0000000000
78650  -44.271  -1.717  40.794 0.0000000000
78688  -43.939  -1.103  39.800 0.0000000000
78670  -43.867  -1.241  40.556 0.0000000000
80437  -42.843  0.302  41.268 0.0000000000
79547  -43.037  -0.277  40.699 0.0000000000
80449  -42.752  0.478  40.546 0.0000000000
81302  -42.638  1.335  40.475 0.0000000000
82009  -42.981  1.895  43.915 0.0000000000
82023  -43.481  2.615  41.612 0.0000000000
82031  -42.764  2.154  40.329 0.0000000000
82039  -42.985  2.892  40.067 0.0000000000
82718  -43.516  3.319  40.436 0.0000000000
83331  -44.769  3.967  41.087 0.0000000000
82727  -44.063  3.985  40.196 0.0000000000
83341  -45.032  4.447  40.427 0.0000000000
83352  -44.628  4.598  39.787 0.0000000000
87528  -41.686  11.016  40.220 0.0000000000
88154  -41.836  11.954  40.252 0.0000000000
88813  -43.191  12.547  39.327 0.0000000000
88167  -43.641  11.876  38.680 0.0000000000
132864  -43.752  12.713  38.828 0.0000000000
90681  -44.898  15.359  41.313 0.0000000000
90724  -45.344  15.230  38.904 0.0000000000
90080  -44.620  14.698  39.109 0.0000000000
89445  -44.862  13.925  38.514 0.0000000000
89452  -45.019  13.140  38.080 0.0000000000
88819  -45.963  12.985  37.576 0.0000000000
89446  -45.845  13.932  37.972 0.0000000000
89454  -47.560  13.867  36.958 0.0000000000
89462  -48.106  13.500  36.272 0.0000000000
90106  -47.863  14.380  36.131 0.0000000000
90107  -48.061  13.913  35.560 0.0000000000
115429  -47.701  15.561  35.862 0.0000000000
91348  -48.069  17.388  35.958 0.0000000000
90758  -47.744  16.945  35.366 0.0000000000
91347  -47.607  17.549  35.584 0.0000000000
91354  -47.125  16.947  35.201 0.0000000000
91996  -47.298  17.982  36.203 0.0000000000
92641  -48.269  18.641  38.410 0.0000000000
113914  -46.644  18.184  38.003 0.0000000000
91339  -46.341  17.406  36.307 0.0000000000
91338  -45.281  16.999  37.148 0.0000000000
91984  -44.012  17.263  39.163 0.0000000000
91330  -44.461  17.024  38.237 0.0000000000
82142  -41.817  2.535  25.744 0.0000000000
82141  -41.129  3.085  26.675 0.0000000000
126419  -43.244  4.278  51.572 0.0000000000
83283  -42.850  4.998  51.844 0.0000000000
85395  -41.897  7.074  51.509 0.0000000000
84722  -42.715  6.715  51.733 0.0000000000
85401  -43.921  7.454  50.640 0.0000000000
85413  -42.380  7.422  50.228 0.0000000000
84752  -38.986  6.232  49.264 0.0000000000
84744  -39.646  6.639  49.862 0.0000000000
84753  -39.823  6.256  49.078 0.0000000000
84018  -41.348  5.914  47.094 0.0000000000
84763  -41.583  6.112  48.039 0.0000000000
128382  -42.269  6.549  48.178 0.0000000000
84764  -42.148  6.374  47.388 0.0000000000
84777  -42.981  6.603  46.912 0.0000000000
84776  -41.918  6.210  46.316 0.0000000000
84813  -41.765  6.340  43.830 0.0000000000
84812  -41.110  6.587  43.313 0.0000000000
85472  -40.571  7.570  42.268 0.0000000000
86842  -38.232  9.877  43.791 0.0000000000
119705  -37.731  7.779  43.291 0.0000000000
86126  -38.323  8.323  42.989 0.0000000000
86849  -38.912  8.907  42.776 0.0000000000
87512  -39.730  10.312  42.090 0.0000000000
86145  -40.016  9.482  41.774 0.0000000000
86146  -40.439  8.681  41.639 0.0000000000
87513  -40.449  10.323  41.375 0.0000000000
88792  -41.299  12.725  43.054 0.0000000000
122869  -40.999  12.555  42.258 0.0000000000
89413  -41.938  13.178  43.137 0.0000000000
89414  -42.512  13.512  42.812 0.0000000000
89410  -42.453  13.429  43.678 0.0000000000
79604  -49.730  -0.049  37.593 0.0000000000
79589  -49.296  -0.657  38.280 0.0000000000
79588  -48.580  -1.056  38.512 0.0000000000
126720  -48.512  -1.332  39.136 0.0000000000
78645  -49.422  -1.341  42.124 0.0000000000
79530  -49.989  -0.970  42.708 0.0000000000
78655  -50.242  -0.940  41.816 0.0000000000
79550  -50.861  -0.783  41.053 0.0000000000
78677  -50.063  -1.092  41.044 0.0000000000
78651  -47.309  -1.962  41.124 0.0000000000
112847  -48.026  -1.741  41.042 0.0000000000
78673  -46.667  -1.996  40.349 0.0000000000
77828  -45.891  -2.317  40.836 0.0000000000
77827  -45.005  -2.072  40.613 0.0000000000
118395  -44.308  -2.253  43.126 0.0000000000
77795  -44.562  -2.308  42.250 0.0000000000
77794  -43.803  -1.935  42.667 0.0000000000
78635  -43.289  -1.507  43.167 0.0000000000
77776  -45.099  -2.172  45.181 0.0000000000
77781  -44.585  -2.242  44.470 0.0000000000
77775  -44.235  -1.934  45.195 0.0000000000
79503  -41.909  -0.554  45.581 0.0000000000
79513  -42.012  -0.650  44.879 0.0000000000
79502  -41.686  -0.128  45.265 0.0000000000
80409  -41.539  0.452  45.864 0.0000000000
78563  -46.869  -1.844  50.043 0.0000000000
76910  -42.774  -3.970  53.925 0.0000000000
76896  -44.156  -3.411  54.419 0.0000000000
76897  -45.045  -3.357  54.214 0.0000000000
76912  -44.490  -3.633  53.634 0.0000000000
76122  -41.284  -4.490  52.498 0.0000000000
76135  -41.783  -4.310  51.852 0.0000000000
76940  -43.833  -3.505  51.548 0.0000000000
76926  -43.688  -3.729  52.209 0.0000000000
76927  -44.463  -3.567  52.132 0.0000000000
76928  -45.301  -3.426  52.515 0.0000000000
76942  -45.178  -3.331  51.604 0.0000000000
77741  -44.573  -2.892  50.078 0.0000000000
77742  -45.391  -2.732  50.192 0.0000000000
77759  -45.801  -2.300  49.663 0.0000000000
78583  -43.005  -1.776  49.123 0.0000000000
117536  -42.999  -1.658  48.128 0.0000000000
81236  -42.066  1.168  50.922 0.0000000000
81237  -42.419  1.442  50.706 0.0000000000
129850  -42.701  1.974  50.287 0.0000000000
81968  -42.635  2.046  50.871 0.0000000000
81963  -42.541  2.516  51.206 0.0000000000
114806  -39.964  3.448  51.979 0.0000000000
81222  -38.579  2.153  51.475 0.0000000000
118426  -37.795  2.384  52.037 0.0000000000
83277  -38.237  4.544  53.079 0.0000000000
133755  -38.903  4.464  52.821 0.0000000000
83938  -37.796  5.303  52.660 0.0000000000
130960  -37.753  5.972  51.851 0.0000000000
82122  -49.417  2.301  29.386 0.0000000000
117264  -49.141  2.503  29.926 0.0000000000
81424  -48.650  2.213  28.893 0.0000000000
111551  -47.697  1.669  28.499 0.0000000000
79584  -44.483  -0.868  38.220 0.0000000000
79598  -44.060  -0.537  37.508 0.0000000000
80503  -44.045  0.073  36.128 0.0000000000
126860  -42.708  1.494  35.477 0.0000000000
80555  -43.947  0.915  32.864 0.0000000000
80556  -44.606  0.738  32.236 0.0000000000
80544  -44.784  0.393  33.266 0.0000000000
80566  -45.231  0.718  31.481 0.0000000000
81422  -45.386  1.322  29.550 0.0000000000
81435  -45.844  1.551  28.069 0.0000000000
111623  -46.839  1.638  27.511 0.0000000000
114977  -45.513  1.648  27.336 0.0000000000
81443  -44.215  2.121  27.277 0.0000000000
82138  -44.089  2.440  25.830 0.0000000000
82781  -42.470  3.666  30.159 0.0000000000
82129  -42.902  3.009  29.511 0.0000000000
82794  -42.774  3.872  27.488 0.0000000000
82805  -42.355  3.544  24.822 0.0000000000
132945  -42.223  4.132  25.281 0.0000000000
84195  -42.115  6.410  25.928 0.0000000000
84201  -41.953  5.582  25.954 0.0000000000
84200  -41.904  5.288  25.984 0.0000000000
84964  -41.941  6.404  25.870 0.0000000000
83297  -44.478  4.950  50.848 0.0000000000
83296  -44.005  4.325  50.180 0.0000000000
84019  -45.569  5.908  48.700 0.0000000000
83307  -45.360  5.370  47.022 0.0000000000
84035  -46.208  5.739  46.974 0.0000000000
85442  -46.702  8.291  47.403 0.0000000000
85434  -46.637  8.289  48.311 0.0000000000
85435  -47.217  8.242  47.749 0.0000000000
84048  -47.807  6.640  45.416 0.0000000000
84047  -47.331  6.412  46.207 0.0000000000
121451  -46.933  5.789  45.230 0.0000000000
84058  -46.639  5.333  44.291 0.0000000000
83317  -46.510  4.802  43.360 0.0000000000
84061  -47.358  5.536  43.832 0.0000000000
84079  -48.028  5.638  41.694 0.0000000000
83334  -47.276  5.196  42.094 0.0000000000
84078  -47.088  5.346  41.294 0.0000000000
84087  -46.182  5.309  40.073 0.0000000000
131489  -46.741  5.726  40.075 0.0000000000
86877  -42.780  9.585  39.497 0.0000000000
86167  -43.580  8.429  40.260 0.0000000000
86182  -43.512  9.002  39.567 0.0000000000
86169  -45.828  8.461  39.892 0.0000000000
86151  -45.816  8.309  40.928 0.0000000000
86152  -46.911  8.573  41.398 0.0000000000
132145  -48.018  8.574  42.308 0.0000000000
128358  -47.897  8.541  41.787 0.0000000000
86891  -47.965  9.164  38.290 0.0000000000
131840  -48.381  8.700  38.788 0.0000000000
86197  -50.917  8.040  39.412 0.0000000000
86187  -50.505  8.365  39.727 0.0000000000
86188  -50.772  8.148  40.193 0.0000000000
86173  -50.632  8.211  41.065 0.0000000000
84848  -50.669  7.682  40.781 0.0000000000
84838  -50.237  7.340  41.546 0.0000000000
126782  -50.073  7.246  40.223 0.0000000000
84873  -48.125  6.893  37.771 0.0000000000
84855  -48.677  6.569  39.584 0.0000000000
84864  -47.331  6.408  38.299 0.0000000000
84108  -46.513  5.985  38.750 0.0000000000
84871  -46.057  6.372  37.214 0.0000000000
84880  -45.965  6.514  36.416 0.0000000000
84898  -46.502  7.202  34.356 0.0000000000
84897  -45.585  6.695  34.367 0.0000000000
84907  -46.002  7.122  33.402 0.0000000000
119335  -45.929  7.224  32.468 0.0000000000
86231  -49.627  8.805  32.446 0.0000000000
85549  -49.157  8.405  33.332 0.0000000000
85559  -48.885  8.332  32.229 0.0000000000
121682  -46.341  8.217  29.518 0.0000000000
85566  -47.182  7.887  30.604 0.0000000000
85576  -45.801  7.557  29.866 0.0000000000
84944  -44.601  7.691  28.574 0.0000000000
85586  -44.289  8.299  27.846 0.0000000000
86272  -42.901  8.421  27.225 0.0000000000
85606  -43.147  8.342  27.128 0.0000000000
85595  -42.338  8.161  26.913 0.0000000000
84949  -41.834  7.305  26.166 0.0000000000
85584  -41.755  8.094  27.870 0.0000000000
86237  -44.656  8.753  31.178 0.0000000000
128051  -42.786  7.673  32.693 0.0000000000
85554  -42.729  7.665  31.763 0.0000000000
112496  -47.245  12.955  35.115 0.0000000000
111405  -45.358  12.180  35.198 0.0000000000
88201  -44.356  11.551  35.323 0.0000000000
89489  -43.079  14.387  34.653 0.0000000000
87576  -42.894  10.936  35.536 0.0000000000
126330  -43.062  10.230  35.482 0.0000000000
86915  -42.737  9.637  35.519 0.0000000000
86910  -41.401  9.063  36.110 0.0000000000
84879  -40.705  7.392  36.188 0.0000000000
86208  -40.444  8.054  36.662 0.0000000000
86207  -39.941  8.781  36.957 0.0000000000
86899  -39.015  9.226  37.249 0.0000000000
86898  -38.199  9.702  37.349 0.0000000000
88834  -38.821  12.458  34.539 0.0000000000
132318  -39.098  11.943  35.355 0.0000000000
88185  -36.643  11.529  35.073 0.0000000000
120219  -37.458  11.525  35.384 0.0000000000
87562  -37.138  11.137  36.304 0.0000000000
87550  -36.459  10.719  36.954 0.0000000000
113649  -40.312  16.373  39.315 0.0000000000
91326  -40.562  16.270  38.497 0.0000000000
133596  -40.129  16.298  38.760 0.0000000000
90741  -38.144  15.148  36.917 0.0000000000
81986  -42.076  2.694  48.143 0.0000000000
82683  -42.389  3.194  46.487 0.0000000000
90661  -47.508  15.145  44.304 0.0000000000
117714  -48.288  15.611  43.758 0.0000000000
91294  -49.592  17.564  41.797 0.0000000000
91270  -49.472  16.602  43.299 0.0000000000
91271  -49.647  17.065  43.176 0.0000000000
91928  -49.579  17.221  43.591 0.0000000000
127826  -37.270  5.646  48.796 0.0000000000
78608  -46.830  -0.915  46.362 0.0000000000
78596  -45.588  -1.208  47.309 0.0000000000
110663  -45.234  -1.442  48.125 0.0000000000
79454  -37.136  -0.176  50.202 0.0000000000
79602  -47.461  -0.665  37.222 0.0000000000
79601  -46.659  -0.948  37.482 0.0000000000
79614  -46.448  -0.620  36.706 0.0000000000
83359  -43.563  4.135  38.546 0.0000000000
82740  -43.085  3.744  37.321 0.0000000000
83366  -43.540  4.373  37.613 0.0000000000
82753  -43.460  4.542  35.954 0.0000000000
83386  -43.312  4.944  34.404 0.0000000000
83379  -43.832  5.118  35.206 0.0000000000
84136  -44.345  5.832  34.782 0.0000000000
84815  -43.868  6.721  44.022 0.0000000000
84826  -43.458  6.951  43.046 0.0000000000
85474  -44.078  7.465  42.513 0.0000000000
85487  -44.456  7.753  41.712 0.0000000000
88188  -48.512  11.997  36.289 0.0000000000
129686  -48.367  11.549  36.636 0.0000000000
88206  -49.408  10.946  35.495 0.0000000000
87580  -50.141  10.538  35.104 0.0000000000
87590  -50.485  10.119  34.720 0.0000000000
87589  -49.951  10.423  34.444 0.0000000000
87586  -47.220  10.772  34.693 0.0000000000
87579  -47.118  11.500  35.097 0.0000000000
90105  -40.985  14.684  35.542 0.0000000000
90744  -40.698  15.037  36.767 0.0000000000
90743  -39.900  14.902  37.014 0.0000000000
79528  -43.055  -0.617  42.201 0.0000000000
79537  -43.393  -0.883  40.962 0.0000000000
80429  -42.816  0.223  42.043 0.0000000000
81283  -42.770  1.070  42.101 0.0000000000
82010  -43.494  2.435  43.416 0.0000000000
82011  -44.028  3.027  43.864 0.0000000000
82016  -44.113  2.955  43.045 0.0000000000
82024  -44.084  3.085  42.175 0.0000000000
82711  -43.962  3.374  41.183 0.0000000000
82701  -44.716  3.430  42.702 0.0000000000
82702  -45.328  3.860  42.380 0.0000000000
82712  -45.292  4.010  41.701 0.0000000000
89429  -41.850  13.118  41.288 0.0000000000
88803  -42.046  12.893  40.440 0.0000000000
89430  -42.524  13.502  40.927 0.0000000000
89431  -43.176  13.891  40.666 0.0000000000
89436  -43.352  13.905  39.958 0.0000000000
113750  -45.451  15.705  40.743 0.0000000000
90699  -44.786  15.438  40.332 0.0000000000
90700  -45.562  15.868  39.957 0.0000000000
90090  -46.193  14.810  37.982 0.0000000000
90736  -47.068  15.543  37.508 0.0000000000
90737  -48.020  16.299  36.434 0.0000000000
91340  -48.239  17.330  36.842 0.0000000000
91993  -48.195  18.076  36.784 0.0000000000
128692  -48.119  19.210  39.661 0.0000000000
92634  -47.914  19.012  38.872 0.0000000000
117790  -47.006  18.706  39.667 0.0000000000
91979  -45.752  17.932  38.890 0.0000000000
91978  -44.917  17.869  39.505 0.0000000000
81451  -42.312  1.882  26.311 0.0000000000
83282  -41.343  5.434  52.172 0.0000000000
83955  -42.148  5.744  51.936 0.0000000000
83941  -41.385  6.031  52.149 0.0000000000
84721  -41.791  6.511  51.860 0.0000000000
84730  -41.514  7.192  50.744 0.0000000000
84016  -39.272  5.578  47.565 0.0000000000
84003  -39.983  5.753  48.227 0.0000000000
84031  -39.578  5.372  46.561 0.0000000000
84032  -40.540  5.541  46.812 0.0000000000
84046  -41.305  5.854  45.452 0.0000000000
84055  -40.723  5.739  44.696 0.0000000000
84802  -40.201  5.958  43.982 0.0000000000
123202  -40.480  6.414  43.479 0.0000000000
86845  -38.761  9.763  43.131 0.0000000000
87505  -39.221  10.537  42.909 0.0000000000
130835  -39.662  10.948  42.498 0.0000000000
88136  -40.000  11.576  42.657 0.0000000000
132793  -40.827  12.431  43.893 0.0000000000
114141  -49.965  -0.866  38.929 0.0000000000
79568  -49.723  -1.212  39.690 0.0000000000
78644  -48.580  -1.576  42.419 0.0000000000
78653  -48.800  -1.567  41.395 0.0000000000
77812  -47.054  -2.189  42.001 0.0000000000
77811  -46.141  -2.390  41.713 0.0000000000
112519  -44.974  -2.471  42.965 0.0000000000
114584  -43.106  -1.348  45.915 0.0000000000
76938  -41.426  -4.018  51.277 0.0000000000
76939  -42.319  -3.761  51.409 0.0000000000
76958  -44.057  -3.208  50.788 0.0000000000
77757  -44.298  -2.507  49.382 0.0000000000
77755  -43.178  -2.207  50.139 0.0000000000
80374  -41.824  0.491  50.634 0.0000000000
81225  -41.773  1.570  51.248 0.0000000000
81962  -41.783  2.248  51.438 0.0000000000
129372  -40.115  2.639  51.570 0.0000000000
81412  -47.917  1.721  30.745 0.0000000000
80567  -47.006  1.300  30.703 0.0000000000
133988  -43.490  -0.157  37.564 0.0000000000
80502  -43.345  0.456  36.398 0.0000000000
80517  -43.535  0.541  35.585 0.0000000000
81387  -42.839  1.925  33.946 0.0000000000
81399  -43.427  1.541  32.501 0.0000000000
81400  -43.981  1.182  31.986 0.0000000000
81411  -44.151  1.370  31.130 0.0000000000
81421  -44.508  1.559  30.042 0.0000000000
82130  -43.564  2.561  28.672 0.0000000000
84170  -42.786  5.262  31.163 0.0000000000
83411  -42.467  4.553  29.627 0.0000000000
83422  -42.434  4.800  26.952 0.0000000000
124694  -42.263  5.823  26.422 0.0000000000
84190  -42.606  6.682  26.568 0.0000000000
83974  -45.248  6.403  50.893 0.0000000000
83990  -45.040  5.787  50.543 0.0000000000
83991  -45.547  6.632  50.231 0.0000000000
84005  -46.085  6.809  49.590 0.0000000000
84020  -46.573  6.749  48.816 0.0000000000
86113  -47.801  8.322  46.331 0.0000000000
85443  -47.762  8.102  46.896 0.0000000000
85451  -48.105  8.025  46.397 0.0000000000
84806  -48.364  7.214  44.881 0.0000000000
84059  -47.995  6.371  44.365 0.0000000000
84062  -48.183  5.946  43.463 0.0000000000
86878  -44.305  9.154  39.190 0.0000000000
86184  -45.864  8.811  39.054 0.0000000000
86185  -46.697  8.697  39.508 0.0000000000
130483  -50.537  8.486  37.895 0.0000000000
86892  -49.278  8.593  38.448 0.0000000000
85515  -50.733  8.123  38.525 0.0000000000
85508  -50.924  7.928  39.249 0.0000000000
84856  -50.009  7.352  39.491 0.0000000000
84882  -47.462  6.958  36.970 0.0000000000
84881  -46.811  6.939  36.209 0.0000000000
86247  -48.768  8.907  30.602 0.0000000000
85567  -47.856  8.457  30.641 0.0000000000
86256  -47.972  8.880  30.304 0.0000000000
85588  -46.451  8.844  29.460 0.0000000000
85575  -45.750  8.623  28.989 0.0000000000
85597  -44.497  8.882  27.905 0.0000000000
85598  -45.212  8.914  28.432 0.0000000000
86264  -43.366  8.733  27.869 0.0000000000
117028  -42.796  8.545  28.488 0.0000000000
85573  -42.650  8.262  29.496 0.0000000000
86236  -43.899  8.396  32.454 0.0000000000
90121  -46.877  15.478  35.188 0.0000000000
89474  -46.472  13.764  35.126 0.0000000000
90120  -45.909  14.880  35.035 0.0000000000
89473  -45.137  14.111  35.013 0.0000000000
110979  -44.346  13.444  35.057 0.0000000000
88846  -41.972  12.921  34.711 0.0000000000
110651  -42.085  11.146  35.551 0.0000000000
86914  -41.935  9.743  35.823 0.0000000000
87575  -41.623  10.533  35.862 0.0000000000
87565  -40.395  10.156  36.445 0.0000000000
86907  -38.877  10.648  36.584 0.0000000000
112676  -38.029  12.898  33.682 0.0000000000
88213  -37.899  12.464  33.962 0.0000000000
88184  -35.777  11.567  34.933 0.0000000000
88195  -35.400  11.965  34.487 0.0000000000
81264  -42.039  1.064  44.926 0.0000000000
82003  -42.697  2.284  44.716 0.0000000000
81999  -42.922  3.507  45.833 0.0000000000
82004  -43.078  3.065  45.034 0.0000000000
82688  -44.387  3.873  45.097 0.0000000000
128532  -44.850  4.474  45.421 0.0000000000
90037  -44.453  14.560  42.631 0.0000000000
90038  -45.176  14.857  43.058 0.0000000000
134037  -45.486  15.214  42.767 0.0000000000
90672  -45.839  15.580  42.339 0.0000000000
91291  -46.329  16.343  40.682 0.0000000000
91313  -47.431  17.181  39.940 0.0000000000
91321  -48.543  18.044  39.062 0.0000000000
91973  -49.097  18.498  39.763 0.0000000000
91981  -49.011  18.882  39.573 0.0000000000
91954  -49.717  17.968  41.090 0.0000000000
91974  -49.328  18.541  40.375 0.0000000000
92625  -48.865  19.123  39.905 0.0000000000
120645  -48.212  19.222  40.400 0.0000000000
84727  -38.636  6.587  50.809 0.0000000000
84743  -38.809  6.559  50.040 0.0000000000
84001  -38.299  5.754  48.607 0.0000000000
84014  -37.616  5.612  47.785 0.0000000000
84015  -38.480  5.633  47.701 0.0000000000
78627  -47.499  -1.542  44.563 0.0000000000
78636  -47.009  -1.891  44.007 0.0000000000
77783  -46.252  -2.194  44.178 0.0000000000
78625  -45.905  -2.108  45.053 0.0000000000
127536  -44.699  -1.722  45.919 0.0000000000
78593  -42.817  -1.440  47.369 0.0000000000
76120  -39.629  -4.452  52.395 0.0000000000
76133  -40.093  -4.427  51.723 0.0000000000
76937  -40.601  -4.018  51.191 0.0000000000
76936  -39.696  -3.867  51.149 0.0000000000
76955  -41.096  -3.623  50.847 0.0000000000
80372  -39.667  0.624  50.463 0.0000000000
81221  -37.347  1.725  51.680 0.0000000000
82045  -42.529  2.333  38.683 0.0000000000
81342  -42.474  1.612  37.228 0.0000000000
82052  -42.516  2.378  37.803 0.0000000000
82061  -42.471  2.474  36.941 0.0000000000
82068  -42.457  2.204  35.426 0.0000000000
82746  -42.780  3.323  36.744 0.0000000000
114886  -42.355  2.992  35.381 0.0000000000
82076  -42.459  2.660  34.599 0.0000000000
82087  -42.557  2.763  33.646 0.0000000000
82110  -42.665  2.913  31.656 0.0000000000
82767  -42.449  3.625  32.051 0.0000000000
82774  -42.455  3.672  31.220 0.0000000000
83397  -42.487  4.505  31.860 0.0000000000
83393  -42.941  4.926  33.613 0.0000000000
84171  -43.424  5.771  31.414 0.0000000000
84924  -44.059  6.346  31.009 0.0000000000
84767  -44.784  7.507  47.727 0.0000000000
85433  -45.741  8.130  48.576 0.0000000000
128300  -45.798  7.936  46.801 0.0000000000
85449  -46.456  8.075  46.229 0.0000000000
85457  -45.666  7.498  45.103 0.0000000000
85450  -47.341  8.307  45.918 0.0000000000
85458  -47.145  8.249  44.892 0.0000000000
86121  -47.837  8.345  44.357 0.0000000000
86128  -48.525  8.426  43.692 0.0000000000
87553  -46.612  10.665  37.475 0.0000000000
86900  -46.026  10.128  37.888 0.0000000000
86902  -48.062  9.783  37.475 0.0000000000
87555  -49.065  9.818  36.978 0.0000000000
113789  -50.238  9.271  37.278 0.0000000000
86904  -50.995  8.791  37.284 0.0000000000
86211  -51.066  8.522  36.728 0.0000000000
86210  -50.691  8.351  36.264 0.0000000000
85536  -49.646  8.250  35.513 0.0000000000
86216  -50.429  8.714  35.259 0.0000000000
128117  -49.863  8.784  33.416 0.0000000000
86933  -49.949  9.558  33.203 0.0000000000
86240  -49.595  9.145  32.101 0.0000000000
86249  -49.249  9.150  31.182 0.0000000000
86945  -49.020  9.308  30.903 0.0000000000
86944  -48.341  9.304  30.740 0.0000000000
86942  -46.250  9.356  30.400 0.0000000000
86246  -45.453  9.306  30.227 0.0000000000
86230  -45.698  9.000  32.533 0.0000000000
86928  -45.047  8.938  33.631 0.0000000000
86921  -44.784  9.450  34.572 0.0000000000
90755  -44.577  15.542  34.754 0.0000000000
91352  -44.203  15.669  35.154 0.0000000000
90754  -43.667  15.225  34.794 0.0000000000
90119  -42.912  14.701  34.796 0.0000000000
90118  -41.963  14.472  34.589 0.0000000000
130790  -42.176  14.301  34.537 0.0000000000
88836  -40.225  12.712  34.805 0.0000000000
88845  -40.267  13.395  34.515 0.0000000000
88835  -39.488  12.906  34.485 0.0000000000
89485  -39.554  13.179  34.473 0.0000000000
89484  -38.639  13.144  34.005 0.0000000000
89469  -38.123  13.431  34.269 0.0000000000
89468  -37.139  13.538  34.579 0.0000000000
78689  -45.411  -1.526  39.462 0.0000000000
123715  -44.637  -1.308  39.561 0.0000000000
79566  -44.095  -1.004  39.002 0.0000000000
79565  -43.423  -0.635  39.335 0.0000000000
79582  -42.861  0.058  38.923 0.0000000000
131396  -42.588  0.704  39.004 0.0000000000
81318  -42.481  1.407  39.037 0.0000000000
116970  -42.613  1.089  43.673 0.0000000000
81292  -42.993  1.871  41.916 0.0000000000
81312  -42.544  1.580  39.823 0.0000000000
82725  -42.870  3.123  39.233 0.0000000000
82734  -43.145  3.574  38.682 0.0000000000
84096  -44.743  5.044  39.156 0.0000000000
86865  -41.441  9.334  40.655 0.0000000000
86165  -42.032  8.647  40.492 0.0000000000
86866  -42.056  9.428  39.995 0.0000000000
87529  -42.231  10.377  39.693 0.0000000000
122189  -42.888  10.332  39.246 0.0000000000
88808  -42.504  12.304  39.817 0.0000000000
87530  -43.316  10.896  38.866 0.0000000000
87540  -43.939  10.570  38.592 0.0000000000
132532  -43.937  11.181  38.432 0.0000000000
88168  -44.404  11.720  38.118 0.0000000000
90067  -43.680  14.436  40.334 0.0000000000
90068  -44.229  14.991  39.907 0.0000000000
89437  -43.876  14.297  39.590 0.0000000000
112564  -44.258  13.264  38.650 0.0000000000
88175  -45.255  11.584  37.731 0.0000000000
119508  -45.787  12.198  37.538 0.0000000000
114994  -46.539  12.443  37.411 0.0000000000
88177  -47.395  12.345  37.181 0.0000000000
89453  -46.749  13.728  37.548 0.0000000000
88840  -48.155  13.061  35.145 0.0000000000
89476  -48.027  13.607  35.172 0.0000000000
112309  -47.624  14.268  35.356 0.0000000000
133915  -47.322  14.896  35.426 0.0000000000
111810  -47.425  15.373  35.516 0.0000000000
119983  -46.544  16.222  35.123 0.0000000000
113509  -46.144  16.553  35.256 0.0000000000
120472  -48.450  18.468  38.431 0.0000000000
91987  -48.266  18.311  37.724 0.0000000000
91992  -47.844  18.215  36.644 0.0000000000
92640  -47.632  18.561  38.055 0.0000000000
91337  -43.819  16.341  37.494 0.0000000000
120995  -42.779  16.349  38.225 0.0000000000
91328  -42.400  16.711  38.685 0.0000000000
82669  -43.608  3.596  50.666 0.0000000000
83292  -44.202  4.793  51.468 0.0000000000
83957  -44.165  5.519  51.829 0.0000000000
83956  -43.200  5.749  51.960 0.0000000000
83958  -44.474  6.190  51.575 0.0000000000
84731  -44.349  6.896  51.314 0.0000000000
85415  -44.378  7.646  50.029 0.0000000000
85426  -44.327  7.667  49.372 0.0000000000
84729  -40.464  6.882  50.572 0.0000000000
133108  -41.004  6.837  50.144 0.0000000000
84754  -40.862  6.280  48.764 0.0000000000
84746  -41.526  6.914  49.671 0.0000000000
84747  -42.541  7.267  49.422 0.0000000000
85425  -43.311  7.475  49.230 0.0000000000
84757  -43.635  7.253  48.612 0.0000000000
84766  -43.837  6.998  47.798 0.0000000000
114126  -43.606  6.698  46.076 0.0000000000
111871  -42.904  6.380  45.209 0.0000000000
84788  -42.091  6.193  45.331 0.0000000000
84803  -42.332  6.313  44.500 0.0000000000
84814  -42.727  6.514  43.622 0.0000000000
121260  -42.087  7.065  42.187 0.0000000000
85485  -41.678  7.707  41.527 0.0000000000
84810  -38.848  6.669  43.310 0.0000000000
85463  -39.322  7.242  42.797 0.0000000000
85471  -39.810  7.787  42.398 0.0000000000
86132  -39.656  8.659  42.193 0.0000000000
86147  -41.296  8.497  41.128 0.0000000000
86864  -41.067  9.974  40.877 0.0000000000
87519  -41.099  10.720  40.785 0.0000000000
88153  -41.241  11.603  40.745 0.0000000000
88143  -40.484  11.975  41.978 0.0000000000
130731  -40.892  12.350  41.767 0.0000000000
88798  -41.298  12.633  41.611 0.0000000000
110911  -43.101  13.723  44.299 0.0000000000
110883  -48.997  -0.333  37.662 0.0000000000
79603  -48.387  -0.460  37.412 0.0000000000
110659  -48.028  -0.990  37.949 0.0000000000
78693  -48.916  -1.426  39.742 0.0000000000
78675  -48.494  -1.599  40.464 0.0000000000
78692  -48.091  -1.556  39.674 0.0000000000
78691  -47.195  -1.668  39.563 0.0000000000
78690  -46.259  -1.726  39.485 0.0000000000
115304  -45.060  -1.634  39.982 0.0000000000
78649  -43.777  -1.469  41.354 0.0000000000
77810  -45.245  -2.392  41.457 0.0000000000
78642  -43.428  -1.343  42.273 0.0000000000
78641  -42.975  -0.887  43.003 0.0000000000
79521  -42.493  -0.488  43.676 0.0000000000
77787  -44.838  -2.388  43.687 0.0000000000
77786  -44.072  -2.144  43.855 0.0000000000
78613  -43.291  -1.587  45.079 0.0000000000
78624  -43.270  -1.712  44.008 0.0000000000
130270  -42.302  -0.726  44.249 0.0000000000
79512  -41.975  -0.147  44.421 0.0000000000
124980  -41.680  1.129  45.534 0.0000000000
128363  -41.577  1.994  46.798 0.0000000000
81985  -41.597  2.074  47.682 0.0000000000
78578  -47.130  -1.023  48.807 0.0000000000
77703  -45.642  -2.660  54.637 0.0000000000
77711  -46.429  -2.608  53.811 0.0000000000
76914  -45.969  -3.166  53.073 0.0000000000
76104  -42.299  -4.191  53.352 0.0000000000
76925  -43.023  -3.953  52.805 0.0000000000
118281  -42.486  -4.107  52.032 0.0000000000
132768  -44.715  -3.617  52.925 0.0000000000
119555  -46.653  -2.612  52.785 0.0000000000
132496  -46.718  -2.427  52.030 0.0000000000
77729  -46.465  -2.445  51.286 0.0000000000
77744  -46.978  -1.926  50.774 0.0000000000
78577  -46.397  -1.892  49.529 0.0000000000
78586  -46.550  -1.401  48.860 0.0000000000
133965  -46.743  -1.108  48.443 0.0000000000
78585  -44.325  -1.652  48.197 0.0000000000
77764  -44.060  -2.142  48.798 0.0000000000
78561  -42.072  -1.640  50.482 0.0000000000
79458  -42.164  -1.143  50.196 0.0000000000
79472  -42.455  -1.297  49.463 0.0000000000
79478  -42.148  -0.743  48.760 0.0000000000
82649  -42.948  3.440  51.333 0.0000000000
111121  -42.358  4.311  51.575 0.0000000000
83281  -41.321  4.503  51.988 0.0000000000
83279  -40.573  5.061  52.594 0.0000000000
83940  -39.865  5.440  52.534 0.0000000000
81960  -39.277  2.845  51.704 0.0000000000
83939  -38.875  5.123  52.672 0.0000000000
83953  -39.173  5.828  52.056 0.0000000000
84718  -38.505  6.218  51.539 0.0000000000
84717  -37.860  6.367  51.064 0.0000000000
119331  -36.717  5.959  50.392 0.0000000000
83951  -36.992  5.772  52.166 0.0000000000
83972  -36.209  5.934  50.946 0.0000000000
81437  -49.138  2.119  28.745 0.0000000000
114520  -48.657  2.416  29.739 0.0000000000
80592  -48.625  1.551  28.401 0.0000000000
80591  -47.960  1.304  27.755 0.0000000000
79585  -45.400  -1.051  38.149 0.0000000000
79613  -45.407  -0.588  36.709 0.0000000000
79612  -44.486  -0.406  36.746 0.0000000000
80516  -42.894  0.953  35.899 0.0000000000
80528  -43.706  0.576  34.712 0.0000000000
122391  -43.231  1.115  34.264 0.0000000000
112619  -46.181  0.919  31.581 0.0000000000
115167  -46.587  1.448  26.723 0.0000000000
81455  -45.887  1.485  25.993 0.0000000000
81454  -45.367  1.750  25.845 0.0000000000
81453  -43.802  2.230  25.402 0.0000000000
82137  -43.201  3.152  28.142 0.0000000000
81458  -42.904  2.305  24.783 0.0000000000
82148  -42.717  2.864  24.651 0.0000000000
82147  -42.056  2.761  24.654 0.0000000000
82804  -41.739  3.477  24.690 0.0000000000
83435  -42.007  4.236  25.208 0.0000000000
82809  -41.669  3.732  24.826 0.0000000000
82803  -41.350  3.808  25.279 0.0000000000
83299  -43.891  4.487  49.049 0.0000000000
83302  -43.871  4.640  47.961 0.0000000000
83303  -44.639  5.157  48.738 0.0000000000
113510  -44.697  4.914  46.696 0.0000000000
111883  -45.478  4.835  45.259 0.0000000000
85428  -46.361  8.088  49.061 0.0000000000
84768  -47.043  7.575  48.671 0.0000000000
84021  -47.016  6.705  47.896 0.0000000000
84780  -47.509  7.241  47.114 0.0000000000
123635  -46.319  5.592  45.935 0.0000000000
130390  -45.479  4.622  44.528 0.0000000000
111779  -45.741  4.303  43.376 0.0000000000
83316  -45.916  4.219  42.766 0.0000000000
83322  -45.918  4.266  42.006 0.0000000000
83318  -47.367  5.241  42.950 0.0000000000
83333  -46.500  4.745  41.618 0.0000000000
83342  -45.748  4.761  40.453 0.0000000000
86148  -42.865  8.134  40.708 0.0000000000
86149  -43.836  7.886  40.957 0.0000000000
85488  -45.366  8.057  41.713 0.0000000000
114034  -45.000  8.202  40.213 0.0000000000
86150  -44.782  8.024  40.993 0.0000000000
86134  -45.955  8.242  42.448 0.0000000000
86135  -47.141  8.533  42.368 0.0000000000
124473  -48.240  8.595  42.839 0.0000000000
120468  -49.119  8.531  43.022 0.0000000000
86195  -46.769  9.099  38.668 0.0000000000
111786  -47.723  8.504  39.931 0.0000000000
86186  -48.990  8.346  39.269 0.0000000000
86171  -49.121  8.274  40.257 0.0000000000
113012  -47.793  8.448  40.901 0.0000000000
86153  -48.897  8.415  41.300 0.0000000000
86137  -49.726  8.356  42.329 0.0000000000
84818  -49.789  7.857  42.706 0.0000000000
84827  -49.635  6.946  42.242 0.0000000000
84837  -49.495  6.704  41.628 0.0000000000
84080  -48.786  6.245  41.265 0.0000000000
132032  -49.464  6.812  39.877 0.0000000000
84098  -47.505  6.090  40.048 0.0000000000
84097  -46.639  5.822  39.551 0.0000000000
84107  -45.765  5.823  38.364 0.0000000000
84118  -45.329  6.102  36.828 0.0000000000
84128  -45.202  6.236  35.967 0.0000000000
84890  -46.036  6.712  35.374 0.0000000000
115419  -44.780  6.630  31.546 0.0000000000
85542  -48.475  8.058  34.573 0.0000000000
85548  -48.155  7.884  33.312 0.0000000000
85546  -46.767  7.453  32.404 0.0000000000
85557  -47.486  7.826  31.355 0.0000000000
84926  -45.627  7.263  30.935 0.0000000000
84925  -44.929  6.995  30.421 0.0000000000
130154  -44.108  6.789  29.652 0.0000000000
84943  -43.649  7.314  28.227 0.0000000000
84942  -43.065  7.511  26.941 0.0000000000
84957  -42.284  7.395  26.178 0.0000000000
85596  -43.590  8.502  27.496 0.0000000000
84958  -43.022  8.096  26.814 0.0000000000
84956  -42.069  7.088  25.853 0.0000000000
84955  -41.677  6.626  26.127 0.0000000000
86244  -44.101  8.641  30.465 0.0000000000
85555  -43.308  8.041  32.096 0.0000000000
88203  -47.661  12.260  35.196 0.0000000000
88839  -46.213  12.778  35.145 0.0000000000
86917  -44.339  9.986  35.099 0.0000000000
89490  -44.081  14.386  34.650 0.0000000000
88838  -43.725  12.938  35.146 0.0000000000
88837  -42.910  12.912  34.922 0.0000000000
88200  -43.582  12.196  35.325 0.0000000000
87577  -43.750  10.615  35.354 0.0000000000
85533  -42.458  8.341  34.995 0.0000000000
85526  -41.771  8.322  35.560 0.0000000000
119734  -41.303  7.531  35.530 0.0000000000
86201  -39.122  8.220  37.483 0.0000000000
88187  -38.969  11.402  35.986 0.0000000000
87563  -38.108  11.273  36.141 0.0000000000
111909  -35.594  10.958  36.646 0.0000000000
91937  -46.894  18.400  42.412 0.0000000000
115410  -44.069  17.816  40.791 0.0000000000
91977  -43.267  17.355  39.693 0.0000000000
91318  -42.504  17.057  39.368 0.0000000000
123682  -41.703  16.574  38.570 0.0000000000
91311  -42.003  16.971  40.010 0.0000000000
91327  -41.287  16.327  38.332 0.0000000000
90723  -40.869  16.002  38.039 0.0000000000
90732  -39.690  15.392  37.666 0.0000000000
90721  -39.489  15.685  38.172 0.0000000000
90742  -39.049  14.995  36.999 0.0000000000
79688  -46.417  0.799  26.376 0.0000000000
81459  -43.420  2.601  24.872 0.0000000000
82150  -41.959  3.349  24.544 0.0000000000
82810  -41.770  3.507  24.615 0.0000000000
83314  -45.866  4.774  44.006 0.0000000000
83351  -43.490  3.807  39.307 0.0000000000
83434  -41.873  4.347  25.405 0.0000000000
84056  -41.528  6.075  44.616 0.0000000000
84088  -46.892  5.568  40.543 0.0000000000
84127  -44.705  5.674  36.419 0.0000000000
84732  -44.987  6.611  51.144 0.0000000000
84733  -45.416  7.038  50.480 0.0000000000
84756  -42.793  6.961  48.736 0.0000000000
84759  -46.944  8.111  48.591 0.0000000000
84770  -47.537  8.015  47.281 0.0000000000
84781  -47.921  7.787  46.729 0.0000000000
84790  -44.365  6.988  45.719 0.0000000000
84792  -48.223  7.533  45.949 0.0000000000
84823  -41.199  7.053  42.644 0.0000000000
84828  -50.149  7.615  42.163 0.0000000000
84847  -49.787  6.883  40.963 0.0000000000
84863  -46.314  6.199  37.976 0.0000000000
84866  -50.374  7.648  38.860 0.0000000000
85396  -43.396  7.167  51.325 0.0000000000
85400  -43.069  7.569  50.668 0.0000000000
85403  -45.604  7.550  50.039 0.0000000000
85417  -46.019  7.911  49.672 0.0000000000
85436  -47.513  8.168  47.142 0.0000000000
85468  -49.374  7.843  43.511 0.0000000000
85484  -40.862  7.975  41.720 0.0000000000
85489  -50.628  7.913  41.398 0.0000000000
85501  -50.894  7.981  40.631 0.0000000000
85558  -48.456  8.369  31.305 0.0000000000
85564  -43.335  8.131  31.104 0.0000000000
85565  -46.538  7.709  30.254 0.0000000000
85583  -41.140  7.247  28.117 0.0000000000
85587  -45.169  8.368  28.442 0.0000000000
85605  -42.666  7.985  26.652 0.0000000000
86108  -47.796  8.209  46.725 0.0000000000
86122  -48.464  8.145  44.693 0.0000000000
86154  -49.860  8.448  41.630 0.0000000000
86183  -44.280  8.548  39.850 0.0000000000
86203  -51.106  8.499  37.125 0.0000000000
86224  -50.229  8.943  34.208 0.0000000000
86248  -49.086  9.078  30.799 0.0000000000
86252  -43.516  8.813  28.717 0.0000000000
86257  -48.658  9.049  30.560 0.0000000000
86925  -50.727  9.503  35.279 0.0000000000
87594  -50.194  10.036  33.969 0.0000000000
88144  -40.938  12.099  41.324 0.0000000000
88190  -49.478  10.771  36.011 0.0000000000
90671  -45.016  15.134  42.280 0.0000000000
91278  -49.512  17.182  42.551 0.0000000000
91325  -39.928  16.081  38.530 0.0000000000
91938  -49.704  17.807  41.806 0.0000000000
91991  -46.482  17.761  37.131 0.0000000000
92588  -49.418  18.121  42.578 0.0000000000
92594  -49.723  18.075  42.122 0.0000000000
92603  -46.339  18.767  41.045 0.0000000000
112351  -42.727  10.908  39.354 0.0000000000
115477  -47.946  8.336  45.466 0.0000000000
115616  -46.612  6.645  36.854 0.0000000000
116416  -37.394  6.173  50.569 0.0000000000
121094  -43.095  6.464  44.444 0.0000000000
124719  -49.199  7.223  43.569 0.0000000000
128604  -47.630  16.280  35.486 0.0000000000
130617  -46.563  7.999  45.297 0.0000000000
130618  -40.027  5.504  47.426 0.0000000000
130655  -50.340  8.230  41.728 0.0000000000
130683  -49.578  8.164  42.917 0.0000000000
130716  -50.341  8.403  40.217 0.0000000000
132122  -45.721  -3.178  53.864 0.0000000000
132418  -42.762  0.689  41.663 0.0000000000
133263  -45.320  15.490  41.869 0.0000000000
134125  -49.807  9.841  36.725 0.0000000000
