#!ascii label  , from subject sub-04 vox2ras=TkReg
1002
51750  -35.280  -30.112  67.450 0.0000000000
115209  -17.297  -30.810  72.274 0.0000000000
51718  -25.637  -30.365  69.248 0.0000000000
71931  -42.090  -9.801  49.600 0.0000000000
73648  -47.381  -7.533  43.458 0.0000000000
125703  -9.309  -31.974  78.461 0.0000000000
70141  -39.074  -11.385  52.038 0.0000000000
54647  -37.255  -27.122  65.887 0.0000000000
49631  -31.042  -32.197  68.287 0.0000000000
49536  -12.977  -31.624  74.965 0.0000000000
117224  -12.789  -34.986  79.259 0.0000000000
52768  -30.103  -29.273  64.380 0.0000000000
54667  -31.969  -27.658  62.671 0.0000000000
53602  -21.931  -29.169  70.690 0.0000000000
127198  -27.335  -28.171  66.675 0.0000000000
62539  -35.956  -19.587  54.212 0.0000000000
65397  -38.810  -16.557  51.825 0.0000000000
119080  -42.189  -14.801  49.045 0.0000000000
44014  -5.101  -37.355  83.521 0.0000000000
44977  -3.249  -36.814  87.331 0.0000000000
57689  -31.284  -24.362  62.130 0.0000000000
59653  -30.457  -22.521  59.664 0.0000000000
59702  -33.648  -22.187  56.491 0.0000000000
45032  -9.063  -36.922  81.091 0.0000000000
49520  -17.182  -32.715  75.513 0.0000000000
51644  -19.754  -31.258  75.033 0.0000000000
50717  -33.137  -31.325  67.557 0.0000000000
53553  -16.207  -28.384  73.731 0.0000000000
50605  -14.908  -31.078  73.661 0.0000000000
48475  -15.093  -33.451  75.839 0.0000000000
111423  -31.047  -28.286  66.672 0.0000000000
52758  -28.581  -29.306  65.039 0.0000000000
64452  -35.321  -17.313  54.207 0.0000000000
63525  -37.631  -18.014  52.841 0.0000000000
66284  -36.660  -15.742  52.892 0.0000000000
68276  -39.317  -13.383  50.089 0.0000000000
69282  -41.521  -12.323  48.168 0.0000000000
116020  -43.792  -14.060  47.635 0.0000000000
70189  -43.203  -11.668  47.223 0.0000000000
70209  -44.858  -11.068  45.809 0.0000000000
127349  -30.775  -25.020  65.396 0.0000000000
55623  -31.651  -26.077  61.786 0.0000000000
57669  -28.798  -24.365  64.004 0.0000000000
60589  -27.923  -21.400  60.990 0.0000000000
61569  -30.081  -20.118  59.106 0.0000000000
58673  -31.849  -23.008  57.884 0.0000000000
62513  -31.668  -20.013  57.726 0.0000000000
62523  -32.914  -19.202  56.410 0.0000000000
132400  -24.047  -29.047  70.402 0.0000000000
47250  -6.700  -34.776  80.412 0.0000000000
123349  -8.338  -35.225  78.825 0.0000000000
41276  -3.342  -40.047  88.412 0.0000000000
42195  -1.701  -39.742  90.900 0.0000000000
69216  -37.750  -12.842  53.962 0.0000000000
56622  -36.919  -25.196  64.806 0.0000000000
50677  -27.946  -31.556  69.165 0.0000000000
50553  -10.705  -31.917  76.809 0.0000000000
46156  -10.931  -35.213  77.575 0.0000000000
47311  -12.854  -34.242  76.631 0.0000000000
73659  -48.493  -7.689  42.486 0.0000000000
117560  -32.885  -30.527  64.984 0.0000000000
52772  -33.911  -29.873  64.054 0.0000000000
52778  -31.948  -28.877  63.177 0.0000000000
53583  -17.897  -27.850  72.014 0.0000000000
117894  -19.826  -29.784  71.020 0.0000000000
129954  -20.291  -26.823  70.268 0.0000000000
55555  -22.482  -26.383  69.511 0.0000000000
54603  -24.400  -27.276  68.549 0.0000000000
55573  -26.135  -26.514  68.056 0.0000000000
52745  -25.790  -29.290  66.978 0.0000000000
50736  -27.540  -31.208  65.924 0.0000000000
50727  -30.500  -31.519  66.119 0.0000000000
60652  -37.631  -21.802  56.152 0.0000000000
67247  -38.042  -14.305  51.444 0.0000000000
66313  -40.071  -15.673  50.586 0.0000000000
71060  -45.996  -11.041  44.776 0.0000000000
44001  -3.966  -37.716  84.999 0.0000000000
130045  -4.307  -39.641  87.103 0.0000000000
54670  -34.603  -27.533  62.889 0.0000000000
55626  -34.745  -26.015  62.754 0.0000000000
57691  -33.457  -23.609  62.873 0.0000000000
59596  -27.917  -22.976  62.406 0.0000000000
58632  -30.647  -23.434  61.307 0.0000000000
111413  -33.236  -22.174  62.408 0.0000000000
59638  -34.355  -22.566  61.263 0.0000000000
58676  -35.171  -23.561  58.577 0.0000000000
117363  -36.528  -22.727  57.056 0.0000000000
60659  -34.376  -21.171  55.548 0.0000000000
63499  -33.835  -18.549  55.485 0.0000000000
52653  -21.607  -29.598  73.293 0.0000000000
47217  -5.228  -34.490  82.434 0.0000000000
44027  -7.527  -37.470  82.155 0.0000000000
46091  -11.085  -36.429  80.814 0.0000000000
42194  -0.653  -39.369  90.741 0.0000000000
50588  -17.501  -31.977  74.110 0.0000000000
50589  -18.278  -31.829  74.577 0.0000000000
50609  -18.370  -31.605  73.567 0.0000000000
51749  -34.642  -30.666  67.774 0.0000000000
52663  -16.542  -29.843  72.772 0.0000000000
52650  -15.469  -29.560  73.496 0.0000000000
50623  -16.170  -31.015  72.971 0.0000000000
49540  -16.127  -32.443  74.438 0.0000000000
125392  -35.426  -15.656  54.554 0.0000000000
65375  -36.207  -16.522  53.282 0.0000000000
67219  -35.720  -14.807  53.966 0.0000000000
71029  -41.457  -10.296  49.561 0.0000000000
70170  -40.428  -11.520  49.440 0.0000000000
132020  -41.536  -10.589  48.947 0.0000000000
70182  -42.132  -11.874  47.934 0.0000000000
122440  -42.192  -10.303  48.220 0.0000000000
71947  -42.599  -10.258  47.619 0.0000000000
111965  -29.902  -24.741  65.081 0.0000000000
127579  -29.678  -19.227  60.161 0.0000000000
61578  -30.535  -20.482  58.429 0.0000000000
63456  -31.263  -19.175  58.599 0.0000000000
62498  -32.417  -18.907  58.027 0.0000000000
52692  -24.481  -29.349  70.094 0.0000000000
116711  -24.992  -30.056  71.079 0.0000000000
51695  -25.637  -30.530  70.763 0.0000000000
48417  -8.122  -33.492  79.358 0.0000000000
48432  -8.631  -33.591  78.452 0.0000000000
71978  -47.193  -9.336  43.430 0.0000000000
42203  -2.749  -39.807  89.123 0.0000000000
54622  -37.965  -27.718  67.107 0.0000000000
132435  -37.148  -26.020  65.003 0.0000000000
49629  -29.443  -31.840  68.576 0.0000000000
49617  -31.130  -32.287  69.629 0.0000000000
51643  -13.469  -29.241  74.959 0.0000000000
51641  -12.329  -30.351  75.827 0.0000000000
51629  -12.041  -30.187  76.472 0.0000000000
49514  -11.821  -31.760  75.962 0.0000000000
48462  -11.882  -33.762  76.217 0.0000000000
48473  -13.005  -32.961  75.748 0.0000000000
49500  -16.613  -32.884  76.944 0.0000000000
48452  -15.141  -33.663  77.661 0.0000000000
126656  -31.945  -30.474  64.635 0.0000000000
51787  -32.463  -30.381  64.332 0.0000000000
124572  -31.282  -28.809  63.567 0.0000000000
55525  -18.592  -26.462  72.147 0.0000000000
54570  -18.988  -27.349  70.924 0.0000000000
55534  -19.928  -25.648  71.278 0.0000000000
126297  -22.313  -24.789  70.326 0.0000000000
56573  -23.373  -25.273  69.543 0.0000000000
54602  -23.764  -26.624  68.943 0.0000000000
55557  -23.942  -25.789  69.100 0.0000000000
54606  -28.426  -27.678  68.449 0.0000000000
54604  -26.646  -27.051  67.448 0.0000000000
54618  -25.542  -27.598  67.000 0.0000000000
124486  -26.436  -28.642  66.513 0.0000000000
51758  -26.693  -30.801  66.849 0.0000000000
52747  -26.909  -29.854  65.762 0.0000000000
52759  -29.378  -29.233  64.765 0.0000000000
51772  -29.105  -30.072  64.786 0.0000000000
51785  -30.592  -30.220  64.506 0.0000000000
51760  -31.815  -31.016  65.650 0.0000000000
61608  -36.842  -20.765  54.726 0.0000000000
60663  -38.153  -21.254  55.625 0.0000000000
61618  -37.563  -20.313  54.450 0.0000000000
64471  -38.000  -17.419  52.465 0.0000000000
123482  -39.277  -18.564  53.073 0.0000000000
69229  -38.253  -12.397  53.530 0.0000000000
68248  -37.181  -13.571  52.423 0.0000000000
69241  -37.739  -12.897  51.966 0.0000000000
67267  -40.592  -13.977  48.806 0.0000000000
68269  -39.809  -14.307  49.692 0.0000000000
66314  -41.186  -15.613  49.945 0.0000000000
66304  -42.577  -15.779  51.046 0.0000000000
71059  -45.217  -10.481  45.150 0.0000000000
71963  -44.716  -9.535  45.361 0.0000000000
71964  -45.237  -9.446  44.810 0.0000000000
46055  -4.514  -35.570  83.513 0.0000000000
46035  -4.057  -35.335  85.114 0.0000000000
44007  -4.421  -37.502  84.234 0.0000000000
43097  -5.756  -38.927  86.715 0.0000000000
42210  -4.713  -40.145  88.349 0.0000000000
53726  -33.175  -28.709  62.845 0.0000000000
53728  -34.467  -28.484  63.523 0.0000000000
53734  -33.049  -28.028  62.334 0.0000000000
56647  -31.304  -25.386  62.133 0.0000000000
119998  -32.258  -26.063  61.755 0.0000000000
56648  -31.944  -25.143  61.949 0.0000000000
57680  -34.236  -24.238  63.300 0.0000000000
57690  -32.209  -23.791  62.097 0.0000000000
61532  -27.895  -20.855  63.002 0.0000000000
59652  -29.607  -22.250  59.754 0.0000000000
59634  -29.368  -22.603  60.483 0.0000000000
59635  -30.289  -22.711  60.391 0.0000000000
59616  -32.362  -22.881  61.565 0.0000000000
59637  -32.104  -22.884  61.061 0.0000000000
111468  -33.398  -22.495  61.444 0.0000000000
59655  -32.115  -23.205  60.044 0.0000000000
59685  -32.609  -22.834  57.365 0.0000000000
58674  -33.461  -23.516  58.356 0.0000000000
129836  -34.083  -23.552  57.600 0.0000000000
58687  -35.540  -23.369  57.751 0.0000000000
59687  -34.863  -23.205  57.044 0.0000000000
59704  -35.371  -22.577  56.402 0.0000000000
121165  -34.249  -21.830  56.120 0.0000000000
63478  -33.338  -18.420  56.949 0.0000000000
63488  -33.328  -18.651  56.071 0.0000000000
124682  -33.930  -17.948  56.353 0.0000000000
52680  -21.247  -29.423  70.665 0.0000000000
119081  -20.546  -29.935  72.168 0.0000000000
53569  -22.257  -29.242  72.747 0.0000000000
45047  -7.571  -36.719  80.658 0.0000000000
45029  -6.535  -36.535  81.499 0.0000000000
45031  -8.182  -37.217  81.401 0.0000000000
46146  -12.133  -35.454  78.807 0.0000000000
46128  -10.516  -35.999  78.890 0.0000000000
46130  -12.276  -35.573  79.764 0.0000000000
49478  -17.315  -32.646  77.197 0.0000000000
50556  -18.575  -31.866  76.245 0.0000000000
51630  -19.972  -31.095  75.845 0.0000000000
51645  -20.657  -30.936  75.119 0.0000000000
50698  -31.874  -32.098  67.995 0.0000000000
49618  -32.024  -32.068  69.705 0.0000000000
52629  -15.355  -27.941  74.594 0.0000000000
51654  -14.678  -29.968  73.846 0.0000000000
114861  -13.736  -31.684  74.471 0.0000000000
49516  -13.689  -32.841  75.210 0.0000000000
119840  -14.784  -32.535  74.540 0.0000000000
125148  -16.536  -32.916  76.049 0.0000000000
130885  -30.355  -28.148  64.879 0.0000000000
53702  -30.972  -27.806  64.474 0.0000000000
110774  -28.883  -28.132  68.216 0.0000000000
53682  -27.836  -28.285  66.317 0.0000000000
53684  -30.219  -28.384  66.428 0.0000000000
124861  -35.704  -18.692  54.010 0.0000000000
63517  -36.549  -18.569  53.548 0.0000000000
63516  -36.124  -17.959  53.477 0.0000000000
65383  -36.899  -16.613  52.793 0.0000000000
66286  -37.992  -16.059  52.054 0.0000000000
69263  -39.042  -12.630  50.582 0.0000000000
128700  -39.943  -11.873  49.876 0.0000000000
68290  -40.365  -12.979  48.677 0.0000000000
68278  -41.588  -14.246  48.468 0.0000000000
67275  -43.053  -14.413  48.071 0.0000000000
68302  -42.865  -13.498  47.630 0.0000000000
132699  -43.497  -13.163  47.423 0.0000000000
69292  -44.707  -12.792  47.069 0.0000000000
70199  -43.636  -11.188  46.815 0.0000000000
71955  -43.725  -9.564  46.372 0.0000000000
127535  -6.764  -37.866  83.608 0.0000000000
43124  -5.300  -38.392  84.757 0.0000000000
44002  -6.587  -38.168  85.312 0.0000000000
55608  -31.154  -26.544  62.929 0.0000000000
55616  -31.716  -26.788  62.346 0.0000000000
56638  -30.600  -25.670  63.196 0.0000000000
57679  -29.930  -25.080  62.922 0.0000000000
57687  -29.615  -24.481  62.475 0.0000000000
61544  -27.793  -20.812  62.208 0.0000000000
62468  -28.666  -19.486  61.313 0.0000000000
131152  -28.886  -20.714  60.090 0.0000000000
60608  -29.841  -21.807  59.025 0.0000000000
59654  -31.160  -22.886  59.454 0.0000000000
60621  -30.792  -21.909  58.011 0.0000000000
60637  -31.441  -21.450  57.552 0.0000000000
60638  -32.209  -21.349  56.961 0.0000000000
60647  -32.890  -21.101  56.353 0.0000000000
62514  -32.223  -19.741  57.397 0.0000000000
53618  -23.018  -28.653  70.293 0.0000000000
53585  -22.831  -29.281  72.123 0.0000000000
53605  -23.709  -29.340  71.717 0.0000000000
121332  -7.384  -35.300  79.774 0.0000000000
45066  -8.623  -36.399  79.629 0.0000000000
43096  -3.115  -38.861  87.540 0.0000000000
126721  -3.042  -37.245  88.050 0.0000000000
43089  -2.455  -38.805  89.221 0.0000000000
128525  -2.115  -38.315  90.085 0.0000000000
43075  -1.545  -38.595  90.632 0.0000000000
57673  -35.656  -23.258  65.062 0.0000000000
50694  -26.769  -31.185  68.972 0.0000000000
50660  -27.003  -31.387  70.754 0.0000000000
51614  -11.297  -30.122  77.822 0.0000000000
50535  -10.180  -31.734  77.449 0.0000000000
48433  -9.274  -33.495  77.800 0.0000000000
48449  -10.766  -33.419  76.830 0.0000000000
47296  -11.509  -34.747  77.004 0.0000000000
115453  -12.756  -34.938  78.216 0.0000000000
48465  -14.360  -33.674  76.504 0.0000000000
48450  -13.922  -34.124  77.867 0.0000000000
48418  -14.255  -34.102  79.681 0.0000000000
73658  -47.860  -7.845  42.837 0.0000000000
51763  -34.167  -30.149  66.234 0.0000000000
52748  -34.659  -29.643  65.694 0.0000000000
52760  -33.929  -30.158  64.735 0.0000000000
52779  -32.652  -29.198  63.201 0.0000000000
53725  -32.409  -28.362  62.725 0.0000000000
53715  -31.131  -28.150  63.712 0.0000000000
54642  -31.548  -27.439  63.778 0.0000000000
54654  -31.662  -27.292  63.012 0.0000000000
56629  -31.588  -26.150  64.229 0.0000000000
133343  -17.302  -29.152  72.039 0.0000000000
51678  -18.605  -30.805  71.877 0.0000000000
52678  -18.467  -29.319  71.361 0.0000000000
53614  -19.451  -28.332  70.709 0.0000000000
54580  -20.718  -27.646  70.011 0.0000000000
56534  -20.825  -25.462  71.226 0.0000000000
55544  -21.165  -26.487  69.962 0.0000000000
54581  -21.648  -27.617  69.808 0.0000000000
53626  -23.242  -28.078  69.637 0.0000000000
53627  -23.953  -28.540  69.714 0.0000000000
52705  -24.515  -29.051  69.069 0.0000000000
56575  -25.828  -25.591  69.039 0.0000000000
55584  -24.891  -26.816  68.196 0.0000000000
53659  -25.074  -28.172  67.511 0.0000000000
51732  -25.462  -30.091  68.633 0.0000000000
50711  -26.822  -31.140  68.134 0.0000000000
50713  -28.121  -31.639  67.348 0.0000000000
114297  -29.103  -31.738  67.033 0.0000000000
51771  -28.354  -30.320  65.133 0.0000000000
50726  -29.044  -31.411  66.015 0.0000000000
50714  -30.718  -31.957  66.895 0.0000000000
50716  -32.403  -31.633  67.402 0.0000000000
50729  -33.013  -30.915  66.778 0.0000000000
53568  -16.788  -27.944  73.265 0.0000000000
129625  -38.467  -19.290  53.677 0.0000000000
68247  -36.701  -13.868  52.940 0.0000000000
67238  -37.323  -14.468  52.004 0.0000000000
66300  -38.738  -15.743  51.471 0.0000000000
68267  -38.703  -13.409  50.722 0.0000000000
67248  -38.778  -14.833  51.079 0.0000000000
65398  -39.652  -16.329  51.443 0.0000000000
65400  -41.431  -16.360  51.385 0.0000000000
71069  -46.453  -10.634  44.227 0.0000000000
71972  -46.500  -9.280  43.844 0.0000000000
73647  -46.720  -7.643  44.116 0.0000000000
44986  -3.516  -35.810  85.813 0.0000000000
44985  -3.395  -36.884  86.310 0.0000000000
43117  -4.920  -38.674  85.297 0.0000000000
120949  -3.759  -38.749  85.929 0.0000000000
43105  -3.341  -38.619  86.617 0.0000000000
42215  -4.001  -40.096  87.757 0.0000000000
52762  -34.949  -29.112  65.114 0.0000000000
132635  -35.191  -28.409  64.435 0.0000000000
54656  -35.583  -27.532  64.241 0.0000000000
55624  -33.117  -26.538  62.083 0.0000000000
55617  -34.972  -26.684  62.852 0.0000000000
126377  -35.874  -26.653  64.113 0.0000000000
56630  -35.586  -24.917  63.757 0.0000000000
57672  -35.345  -23.812  64.255 0.0000000000
58610  -34.510  -22.544  63.976 0.0000000000
58607  -28.354  -23.844  63.553 0.0000000000
58619  -29.365  -24.028  62.006 0.0000000000
124784  -27.904  -22.024  61.404 0.0000000000
58631  -29.643  -23.582  61.434 0.0000000000
58620  -31.004  -23.776  61.774 0.0000000000
127492  -32.561  -23.043  61.986 0.0000000000
59597  -33.269  -22.145  62.755 0.0000000000
58660  -32.800  -23.379  59.117 0.0000000000
58648  -34.948  -23.144  60.359 0.0000000000
59706  -37.122  -22.363  56.727 0.0000000000
60661  -36.312  -21.509  55.212 0.0000000000
61607  -35.834  -20.849  54.742 0.0000000000
61604  -33.499  -20.561  55.759 0.0000000000
61605  -34.127  -20.124  55.155 0.0000000000
62538  -34.888  -18.902  54.561 0.0000000000
64451  -34.883  -17.490  54.970 0.0000000000
65362  -34.905  -16.793  55.448 0.0000000000
51666  -19.714  -31.116  72.889 0.0000000000
51656  -20.712  -30.627  74.303 0.0000000000
53570  -22.865  -29.134  73.073 0.0000000000
45005  -4.992  -36.418  83.137 0.0000000000
46090  -5.771  -35.202  81.550 0.0000000000
45014  -6.139  -36.701  81.979 0.0000000000
44015  -6.025  -37.590  83.138 0.0000000000
44016  -7.741  -37.671  83.902 0.0000000000
46143  -9.587  -35.679  78.237 0.0000000000
46127  -9.715  -36.204  78.918 0.0000000000
45033  -10.441  -36.748  81.272 0.0000000000
42189  -1.736  -40.682  91.178 0.0000000000
42188  -1.136  -39.860  91.220 0.0000000000
43074  -0.788  -38.533  90.777 0.0000000000
51751  -35.962  -29.792  67.676 0.0000000000
50608  -17.258  -31.649  73.235 0.0000000000
50625  -17.845  -31.233  72.452 0.0000000000
51734  -35.371  -30.532  68.157 0.0000000000
51676  -16.715  -30.624  72.612 0.0000000000
50624  -16.916  -31.246  72.681 0.0000000000
50607  -16.405  -31.566  73.269 0.0000000000
67204  -35.710  -14.742  54.909 0.0000000000
71030  -41.877  -10.252  48.930 0.0000000000
71036  -41.806  -10.956  48.419 0.0000000000
63435  -30.763  -19.089  59.208 0.0000000000
129275  -25.370  -30.176  69.677 0.0000000000
52693  -25.120  -30.003  70.229 0.0000000000
51705  -25.714  -30.480  69.952 0.0000000000
49434  -8.933  -32.017  79.244 0.0000000000
49454  -8.601  -32.859  79.036 0.0000000000
49455  -9.015  -32.726  78.422 0.0000000000
72789  -47.497  -8.499  43.118 0.0000000000
71979  -47.805  -9.310  43.071 0.0000000000
55603  -37.939  -26.432  66.044 0.0000000000
124759  -37.228  -26.555  65.379 0.0000000000
49630  -30.213  -32.060  68.619 0.0000000000
49616  -30.378  -32.227  69.482 0.0000000000
123059  -30.871  -32.179  68.992 0.0000000000
51652  -13.446  -30.616  74.813 0.0000000000
51642  -12.923  -29.813  75.512 0.0000000000
50571  -12.783  -30.770  75.296 0.0000000000
50570  -12.315  -31.239  75.553 0.0000000000
49515  -12.484  -32.121  75.486 0.0000000000
121419  -13.057  -32.333  75.127 0.0000000000
51786  -31.566  -30.179  64.316 0.0000000000
52769  -30.939  -29.461  64.016 0.0000000000
55533  -19.176  -25.976  71.611 0.0000000000
57616  -23.982  -24.348  70.693 0.0000000000
56552  -22.948  -24.766  69.942 0.0000000000
56553  -23.701  -24.713  70.056 0.0000000000
112909  -24.270  -25.174  69.585 0.0000000000
53661  -27.981  -28.077  67.473 0.0000000000
54605  -27.532  -27.373  67.931 0.0000000000
53660  -27.060  -27.666  67.004 0.0000000000
54630  -26.601  -28.173  66.585 0.0000000000
53681  -26.975  -28.758  66.227 0.0000000000
51784  -29.734  -29.888  64.516 0.0000000000
51774  -31.484  -30.659  64.876 0.0000000000
61617  -36.176  -20.271  54.423 0.0000000000
125497  -36.859  -19.834  54.241 0.0000000000
64472  -38.892  -17.387  52.251 0.0000000000
63527  -39.315  -18.015  52.612 0.0000000000
65386  -39.516  -17.013  51.886 0.0000000000
69242  -38.723  -11.716  52.966 0.0000000000
127955  -38.084  -12.351  52.697 0.0000000000
118389  -38.360  -12.058  51.996 0.0000000000
67268  -41.384  -14.647  49.002 0.0000000000
67258  -40.774  -14.915  49.364 0.0000000000
67259  -41.747  -15.194  49.498 0.0000000000
66315  -42.160  -15.635  50.214 0.0000000000
72777  -44.942  -8.574  45.280 0.0000000000
44999  -4.420  -36.601  83.822 0.0000000000
121485  -32.829  -24.332  62.306 0.0000000000
59636  -31.217  -22.954  60.478 0.0000000000
115898  -32.762  -22.768  60.920 0.0000000000
133190  -33.223  -22.721  56.932 0.0000000000
58685  -33.295  -23.293  57.491 0.0000000000
59686  -33.903  -23.047  56.880 0.0000000000
59703  -34.489  -22.518  56.428 0.0000000000
126543  -21.534  -29.562  71.182 0.0000000000
53584  -22.219  -29.370  71.709 0.0000000000
45048  -8.407  -36.797  80.432 0.0000000000
112076  -9.007  -37.134  81.929 0.0000000000
47267  -12.868  -35.046  80.175 0.0000000000
53688  -37.273  -28.100  66.814 0.0000000000
126765  -17.299  -32.687  76.434 0.0000000000
50537  -18.025  -32.224  76.926 0.0000000000
49501  -17.929  -32.358  75.935 0.0000000000
50574  -18.985  -31.606  74.998 0.0000000000
129796  -19.413  -31.418  75.602 0.0000000000
123167  -32.731  -31.776  68.066 0.0000000000
50700  -33.183  -31.754  68.612 0.0000000000
118793  -15.897  -27.828  74.541 0.0000000000
51664  -15.456  -30.590  73.333 0.0000000000
51653  -14.193  -30.891  74.154 0.0000000000
50586  -14.592  -31.826  74.157 0.0000000000
49539  -15.349  -32.249  74.258 0.0000000000
49541  -16.949  -32.487  74.638 0.0000000000
49519  -16.370  -32.832  75.188 0.0000000000
113117  -30.853  -27.913  65.638 0.0000000000
53662  -28.835  -28.299  67.086 0.0000000000
53701  -29.897  -28.288  65.478 0.0000000000
132722  -35.572  -17.894  53.845 0.0000000000
123647  -35.814  -17.266  53.564 0.0000000000
66275  -35.943  -15.702  53.632 0.0000000000
65384  -37.597  -16.716  52.435 0.0000000000
116934  -37.313  -16.094  52.519 0.0000000000
70162  -39.553  -11.760  50.587 0.0000000000
113878  -40.141  -11.165  50.237 0.0000000000
121247  -40.790  -12.120  48.614 0.0000000000
69273  -40.098  -12.372  49.255 0.0000000000
68291  -41.228  -13.173  48.261 0.0000000000
68292  -42.152  -13.805  48.035 0.0000000000
69283  -42.085  -12.847  47.855 0.0000000000
70188  -42.669  -11.776  47.591 0.0000000000
69290  -42.848  -12.482  47.492 0.0000000000
69291  -43.758  -12.553  47.207 0.0000000000
70190  -44.162  -11.914  46.770 0.0000000000
71948  -43.032  -9.687  47.094 0.0000000000
56619  -30.677  -25.439  64.474 0.0000000000
128078  -29.322  -24.717  64.244 0.0000000000
57671  -29.844  -25.149  63.864 0.0000000000
57678  -29.224  -24.715  63.368 0.0000000000
62482  -29.760  -19.709  59.659 0.0000000000
61557  -29.084  -19.828  60.296 0.0000000000
61568  -29.476  -20.434  59.607 0.0000000000
126777  -29.294  -21.377  59.656 0.0000000000
60619  -29.902  -20.911  59.015 0.0000000000
59667  -30.532  -22.263  58.800 0.0000000000
60620  -30.357  -21.361  58.493 0.0000000000
61579  -31.216  -20.570  57.836 0.0000000000
60636  -30.808  -21.139  58.000 0.0000000000
61591  -31.843  -20.632  57.315 0.0000000000
61597  -32.386  -20.532  56.733 0.0000000000
53619  -23.602  -29.008  70.580 0.0000000000
51681  -25.549  -30.655  71.765 0.0000000000
52682  -24.669  -30.182  71.909 0.0000000000
47266  -7.828  -34.653  79.275 0.0000000000
121054  -8.100  -35.661  79.298 0.0000000000
42214  -3.372  -39.605  87.789 0.0000000000
43090  -2.894  -39.285  88.326 0.0000000000
41255  -2.538  -40.248  90.009 0.0000000000
43083  -2.230  -39.271  90.098 0.0000000000
56612  -37.950  -25.131  66.053 0.0000000000
56623  -37.346  -24.471  65.579 0.0000000000
57664  -36.563  -23.851  65.217 0.0000000000
50695  -27.377  -31.423  68.590 0.0000000000
50676  -27.323  -31.413  69.308 0.0000000000
129297  -28.433  -31.650  69.758 0.0000000000
50554  -11.224  -31.341  76.469 0.0000000000
51628  -11.509  -30.520  76.872 0.0000000000
50536  -10.721  -30.942  77.301 0.0000000000
49475  -10.331  -32.603  77.090 0.0000000000
49496  -10.908  -32.705  76.684 0.0000000000
48463  -12.501  -33.748  76.111 0.0000000000
47309  -11.367  -34.034  76.585 0.0000000000
47310  -12.045  -34.348  76.425 0.0000000000
47297  -12.389  -34.765  77.186 0.0000000000
47298  -13.229  -34.529  77.479 0.0000000000
49517  -14.534  -32.999  75.088 0.0000000000
48474  -14.152  -33.350  75.764 0.0000000000
48436  -15.400  -33.470  78.391 0.0000000000
48451  -14.495  -33.850  77.357 0.0000000000
48435  -14.642  -33.863  78.216 0.0000000000
48434  -14.015  -34.244  78.818 0.0000000000
51776  -33.544  -30.340  65.401 0.0000000000
51777  -34.153  -30.032  65.339 0.0000000000
52770  -31.961  -29.624  63.692 0.0000000000
52771  -33.036  -29.955  63.746 0.0000000000
54631  -31.956  -27.556  64.996 0.0000000000
55600  -32.773  -26.532  65.000 0.0000000000
54655  -31.763  -26.867  63.875 0.0000000000
53600  -17.820  -28.784  71.684 0.0000000000
52677  -17.776  -29.697  71.604 0.0000000000
55542  -19.513  -26.452  70.753 0.0000000000
54579  -19.813  -27.514  70.357 0.0000000000
53615  -20.276  -28.531  70.258 0.0000000000
55554  -21.937  -26.045  69.762 0.0000000000
56551  -21.677  -25.470  70.061 0.0000000000
55545  -21.947  -26.764  69.724 0.0000000000
123573  -22.512  -27.518  69.622 0.0000000000
54590  -23.722  -27.596  69.123 0.0000000000
53641  -24.290  -28.194  68.809 0.0000000000
55574  -27.063  -26.581  68.350 0.0000000000
55559  -27.360  -26.014  69.308 0.0000000000
119713  -26.517  -25.961  68.762 0.0000000000
132897  -26.035  -25.275  69.622 0.0000000000
131858  -25.970  -26.045  68.566 0.0000000000
55572  -25.346  -26.213  68.419 0.0000000000
53679  -25.543  -28.446  66.866 0.0000000000
118698  -25.247  -29.021  67.552 0.0000000000
51746  -25.680  -29.957  67.776 0.0000000000
51733  -26.126  -30.642  68.539 0.0000000000
51747  -26.407  -30.674  67.626 0.0000000000
51759  -26.927  -30.815  66.020 0.0000000000
50724  -27.311  -31.356  66.726 0.0000000000
50725  -28.196  -31.492  66.400 0.0000000000
53699  -28.136  -28.735  65.478 0.0000000000
52757  -27.768  -29.606  65.330 0.0000000000
115066  -29.833  -31.255  65.619 0.0000000000
50738  -29.043  -30.932  65.212 0.0000000000
117277  -29.865  -31.698  66.466 0.0000000000
50715  -31.634  -31.856  67.114 0.0000000000
111938  -31.307  -31.491  66.277 0.0000000000
51761  -32.714  -30.660  65.859 0.0000000000
51762  -33.448  -30.512  66.309 0.0000000000
54558  -18.179  -27.076  72.640 0.0000000000
54557  -17.547  -27.537  72.939 0.0000000000
53582  -17.284  -28.367  72.376 0.0000000000
59707  -37.993  -22.089  56.978 0.0000000000
114567  -38.661  -20.686  55.170 0.0000000000
60664  -38.964  -21.013  55.885 0.0000000000
63518  -37.321  -18.534  53.260 0.0000000000
62550  -37.152  -19.119  53.761 0.0000000000
62551  -37.896  -18.974  53.513 0.0000000000
68231  -37.270  -13.283  54.316 0.0000000000
68239  -36.604  -13.602  53.805 0.0000000000
68240  -37.158  -13.269  53.402 0.0000000000
68259  -37.573  -13.742  51.738 0.0000000000
66299  -38.029  -15.133  51.721 0.0000000000
118590  -40.252  -15.315  49.956 0.0000000000
67257  -39.513  -14.979  50.414 0.0000000000
66301  -39.444  -15.560  50.993 0.0000000000
114343  -40.101  -15.989  51.053 0.0000000000
65399  -40.620  -16.425  51.393 0.0000000000
66302  -40.766  -16.003  50.962 0.0000000000
65401  -42.230  -16.201  51.488 0.0000000000
67276  -44.066  -14.659  48.462 0.0000000000
70210  -46.623  -11.647  45.258 0.0000000000
72782  -45.548  -8.462  44.704 0.0000000000
71971  -45.854  -9.308  44.289 0.0000000000
72783  -46.241  -8.458  44.200 0.0000000000
127283  -3.990  -36.589  84.798 0.0000000000
44993  -3.636  -37.022  85.521 0.0000000000
43118  -5.761  -38.547  85.287 0.0000000000
42221  -4.917  -39.412  86.669 0.0000000000
43106  -4.484  -38.975  85.913 0.0000000000
130469  -3.983  -39.271  86.462 0.0000000000
42220  -3.648  -39.395  87.165 0.0000000000
52761  -34.357  -29.711  64.830 0.0000000000
52749  -35.427  -29.208  66.053 0.0000000000
133546  -35.083  -27.847  63.659 0.0000000000
54645  -35.893  -27.885  65.007 0.0000000000
125027  -32.280  -26.683  61.931 0.0000000000
113668  -33.847  -25.877  62.442 0.0000000000
55625  -34.236  -26.704  62.462 0.0000000000
122758  -35.458  -26.028  63.354 0.0000000000
55609  -36.203  -25.599  64.100 0.0000000000
56640  -34.940  -25.198  63.244 0.0000000000
112895  -34.973  -24.333  63.690 0.0000000000
57681  -34.615  -23.350  63.955 0.0000000000
58609  -33.914  -22.801  63.475 0.0000000000
59564  -27.623  -22.459  63.795 0.0000000000
113776  -27.862  -23.215  64.152 0.0000000000
59579  -27.772  -23.167  63.249 0.0000000000
58608  -28.838  -24.172  62.739 0.0000000000
113975  -28.297  -23.569  62.752 0.0000000000
130418  -27.805  -20.856  61.462 0.0000000000
60588  -27.632  -21.448  61.741 0.0000000000
59614  -30.034  -23.097  60.923 0.0000000000
58630  -29.052  -23.008  61.169 0.0000000000
58621  -31.832  -23.407  61.848 0.0000000000
58633  -31.632  -23.162  61.439 0.0000000000
58622  -32.930  -22.582  62.043 0.0000000000
59580  -33.587  -22.115  63.151 0.0000000000
59598  -33.738  -21.924  63.019 0.0000000000
58659  -31.907  -23.322  58.850 0.0000000000
58675  -34.302  -23.585  58.507 0.0000000000
58662  -34.597  -23.403  59.426 0.0000000000
59688  -36.347  -23.041  57.659 0.0000000000
58678  -37.036  -23.155  58.880 0.0000000000
126593  -36.854  -23.033  58.158 0.0000000000
59689  -37.129  -22.740  57.498 0.0000000000
131920  -37.534  -22.455  57.193 0.0000000000
60649  -34.951  -21.951  55.913 0.0000000000
60650  -35.835  -22.081  55.779 0.0000000000
60660  -35.361  -21.433  55.267 0.0000000000
61606  -34.958  -20.604  54.909 0.0000000000
61598  -32.817  -20.136  56.114 0.0000000000
62529  -33.376  -19.452  55.577 0.0000000000
62530  -34.138  -19.167  54.962 0.0000000000
61615  -34.769  -19.712  54.696 0.0000000000
122341  -34.490  -18.344  54.941 0.0000000000
51693  -19.220  -30.337  71.493 0.0000000000
51679  -19.441  -30.792  72.132 0.0000000000
52665  -20.742  -29.923  72.967 0.0000000000
52652  -20.940  -29.953  73.893 0.0000000000
51657  -21.352  -30.416  74.668 0.0000000000
118009  -21.849  -29.804  74.193 0.0000000000
53586  -23.334  -29.324  72.406 0.0000000000
53571  -23.462  -29.409  73.244 0.0000000000
50645  -27.382  -31.677  71.509 0.0000000000
46069  -4.879  -35.424  82.718 0.0000000000
47235  -6.788  -33.879  81.212 0.0000000000
47234  -6.145  -34.549  81.403 0.0000000000
46110  -6.335  -35.601  81.067 0.0000000000
44026  -6.760  -37.232  82.012 0.0000000000
44021  -6.108  -37.208  82.468 0.0000000000
44022  -6.832  -37.670  82.695 0.0000000000
44023  -7.590  -37.684  82.968 0.0000000000
127566  -9.773  -34.205  77.495 0.0000000000
47281  -9.072  -34.593  77.916 0.0000000000
47282  -9.995  -35.053  77.579 0.0000000000
46112  -10.855  -36.147  79.884 0.0000000000
45050  -10.193  -36.592  80.305 0.0000000000
41245  -0.893  -40.003  91.160 0.0000000000
41246  -1.261  -40.684  91.204 0.0000000000
42187  -0.937  -39.345  91.140 0.0000000000
50572  -17.753  -32.319  74.995 0.0000000000
133633  -18.741  -31.653  74.334 0.0000000000
118496  -19.309  -31.463  74.176 0.0000000000
50701  -33.923  -31.354  68.220 0.0000000000
52651  -16.083  -29.283  73.269 0.0000000000
52640  -15.678  -28.585  73.917 0.0000000000
51665  -16.105  -30.204  73.072 0.0000000000
50606  -15.634  -31.351  73.387 0.0000000000
49558  -15.252  -31.678  73.814 0.0000000000
49559  -15.890  -31.919  73.801 0.0000000000
50587  -16.675  -32.056  73.870 0.0000000000
53664  -31.583  -28.380  67.325 0.0000000000
65363  -35.204  -16.631  54.729 0.0000000000
65374  -35.552  -16.495  53.933 0.0000000000
130223  -36.236  -15.053  53.299 0.0000000000
71028  -40.736  -10.704  49.851 0.0000000000
70171  -41.112  -11.063  48.976 0.0000000000
70181  -41.446  -11.651  48.371 0.0000000000
71042  -42.521  -11.092  47.751 0.0000000000
71043  -43.082  -10.724  47.181 0.0000000000
71940  -42.497  -9.573  47.950 0.0000000000
57661  -29.383  -24.088  65.591 0.0000000000
57670  -29.047  -24.290  64.856 0.0000000000
62495  -30.603  -19.654  58.723 0.0000000000
62496  -31.141  -19.829  58.162 0.0000000000
62497  -31.809  -19.376  58.045 0.0000000000
52681  -24.139  -29.650  71.036 0.0000000000
131035  -24.648  -29.751  70.636 0.0000000000
51682  -26.250  -31.290  71.998 0.0000000000
47280  -8.358  -34.468  78.610 0.0000000000
71079  -47.752  -10.233  43.353 0.0000000000
41266  -3.309  -40.448  89.270 0.0000000000
131480  -2.348  -40.595  90.794 0.0000000000
55602  -37.562  -25.679  65.352 0.0000000000
50678  -28.795  -31.702  69.012 0.0000000000
49615  -29.637  -31.965  69.295 0.0000000000
49602  -31.358  -32.330  70.401 0.0000000000
52626  -13.094  -28.673  75.769 0.0000000000
51616  -12.464  -29.378  76.367 0.0000000000
50555  -11.792  -30.856  76.102 0.0000000000
49497  -11.308  -32.300  76.330 0.0000000000
49498  -12.066  -32.841  76.034 0.0000000000
49499  -15.893  -33.246  76.493 0.0000000000
48466  -15.190  -33.682  76.853 0.0000000000
49476  -15.899  -33.226  77.549 0.0000000000
51775  -32.221  -30.643  65.047 0.0000000000
54569  -18.365  -27.197  71.627 0.0000000000
118898  -18.819  -26.617  71.334 0.0000000000
56535  -22.399  -24.498  71.175 0.0000000000
56572  -22.492  -25.429  69.648 0.0000000000
55556  -23.142  -25.986  69.232 0.0000000000
55571  -24.485  -26.349  68.637 0.0000000000
54591  -27.945  -26.884  68.810 0.0000000000
55586  -25.951  -27.039  67.238 0.0000000000
54619  -26.220  -27.530  66.760 0.0000000000
54629  -25.965  -28.112  66.504 0.0000000000
53680  -26.034  -28.746  66.660 0.0000000000
52733  -26.250  -30.131  67.074 0.0000000000
52746  -26.409  -29.418  66.503 0.0000000000
118294  -26.591  -30.255  66.419 0.0000000000
51773  -29.824  -30.616  64.925 0.0000000000
50739  -30.767  -31.065  65.347 0.0000000000
60662  -37.261  -21.420  55.374 0.0000000000
61609  -37.822  -20.831  54.943 0.0000000000
61619  -38.343  -20.292  54.517 0.0000000000
122821  -37.982  -18.499  53.092 0.0000000000
63526  -38.526  -18.123  52.767 0.0000000000
69228  -37.602  -12.810  52.995 0.0000000000
68260  -38.096  -13.519  51.281 0.0000000000
68277  -39.769  -13.269  49.237 0.0000000000
134027  -40.754  -15.791  50.442 0.0000000000
66303  -41.591  -15.958  50.786 0.0000000000
71050  -44.234  -10.345  46.081 0.0000000000
71058  -44.650  -10.228  45.625 0.0000000000
71068  -45.697  -10.205  44.422 0.0000000000
46043  -4.268  -35.670  84.334 0.0000000000
42216  -4.861  -39.831  87.514 0.0000000000
53727  -34.035  -29.172  63.685 0.0000000000
127436  -34.484  -29.144  64.271 0.0000000000
129177  -33.789  -28.812  63.225 0.0000000000
54669  -33.814  -28.230  62.748 0.0000000000
56649  -32.860  -25.552  62.115 0.0000000000
56650  -34.327  -25.306  62.864 0.0000000000
118712  -33.585  -24.870  62.665 0.0000000000
59595  -27.594  -22.368  62.900 0.0000000000
125702  -28.954  -22.055  60.058 0.0000000000
59633  -28.507  -22.216  60.801 0.0000000000
59615  -30.962  -22.987  61.002 0.0000000000
110779  -31.703  -23.014  61.164 0.0000000000
111685  -32.800  -22.623  61.741 0.0000000000
59617  -33.957  -22.023  62.201 0.0000000000
133191  -33.268  -22.781  60.692 0.0000000000
58684  -32.622  -23.378  58.165 0.0000000000
58686  -34.800  -23.616  57.832 0.0000000000
113412  -35.812  -22.904  57.046 0.0000000000
59705  -36.237  -22.487  56.443 0.0000000000
63500  -34.402  -17.825  55.548 0.0000000000
51694  -19.969  -30.212  71.749 0.0000000000
52679  -20.756  -29.822  71.248 0.0000000000
114840  -21.378  -29.601  72.206 0.0000000000
46111  -7.004  -35.881  80.349 0.0000000000
45046  -6.901  -36.408  80.958 0.0000000000
45030  -7.264  -37.033  81.423 0.0000000000
114818  -8.274  -37.436  82.390 0.0000000000
46144  -10.466  -35.575  78.110 0.0000000000
46145  -11.273  -35.614  78.426 0.0000000000
46129  -11.497  -35.852  79.354 0.0000000000
46113  -11.659  -35.926  80.316 0.0000000000
54634  -36.903  -27.759  66.188 0.0000000000
54646  -36.642  -27.331  65.375 0.0000000000
117140  -17.758  -32.544  77.802 0.0000000000
49479  -18.497  -32.078  77.781 0.0000000000
126968  -19.541  -31.437  77.098 0.0000000000
50573  -18.399  -31.912  75.429 0.0000000000
50557  -19.346  -31.464  76.331 0.0000000000
49632  -31.566  -32.163  68.904 0.0000000000
52628  -14.783  -27.855  75.097 0.0000000000
52639  -15.000  -28.734  74.146 0.0000000000
52638  -14.222  -28.895  74.538 0.0000000000
128251  -13.983  -29.926  74.425 0.0000000000
49537  -13.440  -32.214  74.740 0.0000000000
49538  -14.064  -32.437  74.565 0.0000000000
49518  -15.445  -32.866  74.973 0.0000000000
126726  -15.858  -33.100  75.692 0.0000000000
53714  -30.578  -28.550  64.202 0.0000000000
123434  -28.554  -28.400  65.953 0.0000000000
53683  -29.322  -28.409  66.139 0.0000000000
53700  -29.033  -28.605  65.262 0.0000000000
53713  -29.838  -28.612  64.768 0.0000000000
62549  -36.430  -19.161  53.945 0.0000000000
64462  -36.835  -17.982  53.074 0.0000000000
64461  -36.493  -17.296  53.114 0.0000000000
64470  -37.223  -17.345  52.745 0.0000000000
65385  -38.236  -16.827  52.157 0.0000000000
69256  -38.945  -11.944  51.269 0.0000000000
70155  -39.435  -11.332  51.352 0.0000000000
69272  -39.578  -12.550  49.901 0.0000000000
67270  -43.190  -14.826  49.056 0.0000000000
67269  -42.416  -14.544  48.466 0.0000000000
116903  -44.749  -11.669  46.322 0.0000000000
70200  -44.199  -11.119  46.386 0.0000000000
71049  -43.619  -10.452  46.608 0.0000000000
122400  -5.840  -37.847  83.767 0.0000000000
44008  -5.155  -38.032  84.150 0.0000000000
44009  -6.073  -38.167  84.471 0.0000000000
56639  -31.037  -26.012  62.266 0.0000000000
56646  -30.703  -25.145  62.515 0.0000000000
57688  -30.425  -24.488  62.269 0.0000000000
61545  -28.212  -20.200  61.842 0.0000000000
61556  -28.305  -20.528  60.815 0.0000000000
60597  -28.581  -21.410  60.337 0.0000000000
59668  -31.175  -22.712  58.441 0.0000000000
59683  -31.374  -22.325  57.745 0.0000000000
59684  -32.009  -22.197  57.300 0.0000000000
59701  -32.791  -22.007  56.774 0.0000000000
132834  -33.238  -21.660  56.431 0.0000000000
62522  -32.594  -19.760  56.782 0.0000000000
62515  -32.788  -18.916  57.404 0.0000000000
114648  -33.320  -18.035  57.930 0.0000000000
53603  -22.722  -29.217  70.974 0.0000000000
53604  -23.279  -29.310  71.367 0.0000000000
53587  -23.768  -29.565  72.601 0.0000000000
114649  -23.990  -29.804  72.014 0.0000000000
48416  -7.637  -33.919  79.815 0.0000000000
47265  -7.303  -34.526  79.870 0.0000000000
45065  -7.775  -36.226  79.889 0.0000000000
45049  -9.265  -36.692  80.311 0.0000000000
47268  -13.558  -34.581  79.706 0.0000000000
43987  -3.102  -37.930  87.388 0.0000000000
43978  -2.758  -38.158  88.355 0.0000000000
43970  -2.295  -37.721  89.459 0.0000000000
43965  -1.682  -37.408  90.348 0.0000000000
68232  -37.920  -13.060  54.839 0.0000000000
69230  -38.947  -12.111  53.963 0.0000000000
51719  -26.237  -30.825  69.474 0.0000000000
51706  -26.293  -30.919  70.338 0.0000000000
50675  -26.887  -31.241  69.819 0.0000000000
124376  -27.705  -31.536  70.048 0.0000000000
51599  -10.661  -30.469  78.318 0.0000000000
129410  -10.256  -31.072  77.964 0.0000000000
50534  -9.793  -31.535  78.177 0.0000000000
49474  -9.611  -32.473  77.720 0.0000000000
48448  -10.011  -33.435  77.264 0.0000000000
47295  -10.584  -34.363  77.102 0.0000000000
48461  -11.389  -33.221  76.406 0.0000000000
47283  -11.848  -35.169  77.855 0.0000000000
115997  -13.327  -34.668  78.844 0.0000000000
48464  -13.485  -33.654  76.188 0.0000000000
116170  -13.701  -33.943  77.028 0.0000000000
47284  -13.480  -34.569  78.210 0.0000000000
111995  -34.577  -30.258  67.063 0.0000000000
51764  -34.978  -29.810  66.576 0.0000000000
51788  -33.376  -30.340  64.450 0.0000000000
52780  -33.443  -29.339  63.426 0.0000000000
54643  -32.494  -27.101  64.740 0.0000000000
53724  -31.719  -28.143  63.187 0.0000000000
115589  -31.562  -25.429  65.263 0.0000000000
57663  -32.202  -25.126  66.098 0.0000000000
51677  -17.831  -30.545  71.819 0.0000000000
51692  -18.452  -30.164  71.431 0.0000000000
116666  -19.057  -29.800  71.243 0.0000000000
53601  -18.572  -28.251  71.318 0.0000000000
119340  -19.242  -29.123  71.064 0.0000000000
52690  -19.906  -29.111  70.628 0.0000000000
52691  -20.573  -29.350  70.531 0.0000000000
53616  -21.268  -28.734  70.130 0.0000000000
56521  -20.535  -25.162  72.087 0.0000000000
55543  -20.419  -26.031  70.579 0.0000000000
111505  -21.607  -25.027  70.947 0.0000000000
56550  -21.108  -25.679  70.556 0.0000000000
53617  -22.264  -28.516  70.099 0.0000000000
54589  -23.101  -26.984  69.296 0.0000000000
52706  -25.041  -29.817  69.313 0.0000000000
111884  -25.364  -25.033  69.723 0.0000000000
56574  -24.847  -25.654  69.035 0.0000000000
55585  -25.421  -26.890  67.718 0.0000000000
54617  -25.045  -27.450  67.855 0.0000000000
53658  -24.725  -27.950  68.204 0.0000000000
53642  -24.822  -28.651  68.257 0.0000000000
123887  -25.101  -29.454  68.419 0.0000000000
130924  -26.909  -31.159  67.388 0.0000000000
50712  -27.413  -31.443  67.725 0.0000000000
50696  -28.065  -31.614  68.298 0.0000000000
50697  -28.866  -31.736  68.025 0.0000000000
49638  -29.684  -31.887  67.868 0.0000000000
49639  -30.481  -32.081  67.726 0.0000000000
53698  -27.423  -28.997  65.692 0.0000000000
51770  -27.521  -30.585  65.490 0.0000000000
50737  -28.231  -31.141  65.564 0.0000000000
127374  -29.982  -31.957  67.175 0.0000000000
49640  -31.172  -32.123  67.577 0.0000000000
131756  -32.712  -31.287  67.094 0.0000000000
50728  -32.244  -31.283  66.598 0.0000000000
51748  -33.844  -30.718  67.151 0.0000000000
53554  -16.477  -27.613  74.218 0.0000000000
54545  -17.134  -27.266  73.794 0.0000000000
53567  -16.646  -28.946  72.716 0.0000000000
52664  -17.155  -29.987  72.216 0.0000000000
62540  -37.879  -19.657  54.035 0.0000000000
62541  -38.798  -19.743  54.077 0.0000000000
63519  -38.554  -18.784  53.265 0.0000000000
67220  -36.033  -14.017  54.310 0.0000000000
67229  -36.188  -14.267  53.407 0.0000000000
127512  -36.740  -14.732  52.693 0.0000000000
132381  -36.917  -14.170  52.433 0.0000000000
66285  -37.340  -15.375  52.303 0.0000000000
69255  -38.382  -12.698  51.240 0.0000000000
120703  -38.541  -14.062  50.980 0.0000000000
68268  -39.135  -14.151  50.516 0.0000000000
65388  -41.264  -16.815  51.925 0.0000000000
70220  -47.395  -11.010  44.062 0.0000000000
127716  -46.179  -9.953  43.990 0.0000000000
71078  -46.878  -10.109  43.757 0.0000000000
72788  -46.864  -8.436  43.649 0.0000000000
130732  -46.664  -7.079  44.620 0.0000000000
46029  -3.623  -34.656  86.612 0.0000000000
43994  -3.264  -37.676  86.651 0.0000000000
43123  -4.576  -38.210  84.728 0.0000000000
43116  -4.111  -38.454  85.371 0.0000000000
43107  -5.346  -38.887  85.981 0.0000000000
43115  -3.515  -37.973  85.812 0.0000000000
42209  -3.986  -40.422  88.694 0.0000000000
52734  -35.685  -29.512  66.942 0.0000000000
53703  -35.626  -28.596  65.408 0.0000000000
126725  -36.130  -27.201  64.699 0.0000000000
54682  -32.879  -27.272  62.143 0.0000000000
54683  -33.639  -27.420  62.372 0.0000000000
54671  -35.319  -27.073  63.457 0.0000000000
55610  -36.668  -26.421  64.721 0.0000000000
56631  -36.141  -24.408  64.437 0.0000000000
58597  -28.460  -23.767  64.561 0.0000000000
129797  -27.771  -22.515  64.598 0.0000000000
131715  -28.776  -24.333  63.406 0.0000000000
119038  -30.102  -24.085  61.735 0.0000000000
60579  -27.624  -21.538  62.540 0.0000000000
59612  -27.645  -22.217  62.065 0.0000000000
59613  -28.274  -22.670  61.639 0.0000000000
58618  -28.744  -23.473  61.988 0.0000000000
112570  -32.954  -23.038  62.392 0.0000000000
128037  -32.373  -22.946  61.673 0.0000000000
130035  -33.333  -22.450  62.994 0.0000000000
58598  -34.712  -22.114  64.242 0.0000000000
59656  -33.089  -23.070  60.041 0.0000000000
58647  -33.906  -22.945  60.336 0.0000000000
58661  -33.696  -23.370  59.294 0.0000000000
60651  -36.731  -21.961  55.929 0.0000000000
61616  -35.473  -20.093  54.510 0.0000000000
60648  -33.659  -21.402  56.129 0.0000000000
124179  -35.333  -19.398  54.404 0.0000000000
63506  -35.138  -18.112  54.421 0.0000000000
131439  -34.700  -17.320  55.514 0.0000000000
66250  -35.123  -16.094  55.274 0.0000000000
66251  -35.416  -15.464  55.500 0.0000000000
50626  -18.870  -31.213  72.647 0.0000000000
131412  -19.217  -31.365  73.367 0.0000000000
128587  -19.784  -31.210  73.633 0.0000000000
51680  -20.177  -30.542  72.518 0.0000000000
51667  -20.369  -30.716  73.468 0.0000000000
51655  -20.111  -31.025  74.295 0.0000000000
52654  -22.396  -29.363  73.639 0.0000000000
52655  -23.792  -29.576  74.021 0.0000000000
53555  -23.073  -29.449  74.008 0.0000000000
52641  -22.591  -29.657  74.530 0.0000000000
52631  -22.717  -29.754  75.505 0.0000000000
50644  -26.735  -31.495  71.516 0.0000000000
47233  -5.598  -34.692  81.867 0.0000000000
45028  -5.901  -35.961  81.718 0.0000000000
46089  -5.335  -35.350  82.012 0.0000000000
45013  -5.482  -36.358  82.363 0.0000000000
44020  -5.521  -37.036  82.902 0.0000000000
45015  -8.395  -37.417  83.300 0.0000000000
46142  -8.760  -35.262  78.372 0.0000000000
46126  -8.862  -35.996  78.823 0.0000000000
45067  -9.478  -36.468  79.532 0.0000000000
121956  -9.770  -36.827  80.915 0.0000000000
47251  -12.866  -34.897  81.076 0.0000000000
46114  -12.330  -35.503  80.694 0.0000000000
46070  -11.143  -36.354  81.851 0.0000000000
117707  -9.732  -36.856  81.625 0.0000000000
72800  -48.220  -8.683  42.674 0.0000000000
118549  -2.646  -41.167  91.191 0.0000000000
43066  -1.114  -38.984  91.113 0.0000000000
43964  -1.113  -37.955  90.722 0.0000000000
42202  -0.389  -39.562  89.958 0.0000000000
43082  -0.249  -38.771  90.111 0.0000000000
43073  -0.275  -37.853  90.114 0.0000000000
45068  -10.180  -36.363  79.477 0.0000000000
49601  -30.600  -32.373  70.235 0.0000000000
50538  -18.866  -31.759  77.030 0.0000000000
51696  -26.235  -31.054  71.182 0.0000000000
54668  -32.385  -27.496  62.323 0.0000000000
55558  -26.532  -25.571  69.508 0.0000000000
59581  -34.182  -22.154  63.541 0.0000000000
120651  -18.947  -31.651  75.734 0.0000000000
132474  -13.616  -33.247  75.754 0.0000000000
