#!ascii label  , from subject sub-04 vox2ras=TkReg
1376
3127  -26.367  -88.998  11.408 0.5000000000
3126  -25.356  -89.353  11.268 0.6000000238
5365  -30.385  -86.394  11.899 0.3000000119
3138  -23.949  -89.967  10.020 0.5000000000
4293  -30.270  -86.694  9.662 0.4000000060
5374  -30.320  -86.035  9.718 0.4000000060
116532  -29.953  -85.883  10.425 0.4000000060
5364  -29.886  -85.900  11.425 0.3000000119
5383  -30.359  -85.941  8.831 0.4000000060
133646  -25.469  -86.615  12.277 0.5000000000
4230  -25.973  -87.414  12.767 0.5000000000
3113  -25.605  -88.660  12.403 0.5000000000
120111  -24.596  -86.596  13.200 0.6000000238
128969  -24.892  -87.810  13.461 0.5000000000
3112  -24.651  -89.179  12.300 0.6000000238
5334  -30.197  -85.728  13.407 0.3000000119
130549  -23.830  -89.427  12.021 0.5000000000
4291  -29.764  -87.159  8.849 0.5000000000
4292  -30.266  -86.613  8.931 0.5000000000
5352  -30.050  -85.826  12.472 0.3000000119
3680  -23.775  -88.768  12.850 0.6000000238
3125  -23.432  -89.710  11.190 0.5000000000
4312  -30.085  -86.428  8.244 0.5000000000
4818  -30.332  -86.204  8.589 0.4000000060
5373  -29.806  -85.607  9.563 0.4000000060
5363  -29.201  -85.403  10.914 0.3000000119
5351  -29.241  -85.418  12.077 0.3000000119
4826  -29.505  -86.191  7.765 0.4000000060
133904  -29.917  -85.700  8.551 0.4000000060
5382  -29.017  -85.374  8.941 0.4000000060
5389  -29.294  -85.692  7.891 0.4000000060
5380  -23.828  -86.488  9.242 0.6999999881
112705  -24.716  -86.839  9.587 0.6999999881
110967  -24.932  -86.485  10.579 0.6999999881
3683  -27.392  -88.011  11.742 0.5000000000
4823  -22.774  -86.254  8.156 0.6999999881
4824  -23.097  -86.198  8.880 0.6999999881
116089  -24.280  -85.805  11.106 0.8000000119
4805  -25.057  -86.395  11.608 0.5000000000
5349  -24.173  -85.929  12.872 0.6999999881
4250  -27.856  -87.954  11.122 0.5000000000
5370  -23.460  -85.297  10.733 0.6999999881
4265  -27.882  -87.657  10.638 0.4000000060
110985  -28.664  -87.770  9.588 0.5000000000
5946  -30.218  -85.649  14.152 0.3000000119
4758  -23.409  -86.223  13.486 0.6000000238
116502  -28.777  -87.349  8.693 0.5000000000
4311  -29.466  -86.760  7.878 0.5000000000
5945  -29.628  -85.172  13.838 0.3000000119
4216  -23.591  -87.020  13.570 0.5000000000
4310  -28.546  -87.067  7.657 0.5000000000
4846  -27.770  -86.476  6.531 0.4000000060
4835  -28.347  -86.332  6.807 0.4000000060
122465  -28.137  -85.252  8.434 0.4000000060
5372  -28.595  -85.223  10.075 0.4000000060
5397  -27.970  -85.927  6.697 0.3000000119
5388  -28.222  -85.564  7.391 0.4000000060
5428  -20.949  -85.568  5.619 0.5000000000
5408  -20.840  -85.740  6.420 0.6000000238
4841  -21.541  -86.243  5.677 0.6000000238
4843  -23.149  -87.173  6.517 0.6000000238
4833  -23.419  -87.033  7.541 0.6000000238
113219  -21.614  -84.364  4.538 0.5000000000
5427  -20.796  -85.121  5.648 0.5000000000
115507  -20.402  -85.174  6.432 0.6000000238
5409  -21.935  -86.289  6.469 0.6000000238
4832  -22.407  -86.306  7.296 0.6999999881
4793  -25.872  -86.720  11.850 0.6000000238
4731  -30.159  -86.261  16.368 0.3000000119
6564  -21.090  -83.251  7.070 0.6999999881
6563  -20.369  -84.283  6.834 0.6000000238
6007  -20.003  -84.848  7.002 0.6000000238
5393  -20.264  -85.364  7.172 0.6000000238
133022  -20.772  -85.616  7.570 0.6999999881
112707  -22.199  -85.749  8.822 0.6999999881
4816  -25.664  -87.029  9.932 0.6000000238
115395  -26.526  -87.060  10.201 0.6000000238
4249  -27.331  -87.509  11.557 0.5000000000
113119  -21.701  -82.548  6.330 0.6999999881
6549  -20.734  -83.350  7.978 0.6000000238
116326  -20.202  -84.296  7.468 0.6000000238
121123  -19.988  -84.880  7.700 0.6000000238
5386  -21.055  -85.303  8.674 0.6999999881
125645  -22.402  -84.946  10.463 0.6999999881
4290  -27.823  -87.461  9.807 0.5000000000
5325  -30.472  -85.999  14.426 0.3000000119
7211  -21.625  -82.229  6.956 0.6999999881
7192  -21.522  -82.341  7.693 0.6000000238
7169  -21.309  -82.363  8.483 0.6999999881
5996  -20.344  -84.793  8.474 0.6000000238
5987  -20.741  -84.748  9.338 0.6000000238
5967  -23.187  -84.941  12.388 0.6999999881
4289  -26.604  -87.353  9.122 0.5000000000
4309  -27.419  -87.358  7.818 0.5000000000
7168  -20.485  -83.405  8.834 0.6000000238
6528  -20.091  -83.904  10.813 0.6000000238
126784  -21.486  -84.529  11.919 0.6000000238
5347  -22.516  -85.091  12.979 0.6000000238
5332  -22.630  -85.766  13.397 0.6000000238
4330  -26.893  -87.349  6.999 0.5000000000
5333  -29.426  -85.330  13.025 0.3000000119
7132  -21.190  -81.985  9.828 0.6999999881
7131  -20.587  -82.574  10.342 0.6000000238
6538  -20.164  -83.929  10.076 0.6000000238
5974  -20.419  -84.274  10.299 0.6000000238
5964  -20.159  -84.149  11.602 0.5000000000
114881  -20.782  -84.492  12.275 0.5000000000
4773  -21.397  -86.592  13.216 0.5000000000
4215  -22.887  -87.110  13.424 0.5000000000
4343  -27.268  -86.906  6.642 0.5000000000
5395  -25.307  -85.070  6.723 0.3000000119
5396  -26.069  -85.356  7.102 0.3000000119
110862  -27.060  -85.537  7.259 0.3000000119
5988  -26.888  -84.851  9.267 0.4000000060
5381  -27.832  -85.012  9.521 0.4000000060
4214  -22.226  -86.808  13.319 0.5000000000
5412  -26.362  -85.934  6.363 0.3000000119
117167  -27.084  -85.849  6.671 0.3000000119
110928  -21.505  -84.318  2.469 0.5000000000
116564  -21.383  -84.964  3.732 0.5000000000
6051  -20.948  -85.721  2.847 0.5000000000
5451  -20.865  -86.057  3.056 0.5000000000
118266  -21.502  -82.680  2.570 0.5000000000
6629  -21.860  -83.708  3.647 0.5000000000
111080  -21.126  -85.644  3.760 0.5000000000
126166  -21.349  -86.170  4.084 0.5000000000
4338  -23.166  -87.843  5.481 0.6000000238
4339  -23.806  -87.999  6.136 0.6000000238
7243  -21.807  -82.383  3.711 0.5000000000
4327  -23.939  -88.023  6.962 0.6000000238
4307  -25.153  -87.860  7.835 0.8000000119
113324  -30.398  -86.424  18.119 0.3000000119
122421  -21.220  -81.323  4.683 0.6000000238
7846  -21.725  -81.678  5.519 0.6000000238
6610  -21.892  -83.294  4.688 0.6000000238
4340  -24.264  -88.067  6.486 0.4000000060
5292  -30.023  -85.577  17.810 0.3000000119
118390  -21.355  -81.597  6.301 0.6999999881
4288  -25.453  -87.494  8.865 0.6000000238
5924  -30.231  -85.758  15.470 0.3000000119
5930  -29.850  -85.113  15.299 0.3000000119
8483  -20.720  -80.863  7.388 0.6999999881
134082  -25.621  -87.619  6.295 0.4000000060
5936  -29.752  -85.061  14.543 0.3000000119
8484  -21.296  -80.940  8.134 0.6000000238
134127  -21.457  -81.096  8.561 0.6999999881
4329  -25.717  -87.829  6.903 0.4000000060
5959  -28.411  -85.079  12.718 0.3000000119
118601  -20.514  -80.467  9.120 0.6000000238
8469  -21.009  -80.599  9.672 0.6999999881
121549  -20.150  -83.441  10.500 0.6000000238
6518  -19.908  -83.816  11.615 0.5000000000
5963  -19.615  -84.045  12.398 0.5000000000
5331  -21.639  -85.357  13.228 0.6000000238
4858  -25.948  -87.201  5.986 0.4000000060
4342  -26.435  -87.324  6.479 0.4000000060
6034  -24.611  -84.673  5.592 0.3000000119
6022  -24.797  -84.797  6.214 0.3000000119
6008  -25.019  -83.758  7.087 0.3000000119
6009  -25.291  -84.477  7.533 0.3000000119
5387  -26.898  -85.247  8.311 0.4000000060
5350  -28.161  -85.209  11.835 0.3000000119
7122  -20.011  -82.408  11.884 0.6000000238
6517  -19.547  -83.337  12.230 0.5000000000
114165  -19.157  -83.805  12.806 0.5000000000
5955  -20.099  -84.559  12.875 0.5000000000
4754  -20.119  -85.766  13.306 0.5000000000
4772  -20.488  -86.521  13.081 0.6000000238
4227  -20.981  -87.056  12.569 0.5000000000
4844  -25.860  -86.541  5.923 0.3000000119
5411  -25.218  -85.648  6.038 0.3000000119
112272  -18.983  -84.840  13.189 0.5000000000
4771  -19.578  -86.371  12.934 0.5000000000
4770  -18.699  -86.119  12.749 0.5000000000
7276  -20.886  -82.089  1.434 0.5000000000
131574  -21.249  -83.231  1.687 0.5000000000
6066  -20.945  -85.354  1.625 0.5000000000
5481  -20.996  -85.678  0.988 0.5000000000
5465  -20.913  -86.011  2.166 0.5000000000
4895  -21.527  -86.615  2.719 0.5000000000
116901  -21.252  -81.541  2.963 0.5000000000
128649  -22.691  -87.612  3.345 0.4000000060
4368  -22.772  -87.794  3.819 0.4000000060
115829  -30.755  -86.562  18.932 0.3000000119
112818  -30.133  -85.157  18.800 0.3000000119
7853  -20.229  -80.955  4.121 0.6000000238
3788  -23.167  -87.966  5.011 0.4000000060
3778  -23.478  -87.849  5.529 0.4000000060
7845  -20.630  -81.192  5.276 0.6000000238
5312  -30.003  -85.626  16.832 0.3000000119
5923  -29.856  -85.270  16.172 0.3000000119
110930  -19.934  -80.869  6.580 0.6000000238
4341  -24.772  -87.942  6.369 0.4000000060
8482  -19.713  -80.686  7.376 0.6000000238
4856  -24.290  -87.350  5.275 0.4000000060
4857  -25.147  -87.054  5.505 0.4000000060
5935  -29.032  -84.504  14.233 0.3000000119
8475  -20.698  -80.653  8.246 0.6999999881
5430  -24.750  -86.152  5.537 0.3000000119
5410  -24.591  -85.289  5.658 0.3000000119
115262  -20.877  -83.003  0.696 0.5000000000
6647  -20.879  -84.198  1.140 0.5000000000
6077  -20.687  -85.108  0.450 0.5000000000
5495  -21.035  -85.755  -0.172 0.4000000060
123865  -20.991  -81.603  2.144 0.5000000000
4909  -21.385  -86.130  1.582 0.4000000060
4896  -22.193  -86.850  2.450 0.4000000060
7866  -20.879  -81.027  2.557 0.6000000238
120416  -23.060  -87.291  2.771 0.4000000060
4885  -23.136  -87.631  3.283 0.4000000060
5916  -29.570  -84.884  17.167 0.3000000119
8494  -19.573  -80.949  5.515 0.6000000238
4357  -23.257  -87.956  4.788 0.4000000060
4347  -24.094  -87.689  5.579 0.4000000060
111888  -23.870  -87.190  4.393 0.4000000060
132782  -24.066  -86.347  4.503 0.4000000060
115441  -24.330  -86.683  5.012 0.3000000119
5429  -24.204  -85.481  4.925 0.3000000119
8474  -19.758  -80.532  8.421 0.6000000238
7291  -20.898  -82.126  0.501 0.5000000000
6663  -20.547  -84.001  0.006 0.5000000000
6690  -21.275  -84.167  -1.080 0.4000000060
120512  -20.858  -85.404  -0.524 0.4000000060
8578  -21.517  -80.970  1.184 0.5000000000
7893  -21.858  -81.105  0.471 0.5000000000
5496  -21.915  -85.566  -0.087 0.4000000060
8546  -21.061  -80.605  2.388 0.6000000238
8563  -21.738  -80.603  1.768 0.6000000238
4921  -22.246  -85.931  0.830 0.4000000060
8545  -20.491  -80.511  3.141 0.6000000238
5466  -23.181  -86.473  2.218 0.4000000060
5452  -23.254  -87.148  2.901 0.4000000060
8525  -19.739  -80.455  3.902 0.6000000238
4873  -23.479  -87.206  3.498 0.4000000060
5453  -23.535  -86.199  2.854 0.4000000060
5444  -23.803  -86.034  3.916 0.4000000060
127722  -23.895  -85.216  3.187 0.4000000060
131746  -29.575  -84.739  15.922 0.3000000119
6483  -28.790  -83.523  16.459 0.3000000119
8506  -18.471  -80.347  4.871 0.6000000238
121907  -24.030  -84.833  4.142 0.4000000060
6503  -28.093  -84.186  13.884 0.3000000119
6495  -29.199  -84.338  14.947 0.3000000119
8493  -18.880  -80.682  6.105 0.6000000238
132952  -18.985  -80.697  7.836 0.6000000238
8492  -17.865  -80.173  5.714 0.6999999881
9925  -18.489  -79.119  4.610 0.6999999881
8481  -18.434  -80.536  6.895 0.6000000238
8504  -17.277  -79.547  5.791 0.6999999881
9910  -18.137  -78.828  5.220 0.6999999881
9911  -18.976  -78.651  5.012 0.6999999881
9897  -19.437  -78.376  6.683 0.6000000238
9165  -16.668  -78.984  5.865 0.6999999881
9896  -18.730  -78.380  5.812 0.6999999881
7305  -20.853  -82.793  -0.298 0.5000000000
6678  -21.523  -83.179  -0.964 0.5000000000
8579  -22.389  -80.671  1.182 0.5000000000
7894  -22.890  -80.991  0.488 0.5000000000
7906  -22.273  -81.671  -0.304 0.5000000000
7320  -22.737  -83.172  -0.972 0.5000000000
6103  -22.782  -84.390  -0.812 0.4000000060
5510  -22.034  -85.039  -0.675 0.4000000060
9217  -22.273  -79.522  3.032 0.6000000238
9227  -23.004  -79.848  2.497 0.6000000238
8565  -23.573  -80.189  2.035 0.6000000238
8581  -23.803  -80.612  1.753 0.6000000238
5497  -22.942  -85.585  0.531 0.4000000060
9202  -20.183  -79.778  3.617 0.6000000238
9218  -23.350  -79.590  3.318 0.6000000238
8547  -23.819  -79.963  2.771 0.6000000238
5482  -23.502  -85.617  1.249 0.4000000060
9201  -19.344  -79.732  4.089 0.6000000238
123334  -20.751  -79.239  3.568 0.6000000238
9203  -21.692  -79.114  3.594 0.6000000238
9204  -22.819  -79.115  3.866 0.6000000238
9205  -23.881  -79.270  4.180 0.6000000238
5467  -23.939  -85.505  1.899 0.4000000060
113125  -25.552  -84.307  2.511 0.4000000060
9927  -20.142  -79.061  4.095 0.6000000238
9928  -21.241  -78.782  4.176 0.6000000238
9929  -22.281  -78.740  4.427 0.6000000238
131309  -24.017  -78.797  4.962 0.6000000238
9186  -25.132  -79.277  5.590 0.6000000238
6067  -24.535  -84.867  2.334 0.4000000060
9200  -18.490  -79.609  4.337 0.6000000238
9913  -20.995  -78.687  5.015 0.5000000000
120057  -21.841  -78.624  4.974 0.6000000238
115472  -23.570  -78.578  5.488 0.6000000238
9915  -24.397  -78.836  5.715 0.6000000238
9167  -25.695  -79.475  6.278 0.6999999881
9926  -19.148  -79.099  4.415 0.6000000238
114015  -23.008  -78.515  6.139 0.6000000238
112609  -24.416  -78.853  6.774 0.6000000238
122360  -25.973  -79.448  7.047 0.6000000238
9151  -26.678  -79.511  7.600 0.6000000238
112502  -23.469  -78.647  6.953 0.6000000238
9150  -25.742  -79.243  7.697 0.6000000238
9137  -26.271  -79.194  8.433 0.6000000238
9898  -20.801  -78.677  5.953 0.6000000238
9899  -21.911  -78.610  5.915 0.6000000238
9883  -24.018  -78.804  7.716 0.5000000000
9135  -24.539  -78.953  8.442 0.6000000238
9900  -22.499  -78.557  6.939 0.5000000000
123500  -18.560  -78.260  6.670 0.6999999881
9881  -19.998  -78.442  7.634 0.5000000000
112975  -22.030  -78.536  7.740 0.6000000238
9882  -23.012  -78.668  7.911 0.5000000000
9865  -23.747  -78.803  8.578 0.5000000000
9863  -22.257  -78.541  8.596 0.6000000238
12138  -21.681  -75.886  4.786 0.6000000238
12120  -20.634  -75.729  5.499 0.6000000238
11370  -20.347  -76.380  3.582 0.6000000238
122575  -22.163  -82.429  -0.880 0.5000000000
7907  -23.401  -81.817  -0.035 0.5000000000
7307  -23.094  -82.498  -0.675 0.5000000000
114734  -23.981  -84.093  -0.900 0.5000000000
5511  -23.163  -84.875  -0.366 0.4000000060
9219  -24.082  -79.768  3.499 0.5000000000
8566  -24.119  -80.425  2.381 0.5000000000
8567  -24.840  -80.974  2.778 0.5000000000
5512  -24.405  -84.427  -0.447 0.4000000060
6091  -25.348  -84.242  -0.210 0.4000000060
8526  -24.433  -80.247  3.185 0.5000000000
8549  -26.154  -80.885  3.766 0.5000000000
5483  -24.434  -85.187  0.937 0.4000000060
5484  -25.206  -84.762  0.757 0.4000000060
6068  -25.475  -84.635  1.615 0.4000000060
9207  -25.300  -79.702  4.937 0.5000000000
8508  -26.049  -80.112  5.140 0.5000000000
8527  -25.640  -80.339  4.393 0.5000000000
5468  -24.755  -85.000  1.471 0.4000000060
9187  -25.696  -79.678  5.561 0.6000000238
9188  -26.347  -79.897  5.880 0.6000000238
9168  -26.527  -79.728  6.685 0.6000000238
8495  -27.290  -80.024  6.209 0.5000000000
9139  -28.221  -79.144  8.194 0.4000000060
9152  -27.707  -79.565  7.637 0.4000000060
9154  -29.192  -79.203  7.195 0.4000000060
9127  -26.641  -78.951  9.057 0.6000000238
9138  -27.257  -79.202  8.477 0.6000000238
9866  -27.888  -78.769  8.809 0.5000000000
9867  -28.635  -78.437  8.630 0.4000000060
9884  -28.979  -78.900  7.860 0.4000000060
11318  -29.315  -76.862  8.138 0.4000000060
9164  -16.003  -79.314  5.856 0.6999999881
9125  -24.996  -78.992  9.155 0.6000000238
9850  -28.027  -78.321  9.422 0.5000000000
10607  -29.121  -77.622  8.508 0.4000000060
9880  -18.980  -78.180  7.509 0.6000000238
9864  -23.043  -78.735  8.814 0.5000000000
9846  -24.530  -78.814  9.773 0.5000000000
9831  -27.405  -78.297  10.051 0.5000000000
10596  -28.068  -77.742  10.046 0.5000000000
10606  -28.586  -77.709  9.269 0.4000000060
12082  -28.476  -75.558  8.385 0.4000000060
9861  -20.421  -78.410  8.522 0.6000000238
9829  -25.815  -78.437  10.610 0.5000000000
12894  -22.574  -74.818  5.976 0.6999999881
12122  -22.571  -75.081  5.832 0.6000000238
119123  -22.302  -74.292  7.144 0.6999999881
12102  -22.092  -75.229  6.462 0.6000000238
13645  -22.220  -73.578  8.508 0.6000000238
132337  -19.513  -75.788  5.351 0.6000000238
12864  -21.603  -74.692  8.238 0.6000000238
12857  -22.097  -74.276  8.336 0.6000000238
13632  -22.028  -73.293  9.451 0.6000000238
14422  -21.548  -72.632  11.610 0.6000000238
11369  -19.100  -76.444  3.568 0.5000000000
12101  -19.660  -75.508  6.843 0.6000000238
12090  -21.252  -75.015  7.713 0.6000000238
12856  -21.471  -74.673  9.017 0.6000000238
13627  -21.742  -73.407  10.480 0.6000000238
128045  -24.442  -83.608  -0.882 0.5000000000
11355  -18.500  -76.252  4.361 0.5000000000
117801  -18.593  -75.723  5.633 0.5000000000
12844  -21.279  -74.527  9.910 0.5000000000
12832  -21.435  -74.060  11.091 0.5000000000
7895  -23.829  -81.442  1.008 0.4000000060
7292  -24.871  -82.209  1.069 0.5000000000
6693  -25.122  -83.401  -0.752 0.5000000000
117614  -24.814  -83.756  -0.788 0.4000000060
12100  -18.302  -75.445  6.609 0.5000000000
113476  -18.668  -75.402  7.418 0.5000000000
12056  -20.133  -74.873  10.550 0.5000000000
12836  -20.986  -74.553  10.861 0.5000000000
7882  -25.328  -81.796  2.133 0.5000000000
6092  -26.327  -83.698  -0.003 0.4000000060
6080  -27.221  -83.581  0.594 0.4000000060
11354  -17.459  -76.362  4.540 0.5000000000
114968  -18.290  -75.302  8.220 0.5000000000
12079  -19.059  -75.187  9.465 0.6000000238
12041  -20.122  -75.324  11.448 0.6000000238
6078  -26.024  -84.381  0.815 0.4000000060
12088  -16.779  -75.578  7.844 0.6000000238
111733  -17.400  -75.500  8.445 0.6000000238
12055  -19.353  -75.495  10.832 0.6999999881
8528  -26.572  -80.576  4.561 0.4000000060
8509  -26.921  -80.302  5.362 0.5000000000
9924  -14.309  -78.931  4.591 0.6000000238
8496  -28.249  -80.078  6.008 0.5000000000
9170  -28.928  -79.672  6.536 0.4000000060
9908  -14.573  -78.800  5.262 0.6000000238
9169  -28.056  -79.876  6.862 0.4000000060
9182  -14.907  -78.880  5.653 0.6000000238
9877  -16.046  -77.961  7.004 0.6000000238
9885  -29.541  -78.440  7.323 0.4000000060
9859  -18.359  -77.972  8.393 0.6000000238
9894  -16.726  -78.588  6.403 0.6999999881
112355  -21.929  -78.454  9.263 0.6000000238
115653  -21.915  -78.429  10.081 0.6000000238
116226  -22.633  -78.578  9.460 0.5000000000
9827  -24.024  -78.658  10.334 0.5000000000
13661  -22.094  -73.730  7.235 0.6999999881
14471  -22.117  -73.330  8.069 0.6999999881
133239  -21.306  -72.599  8.961 0.6000000238
14440  -21.667  -72.693  9.486 0.6000000238
14428  -20.944  -72.187  10.226 0.6000000238
15260  -21.239  -72.189  11.065 0.6000000238
112883  -21.377  -71.972  11.855 0.6999999881
119069  -21.741  -72.323  12.417 0.6000000238
13621  -21.611  -73.416  11.446 0.6000000238
132219  -24.998  -82.388  0.085 0.5000000000
124609  -25.122  -82.760  -0.493 0.5000000000
7321  -24.750  -83.412  -0.839 0.5000000000
7322  -25.633  -83.080  -0.795 0.5000000000
13612  -21.758  -73.635  12.325 0.6000000238
13613  -22.070  -73.065  12.742 0.5000000000
7309  -26.074  -82.562  -0.761 0.5000000000
6104  -25.578  -83.459  -0.650 0.5000000000
6680  -27.049  -83.125  -0.636 0.4000000060
119320  -21.039  -75.523  12.728 0.6000000238
12042  -20.936  -74.815  11.874 0.6000000238
12821  -22.147  -73.809  13.108 0.5000000000
7867  -25.737  -81.263  2.960 0.5000000000
10651  -14.477  -78.288  4.286 0.6000000238
11352  -15.260  -76.873  5.171 0.4000000060
11338  -15.877  -76.292  5.690 0.6000000238
11299  -18.888  -76.152  10.881 0.6000000238
11287  -19.873  -76.141  12.001 0.6000000238
12806  -21.708  -75.105  13.017 0.6000000238
111988  -27.213  -80.954  3.764 0.4000000060
7868  -26.762  -81.260  2.895 0.4000000060
10627  -14.829  -77.342  6.279 0.5000000000
118251  -15.669  -76.440  7.222 0.5000000000
126882  -16.342  -75.943  7.888 0.6000000238
113858  -17.511  -75.762  9.166 0.6999999881
10572  -18.992  -76.830  11.066 0.6000000238
10560  -19.981  -76.860  12.103 0.6000000238
11269  -20.520  -76.332  12.477 0.6000000238
8529  -27.659  -80.632  4.693 0.5000000000
9891  -14.628  -77.964  5.921 0.6000000238
11316  -16.840  -76.469  8.576 0.6000000238
11307  -17.257  -76.129  9.079 0.6000000238
10561  -20.806  -77.046  12.478 0.6000000238
10543  -22.150  -76.873  13.322 0.6000000238
11251  -22.673  -76.314  13.556 0.6000000238
9189  -28.950  -79.971  5.567 0.4000000060
118439  -15.227  -77.313  7.057 0.5000000000
10604  -16.306  -76.895  7.957 0.6000000238
10585  -19.346  -77.667  10.476 0.6000000238
10575  -21.343  -77.641  12.193 0.6000000238
10563  -22.498  -77.470  12.890 0.6000000238
130638  -14.820  -78.156  6.240 0.6000000238
10618  -16.475  -77.463  7.778 0.6000000238
130389  -19.338  -77.896  9.744 0.6000000238
9811  -20.576  -78.065  11.084 0.6000000238
9843  -20.675  -78.354  9.328 0.6000000238
9860  -19.422  -78.219  8.404 0.6000000238
9826  -23.069  -78.495  10.542 0.5000000000
9828  -24.898  -78.612  10.564 0.5000000000
14470  -20.538  -73.125  6.737 0.6999999881
14455  -21.236  -72.784  8.283 0.6999999881
15292  -19.791  -71.828  6.239 0.6999999881
15286  -19.630  -71.731  7.046 0.6999999881
14454  -20.033  -72.444  7.527 0.6999999881
14438  -20.188  -72.257  8.551 0.6999999881
15259  -20.649  -71.345  10.882 0.6000000238
16052  -21.319  -70.575  12.081 0.6000000238
121367  -21.748  -70.553  12.758 0.5000000000
15233  -21.599  -71.356  12.415 0.6999999881
15234  -22.131  -71.002  13.157 0.5000000000
15222  -22.607  -71.605  13.484 0.5000000000
14411  -22.320  -72.377  13.180 0.5000000000
7908  -25.777  -82.263  -0.208 0.4000000060
7310  -26.492  -82.503  -0.907 0.5000000000
7919  -27.264  -81.794  -1.036 0.5000000000
6695  -26.795  -82.657  -1.020 0.5000000000
7311  -28.223  -82.138  -0.396 0.4000000060
7883  -26.279  -81.651  2.089 0.4000000060
7909  -26.689  -81.926  -0.908 0.4000000060
117617  -22.749  -74.030  13.715 0.6000000238
12012  -22.293  -75.519  13.476 0.6000000238
111769  -22.915  -74.874  13.685 0.6000000238
10544  -23.002  -77.045  13.422 0.6000000238
114554  -23.606  -75.059  13.774 0.6000000238
9813  -22.027  -78.155  11.841 0.6000000238
9803  -22.831  -78.053  12.190 0.6000000238
12014  -24.037  -75.651  13.732 0.6000000238
9825  -21.346  -78.304  10.774 0.6000000238
10545  -23.932  -77.078  13.354 0.5000000000
115454  -22.055  -78.375  11.044 0.6000000238
9804  -23.805  -78.073  12.121 0.5000000000
9814  -24.161  -78.412  11.215 0.5000000000
15293  -20.457  -71.399  5.508 0.6999999881
16100  -20.023  -71.201  6.507 0.6999999881
16086  -19.721  -70.811  8.298 0.6999999881
16080  -19.848  -70.685  9.100 0.6999999881
16081  -20.111  -70.109  9.660 0.6000000238
16067  -20.333  -70.380  10.626 0.6999999881
16051  -20.685  -70.486  11.419 0.4000000060
16111  -21.414  -70.561  5.184 0.6999999881
16093  -20.672  -70.378  6.845 0.6999999881
118581  -20.945  -69.581  7.647 0.6000000238
16909  -20.476  -69.176  9.286 0.6000000238
16029  -21.690  -69.861  12.529 0.5000000000
16118  -20.462  -70.859  4.352 0.6999999881
16112  -22.086  -70.082  5.109 0.6999999881
16844  -22.809  -69.377  13.388 0.5000000000
16960  -20.128  -70.292  4.495 0.6999999881
125365  -23.410  -69.883  13.677 0.5000000000
120246  -19.502  -69.827  5.059 0.6000000238
16945  -18.398  -69.718  5.630 0.6000000238
16932  -17.488  -69.363  6.427 0.6000000238
16921  -17.291  -68.774  7.710 0.5000000000
17730  -17.817  -68.221  8.176 0.5000000000
7920  -27.726  -81.157  -1.043 0.4000000060
7911  -28.327  -81.246  -0.749 0.4000000060
11253  -24.418  -76.381  13.512 0.6000000238
17709  -20.601  -68.861  10.724 0.5000000000
16890  -20.525  -69.580  11.113 0.5000000000
133597  -21.938  -70.320  6.109 0.6000000238
16923  -21.978  -69.882  6.748 0.6000000238
17731  -21.109  -68.548  8.972 0.6000000238
17722  -20.710  -68.582  9.893 0.6000000238
17695  -20.940  -68.895  11.344 0.5000000000
16867  -21.706  -69.102  11.957 0.5000000000
16868  -22.227  -69.230  12.847 0.5000000000
16961  -21.041  -70.207  4.862 0.6999999881
16103  -22.407  -69.795  5.298 0.6000000238
16924  -22.428  -69.250  6.612 0.6000000238
17732  -22.135  -68.261  8.541 0.6000000238
18554  -22.135  -67.669  9.132 0.6000000238
17668  -23.799  -68.539  13.467 0.5000000000
16946  -20.395  -69.666  5.052 0.6999999881
17756  -22.222  -68.931  5.189 0.6000000238
18571  -22.306  -67.934  6.220 0.6000000238
18564  -22.569  -67.754  6.834 0.6000000238
18560  -22.644  -67.489  8.409 0.6000000238
17754  -20.378  -68.887  5.493 0.6000000238
17755  -21.347  -68.304  5.573 0.6000000238
18570  -22.009  -67.319  6.281 0.6000000238
117303  -22.779  -67.021  7.428 0.6000000238
17747  -19.294  -68.608  6.192 0.6000000238
18568  -19.255  -67.808  6.626 0.6000000238
123387  -21.353  -67.372  6.172 0.6000000238
19376  -22.346  -66.743  6.623 0.6000000238
17746  -18.418  -68.334  6.814 0.5000000000
17739  -17.975  -68.297  7.534 0.5000000000
18563  -18.842  -67.156  7.186 0.5000000000
19374  -20.514  -66.627  6.550 0.6000000238
20171  -21.860  -65.738  6.289 0.6000000238
7921  -27.962  -80.934  -1.054 0.4000000060
16908  -17.257  -69.161  9.172 0.5000000000
18558  -18.321  -67.631  7.760 0.5000000000
19366  -19.476  -66.465  7.182 0.6000000238
20170  -20.961  -65.815  6.383 0.6000000238
132174  -17.685  -68.580  9.643 0.5000000000
18540  -18.440  -67.393  9.251 0.5000000000
18552  -18.285  -67.477  8.412 0.4000000060
19361  -19.243  -66.262  8.029 0.5000000000
20165  -20.364  -65.416  7.154 0.6000000238
17710  -21.151  -68.200  10.602 0.6000000238
17681  -22.611  -67.781  12.496 0.5000000000
17680  -22.145  -68.437  12.260 0.5000000000
18525  -21.631  -67.522  10.877 0.6000000238
18508  -22.437  -67.067  11.835 0.5000000000
125394  -22.438  -66.946  9.312 0.6999999881
19331  -22.637  -65.871  10.849 0.6999999881
113304  -23.045  -66.677  8.298 0.6000000238
19357  -22.994  -66.186  9.112 0.6999999881
19368  -23.118  -66.112  7.349 0.6000000238
19362  -23.434  -65.911  8.262 0.6999999881
20172  -22.540  -65.821  6.644 0.6000000238
20158  -23.378  -65.465  7.554 0.6999999881
20166  -22.264  -65.100  6.267 0.6000000238
20960  -23.274  -64.805  7.361 0.6999999881
16889  -17.332  -69.070  11.675 0.5000000000
114356  -18.696  -67.522  10.305 0.5000000000
18553  -18.757  -66.744  8.632 0.4000000060
20156  -19.776  -65.689  8.095 0.6000000238
130633  -21.814  -64.560  6.660 0.6000000238
17708  -18.165  -68.154  10.624 0.5000000000
18541  -19.142  -66.777  9.702 0.4000000060
20148  -19.981  -65.579  8.881 0.5000000000
120483  -23.235  -67.921  13.097 0.5000000000
18509  -23.104  -67.090  12.636 0.5000000000
18526  -22.324  -66.563  11.013 0.6000000238
19332  -22.922  -65.579  11.679 0.5000000000
20094  -23.511  -65.725  13.051 0.5000000000
20138  -22.863  -65.599  9.921 0.6999999881
20150  -23.382  -65.472  9.047 0.6000000238
20959  -22.612  -64.651  6.756 0.6999999881
119044  -23.519  -64.848  9.049 0.6000000238
20957  -20.867  -64.656  7.251 0.6000000238
132732  -22.131  -64.158  7.121 0.6000000238
19328  -18.967  -66.774  11.537 0.5000000000
133386  -20.276  -65.559  9.672 0.4000000060
20949  -20.660  -64.364  8.240 0.6000000238
20122  -19.830  -65.640  11.379 0.4000000060
19330  -20.100  -65.827  10.507 0.4000000060
20137  -20.662  -65.056  10.143 0.5000000000
20149  -20.460  -64.986  9.059 0.5000000000
131805  -23.093  -65.051  11.649 0.6000000238
20105  -23.315  -65.177  12.373 0.5000000000
20124  -22.969  -65.076  10.867 0.6000000238
20901  -23.710  -64.441  12.585 0.5000000000
20932  -23.367  -64.380  10.573 0.6000000238
20941  -23.499  -64.261  9.567 0.6000000238
21712  -23.564  -63.863  11.227 0.5000000000
21732  -23.700  -63.452  9.118 0.6000000238
21745  -23.641  -63.476  8.205 0.6999999881
20958  -21.383  -64.122  7.518 0.6000000238
20950  -21.202  -63.785  8.419 0.5000000000
20123  -20.436  -65.281  10.965 0.4000000060
20940  -21.192  -63.635  9.433 0.5000000000
114316  -14.547  -62.532  12.649 0.4000000060
22520  -14.924  -61.527  12.834 0.3000000119
23409  -14.682  -60.616  12.937 0.4000000060
20902  -24.088  -63.837  12.674 0.5000000000
22548  -15.266  -62.430  11.357 0.3000000119
22533  -15.026  -61.809  12.486 0.4000000060
21713  -23.853  -63.254  10.927 0.5000000000
131420  -24.173  -63.297  12.344 0.5000000000
115293  -16.376  -62.810  10.707 0.3000000119
114569  -15.524  -61.531  11.662 0.4000000060
21724  -23.961  -62.997  9.936 0.5000000000
21708  -17.198  -63.237  11.105 0.3000000119
22570  -23.822  -62.859  8.436 0.6000000238
130198  -22.787  -63.204  7.617 0.6999999881
22580  -23.548  -62.236  8.158 0.6000000238
20930  -20.969  -64.223  10.259 0.5000000000
21744  -22.512  -62.659  8.049 0.5000000000
22578  -22.085  -62.537  8.859 0.4000000060
123559  -22.899  -61.776  7.911 0.4000000060
22521  -15.715  -62.191  13.711 0.3000000119
129655  -15.289  -62.289  13.428 0.3000000119
23399  -14.821  -60.448  13.111 0.3000000119
24266  -14.520  -60.112  12.971 0.3000000119
116080  -15.118  -59.960  12.219 0.4000000060
22554  -24.217  -62.855  11.629 0.5000000000
113736  -16.327  -61.664  10.944 0.4000000060
127814  -15.787  -60.893  11.667 0.4000000060
22550  -16.860  -62.280  10.665 0.4000000060
24280  -17.543  -60.718  11.260 0.4000000060
22561  -24.190  -62.218  9.680 0.5000000000
130302  -24.343  -62.177  11.198 0.5000000000
22551  -17.950  -62.112  11.220 0.4000000060
22571  -23.841  -62.236  8.814 0.5000000000
22590  -23.187  -61.796  7.936 0.5000000000
22581  -23.617  -61.615  8.533 0.5000000000
21710  -20.711  -63.329  11.607 0.3000000119
22560  -21.682  -62.342  10.399 0.4000000060
22579  -22.406  -61.728  8.577 0.4000000060
23456  -23.331  -61.325  8.231 0.4000000060
21666  -16.647  -63.008  14.203 0.3000000119
23400  -15.617  -61.249  13.548 0.3000000119
25129  -15.214  -59.320  13.146 0.4000000060
25140  -14.920  -59.636  12.978 0.4000000060
22524  -25.111  -62.562  13.930 0.4000000060
25150  -15.413  -59.484  12.315 0.4000000060
24279  -16.566  -60.874  11.290 0.4000000060
118073  -16.770  -60.005  11.407 0.4000000060
114369  -24.415  -61.922  12.883 0.4000000060
119699  -17.892  -59.832  11.378 0.4000000060
113224  -24.352  -61.806  10.460 0.5000000000
23425  -18.212  -61.356  11.300 0.4000000060
22535  -19.927  -62.090  12.114 0.3000000119
23438  -24.220  -61.445  9.763 0.5000000000
23427  -21.582  -61.790  11.038 0.3000000119
23401  -16.495  -61.310  13.869 0.3000000119
112266  -15.980  -59.444  13.700 0.3000000119
120874  -15.273  -59.431  13.315 0.3000000119
25991  -15.678  -58.149  13.282 0.4000000060
26002  -15.406  -58.540  13.057 0.4000000060
26870  -15.929  -57.066  12.762 0.3000000119
119762  -15.811  -58.687  12.058 0.4000000060
22513  -26.295  -62.503  14.866 0.4000000060
23383  -27.459  -61.425  15.448 0.4000000060
26014  -16.321  -57.825  11.964 0.4000000060
23404  -24.841  -61.737  13.781 0.4000000060
126465  -24.354  -62.082  11.971 0.4000000060
24281  -18.658  -60.581  11.461 0.3000000119
23428  -24.329  -61.456  11.251 0.4000000060
22552  -18.852  -61.916  11.652 0.3000000119
24267  -20.779  -60.936  11.896 0.3000000119
24314  -23.242  -60.541  8.264 0.4000000060
24258  -18.160  -60.965  13.765 0.3000000119
25130  -15.615  -58.724  13.504 0.4000000060
26855  -15.851  -57.341  13.197 0.4000000060
27675  -15.955  -56.657  13.066 0.4000000060
23384  -28.161  -61.384  15.418 0.4000000060
23382  -26.898  -61.122  15.346 0.4000000060
26871  -16.404  -56.900  12.125 0.4000000060
23392  -25.618  -61.191  14.389 0.4000000060
132372  -17.406  -58.306  11.454 0.4000000060
23403  -24.432  -61.009  13.152 0.4000000060
24261  -24.886  -60.689  13.941 0.4000000060
121023  -18.205  -59.063  11.428 0.3000000119
25154  -20.041  -59.669  11.620 0.3000000119
24285  -24.277  -60.565  11.322 0.5000000000
24282  -19.849  -60.506  11.830 0.3000000119
25155  -20.919  -59.482  11.261 0.3000000119
25166  -24.228  -59.927  10.398 0.5000000000
24303  -22.141  -60.306  9.382 0.3000000119
24306  -23.880  -60.173  8.894 0.4000000060
23446  -21.979  -61.191  9.372 0.4000000060
112265  -17.504  -59.835  13.582 0.3000000119
27693  -16.300  -56.333  12.620 0.3000000119
26872  -17.145  -56.453  11.692 0.3000000119
24240  -27.644  -60.659  15.485 0.4000000060
128276  -17.251  -57.429  11.491 0.3000000119
24251  -26.268  -60.741  14.947 0.4000000060
24239  -26.790  -60.263  15.495 0.3000000119
26015  -18.486  -58.203  11.218 0.3000000119
24250  -25.582  -60.317  14.547 0.4000000060
26016  -19.727  -58.422  11.076 0.3000000119
25163  -20.814  -58.694  10.616 0.3000000119
25156  -24.185  -59.692  11.440 0.4000000060
126519  -21.504  -60.041  11.074 0.3000000119
25175  -22.853  -59.185  8.542 0.3000000119
25185  -23.146  -59.437  8.451 0.3000000119
25177  -23.839  -59.581  8.998 0.3000000119
129884  -17.963  -56.436  11.251 0.3000000119
28495  -18.811  -55.552  11.197 0.3000000119
26873  -18.309  -57.082  11.117 0.3000000119
25123  -26.130  -59.900  15.155 0.4000000060
26886  -21.419  -57.264  9.294 0.3000000119
24260  -24.532  -60.055  13.268 0.4000000060
25135  -24.998  -59.678  14.120 0.4000000060
26031  -21.717  -58.634  9.752 0.3000000119
25174  -22.257  -59.308  9.372 0.3000000119
25176  -23.429  -59.063  8.752 0.3000000119
26897  -21.315  -56.570  9.105 0.3000000119
126234  -21.934  -57.899  9.345 0.3000000119
25997  -24.875  -58.850  14.060 0.3000000119
25122  -25.356  -58.969  14.568 0.3000000119
120596  -22.430  -57.311  8.825 0.3000000119
25141  -24.289  -59.451  12.463 0.3000000119
26041  -23.139  -58.565  8.679 0.3000000119
26033  -23.939  -59.038  10.378 0.3000000119
28529  -22.325  -55.367  9.035 0.3000000119
29391  -22.304  -54.785  9.421 0.3000000119
26899  -22.754  -56.795  8.701 0.3000000119
25134  -24.622  -59.119  13.355 0.3000000119
28530  -22.851  -55.470  9.067 0.3000000119
29373  -22.555  -54.771  9.623 0.3000000119
23447  -22.422  -60.748  8.621 0.4000000060
24268  -21.395  -61.322  11.586 0.3000000119
131120  -21.892  -59.931  10.265 0.3000000119
4794  -26.592  -87.011  11.731 0.5000000000
3669  -25.553  -87.993  13.043 0.5000000000
3681  -24.829  -88.450  13.136 0.5000000000
4231  -26.749  -87.445  12.218 0.5000000000
4266  -29.380  -87.807  9.869 0.5000000000
5371  -24.066  -86.033  10.142 0.6999999881
4834  -24.214  -87.697  7.787 0.6999999881
5379  -22.998  -85.664  9.671 0.6999999881
116574  -23.775  -85.451  12.455 0.6999999881
3694  -28.630  -88.159  10.343 0.4000000060
5977  -22.918  -84.752  11.442 0.6999999881
116190  -27.731  -87.378  8.853 0.5000000000
5944  -28.773  -84.775  13.495 0.3000000119
4331  -28.048  -86.928  6.849 0.5000000000
4845  -26.841  -86.666  6.320 0.3000000119
4855  -22.391  -86.948  5.058 0.6000000238
4842  -22.509  -86.836  5.827 0.6000000238
4367  -22.231  -87.192  3.309 0.5000000000
6576  -20.976  -83.727  6.297 0.6000000238
111797  -21.558  -85.760  7.957 0.6999999881
5313  -30.213  -85.887  16.182 0.3000000119
5986  -20.276  -84.197  9.261 0.6000000238
130650  -20.485  -85.298  7.919 0.6000000238
5378  -21.690  -85.217  9.504 0.6999999881
4308  -26.242  -87.672  7.861 0.5000000000
4817  -27.172  -87.214  9.835 0.6000000238
4264  -27.100  -87.152  10.791 0.5000000000
5965  -20.781  -84.538  11.196 0.6000000238
5966  -22.345  -84.629  12.160 0.6999999881
6527  -19.936  -83.396  11.277 0.5000000000
5956  -20.974  -84.820  13.023 0.5000000000
5943  -27.911  -84.569  13.201 0.3000000119
8452  -20.552  -80.723  11.062 0.6000000238
5330  -20.626  -85.209  13.239 0.5000000000
5998  -25.975  -84.927  8.018 0.3000000119
4328  -24.691  -88.102  7.018 0.5000000000
5958  -27.383  -84.595  12.445 0.3000000119
5345  -19.270  -85.571  13.201 0.5000000000
4897  -22.728  -86.861  2.326 0.4000000060
6474  -29.098  -83.785  17.338 0.3000000119
9216  -21.001  -79.747  2.926 0.6000000238
8505  -17.878  -79.726  4.958 0.6999999881
9912  -19.980  -78.683  4.976 0.6000000238
118086  -21.485  -78.632  6.890 0.6000000238
7881  -24.395  -81.362  1.981 0.5000000000
9185  -24.617  -79.200  4.891 0.6000000238
9206  -24.714  -79.881  4.108 0.5000000000
129693  -23.799  -78.622  6.208 0.6000000238
122302  -27.262  -79.794  7.026 0.4000000060
9893  -15.785  -78.573  6.290 0.6000000238
9879  -17.956  -78.137  7.419 0.6999999881
120989  -20.863  -75.500  6.258 0.6000000238
127792  -24.352  -82.214  0.150 0.4000000060
9171  -29.510  -79.028  6.563 0.4000000060
9848  -26.478  -78.660  9.853 0.4000000060
8489  -15.284  -79.833  5.576 0.6000000238
12865  -22.146  -74.538  7.513 0.6000000238
12080  -20.382  -75.000  8.666 0.6000000238
6694  -25.968  -83.045  -0.831 0.5000000000
12118  -17.509  -75.625  5.946 0.5000000000
12820  -21.747  -74.342  12.714 0.6000000238
11339  -16.905  -75.984  5.338 0.4000000060
9841  -18.860  -77.920  9.189 0.5000000000
116556  -28.224  -80.706  3.676 0.5000000000
130452  -19.203  -77.268  11.080 0.6000000238
10595  -17.848  -77.331  9.182 0.5000000000
16109  -18.065  -70.409  5.212 0.6000000238
17721  -17.914  -68.063  8.913 0.5000000000
17723  -21.460  -68.055  9.529 0.5000000000
17749  -22.482  -68.626  6.235 0.6000000238
17733  -22.625  -67.994  7.654 0.6000000238
18543  -22.042  -66.932  10.392 0.6000000238
17748  -20.119  -68.223  6.007 0.6000000238
17707  -17.692  -68.821  10.778 0.5000000000
19311  -23.180  -66.119  12.484 0.5000000000
20951  -23.510  -64.215  8.631 0.6000000238
128016  -19.575  -66.428  10.386 0.5000000000
21755  -23.391  -63.422  7.772 0.6000000238
131134  -14.561  -62.770  11.842 0.3000000119
21692  -23.657  -63.984  12.021 0.5000000000
20918  -20.957  -63.906  11.041 0.3000000119
21678  -24.452  -63.351  13.015 0.4000000060
22523  -24.655  -62.642  13.354 0.4000000060
21731  -21.656  -62.919  9.685 0.4000000060
22537  -21.322  -62.002  11.797 0.3000000119
111092  -24.024  -60.788  9.324 0.5000000000
22512  -25.654  -62.083  14.359 0.4000000060
111285  -16.787  -60.550  13.776 0.3000000119
116998  -19.283  -59.090  11.372 0.3000000119
24269  -24.302  -60.336  12.339 0.4000000060
115690  -23.165  -59.974  8.243 0.3000000119
120485  -19.308  -57.711  10.987 0.3000000119
122156  -24.120  -60.101  9.526 0.4000000060
25132  -19.194  -59.284  13.598 0.3000000119
26885  -20.599  -56.878  9.971 0.3000000119
26898  -22.076  -56.600  8.633 0.3000000119
4766  -15.023  -86.022  12.158 0.5000000000
4767  -15.874  -85.967  12.027 0.5000000000
4768  -16.741  -85.904  12.146 0.5000000000
4769  -17.730  -85.817  12.466 0.4000000060
5339  -14.097  -85.002  12.080 0.5000000000
5340  -14.749  -85.282  12.382 0.5000000000
5341  -15.538  -85.372  12.403 0.5000000000
116204  -16.996  -85.115  12.593 0.5000000000
5343  -17.812  -85.056  12.835 0.5000000000
5344  -18.480  -85.332  12.994 0.4000000060
5950  -14.510  -84.502  12.637 0.4000000060
5951  -15.247  -84.658  12.688 0.5000000000
129534  -16.838  -84.308  12.758 0.5000000000
5953  -18.289  -84.572  13.053 0.4000000060
5941  -14.980  -83.939  13.122 0.5000000000
6499  -15.656  -83.270  13.341 0.5000000000
116148  -16.121  -84.698  12.636 0.5000000000
7102  -16.167  -82.336  13.573 0.5000000000
6509  -17.204  -83.519  13.047 0.5000000000
7103  -17.140  -82.385  13.493 0.5000000000
7112  -18.018  -82.872  13.273 0.5000000000
116578  -18.837  -83.218  12.987 0.4000000060
7101  -15.392  -82.393  13.389 0.5000000000
7740  -17.525  -81.383  13.410 0.5000000000
7104  -17.970  -82.026  13.318 0.5000000000
7114  -19.431  -82.309  12.606 0.5000000000
7788  -15.533  -81.136  10.480 0.5000000000
7737  -15.171  -81.721  13.140 0.5000000000
114568  -15.863  -80.649  12.728 0.5000000000
8418  -16.282  -80.808  13.298 0.5000000000
8449  -16.445  -80.329  12.097 0.5000000000
8419  -17.110  -80.669  13.286 0.5000000000
8435  -17.628  -80.230  12.688 0.5000000000
7741  -18.344  -81.286  13.120 0.5000000000
7754  -19.167  -81.303  12.792 0.5000000000
8459  -16.078  -80.625  11.314 0.5000000000
132075  -16.637  -81.617  9.809 0.5000000000
7167  -16.758  -82.691  8.662 0.5000000000
110744  -17.016  -80.194  11.441 0.5000000000
7824  -17.022  -82.035  9.094 0.5000000000
112267  -18.067  -79.905  11.523 0.5000000000
133342  -17.484  -80.314  10.831 0.5000000000
7808  -17.452  -80.855  10.118 0.5000000000
112174  -19.025  -79.966  11.855 0.5000000000
8461  -18.918  -79.923  11.128 0.5000000000
8436  -18.546  -80.426  12.623 0.5000000000
8437  -19.404  -80.593  12.331 0.5000000000
7772  -20.435  -81.462  11.522 0.5000000000
7840  -15.485  -80.756  5.820 0.5000000000
8490  -16.011  -80.274  6.039 0.6000000238
7833  -17.266  -81.975  8.238 0.5000000000
7825  -17.430  -81.332  9.375 0.5000000000
8480  -17.428  -81.033  7.566 0.5000000000
8473  -18.757  -80.732  8.634 0.5000000000
116580  -18.123  -80.767  7.727 0.5000000000
8468  -20.265  -80.285  10.076 0.5000000000
121995  -19.467  -80.411  9.345 0.5000000000
8462  -19.823  -80.103  11.031 0.5000000000
8522  -14.225  -80.343  4.461 0.5000000000
8503  -14.807  -80.010  5.259 0.5000000000
8491  -16.657  -80.037  6.351 0.6000000238
11387  -22.478  -76.348  2.184 0.5000000000
11372  -22.620  -76.147  3.151 0.6000000238
11402  -22.773  -75.879  1.872 0.5000000000
12151  -22.927  -75.711  3.197 0.5000000000
12139  -22.502  -75.376  4.928 0.6000000238
12140  -22.694  -75.395  3.941 0.6000000238
12919  -22.952  -75.342  3.099 0.5000000000
117505  -22.670  -74.979  3.824 0.6000000238
13713  -21.736  -74.134  3.386 0.5000000000
13684  -22.330  -74.530  5.649 0.6000000238
13694  -22.074  -74.450  4.475 0.6000000238
13693  -21.247  -73.630  3.865 0.5000000000
13683  -20.972  -73.717  4.861 0.6000000238
14482  -20.209  -73.050  5.714 0.6000000238
13712  -20.736  -73.126  3.176 0.5000000000
14490  -20.282  -72.600  4.605 0.5000000000
15305  -20.093  -71.502  3.954 0.5000000000
16117  -19.771  -70.784  4.052 0.6000000238
15298  -16.931  -71.003  5.141 0.6000000238
15303  -17.135  -71.461  4.579 0.5000000000
15306  -20.202  -71.719  4.311 0.6000000238
16116  -18.771  -70.817  4.366 0.5000000000
16099  -17.080  -69.774  6.497 0.6000000238
16944  -17.346  -69.962  5.816 0.6000000238
116821  -17.112  -69.095  6.986 0.6000000238
5957  -26.657  -84.034  11.792 0.3000000119
6519  -26.175  -82.892  11.152 0.3000000119
5978  -26.264  -84.177  9.962 0.3000000119
111960  -26.927  -82.376  10.097 0.3000000119
114348  -25.995  -84.380  8.991 0.3000000119
5979  -26.898  -84.635  10.064 0.3000000119
5980  -27.453  -84.886  10.523 0.3000000119
117034  -18.101  -83.778  13.150 0.4000000060
8466  -18.316  -80.624  9.587 0.5000000000
114502  -17.437  -80.301  6.629 0.5000000000
11371  -21.770  -76.264  3.837 0.5000000000
5952  -17.539  -84.383  12.866 0.4000000060
7738  -15.804  -81.483  13.436 0.5000000000
8457  -14.557  -80.718  10.928 0.5000000000
8448  -15.543  -80.644  11.904 0.5000000000
7807  -15.803  -82.046  9.581 0.5000000000
7147  -16.424  -82.298  9.203 0.5000000000
7789  -16.707  -80.807  10.653 0.5000000000
7834  -17.458  -81.534  8.709 0.5000000000
5968  -26.546  -84.253  10.863 0.3000000119
7150  -26.040  -82.959  9.097 0.3000000119
7133  -26.156  -82.994  10.464 0.3000000119
6529  -26.111  -83.490  10.586 0.3000000119
6539  -25.940  -83.438  9.713 0.3000000119
117880  -26.356  -82.844  9.922 0.3000000119
25112  -25.928  -59.097  15.142 0.3000000119
3682  -26.526  -88.112  12.268 0.5000000000
3768  -24.027  -87.981  6.039 0.4000000060
3769  -24.260  -87.868  5.938 0.4000000060
3779  -23.575  -87.804  5.509 0.4000000060
4217  -24.444  -87.200  13.531 0.6000000238
4218  -25.204  -87.306  13.257 0.5000000000
4348  -24.963  -87.609  5.829 0.4000000060
4355  -22.929  -87.978  4.671 0.6000000238
4356  -23.071  -88.025  4.321 0.4000000060
4369  -22.972  -87.843  3.630 0.4000000060
4377  -22.333  -87.247  2.989 0.4000000060
4378  -22.797  -87.490  2.991 0.4000000060
4755  -21.037  -85.890  13.406 0.6000000238
4756  -21.966  -86.064  13.475 0.5000000000
4757  -22.807  -86.433  13.512 0.5000000000
4774  -24.844  -86.346  12.504 0.5000000000
4775  -25.408  -86.837  12.815 0.5000000000
4776  -26.071  -86.933  12.337 0.5000000000
4787  -14.553  -86.542  11.666 0.5000000000
4788  -15.376  -86.622  11.705 0.5000000000
4806  -25.979  -86.815  11.016 0.6000000238
4807  -30.265  -86.499  10.143 0.4000000060
4819  -30.410  -86.250  9.189 0.4000000060
4825  -24.469  -87.311  8.664 0.6999999881
4827  -30.117  -86.006  8.220 0.4000000060
4836  -28.835  -86.464  7.250 0.4000000060
4854  -21.442  -86.220  4.822 0.5000000000
4872  -22.169  -86.951  4.082 0.5000000000
4874  -23.282  -87.811  4.087 0.4000000060
4884  -21.452  -86.472  3.429 0.5000000000
4910  -22.149  -86.354  1.574 0.4000000060
4911  -22.800  -86.208  1.454 0.4000000060
4920  -21.511  -85.870  0.666 0.4000000060
5293  -30.458  -85.957  18.611 0.3000000119
5303  -30.185  -86.123  17.063 0.3000000119
5329  -19.744  -85.075  13.225 0.5000000000
5342  -16.252  -85.429  12.369 0.5000000000
5346  -21.658  -84.737  12.709 0.6999999881
5348  -23.394  -85.582  13.121 0.6000000238
5360  -23.708  -85.243  11.683 0.6999999881
5361  -24.315  -85.823  12.039 0.6999999881
5362  -28.107  -85.112  10.999 0.4000000060
5394  -21.189  -85.859  7.155 0.6999999881
5398  -28.813  -85.975  7.132 0.4000000060
5413  -27.350  -86.157  6.493 0.3000000119
5442  -21.157  -85.164  4.733 0.5000000000
5443  -21.168  -85.559  4.595 0.5000000000
5498  -24.746  -84.763  0.201 0.4000000060
5509  -21.223  -85.343  -0.697 0.4000000060
5937  -30.187  -85.593  14.688 0.3000000119
5942  -15.652  -84.084  12.940 0.5000000000
5954  -19.331  -84.436  13.026 0.5000000000
5969  -27.270  -84.788  11.463 0.3000000119
5975  -21.132  -84.795  10.278 0.6000000238
5976  -21.845  -84.634  11.228 0.6000000238
5997  -25.471  -84.207  8.360 0.3000000119
6021  -20.455  -84.670  6.375 0.6000000238
6033  -21.154  -84.318  5.553 0.6000000238
6079  -26.747  -84.056  1.023 0.4000000060
6090  -20.671  -84.946  -0.419 0.5000000000
6101  -20.901  -84.869  -0.993 0.4000000060
6102  -21.617  -84.695  -0.995 0.4000000060
6484  -29.298  -84.412  16.491 0.3000000119
6490  -29.103  -84.160  15.745 0.3000000119
6498  -14.868  -83.142  13.254 0.5000000000
6500  -16.337  -83.836  12.963 0.5000000000
6548  -20.212  -84.282  8.283 0.6000000238
6677  -20.849  -84.023  -0.741 0.4000000060
6679  -26.317  -83.149  -0.781 0.5000000000
6691  -22.184  -83.892  -1.091 0.4000000060
6692  -23.434  -83.731  -0.948 0.5000000000
7113  -18.714  -82.163  13.142 0.5000000000
7123  -20.314  -82.546  11.021 0.6000000238
7148  -20.382  -83.268  9.708 0.6000000238
7149  -21.028  -82.459  9.179 0.6999999881
7166  -15.993  -82.719  8.943 0.5000000000
7229  -21.811  -82.902  5.585 0.6000000238
7306  -21.554  -82.264  -0.586 0.5000000000
7308  -24.096  -82.720  -0.561 0.5000000000
7323  -27.475  -82.365  -0.940 0.5000000000
7324  -27.773  -81.516  -1.035 0.4000000060
7739  -16.647  -81.470  13.575 0.5000000000
7753  -15.349  -81.076  12.983 0.5000000000
7771  -19.880  -81.375  12.252 0.5000000000
7790  -20.974  -81.518  10.618 0.6999999881
7791  -21.305  -81.098  9.763 0.6999999881
7809  -21.439  -81.504  8.992 0.6999999881
7826  -21.576  -81.507  8.219 0.6999999881
7835  -20.635  -81.143  6.431 0.6999999881
7836  -21.430  -81.386  7.287 0.6999999881
7844  -14.960  -81.059  5.397 0.5000000000
7854  -21.181  -81.352  3.810 0.6000000238
7865  -20.438  -80.876  3.318 0.6000000238
7880  -21.070  -81.265  1.771 0.5000000000
7892  -21.093  -81.480  0.861 0.5000000000
7897  -26.609  -81.635  -0.217 0.4000000060
7905  -21.277  -81.754  -0.001 0.5000000000
7910  -27.462  -81.230  -0.916 0.4000000060
7922  -28.317  -80.700  -0.773 0.4000000060
8420  -17.841  -80.689  13.079 0.5000000000
8433  -15.052  -80.875  12.287 0.5000000000
8434  -16.770  -80.319  12.775 0.5000000000
8450  -17.372  -79.976  12.182 0.5000000000
8451  -19.979  -80.561  11.776 0.5000000000
8458  -15.246  -80.700  11.236 0.5000000000
8460  -18.248  -80.182  10.576 0.5000000000
8463  -20.898  -80.712  10.349 0.6999999881
8467  -19.190  -80.120  10.289 0.5000000000
8472  -17.945  -81.049  8.713 0.5000000000
8502  -14.471  -80.557  4.957 0.5000000000
8507  -19.414  -80.711  4.567 0.6000000238
8510  -27.704  -80.327  5.525 0.5000000000
8511  -28.395  -80.348  5.181 0.5000000000
8523  -18.144  -79.893  4.412 0.6999999881
8524  -18.776  -80.159  4.357 0.6000000238
8548  -25.243  -80.598  3.563 0.5000000000
8564  -22.747  -80.211  1.810 0.6000000238
8580  -23.309  -80.573  1.369 0.6000000238
8601  -27.942  -80.847  -0.970 0.4000000060
9126  -25.878  -78.987  9.165 0.6000000238
9136  -25.380  -79.100  8.438 0.6000000238
9149  -24.889  -79.013  7.666 0.6000000238
9153  -28.575  -79.469  7.427 0.4000000060
9163  -15.448  -79.101  5.769 0.6000000238
9166  -24.998  -79.073  6.246 0.6999999881
9183  -17.617  -79.197  5.382 0.6999999881
9184  -18.119  -79.470  4.693 0.6999999881
9198  -14.122  -79.631  4.194 0.6000000238
9199  -14.329  -79.735  4.765 0.6000000238
9226  -21.913  -80.065  2.344 0.6000000238
9812  -21.274  -78.072  11.499 0.6000000238
9824  -20.014  -78.178  9.920 0.6000000238
9842  -19.791  -78.254  9.191 0.6000000238
9844  -21.382  -78.402  9.498 0.6000000238
9845  -23.603  -78.746  9.512 0.5000000000
9847  -25.445  -78.752  9.867 0.4000000060
9849  -27.288  -78.712  9.295 0.5000000000
9858  -17.337  -77.698  8.209 0.6000000238
9862  -21.379  -78.441  8.748 0.6000000238
9868  -29.263  -78.256  8.087 0.4000000060
9878  -16.981  -78.055  7.187 0.6999999881
9892  -15.102  -78.440  6.206 0.6000000238
9895  -17.768  -78.412  6.233 0.6999999881
9909  -17.388  -78.839  5.761 0.6999999881
9914  -22.680  -78.512  5.275 0.6000000238
9930  -23.269  -78.723  4.687 0.6000000238
9936  -14.264  -78.970  3.861 0.6000000238
10562  -21.667  -77.231  12.790 0.6000000238
10564  -23.396  -77.624  12.857 0.5000000000
10573  -19.528  -77.157  11.579 0.6000000238
10574  -20.386  -77.533  11.829 0.6000000238
10576  -22.065  -77.735  12.405 0.6000000238
10584  -18.703  -77.046  10.588 0.6000000238
10586  -19.772  -77.672  11.207 0.6000000238
10594  -17.436  -76.586  9.231 0.6000000238
10605  -16.979  -77.064  8.568 0.6000000238
10617  -15.721  -77.341  7.367 0.5000000000
10619  -29.533  -77.538  7.781 0.4000000060
10628  -14.874  -77.591  6.604 0.5000000000
10629  -15.201  -77.901  6.802 0.6000000238
10638  -14.738  -77.445  5.604 0.5000000000
10644  -14.432  -78.135  5.112 0.6000000238
10645  -14.742  -77.566  4.711 0.6000000238
11250  -21.983  -76.245  13.401 0.6000000238
11252  -23.567  -76.391  13.613 0.6000000238
11270  -21.357  -76.493  13.013 0.6000000238
11286  -19.428  -76.592  11.537 0.6000000238
11297  -17.787  -76.104  9.808 0.6999999881
11298  -18.435  -76.442  10.450 0.6000000238
11308  -18.084  -76.752  9.924 0.6000000238
11310  -28.406  -76.880  9.783 0.5000000000
11317  -28.828  -76.638  8.795 0.4000000060
11323  -15.701  -76.797  7.459 0.6000000238
11324  -16.314  -76.348  7.990 0.6000000238
11330  -15.123  -76.924  6.862 0.5000000000
11331  -15.638  -76.295  6.600 0.5000000000
11337  -15.068  -76.795  6.085 0.4000000060
11353  -16.340  -76.518  4.771 0.4000000060
11356  -19.561  -76.154  4.251 0.6000000238
11357  -20.701  -76.171  4.292 0.6000000238
11388  -22.929  -75.888  2.634 0.5000000000
11412  -22.417  -75.988  1.045 0.5000000000
12011  -21.635  -75.807  13.227 0.6000000238
12013  -23.189  -75.642  13.684 0.6000000238
12026  -20.415  -75.612  12.196 0.6000000238
12040  -19.482  -75.963  11.381 0.6000000238
12054  -18.291  -75.935  10.347 0.6000000238
12067  -18.236  -75.602  9.868 0.6000000238
12068  -19.173  -75.231  10.201 0.6999999881
12069  -20.201  -74.826  9.708 0.6000000238
12078  -18.106  -75.396  9.048 0.6999999881
12086  -16.002  -76.260  7.604 0.5000000000
12087  -16.824  -75.913  8.482 0.6000000238
12089  -19.757  -75.379  7.802 0.6000000238
12091  -22.381  -74.719  6.619 0.6000000238
12098  -16.179  -75.875  7.264 0.6000000238
12099  -17.063  -75.480  6.941 0.5000000000
12117  -16.477  -75.829  6.281 0.6000000238
12119  -19.548  -75.637  6.013 0.6000000238
12121  -22.009  -75.515  5.708 0.6000000238
12135  -17.976  -75.969  5.112 0.5000000000
12136  -18.990  -75.915  4.895 0.5000000000
12137  -20.125  -75.933  4.840 0.6000000238
12150  -22.597  -75.845  3.991 0.6000000238
12159  -22.981  -75.568  2.541 0.5000000000
12807  -22.219  -74.614  13.334 0.6000000238
12808  -23.521  -74.356  13.965 0.6000000238
12837  -21.779  -74.025  10.125 0.6000000238
12845  -22.078  -74.132  9.212 0.6000000238
12904  -22.601  -75.028  5.050 0.6000000238
12931  -22.901  -75.317  2.510 0.5000000000
13600  -22.608  -73.164  13.499 0.5000000000
13662  -22.286  -73.938  7.764 0.6999999881
13673  -21.629  -73.861  6.189 0.6999999881
13674  -22.369  -74.432  6.547 0.6999999881
14429  -21.624  -72.795  10.204 0.6000000238
14439  -20.513  -72.179  9.389 0.6000000238
14456  -22.091  -72.954  8.783 0.6999999881
14469  -19.827  -72.364  6.469 0.6000000238
14481  -19.947  -72.204  5.514 0.6999999881
14497  -20.500  -73.015  3.817 0.5000000000
15248  -21.106  -71.332  11.648 0.6999999881
15270  -19.810  -71.505  8.892 0.6999999881
15271  -20.229  -71.247  9.886 0.6999999881
15281  -19.633  -71.605  7.971 0.6999999881
15299  -20.619  -71.404  4.820 0.5000000000
15304  -19.357  -71.513  3.926 0.5000000000
15317  -19.821  -72.151  3.716 0.5000000000
16011  -22.304  -70.066  13.317 0.5000000000
16087  -20.190  -69.899  8.601 0.6999999881
16092  -19.683  -70.964  7.439 0.6999999881
16101  -21.201  -70.694  5.775 0.6999999881
16102  -22.118  -70.221  5.463 0.6000000238
16108  -16.949  -70.476  5.726 0.6000000238
16110  -19.146  -70.276  4.659 0.5000000000
16115  -17.653  -70.940  4.899 0.5000000000
16119  -21.201  -70.602  5.030 0.6999999881
16891  -21.088  -69.742  11.752 0.4000000060
16903  -20.370  -69.403  10.268 0.6000000238
16914  -20.777  -69.160  8.528 0.6000000238
16915  -21.641  -68.954  8.153 0.6000000238
16922  -17.589  -68.733  6.983 0.6000000238
16933  -18.375  -68.983  6.326 0.6000000238
16934  -19.371  -69.267  5.640 0.6000000238
16935  -22.448  -69.932  5.925 0.6000000238
16936  -22.491  -69.378  5.662 0.6000000238
16947  -21.578  -69.360  4.991 0.6999999881
16948  -22.293  -69.613  5.046 0.6000000238
16949  -22.399  -69.367  5.231 0.6000000238
16962  -21.916  -69.989  4.950 0.6999999881
17667  -22.848  -68.599  13.138 0.5000000000
17694  -17.856  -68.221  11.580 0.5000000000
17696  -21.514  -68.251  11.481 0.5000000000
17697  -22.016  -67.657  11.702 0.5000000000
17729  -17.431  -68.686  8.583 0.5000000000
17740  -22.346  -68.754  7.562 0.6000000238
17741  -22.560  -68.485  6.976 0.6000000238
17757  -22.342  -68.818  5.558 0.6000000238
18494  -23.768  -67.668  13.331 0.5000000000
18523  -18.567  -67.487  11.440 0.5000000000
18524  -19.180  -66.970  10.818 0.5000000000
18542  -21.712  -67.461  9.968 0.5000000000
18559  -18.695  -66.851  7.848 0.5000000000
18562  -18.483  -67.805  7.203 0.5000000000
18569  -20.381  -67.519  6.265 0.6000000238
18578  -22.062  -68.155  5.760 0.6000000238
19310  -22.709  -66.359  11.800 0.6000000238
19329  -19.493  -66.331  11.113 0.5000000000
19346  -19.792  -66.093  9.666 0.4000000060
19347  -22.459  -66.296  10.062 0.6999999881
19356  -19.425  -66.180  8.822 0.4000000060
19367  -20.239  -66.059  6.925 0.6000000238
19373  -19.634  -67.048  6.722 0.5000000000
19375  -21.515  -66.534  6.371 0.6000000238
20139  -23.338  -64.964  9.827 0.6000000238
20157  -20.231  -65.021  8.104 0.6000000238
20159  -23.573  -65.045  8.230 0.6000000238
20164  -19.807  -65.977  7.536 0.6000000238
20167  -22.931  -65.278  6.800 0.6999999881
20890  -23.777  -65.066  13.170 0.5000000000
20917  -20.463  -64.173  11.576 0.3000000119
20919  -23.342  -64.513  11.639 0.6000000238
20931  -21.201  -63.488  10.348 0.3000000119
20939  -20.821  -64.319  9.278 0.5000000000
21675  -14.422  -63.325  12.967 0.4000000060
21693  -23.865  -63.507  11.822 0.5000000000
21707  -16.568  -63.680  10.963 0.3000000119
21709  -17.923  -62.898  11.246 0.4000000060
21711  -21.163  -63.278  11.028 0.4000000060
21722  -21.397  -62.933  10.561 0.4000000060
21723  -23.619  -63.695  10.234 0.6000000238
21733  -23.922  -62.758  9.145 0.5000000000
21743  -21.704  -63.168  8.621 0.5000000000
21753  -21.984  -63.536  7.689 0.6000000238
21754  -22.885  -64.021  7.378 0.6000000238
22500  -26.954  -62.065  15.424 0.4000000060
22522  -16.369  -62.022  13.960 0.3000000119
22538  -24.387  -62.744  12.542 0.4000000060
22549  -15.991  -62.238  10.676 0.4000000060
22553  -21.274  -62.596  11.304 0.3000000119
22569  -22.068  -62.094  9.542 0.4000000060
22589  -23.213  -62.562  7.724 0.6000000238
23393  -26.327  -61.604  14.869 0.4000000060
23398  -14.501  -60.090  12.993 0.3000000119
23410  -14.907  -60.754  12.635 0.4000000060
23411  -20.158  -61.310  12.041 0.3000000119
23413  -24.321  -61.230  12.188 0.4000000060
23424  -17.170  -61.540  10.992 0.4000000060
23426  -19.256  -61.280  11.744 0.3000000119
23437  -21.832  -61.644  10.188 0.3000000119
23448  -23.916  -61.515  9.104 0.5000000000
23455  -22.797  -61.125  8.215 0.4000000060
23457  -23.630  -60.784  8.614 0.4000000060
23464  -23.059  -61.138  8.094 0.4000000060
24256  -14.646  -59.941  13.011 0.4000000060
24257  -14.727  -59.838  13.082 0.3000000119
24283  -20.813  -60.174  11.657 0.3000000119
24284  -21.349  -60.646  11.451 0.3000000119
24292  -21.723  -60.824  10.608 0.3000000119
24293  -24.258  -60.853  10.284 0.5000000000
24304  -22.589  -59.921  8.564 0.3000000119
24305  -23.493  -59.901  8.502 0.3000000119
24313  -22.905  -60.409  8.233 0.4000000060
25151  -16.087  -59.451  11.736 0.4000000060
25152  -16.885  -58.991  11.510 0.4000000060
25153  -19.043  -59.783  11.572 0.3000000119
25164  -21.521  -59.403  10.430 0.3000000119
25165  -23.730  -58.894  9.259 0.3000000119
25992  -15.908  -57.845  13.512 0.4000000060
25993  -18.460  -58.234  13.478 0.3000000119
26012  -15.377  -58.843  12.727 0.4000000060
26013  -15.665  -57.977  12.735 0.4000000060
26017  -20.162  -59.082  11.270 0.3000000119
26030  -20.388  -57.727  10.409 0.3000000119
26042  -23.338  -58.049  8.881 0.3000000119
26856  -16.236  -56.899  13.227 0.4000000060
26863  -15.713  -57.510  13.078 0.4000000060
27694  -18.789  -56.363  10.999 0.3000000119
27727  -21.643  -55.947  8.911 0.3000000119
27728  -22.601  -56.062  8.677 0.3000000119
28493  -17.052  -55.685  12.333 0.3000000119
110896  -18.625  -77.422  9.920 0.6000000238
111152  -20.876  -78.296  10.168 0.6000000238
111974  -18.676  -75.654  10.453 0.6000000238
112015  -21.555  -72.878  10.921 0.6000000238
112537  -21.095  -78.548  7.817 0.6000000238
112654  -15.103  -61.503  13.136 0.3000000119
113096  -15.516  -60.236  13.506 0.3000000119
113098  -20.730  -64.653  10.986 0.4000000060
113375  -17.634  -75.322  7.610 0.5000000000
113839  -17.127  -69.330  7.396 0.5000000000
113907  -22.961  -59.773  8.295 0.3000000119
114233  -23.641  -87.709  4.972 0.4000000060
114535  -20.089  -78.060  10.595 0.6000000238
114988  -23.414  -64.211  7.910 0.6999999881
115011  -20.977  -75.253  7.005 0.6000000238
115437  -21.037  -85.755  0.490 0.4000000060
115518  -21.382  -65.133  6.373 0.6000000238
115600  -21.966  -81.966  4.679 0.6000000238
117048  -14.613  -60.850  13.123 0.3000000119
117952  -20.466  -78.633  6.826 0.6000000238
118351  -16.487  -83.062  13.323 0.5000000000
118860  -22.053  -71.729  12.933 0.5000000000
118993  -21.481  -74.163  11.951 0.5000000000
119916  -23.952  -85.109  0.283 0.4000000060
120753  -17.807  -55.894  11.481 0.3000000119
120947  -25.278  -79.188  6.951 0.6000000238
121240  -18.733  -84.096  13.062 0.5000000000
122098  -21.377  -73.137  7.644 0.6999999881
122232  -24.357  -89.632  11.147 0.6000000238
122438  -23.661  -62.937  7.982 0.6000000238
122467  -23.629  -86.858  8.417 0.6999999881
122485  -21.139  -85.786  3.665 0.5000000000
122545  -15.831  -60.151  11.772 0.4000000060
122957  -21.243  -80.810  8.927 0.6000000238
123216  -20.758  -85.625  0.010 0.5000000000
123455  -24.205  -62.583  10.635 0.5000000000
124308  -19.753  -78.522  5.848 0.6000000238
125105  -18.135  -67.936  9.724 0.5000000000
125119  -20.116  -70.297  7.809 0.6000000238
125629  -23.867  -83.318  -0.956 0.5000000000
127327  -18.147  -79.956  12.198 0.5000000000
128053  -21.731  -73.037  12.073 0.6000000238
128480  -23.929  -86.151  13.318 0.6000000238
128509  -17.232  -70.508  5.406 0.6000000238
128829  -24.268  -78.896  9.096 0.5000000000
129394  -22.013  -75.006  7.079 0.6000000238
130047  -23.427  -69.144  13.519 0.5000000000
130476  -25.604  -59.598  14.738 0.3000000119
130532  -23.332  -78.327  11.489 0.5000000000
130987  -14.689  -78.382  5.799 0.6000000238
131005  -15.306  -60.854  12.134 0.4000000060
131244  -21.711  -78.495  8.234 0.6000000238
131256  -21.365  -74.765  12.461 0.6000000238
131474  -19.044  -75.253  8.688 0.6000000238
131998  -23.218  -88.021  5.124 0.4000000060
132056  -22.714  -66.389  6.988 0.6000000238
132132  -21.250  -58.074  9.893 0.3000000119
132439  -23.998  -59.507  9.669 0.3000000119
132486  -17.499  -69.175  10.056 0.5000000000
132526  -15.782  -80.915  13.214 0.5000000000
132820  -22.682  -78.322  11.437 0.6000000238
133018  -24.010  -86.602  13.490 0.5000000000
133360  -22.038  -67.103  11.167 0.6000000238
133429  -22.050  -69.316  7.368 0.6000000238
133533  -23.913  -85.415  2.524 0.4000000060
133806  -20.413  -80.405  10.644 0.6999999881
133848  -18.451  -59.644  13.517 0.3000000119
133867  -24.926  -84.381  6.815 0.3000000119
