#!ascii label  , from subject sub-04 vox2ras=TkReg
1114
93524  51.452  23.286  43.606 0.0000000000
95393  49.021  27.067  46.167 0.0000000000
90130  59.078  18.404  45.371 0.0000000000
91605  45.912  20.783  42.079 0.0000000000
120812  48.498  19.087  40.176 0.0000000000
95420  56.254  26.962  39.838 0.0000000000
98007  46.669  30.815  48.514 0.0000000000
99693  48.990  34.494  44.328 0.0000000000
88059  57.248  15.189  45.181 0.0000000000
88782  56.535  17.082  37.231 0.0000000000
95400  56.030  27.075  44.571 0.0000000000
91578  54.541  20.393  45.391 0.0000000000
94030  54.748  25.175  50.199 0.0000000000
91542  54.299  20.116  49.398 0.0000000000
114437  49.820  35.732  39.579 0.0000000000
97501  49.906  29.899  39.698 0.0000000000
90189  53.249  18.661  38.756 0.0000000000
132052  48.067  22.071  43.327 0.0000000000
90860  46.618  19.562  40.999 0.0000000000
91590  49.637  20.541  43.595 0.0000000000
94749  53.198  25.546  41.991 0.0000000000
94123  49.183  24.675  43.028 0.0000000000
98047  44.363  30.719  45.412 0.0000000000
86687  55.014  13.619  45.332 0.0000000000
111210  56.354  14.132  41.069 0.0000000000
87409  53.855  14.273  41.657 0.0000000000
98726  53.369  32.524  35.225 0.0000000000
96135  52.337  26.956  45.136 0.0000000000
95344  55.053  26.233  47.011 0.0000000000
94703  52.285  25.773  48.460 0.0000000000
93459  47.965  23.996  50.593 0.0000000000
92864  51.664  22.856  49.971 0.0000000000
91546  50.771  20.690  48.368 0.0000000000
89374  54.053  17.523  46.945 0.0000000000
98032  48.770  31.119  45.324 0.0000000000
99201  49.018  32.565  42.034 0.0000000000
96822  48.573  28.559  43.340 0.0000000000
96835  52.366  28.176  42.385 0.0000000000
90819  56.698  19.058  46.246 0.0000000000
89434  53.287  17.516  42.530 0.0000000000
110270  55.627  17.121  42.207 0.0000000000
90900  45.500  19.447  38.066 0.0000000000
90216  47.466  19.261  36.796 0.0000000000
96879  54.413  28.109  38.223 0.0000000000
111503  53.246  26.228  38.448 0.0000000000
97400  49.216  30.494  48.732 0.0000000000
95334  49.862  27.100  49.805 0.0000000000
99218  41.408  32.966  40.266 0.0000000000
100195  44.642  35.742  41.682 0.0000000000
99161  48.348  32.784  46.664 0.0000000000
88724  59.282  16.547  45.297 0.0000000000
111881  58.742  18.074  41.696 0.0000000000
113005  58.266  16.352  40.921 0.0000000000
87458  57.449  14.457  37.191 0.0000000000
115639  55.230  24.476  43.184 0.0000000000
92245  53.308  21.675  44.092 0.0000000000
93510  55.889  23.341  44.970 0.0000000000
128425  56.565  22.032  47.378 0.0000000000
92209  57.517  21.249  49.487 0.0000000000
113613  52.540  25.522  51.072 0.0000000000
92166  55.313  21.771  50.474 0.0000000000
109506  58.364  18.479  50.103 0.0000000000
129031  57.671  16.388  48.387 0.0000000000
131650  55.329  14.025  48.535 0.0000000000
99270  50.355  32.501  37.522 0.0000000000
99744  53.734  34.247  37.989 0.0000000000
99719  51.086  34.142  40.696 0.0000000000
98122  51.853  30.522  38.267 0.0000000000
96865  53.490  28.471  40.168 0.0000000000
95409  56.356  27.000  41.699 0.0000000000
90152  51.730  18.770  43.478 0.0000000000
111479  50.782  18.836  39.574 0.0000000000
123204  49.689  18.860  36.446 0.0000000000
90208  55.191  18.257  37.571 0.0000000000
113067  49.949  22.658  43.618 0.0000000000
92253  49.397  21.352  43.668 0.0000000000
92935  50.088  21.943  43.806 0.0000000000
94111  52.800  24.260  42.950 0.0000000000
94751  51.399  25.516  42.442 0.0000000000
94113  50.770  24.101  43.341 0.0000000000
94115  48.989  23.992  43.266 0.0000000000
114200  54.232  13.441  45.419 0.0000000000
86704  54.397  13.691  43.551 0.0000000000
86705  53.531  13.732  43.786 0.0000000000
88784  46.174  17.038  37.473 0.0000000000
128868  50.594  26.697  45.627 0.0000000000
95366  52.255  26.211  46.655 0.0000000000
111829  49.859  26.305  47.556 0.0000000000
92891  47.623  22.874  48.932 0.0000000000
92889  49.417  22.389  48.635 0.0000000000
96797  48.063  28.894  45.721 0.0000000000
97447  48.003  29.687  44.166 0.0000000000
96155  48.729  27.724  44.739 0.0000000000
96153  50.895  27.491  44.176 0.0000000000
90113  57.803  18.675  46.283 0.0000000000
89414  56.240  17.684  44.627 0.0000000000
89413  57.800  17.654  44.082 0.0000000000
91614  44.607  20.536  41.501 0.0000000000
91627  44.939  20.004  40.722 0.0000000000
113339  47.823  19.164  40.563 0.0000000000
90875  46.460  19.427  39.884 0.0000000000
127244  46.956  19.518  39.011 0.0000000000
90909  46.922  19.577  37.120 0.0000000000
112571  48.164  19.310  38.430 0.0000000000
96878  56.014  27.472  39.092 0.0000000000
95449  56.067  26.486  38.261 0.0000000000
95433  54.222  26.332  39.166 0.0000000000
92943  46.294  22.348  42.373 0.0000000000
92282  44.296  21.176  41.889 0.0000000000
98575  48.804  31.212  49.639 0.0000000000
97388  49.046  30.244  51.292 0.0000000000
97395  48.172  30.151  50.476 0.0000000000
98013  45.177  30.806  47.201 0.0000000000
98624  45.818  31.083  45.500 0.0000000000
124276  47.019  31.611  47.546 0.0000000000
99149  48.827  32.097  48.054 0.0000000000
88058  57.910  15.514  45.690 0.0000000000
88076  59.426  16.845  42.762 0.0000000000
88070  57.287  15.380  43.000 0.0000000000
86750  56.054  13.660  39.607 0.0000000000
87433  56.723  14.115  39.746 0.0000000000
86770  56.362  13.390  37.412 0.0000000000
94108  56.957  25.477  43.577 0.0000000000
94105  56.252  24.189  43.880 0.0000000000
94739  57.099  25.539  44.435 0.0000000000
94683  55.060  25.390  48.877 0.0000000000
94076  56.153  24.759  47.073 0.0000000000
93474  56.340  23.448  48.503 0.0000000000
92226  57.067  21.544  47.856 0.0000000000
92860  56.573  22.058  49.623 0.0000000000
96066  51.298  27.554  53.538 0.0000000000
94672  51.885  25.897  51.043 0.0000000000
94659  52.373  25.926  52.947 0.0000000000
91533  53.083  20.948  49.435 0.0000000000
92862  53.514  22.454  50.216 0.0000000000
91531  55.047  20.645  50.118 0.0000000000
91513  56.924  20.043  50.789 0.0000000000
90079  56.424  18.889  49.908 0.0000000000
89364  57.816  17.604  49.323 0.0000000000
90088  55.988  18.485  48.874 0.0000000000
89381  53.389  16.835  46.632 0.0000000000
89380  54.383  16.346  47.132 0.0000000000
100234  50.669  34.957  38.586 0.0000000000
99765  52.329  34.740  37.671 0.0000000000
100723  52.073  35.803  38.930 0.0000000000
120163  47.456  34.864  42.612 0.0000000000
100685  46.974  36.714  42.303 0.0000000000
100184  48.899  35.654  43.019 0.0000000000
98668  48.891  31.333  40.736 0.0000000000
115086  50.252  33.625  41.149 0.0000000000
98666  50.493  32.457  40.074 0.0000000000
99232  51.564  32.487  39.473 0.0000000000
98117  50.602  30.464  39.236 0.0000000000
96881  52.562  28.895  38.876 0.0000000000
96875  51.237  28.868  39.860 0.0000000000
115849  54.450  27.943  43.619 0.0000000000
96816  54.923  28.062  42.823 0.0000000000
122161  55.675  27.460  43.349 0.0000000000
94742  56.332  25.637  42.953 0.0000000000
110379  53.700  21.394  44.624 0.0000000000
90828  51.874  19.899  44.334 0.0000000000
90142  53.009  19.105  44.216 0.0000000000
128292  52.777  17.712  40.461 0.0000000000
128482  51.877  17.918  40.848 0.0000000000
90191  51.477  18.851  38.929 0.0000000000
90906  49.789  19.589  36.975 0.0000000000
127510  51.309  19.376  37.163 0.0000000000
89477  57.689  17.837  38.675 0.0000000000
90186  56.642  18.303  38.829 0.0000000000
89489  55.420  17.872  37.290 0.0000000000
125834  47.334  21.972  42.805 0.0000000000
91612  46.183  20.092  41.573 0.0000000000
92265  48.006  20.847  42.940 0.0000000000
91602  48.413  20.040  42.622 0.0000000000
90850  48.872  19.242  42.110 0.0000000000
95412  54.545  26.222  40.796 0.0000000000
93528  47.801  23.112  43.054 0.0000000000
87374  55.732  14.168  45.785 0.0000000000
87380  56.260  14.682  43.576 0.0000000000
126270  55.478  14.127  43.525 0.0000000000
87393  54.962  13.961  41.675 0.0000000000
96150  54.149  27.491  44.945 0.0000000000
95387  56.138  26.288  45.845 0.0000000000
95390  53.760  26.939  46.025 0.0000000000
95346  54.211  26.239  47.410 0.0000000000
94685  53.800  25.882  49.533 0.0000000000
94036  48.062  24.590  53.068 0.0000000000
94050  50.545  24.445  50.885 0.0000000000
93457  50.145  23.719  49.778 0.0000000000
92887  50.945  22.339  49.053 0.0000000000
91544  52.454  20.364  48.871 0.0000000000
90090  54.088  19.045  48.065 0.0000000000
90790  52.179  19.151  47.968 0.0000000000
90103  51.680  18.667  47.386 0.0000000000
89383  51.500  17.437  46.525 0.0000000000
100204  47.974  36.195  40.160 0.0000000000
99173  49.894  33.262  45.171 0.0000000000
99191  50.096  33.697  44.054 0.0000000000
98634  49.134  32.119  43.726 0.0000000000
98069  47.974  30.555  42.710 0.0000000000
96855  49.448  28.706  41.608 0.0000000000
112858  51.252  28.442  41.665 0.0000000000
127416  51.143  28.002  42.630 0.0000000000
96167  52.946  27.628  43.981 0.0000000000
90820  55.608  19.643  45.976 0.0000000000
90141  53.856  18.868  44.389 0.0000000000
89415  55.023  17.746  44.572 0.0000000000
89433  54.334  17.340  42.705 0.0000000000
112905  54.239  17.879  40.200 0.0000000000
88138  55.621  15.650  35.003 0.0000000000
88804  54.996  16.211  35.937 0.0000000000
90204  43.481  18.849  38.111 0.0000000000
90861  45.772  19.720  40.639 0.0000000000
90901  44.653  19.487  38.304 0.0000000000
90203  44.328  19.099  37.909 0.0000000000
89494  45.202  18.103  37.416 0.0000000000
89493  45.964  17.972  37.021 0.0000000000
89492  46.791  17.776  36.867 0.0000000000
132520  56.289  27.128  37.480 0.0000000000
94819  55.420  25.612  36.862 0.0000000000
117219  48.883  28.705  48.029 0.0000000000
95335  49.323  27.388  48.674 0.0000000000
96757  49.667  29.496  49.881 0.0000000000
96748  49.676  29.201  51.698 0.0000000000
95309  49.251  26.743  54.117 0.0000000000
94025  47.634  25.071  53.986 0.0000000000
94052  47.217  24.302  52.312 0.0000000000
99216  43.355  34.053  40.861 0.0000000000
99202  45.686  33.435  41.714 0.0000000000
99193  47.314  33.233  43.056 0.0000000000
99687  48.800  33.541  45.446 0.0000000000
99159  49.360  32.849  46.491 0.0000000000
98011  49.172  31.473  47.405 0.0000000000
89398  59.536  17.817  45.300 0.0000000000
89425  58.779  17.950  42.921 0.0000000000
88738  59.517  17.717  42.456 0.0000000000
88748  59.056  17.205  41.102 0.0000000000
88112  57.623  16.279  38.700 0.0000000000
88089  57.381  15.148  41.233 0.0000000000
87447  57.350  15.250  38.978 0.0000000000
88120  57.408  15.616  37.405 0.0000000000
93522  53.676  23.757  43.254 0.0000000000
92933  52.342  22.691  43.702 0.0000000000
93517  54.089  23.196  43.707 0.0000000000
92927  55.082  23.016  44.590 0.0000000000
131091  54.884  22.067  45.501 0.0000000000
94717  56.564  25.115  46.063 0.0000000000
92922  55.914  22.901  46.027 0.0000000000
92238  55.552  21.383  46.460 0.0000000000
90809  56.237  20.116  46.604 0.0000000000
90788  57.309  19.961  47.132 0.0000000000
90787  58.236  19.707  47.593 0.0000000000
94705  50.348  26.041  48.600 0.0000000000
94687  52.092  25.690  49.596 0.0000000000
94658  53.777  25.732  51.051 0.0000000000
122438  52.054  24.665  50.692 0.0000000000
93437  53.152  24.633  50.912 0.0000000000
112961  55.122  23.239  50.580 0.0000000000
92165  56.262  21.114  50.810 0.0000000000
91540  58.559  19.739  49.620 0.0000000000
90785  59.254  18.806  48.224 0.0000000000
89369  59.333  17.057  48.209 0.0000000000
115541  58.746  16.246  47.452 0.0000000000
88035  57.697  15.303  47.431 0.0000000000
89373  55.215  17.142  47.447 0.0000000000
88693  56.339  15.446  48.024 0.0000000000
87355  56.639  14.451  47.231 0.0000000000
86659  55.250  13.502  47.772 0.0000000000
115218  52.304  32.925  36.315 0.0000000000
99776  53.914  34.004  36.815 0.0000000000
98706  54.137  33.146  36.976 0.0000000000
100193  50.565  35.120  42.422 0.0000000000
100702  51.599  36.262  40.066 0.0000000000
99729  52.942  34.959  39.302 0.0000000000
99250  53.109  32.679  38.248 0.0000000000
98125  53.176  30.846  37.067 0.0000000000
97504  52.671  29.011  38.023 0.0000000000
96873  54.388  28.149  39.027 0.0000000000
96863  55.411  28.335  40.175 0.0000000000
96853  52.665  28.476  41.178 0.0000000000
96851  55.136  28.408  40.988 0.0000000000
96185  56.176  27.630  40.674 0.0000000000
94757  55.843  26.380  41.448 0.0000000000
94118  54.619  24.921  42.778 0.0000000000
91584  51.016  20.794  44.227 0.0000000000
90839  50.648  19.577  43.694 0.0000000000
90159  50.114  18.716  42.206 0.0000000000
90156  52.109  18.174  42.919 0.0000000000
90179  50.908  18.470  40.717 0.0000000000
90873  49.327  19.208  39.520 0.0000000000
90896  49.314  19.643  37.546 0.0000000000
90226  48.017  18.744  36.640 0.0000000000
89432  57.930  18.064  41.853 0.0000000000
89468  56.160  18.159  39.507 0.0000000000
90201  53.927  18.833  37.982 0.0000000000
88794  53.907  17.192  36.358 0.0000000000
90222  52.113  18.622  36.675 0.0000000000
110696  53.117  14.461  41.737 0.0000000000
112757  53.239  14.690  40.105 0.0000000000
112519  50.734  22.582  43.791 0.0000000000
94112  51.797  24.179  43.231 0.0000000000
93525  50.332  23.317  43.539 0.0000000000
95392  49.771  26.789  45.870 0.0000000000
95367  50.380  26.350  46.542 0.0000000000
95368  49.493  26.654  46.749 0.0000000000
96796  48.238  28.327  46.159 0.0000000000
96807  48.144  28.212  45.186 0.0000000000
96138  48.538  27.593  45.648 0.0000000000
96137  49.271  27.236  45.279 0.0000000000
90131  58.562  18.386  45.453 0.0000000000
89402  57.267  18.001  44.933 0.0000000000
89401  58.373  17.996  44.817 0.0000000000
91613  45.408  20.317  41.513 0.0000000000
130048  47.078  19.338  39.692 0.0000000000
90874  47.721  19.202  39.487 0.0000000000
90886  47.490  19.408  38.500 0.0000000000
132636  48.541  19.217  39.182 0.0000000000
96190  56.209  27.269  39.522 0.0000000000
95432  56.098  26.729  39.198 0.0000000000
95421  55.473  26.425  39.813 0.0000000000
92268  45.690  21.602  42.235 0.0000000000
92281  45.067  20.913  42.164 0.0000000000
98006  47.530  30.825  49.209 0.0000000000
97999  48.357  30.769  50.025 0.0000000000
97401  47.683  30.308  49.607 0.0000000000
98012  45.854  30.770  47.814 0.0000000000
98589  46.087  31.242  47.437 0.0000000000
98588  46.805  31.308  48.090 0.0000000000
98582  47.584  31.357  48.744 0.0000000000
88065  58.295  15.664  44.443 0.0000000000
88066  57.326  15.244  44.045 0.0000000000
86759  55.919  13.601  38.829 0.0000000000
119349  57.149  26.120  43.802 0.0000000000
94104  56.828  24.725  44.101 0.0000000000
114092  56.728  26.366  44.795 0.0000000000
94048  55.293  24.585  49.566 0.0000000000
93475  55.738  24.393  48.619 0.0000000000
93453  56.354  22.777  49.305 0.0000000000
93454  55.722  23.560  49.488 0.0000000000
95297  51.347  26.898  54.650 0.0000000000
95308  51.794  26.893  53.880 0.0000000000
94649  51.465  26.223  54.057 0.0000000000
91532  54.084  20.835  49.666 0.0000000000
90765  55.257  19.925  49.771 0.0000000000
90764  56.087  19.598  50.211 0.0000000000
90772  55.534  19.186  49.384 0.0000000000
90773  54.603  19.473  48.971 0.0000000000
88705  52.725  16.143  46.618 0.0000000000
100215  48.691  35.034  39.821 0.0000000000
99730  49.664  34.619  39.248 0.0000000000
100214  50.776  35.606  39.019 0.0000000000
100233  51.646  35.503  38.393 0.0000000000
124721  51.412  35.897  39.041 0.0000000000
100176  48.500  34.935  43.356 0.0000000000
100185  47.743  35.719  42.559 0.0000000000
100175  49.461  34.955  43.826 0.0000000000
98099  49.173  30.541  40.311 0.0000000000
98667  49.602  31.638  40.224 0.0000000000
98118  49.854  30.767  39.703 0.0000000000
98687  50.463  31.507  39.587 0.0000000000
97500  50.741  29.515  39.394 0.0000000000
97487  50.298  29.133  40.078 0.0000000000
96149  55.500  27.539  44.175 0.0000000000
96165  55.165  27.822  43.572 0.0000000000
96148  56.109  27.087  43.675 0.0000000000
95404  56.537  26.545  43.240 0.0000000000
91580  53.821  20.507  44.813 0.0000000000
90826  53.514  19.770  44.485 0.0000000000
90176  52.980  18.191  39.660 0.0000000000
90177  52.299  18.504  39.264 0.0000000000
90190  52.229  18.820  38.348 0.0000000000
90202  51.388  19.190  37.943 0.0000000000
90894  52.037  19.064  37.429 0.0000000000
89487  57.093  17.503  37.933 0.0000000000
89478  56.984  18.018  38.185 0.0000000000
89500  55.666  17.341  37.009 0.0000000000
92255  47.777  21.673  43.077 0.0000000000
92266  47.233  21.204  42.577 0.0000000000
91591  48.855  20.740  43.237 0.0000000000
91601  49.240  19.972  42.902 0.0000000000
90851  48.045  19.510  42.061 0.0000000000
94759  54.153  25.902  41.838 0.0000000000
115548  53.392  25.971  41.253 0.0000000000
94122  50.110  24.828  43.090 0.0000000000
92937  48.431  22.615  43.330 0.0000000000
93527  48.468  23.518  43.142 0.0000000000
92938  47.721  22.377  43.119 0.0000000000
87378  55.573  14.210  44.476 0.0000000000
86693  55.015  13.768  44.012 0.0000000000
86731  54.269  14.090  42.022 0.0000000000
86720  54.660  13.909  42.537 0.0000000000
87408  54.529  14.043  41.099 0.0000000000
86741  54.944  13.710  40.220 0.0000000000
98139  52.277  31.613  35.369 0.0000000000
98149  51.949  30.753  34.879 0.0000000000
96134  53.412  27.202  45.283 0.0000000000
96133  54.171  27.276  45.562 0.0000000000
124102  52.719  25.998  47.445 0.0000000000
95347  53.564  26.179  47.418 0.0000000000
119066  53.106  25.859  48.219 0.0000000000
95333  53.710  25.914  48.394 0.0000000000
94051  48.757  24.418  51.343 0.0000000000
93458  49.138  23.986  50.030 0.0000000000
92213  50.469  21.504  48.519 0.0000000000
132631  50.134  22.182  48.638 0.0000000000
92212  51.322  21.371  48.804 0.0000000000
91545  51.599  20.509  48.643 0.0000000000
90775  52.752  19.716  48.471 0.0000000000
90776  51.869  19.761  48.400 0.0000000000
90104  50.829  18.782  47.347 0.0000000000
90116  51.181  18.189  46.861 0.0000000000
90117  50.346  18.304  46.800 0.0000000000
111760  49.398  31.937  45.179 0.0000000000
98621  49.608  32.398  44.708 0.0000000000
98044  48.701  31.401  44.299 0.0000000000
97454  48.136  29.330  43.267 0.0000000000
97461  48.021  29.905  42.781 0.0000000000
115880  48.375  29.326  42.481 0.0000000000
97472  48.683  29.279  41.729 0.0000000000
96839  48.931  28.671  42.433 0.0000000000
96838  49.859  28.298  42.230 0.0000000000
96821  49.419  28.135  42.991 0.0000000000
96152  52.035  27.325  44.379 0.0000000000
96168  51.896  27.671  43.579 0.0000000000
120169  52.863  27.342  44.675 0.0000000000
96151  53.506  27.497  44.625 0.0000000000
90134  55.601  18.766  45.582 0.0000000000
90140  54.744  18.522  44.928 0.0000000000
90139  55.501  18.064  45.146 0.0000000000
89426  56.205  17.266  43.016 0.0000000000
127437  55.165  17.337  43.162 0.0000000000
127996  54.709  17.249  41.764 0.0000000000
111418  54.498  17.494  40.988 0.0000000000
89447  55.599  17.423  41.157 0.0000000000
90902  43.086  19.111  38.591 0.0000000000
112039  43.873  19.436  38.425 0.0000000000
91611  46.826  19.861  41.791 0.0000000000
90887  46.100  19.528  38.686 0.0000000000
90888  45.066  19.567  38.979 0.0000000000
90911  45.144  19.285  37.846 0.0000000000
90218  45.188  18.935  37.542 0.0000000000
90217  46.619  19.202  36.831 0.0000000000
112935  45.907  18.798  37.065 0.0000000000
128921  46.439  18.581  36.742 0.0000000000
89510  47.087  18.731  36.556 0.0000000000
96885  54.516  28.218  37.286 0.0000000000
95450  55.393  26.036  38.097 0.0000000000
94806  55.825  25.880  37.525 0.0000000000
95474  54.855  25.832  37.533 0.0000000000
95475  53.539  26.042  37.538 0.0000000000
96763  48.781  29.533  47.867 0.0000000000
96086  49.279  28.438  48.794 0.0000000000
97399  49.483  30.360  49.687 0.0000000000
96059  50.286  27.779  53.609 0.0000000000
95310  48.088  25.782  53.740 0.0000000000
120190  47.159  24.793  53.507 0.0000000000
99721  42.618  33.934  40.374 0.0000000000
99217  42.236  33.333  40.424 0.0000000000
99203  45.000  33.281  41.291 0.0000000000
99195  45.728  32.446  41.877 0.0000000000
99194  46.526  32.979  42.355 0.0000000000
98607  47.322  32.106  46.288 0.0000000000
98622  47.370  32.227  45.255 0.0000000000
99175  47.963  33.050  44.943 0.0000000000
99168  48.146  32.999  45.895 0.0000000000
99167  48.954  33.279  46.180 0.0000000000
99160  48.992  33.039  46.700 0.0000000000
98005  49.088  31.238  48.412 0.0000000000
98586  49.185  32.007  47.655 0.0000000000
97406  48.869  30.546  47.718 0.0000000000
88723  59.567  17.244  45.240 0.0000000000
88735  59.539  17.652  43.664 0.0000000000
88732  59.592  17.106  44.259 0.0000000000
88088  58.317  16.214  41.615 0.0000000000
88087  59.316  17.192  41.946 0.0000000000
88755  58.614  17.273  40.279 0.0000000000
114733  58.450  17.648  39.580 0.0000000000
88104  58.042  16.487  39.475 0.0000000000
87391  56.447  14.714  42.546 0.0000000000
87406  56.486  14.515  41.780 0.0000000000
87448  57.165  14.219  38.294 0.0000000000
116003  57.063  14.392  39.181 0.0000000000
109809  57.419  15.222  38.126 0.0000000000
88136  57.204  14.951  35.614 0.0000000000
87467  57.459  14.369  36.081 0.0000000000
92932  53.231  22.930  43.581 0.0000000000
93521  54.706  23.814  43.424 0.0000000000
93514  56.406  24.046  44.551 0.0000000000
93515  55.768  23.649  44.182 0.0000000000
92924  54.451  22.079  44.912 0.0000000000
92923  55.255  22.596  45.317 0.0000000000
94718  55.705  26.052  46.594 0.0000000000
132190  56.270  25.705  46.161 0.0000000000
94701  56.057  25.348  46.787 0.0000000000
93491  56.434  23.568  47.469 0.0000000000
93502  56.338  23.592  46.538 0.0000000000
123069  56.471  22.786  47.163 0.0000000000
92916  55.987  22.089  46.718 0.0000000000
91574  55.991  20.832  46.737 0.0000000000
92237  56.302  21.423  47.077 0.0000000000
92225  57.623  21.202  48.642 0.0000000000
91557  57.320  20.834  47.816 0.0000000000
91556  57.989  20.542  48.130 0.0000000000
95350  49.618  26.591  48.458 0.0000000000
94688  51.414  25.768  49.909 0.0000000000
112641  52.335  25.574  50.568 0.0000000000
94670  52.925  25.791  50.506 0.0000000000
94033  53.186  25.640  51.063 0.0000000000
116178  51.234  24.013  50.428 0.0000000000
94049  51.933  24.841  50.752 0.0000000000
93456  51.696  23.759  50.436 0.0000000000
92167  54.492  22.202  50.376 0.0000000000
92847  53.283  23.477  50.514 0.0000000000
92846  54.197  23.160  50.643 0.0000000000
122636  54.630  23.620  50.811 0.0000000000
92845  54.947  22.703  50.596 0.0000000000
92844  55.458  22.055  50.365 0.0000000000
126984  55.830  21.411  50.681 0.0000000000
90754  57.140  19.370  50.754 0.0000000000
91512  57.520  19.603  50.650 0.0000000000
90762  58.261  19.265  50.365 0.0000000000
90771  59.076  19.270  48.882 0.0000000000
90770  59.265  18.479  48.979 0.0000000000
90096  59.442  18.051  47.967 0.0000000000
89362  59.145  17.632  48.958 0.0000000000
89371  57.247  17.204  48.542 0.0000000000
89370  58.090  16.937  48.856 0.0000000000
88691  58.044  16.182  48.366 0.0000000000
88018  58.154  15.868  47.883 0.0000000000
110217  57.400  15.450  47.947 0.0000000000
90101  53.573  18.433  47.326 0.0000000000
90100  54.632  18.262  47.496 0.0000000000
88694  55.405  15.561  47.828 0.0000000000
88020  55.664  14.590  48.267 0.0000000000
88019  56.437  14.840  48.046 0.0000000000
129016  55.597  14.137  48.358 0.0000000000
87356  55.891  13.987  47.198 0.0000000000
98699  49.398  32.275  37.931 0.0000000000
127820  48.595  32.200  38.233 0.0000000000
98710  49.611  31.632  37.460 0.0000000000
98708  51.302  32.800  36.957 0.0000000000
99764  53.398  34.233  37.155 0.0000000000
99763  53.970  34.163  37.369 0.0000000000
99762  54.097  33.852  36.950 0.0000000000
99248  54.061  33.867  37.537 0.0000000000
99192  49.524  32.808  43.299 0.0000000000
99700  50.138  34.454  43.243 0.0000000000
99200  49.719  33.539  42.728 0.0000000000
99706  50.810  34.660  41.521 0.0000000000
100203  51.430  35.167  40.857 0.0000000000
100202  51.878  35.723  40.205 0.0000000000
128372  52.453  35.465  39.576 0.0000000000
99718  52.054  34.791  40.029 0.0000000000
125586  52.089  31.742  38.698 0.0000000000
110931  52.786  33.192  38.835 0.0000000000
98121  52.778  31.533  37.723 0.0000000000
117826  53.000  29.464  37.202 0.0000000000
97510  52.349  30.053  37.631 0.0000000000
111691  52.408  28.711  39.773 0.0000000000
96874  53.440  28.505  39.369 0.0000000000
110921  54.482  28.360  39.817 0.0000000000
96836  51.573  28.225  42.262 0.0000000000
131848  51.765  28.539  41.235 0.0000000000
125345  52.850  28.307  41.836 0.0000000000
96832  55.411  27.994  41.939 0.0000000000
96833  54.593  28.265  42.012 0.0000000000
131123  55.268  28.245  41.502 0.0000000000
96850  55.758  28.014  41.127 0.0000000000
130315  56.330  27.246  40.975 0.0000000000
95406  56.181  26.504  41.850 0.0000000000
94117  55.537  25.262  42.842 0.0000000000
131537  54.418  24.264  43.076 0.0000000000
94110  53.728  24.549  42.797 0.0000000000
92930  52.940  22.095  43.718 0.0000000000
92250  52.124  21.920  43.985 0.0000000000
92246  52.661  21.367  44.163 0.0000000000
90838  51.396  19.373  43.968 0.0000000000
90829  51.123  20.030  44.229 0.0000000000
90153  50.968  18.951  43.267 0.0000000000
90848  50.314  19.159  42.957 0.0000000000
90158  50.653  18.704  42.577 0.0000000000
89428  53.710  17.781  43.439 0.0000000000
90150  53.348  18.412  43.868 0.0000000000
89429  52.892  18.011  43.176 0.0000000000
90178  51.584  18.412  39.886 0.0000000000
90167  51.266  18.148  41.557 0.0000000000
90180  50.077  18.870  40.221 0.0000000000
90192  50.118  19.224  39.263 0.0000000000
90885  48.962  19.495  38.379 0.0000000000
111683  49.713  19.481  38.440 0.0000000000
126635  49.949  19.254  36.631 0.0000000000
90214  49.300  19.335  36.736 0.0000000000
90225  48.902  18.843  36.575 0.0000000000
89508  48.511  18.106  36.588 0.0000000000
89458  58.093  18.030  40.742 0.0000000000
90199  55.830  18.349  38.193 0.0000000000
90187  55.443  18.355  38.802 0.0000000000
90188  54.353  18.550  38.767 0.0000000000
90209  54.385  18.530  37.407 0.0000000000
88805  54.267  16.278  35.979 0.0000000000
88793  54.606  17.019  36.487 0.0000000000
88806  53.447  16.336  36.047 0.0000000000
92936  49.278  22.236  43.559 0.0000000000
92254  48.515  21.639  43.385 0.0000000000
92252  50.201  21.096  44.029 0.0000000000
94119  52.982  24.932  42.476 0.0000000000
94750  52.307  25.459  42.204 0.0000000000
94120  52.057  24.857  42.726 0.0000000000
94121  51.099  24.903  43.027 0.0000000000
94114  49.766  24.062  43.357 0.0000000000
93526  49.319  23.194  43.422 0.0000000000
86694  54.548  13.615  44.508 0.0000000000
116839  53.973  13.587  44.424 0.0000000000
86721  53.911  13.837  42.853 0.0000000000
95401  51.261  26.945  44.982 0.0000000000
95391  52.809  26.681  45.904 0.0000000000
115829  51.556  26.502  45.892 0.0000000000
122782  51.272  26.096  46.792 0.0000000000
95349  50.670  26.002  47.592 0.0000000000
93477  48.303  23.447  49.441 0.0000000000
93476  49.255  23.255  49.155 0.0000000000
92890  48.534  22.605  48.723 0.0000000000
91547  49.930  20.826  48.160 0.0000000000
97434  48.567  30.556  45.860 0.0000000000
98045  48.271  30.526  44.466 0.0000000000
96808  47.921  29.077  44.855 0.0000000000
115323  48.317  28.352  44.280 0.0000000000
96171  49.080  27.938  43.842 0.0000000000
96170  50.117  27.778  43.537 0.0000000000
96154  49.684  27.526  44.417 0.0000000000
96136  50.210  27.083  45.032 0.0000000000
90133  56.410  18.283  45.418 0.0000000000
125567  56.813  17.352  43.673 0.0000000000
128874  56.873  17.283  42.211 0.0000000000
90859  47.436  19.445  41.409 0.0000000000
122590  47.187  19.303  40.362 0.0000000000
90899  46.259  19.453  37.716 0.0000000000
112918  46.867  19.499  38.003 0.0000000000
90898  47.667  19.473  37.700 0.0000000000
90908  48.013  19.438  37.105 0.0000000000
124607  55.341  27.861  38.834 0.0000000000
96192  56.290  26.960  38.208 0.0000000000
123454  56.260  26.982  38.924 0.0000000000
123940  55.427  26.257  38.809 0.0000000000
95451  54.459  26.096  38.263 0.0000000000
92944  45.521  22.370  42.159 0.0000000000
92269  44.803  21.875  42.141 0.0000000000
91615  43.849  20.687  41.445 0.0000000000
98574  49.143  31.026  49.804 0.0000000000
97997  49.319  30.704  50.228 0.0000000000
97998  49.030  30.884  50.404 0.0000000000
97389  48.705  30.063  51.273 0.0000000000
98033  44.784  30.953  45.951 0.0000000000
124490  45.111  30.854  45.134 0.0000000000
98609  45.332  31.096  46.333 0.0000000000
98596  46.611  31.629  46.966 0.0000000000
98595  47.652  32.165  47.192 0.0000000000
99155  48.594  32.489  47.350 0.0000000000
98587  47.895  31.981  48.118 0.0000000000
98581  48.477  31.586  48.850 0.0000000000
88064  58.982  16.120  44.853 0.0000000000
88068  59.279  16.453  43.753 0.0000000000
88069  58.461  15.914  43.356 0.0000000000
88077  58.411  16.150  42.422 0.0000000000
87421  56.178  13.810  40.337 0.0000000000
110793  56.572  13.625  38.193 0.0000000000
86769  57.078  13.724  37.401 0.0000000000
94109  56.211  24.773  43.385 0.0000000000
93520  55.597  23.999  43.595 0.0000000000
94702  55.363  25.721  47.445 0.0000000000
94077  55.738  25.027  47.696 0.0000000000
94063  56.123  24.251  47.688 0.0000000000
131345  56.707  22.977  48.012 0.0000000000
92908  56.888  22.310  48.079 0.0000000000
92886  56.741  22.525  48.784 0.0000000000
92210  57.207  21.831  48.996 0.0000000000
95316  50.942  27.181  52.277 0.0000000000
95324  50.681  26.727  50.933 0.0000000000
95323  52.133  26.254  51.723 0.0000000000
109496  52.587  25.810  51.958 0.0000000000
94671  52.553  25.437  51.240 0.0000000000
92190  51.893  21.985  49.455 0.0000000000
92863  52.546  22.634  50.070 0.0000000000
92189  52.824  21.774  49.686 0.0000000000
92188  53.811  21.603  49.924 0.0000000000
92187  54.805  21.387  50.277 0.0000000000
91515  55.719  21.073  50.746 0.0000000000
91530  55.895  20.331  50.550 0.0000000000
90763  56.732  19.287  50.559 0.0000000000
90078  57.195  18.766  50.441 0.0000000000
89363  58.412  17.710  49.399 0.0000000000
90087  57.034  18.141  49.419 0.0000000000
90098  56.401  17.823  48.441 0.0000000000
90114  53.029  17.783  46.766 0.0000000000
88703  54.505  15.043  47.822 0.0000000000
99747  48.789  33.533  39.110 0.0000000000
99746  49.962  33.856  38.679 0.0000000000
99251  50.192  33.240  38.022 0.0000000000
99269  51.274  33.656  37.487 0.0000000000
99745  51.037  34.538  38.008 0.0000000000
100232  52.609  35.262  38.433 0.0000000000
100194  45.552  35.401  41.989 0.0000000000
123780  45.433  36.231  42.009 0.0000000000
100186  46.411  35.914  42.285 0.0000000000
100684  48.134  36.566  42.437 0.0000000000
98652  48.462  31.510  41.474 0.0000000000
99214  49.640  33.072  41.565 0.0000000000
99215  49.175  32.105  41.072 0.0000000000
114312  49.848  32.662  40.693 0.0000000000
99213  51.382  33.469  40.084 0.0000000000
129853  51.179  31.351  39.146 0.0000000000
98686  51.317  30.745  38.776 0.0000000000
97505  51.989  29.555  38.429 0.0000000000
97506  51.250  29.911  38.778 0.0000000000
97499  51.653  29.197  39.159 0.0000000000
96817  53.593  27.933  43.399 0.0000000000
96834  53.410  28.181  42.444 0.0000000000
117413  54.180  28.113  42.898 0.0000000000
96164  55.560  27.640  42.636 0.0000000000
96163  56.181  27.121  42.632 0.0000000000
94746  56.362  26.556  42.472 0.0000000000
94741  56.745  26.057  43.067 0.0000000000
91582  52.324  20.564  44.357 0.0000000000
91581  53.161  20.734  44.426 0.0000000000
90827  52.702  19.864  44.377 0.0000000000
90837  52.199  19.258  44.087 0.0000000000
89449  52.749  17.463  41.532 0.0000000000
89462  52.278  18.089  40.001 0.0000000000
90884  50.589  19.312  38.467 0.0000000000
90905  50.620  19.501  37.418 0.0000000000
90213  50.711  19.344  36.720 0.0000000000
89457  58.479  18.029  40.020 0.0000000000
110590  57.628  18.229  39.568 0.0000000000
115363  57.470  18.175  38.826 0.0000000000
89479  56.094  18.137  37.787 0.0000000000
92267  46.463  21.407  42.334 0.0000000000
91604  46.659  20.530  42.159 0.0000000000
91603  47.451  20.074  42.350 0.0000000000
90858  48.303  19.149  41.266 0.0000000000
113508  56.080  26.772  40.299 0.0000000000
128746  54.283  26.332  39.962 0.0000000000
95413  52.403  26.193  40.880 0.0000000000
93530  47.939  23.751  42.808 0.0000000000
92942  47.104  22.683  42.788 0.0000000000
120756  46.894  21.930  42.558 0.0000000000
113107  43.644  30.603  45.709 0.0000000000
123609  44.592  30.859  46.733 0.0000000000
97408  44.965  30.414  47.485 0.0000000000
87377  56.383  14.754  44.859 0.0000000000
86719  55.690  14.297  42.784 0.0000000000
132447  55.847  14.362  42.134 0.0000000000
86703  55.083  13.859  43.051 0.0000000000
87392  55.250  14.108  42.225 0.0000000000
127615  55.668  14.086  41.586 0.0000000000
87407  55.421  13.726  40.872 0.0000000000
86751  55.344  13.676  39.470 0.0000000000
96131  55.279  27.418  45.069 0.0000000000
95388  55.761  26.911  45.460 0.0000000000
117995  55.035  27.142  45.863 0.0000000000
112685  55.354  26.626  46.252 0.0000000000
95363  54.690  26.610  46.608 0.0000000000
95365  53.264  26.461  46.653 0.0000000000
95364  54.059  26.599  46.643 0.0000000000
95345  54.624  26.202  47.410 0.0000000000
95331  54.838  25.975  48.038 0.0000000000
94684  54.314  25.791  49.224 0.0000000000
94667  54.383  25.638  50.026 0.0000000000
94023  49.303  25.308  53.376 0.0000000000
94022  51.339  25.557  53.121 0.0000000000
94035  49.972  25.043  52.136 0.0000000000
92865  50.924  23.253  49.792 0.0000000000
92888  50.142  22.939  49.040 0.0000000000
92211  52.169  21.117  49.183 0.0000000000
91543  53.359  20.256  49.078 0.0000000000
90774  53.658  19.636  48.662 0.0000000000
90789  53.096  19.100  47.988 0.0000000000
90102  52.583  18.544  47.354 0.0000000000
90115  52.058  17.999  46.848 0.0000000000
89382  52.427  17.171  46.456 0.0000000000
88706  51.788  16.488  46.397 0.0000000000
100713  49.003  36.192  39.949 0.0000000000
99685  49.955  33.716  44.874 0.0000000000
100168  49.871  34.290  44.442 0.0000000000
99182  50.031  33.498  44.767 0.0000000000
99183  49.890  32.965  44.362 0.0000000000
98057  48.109  30.390  43.543 0.0000000000
98056  48.295  31.238  43.136 0.0000000000
98642  48.625  31.885  42.586 0.0000000000
98081  48.135  30.695  41.411 0.0000000000
97489  48.522  29.983  40.994 0.0000000000
97488  49.435  29.534  40.426 0.0000000000
96867  49.877  28.839  40.838 0.0000000000
96854  50.336  28.494  41.536 0.0000000000
96837  50.778  28.236  42.186 0.0000000000
96819  51.784  27.940  42.836 0.0000000000
96169  51.058  27.779  43.220 0.0000000000
96818  52.647  27.921  43.095 0.0000000000
96166  53.955  27.736  44.210 0.0000000000
117252  54.782  27.737  44.498 0.0000000000
126093  55.072  20.014  45.701 0.0000000000
90825  54.255  19.588  44.817 0.0000000000
90821  54.929  19.467  45.414 0.0000000000
89416  54.178  18.067  44.220 0.0000000000
89427  54.573  17.589  43.753 0.0000000000
89448  53.800  17.323  41.723 0.0000000000
132363  53.461  17.878  40.095 0.0000000000
89470  53.855  18.311  39.503 0.0000000000
88803  55.772  16.159  35.868 0.0000000000
88792  55.246  16.823  36.581 0.0000000000
90205  42.686  18.485  38.211 0.0000000000
127285  45.191  19.653  39.984 0.0000000000
112282  45.703  19.541  39.638 0.0000000000
90889  44.189  19.714  38.962 0.0000000000
122526  43.772  18.575  37.828 0.0000000000
126437  43.670  18.109  37.742 0.0000000000
89495  44.384  18.373  37.626 0.0000000000
90910  45.983  19.276  37.399 0.0000000000
95448  56.437  26.592  37.396 0.0000000000
127744  56.481  26.153  36.935 0.0000000000
95422  53.532  26.377  39.743 0.0000000000
95434  52.963  26.364  39.249 0.0000000000
96107  48.556  27.643  46.626 0.0000000000
95369  48.946  27.035  47.058 0.0000000000
96094  48.861  27.745  47.692 0.0000000000
96085  49.750  28.369  49.964 0.0000000000
97393  49.513  30.196  50.620 0.0000000000
96752  49.802  29.575  51.026 0.0000000000
96077  50.210  28.468  51.472 0.0000000000
96067  50.280  28.119  52.757 0.0000000000
96723  50.923  27.992  54.435 0.0000000000
94016  49.002  25.590  54.262 0.0000000000
94024  47.884  24.926  54.054 0.0000000000
120745  44.040  35.167  41.534 0.0000000000
99710  44.110  34.237  41.201 0.0000000000
99709  44.959  34.548  41.599 0.0000000000
99708  46.129  34.148  41.888 0.0000000000
99702  47.103  33.934  42.478 0.0000000000
99701  48.016  34.079  43.553 0.0000000000
98636  45.812  30.939  44.293 0.0000000000
99185  47.028  32.409  43.248 0.0000000000
99184  47.707  33.084  43.918 0.0000000000
99694  48.504  33.787  44.625 0.0000000000
99680  49.563  33.424  45.539 0.0000000000
99166  49.631  33.045  45.856 0.0000000000
123251  49.495  31.972  45.892 0.0000000000
99154  49.142  32.536  47.156 0.0000000000
98594  49.465  32.007  46.788 0.0000000000
98020  49.153  31.376  46.420 0.0000000000
97415  48.665  30.528  46.687 0.0000000000
96775  48.380  29.413  46.722 0.0000000000
90129  59.381  18.188  45.635 0.0000000000
89412  59.005  17.943  43.875 0.0000000000
89411  59.396  17.744  43.944 0.0000000000
89424  59.366  17.805  43.087 0.0000000000
89431  59.125  18.100  42.258 0.0000000000
88736  59.609  17.448  43.231 0.0000000000
89444  59.165  17.887  41.793 0.0000000000
89445  58.576  17.760  41.029 0.0000000000
88764  58.147  17.426  38.982 0.0000000000
88781  57.223  16.653  37.617 0.0000000000
88078  57.373  15.269  42.122 0.0000000000
87420  57.000  14.539  40.460 0.0000000000
87432  57.396  15.024  39.729 0.0000000000
88097  57.815  15.798  40.368 0.0000000000
111143  57.456  16.151  38.072 0.0000000000
88790  57.002  16.253  36.838 0.0000000000
88127  56.628  15.830  36.071 0.0000000000
93523  52.563  23.516  43.404 0.0000000000
92929  53.590  22.440  43.878 0.0000000000
93516  54.930  23.432  43.944 0.0000000000
92928  54.302  22.748  44.209 0.0000000000
131310  53.847  22.075  44.291 0.0000000000
92243  54.087  21.178  45.185 0.0000000000
92242  54.761  21.407  45.725 0.0000000000
94733  56.722  25.632  45.454 0.0000000000
94101  56.713  24.742  45.146 0.0000000000
93509  56.335  23.822  45.515 0.0000000000
118725  56.402  24.809  46.577 0.0000000000
94090  56.478  24.421  46.118 0.0000000000
92917  55.351  22.081  45.974 0.0000000000
91577  55.297  20.525  46.164 0.0000000000
91573  56.653  20.764  47.235 0.0000000000
130661  57.437  19.161  46.712 0.0000000000
90808  57.955  19.063  46.954 0.0000000000
90112  58.628  18.666  46.169 0.0000000000
123603  49.354  26.705  47.488 0.0000000000
94704  51.239  25.782  48.597 0.0000000000
94689  50.402  26.228  49.705 0.0000000000
94686  53.065  25.842  49.457 0.0000000000
94668  53.987  25.909  50.419 0.0000000000
94657  54.181  25.584  50.773 0.0000000000
94034  52.120  25.274  51.945 0.0000000000
93438  52.451  24.632  50.757 0.0000000000
93455  52.385  23.613  50.470 0.0000000000
120746  53.709  25.388  51.163 0.0000000000
93435  54.591  24.371  50.844 0.0000000000
93434  55.118  24.236  50.397 0.0000000000
92861  55.775  22.530  49.967 0.0000000000
92185  56.910  21.393  50.138 0.0000000000
92164  56.808  20.692  50.667 0.0000000000
92184  57.469  20.799  50.154 0.0000000000
91541  58.082  20.650  49.319 0.0000000000
91555  58.557  19.964  48.581 0.0000000000
90786  58.911  19.321  47.918 0.0000000000
90111  59.106  18.662  46.215 0.0000000000
90110  59.408  18.255  46.632 0.0000000000
89379  59.542  17.559  47.081 0.0000000000
88701  59.303  16.754  47.357 0.0000000000
88686  58.658  16.949  48.693 0.0000000000
88690  58.804  16.384  48.171 0.0000000000
88702  59.123  16.527  46.360 0.0000000000
88034  58.328  15.887  47.006 0.0000000000
128155  57.932  15.487  46.621 0.0000000000
87354  57.396  14.859  46.799 0.0000000000
90089  55.052  18.780  48.411 0.0000000000
90099  55.601  18.015  47.944 0.0000000000
89372  56.244  17.228  47.916 0.0000000000
131879  56.092  16.448  47.738 0.0000000000
88692  57.216  15.693  48.063 0.0000000000
88036  56.994  14.783  47.662 0.0000000000
87373  56.636  14.633  46.163 0.0000000000
86677  55.246  13.513  46.734 0.0000000000
86688  54.641  13.292  46.640 0.0000000000
130745  52.612  32.465  35.719 0.0000000000
124825  52.399  33.801  36.960 0.0000000000
99282  53.338  33.824  36.425 0.0000000000
98717  53.326  33.193  35.879 0.0000000000
99281  53.871  33.585  36.259 0.0000000000
99280  54.070  33.273  36.341 0.0000000000
98124  53.988  31.810  36.618 0.0000000000
100703  48.667  37.230  40.286 0.0000000000
100712  49.749  36.655  39.973 0.0000000000
100174  49.928  34.789  43.830 0.0000000000
100673  49.756  35.447  43.207 0.0000000000
99707  50.043  34.175  42.059 0.0000000000
101183  50.599  36.804  40.492 0.0000000000
101191  50.397  36.697  40.118 0.0000000000
100711  51.389  36.140  39.611 0.0000000000
100212  52.696  35.508  39.031 0.0000000000
100231  53.179  34.830  38.563 0.0000000000
99231  52.500  33.957  39.486 0.0000000000
99230  53.342  34.279  38.726 0.0000000000
99249  53.737  33.698  38.196 0.0000000000
99268  53.829  33.021  37.691 0.0000000000
98707  53.713  32.174  37.200 0.0000000000
97514  53.522  30.251  36.474 0.0000000000
96886  53.499  28.621  37.663 0.0000000000
96880  53.431  28.513  38.514 0.0000000000
96872  55.482  28.098  39.523 0.0000000000
96188  56.212  27.531  40.066 0.0000000000
111692  50.931  28.677  40.802 0.0000000000
96866  51.934  28.628  40.554 0.0000000000
109983  53.446  28.476  40.785 0.0000000000
96852  53.802  28.408  41.391 0.0000000000
96864  54.370  28.453  40.564 0.0000000000
96862  55.899  28.049  40.403 0.0000000000
95411  55.628  26.428  40.778 0.0000000000
94758  55.167  26.074  41.575 0.0000000000
94747  55.806  25.942  42.198 0.0000000000
94748  54.855  25.614  42.336 0.0000000000
125169  53.912  25.276  42.402 0.0000000000
92934  51.556  22.453  43.872 0.0000000000
92251  51.066  21.728  44.086 0.0000000000
91589  50.375  20.281  43.953 0.0000000000
91583  51.631  20.475  44.325 0.0000000000
90840  49.950  19.805  43.336 0.0000000000
90849  49.662  19.254  42.577 0.0000000000
126915  49.546  18.803  41.882 0.0000000000
90857  49.212  18.845  40.973 0.0000000000
90151  52.537  18.632  43.666 0.0000000000
89450  51.864  17.734  41.993 0.0000000000
90157  51.285  18.382  42.543 0.0000000000
90168  50.682  18.420  41.822 0.0000000000
90169  50.077  18.625  41.313 0.0000000000
90897  48.550  19.521  37.566 0.0000000000
90895  49.981  19.611  37.686 0.0000000000
90907  48.933  19.575  37.011 0.0000000000
90215  48.477  19.265  36.843 0.0000000000
89509  47.685  17.997  36.673 0.0000000000
127040  57.647  17.521  42.719 0.0000000000
89446  56.866  17.448  41.369 0.0000000000
89459  56.719  17.931  40.330 0.0000000000
89460  55.335  17.857  40.274 0.0000000000
89469  54.878  18.218  39.516 0.0000000000
131219  52.936  18.817  37.770 0.0000000000
89501  54.954  17.538  36.878 0.0000000000
89490  54.703  18.086  37.071 0.0000000000
88795  53.031  17.244  36.422 0.0000000000
89503  53.529  17.932  36.558 0.0000000000
89491  53.978  18.331  36.866 0.0000000000
90210  53.523  18.691  37.260 0.0000000000
90212  51.685  19.159  36.786 0.0000000000
90224  50.432  18.879  36.402 0.0000000000
87381  53.090  14.046  43.087 0.0000000000
87422  53.639  14.488  40.973 0.0000000000
86749  56.616  13.858  38.998 0.0000000000
87334  56.128  14.320  47.904 0.0000000000
87394  53.505  14.164  42.316 0.0000000000
87474  57.372  14.291  35.288 0.0000000000
88021  55.170  14.288  48.518 0.0000000000
88057  58.553  16.030  45.962 0.0000000000
88126  57.369  15.222  36.530 0.0000000000
88731  59.504  17.662  44.388 0.0000000000
88772  57.542  17.041  38.346 0.0000000000
88791  56.056  16.606  36.610 0.0000000000
89356  58.880  18.203  49.539 0.0000000000
89399  59.336  17.907  44.782 0.0000000000
89400  59.058  18.085  44.635 0.0000000000
89435  52.537  17.687  42.435 0.0000000000
89461  53.535  17.497  40.820 0.0000000000
89467  58.191  18.056  39.284 0.0000000000
89488  56.293  17.735  37.536 0.0000000000
89502  54.308  17.783  36.651 0.0000000000
90072  57.732  18.876  50.627 0.0000000000
90077  58.887  18.919  49.716 0.0000000000
90086  57.798  18.227  50.046 0.0000000000
90097  59.134  18.719  47.285 0.0000000000
90132  57.536  18.352  45.598 0.0000000000
90200  54.848  18.523  38.084 0.0000000000
90211  52.591  18.878  37.017 0.0000000000
90755  56.584  19.884  50.709 0.0000000000
90807  58.601  18.978  47.020 0.0000000000
91514  56.374  20.565  50.749 0.0000000000
91529  57.952  20.125  50.256 0.0000000000
92186  56.127  21.683  50.421 0.0000000000
92247  51.813  21.150  44.265 0.0000000000
93436  54.029  24.383  50.983 0.0000000000
94017  48.276  25.361  54.129 0.0000000000
94031  54.514  25.017  50.788 0.0000000000
94032  54.122  25.254  51.083 0.0000000000
94626  50.789  26.770  54.928 0.0000000000
94640  49.183  25.869  54.508 0.0000000000
94669  53.498  25.843  50.579 0.0000000000
94818  56.186  25.781  36.835 0.0000000000
95315  52.088  26.313  52.734 0.0000000000
95332  54.252  25.962  48.308 0.0000000000
95348  51.686  25.852  47.543 0.0000000000
95351  49.123  27.018  47.823 0.0000000000
95389  54.459  27.070  46.028 0.0000000000
95399  56.598  26.660  44.009 0.0000000000
95410  56.235  26.807  41.000 0.0000000000
95473  56.307  26.199  37.470 0.0000000000
96037  51.057  27.297  54.980 0.0000000000
96046  51.294  27.530  54.596 0.0000000000
96047  50.952  27.703  54.819 0.0000000000
96057  51.347  27.796  54.205 0.0000000000
96058  50.976  28.113  53.926 0.0000000000
96132  54.685  27.413  45.376 0.0000000000
96178  56.036  27.499  41.596 0.0000000000
96184  56.320  27.185  40.400 0.0000000000
96193  55.663  27.561  38.034 0.0000000000
96722  51.114  27.982  54.462 0.0000000000
96758  49.319  29.549  48.835 0.0000000000
96820  50.406  27.953  42.760 0.0000000000
96823  48.047  28.927  43.940 0.0000000000
96871  55.988  27.843  39.826 0.0000000000
97387  49.391  30.032  51.264 0.0000000000
97394  48.791  30.488  50.947 0.0000000000
97402  46.994  30.195  48.766 0.0000000000
97416  48.212  29.727  45.796 0.0000000000
97435  48.116  30.119  45.072 0.0000000000
97471  49.133  29.195  41.065 0.0000000000
97473  47.966  30.109  41.948 0.0000000000
97992  49.181  30.456  50.922 0.0000000000
98004  49.251  30.936  49.387 0.0000000000
98034  43.811  30.765  46.401 0.0000000000
98082  47.925  31.053  42.157 0.0000000000
98100  48.500  30.806  40.892 0.0000000000
98580  49.019  31.381  48.882 0.0000000000
98593  49.361  32.484  46.818 0.0000000000
98597  45.579  31.206  46.872 0.0000000000
98606  49.531  32.594  46.220 0.0000000000
98608  46.220  31.403  46.297 0.0000000000
98620  49.756  32.695  45.443 0.0000000000
99174  50.003  33.065  44.948 0.0000000000
99676  49.350  33.145  46.167 0.0000000000
99686  49.416  33.947  44.935 0.0000000000
99692  50.040  34.365  44.063 0.0000000000
99722  40.899  33.067  40.011 0.0000000000
100183  50.219  35.182  43.180 0.0000000000
100213  50.676  36.194  39.512 0.0000000000
100243  53.356  34.584  37.862 0.0000000000
100691  46.119  36.748  41.963 0.0000000000
101163  46.739  37.259  41.923 0.0000000000
101182  51.076  36.519  40.143 0.0000000000
110922  52.069  28.406  41.796 0.0000000000
113344  48.512  28.518  47.156 0.0000000000
114540  49.169  32.889  38.448 0.0000000000
114712  56.922  16.386  48.057 0.0000000000
114991  52.111  35.888  39.504 0.0000000000
115175  56.358  24.243  46.881 0.0000000000
116414  46.720  31.593  45.604 0.0000000000
117345  42.849  33.854  40.608 0.0000000000
118983  59.619  17.946  46.090 0.0000000000
121849  44.002  30.438  44.823 0.0000000000
122905  55.560  17.452  43.882 0.0000000000
123801  59.567  17.356  46.205 0.0000000000
124049  46.555  34.854  42.169 0.0000000000
124370  50.060  33.878  44.572 0.0000000000
125976  56.283  26.167  42.507 0.0000000000
126246  57.303  20.267  50.580 0.0000000000
126377  48.186  31.229  49.366 0.0000000000
128225  49.464  37.235  40.325 0.0000000000
129994  55.363  23.288  50.091 0.0000000000
130265  57.248  15.078  45.980 0.0000000000
130364  57.798  17.535  43.361 0.0000000000
130518  58.678  18.168  42.130 0.0000000000
130542  48.495  28.895  42.844 0.0000000000
131559  50.552  33.214  40.523 0.0000000000
131832  55.553  13.633  40.118 0.0000000000
131839  56.678  18.210  38.360 0.0000000000
132250  56.320  26.549  37.847 0.0000000000
132384  52.787  28.545  40.517 0.0000000000
132459  51.034  26.534  54.646 0.0000000000
