#!ascii label  , from subject sub-04 vox2ras=TkReg
484
56851  23.602  -21.533  6.815 0.0000000000
62388  29.253  -15.555  2.773 0.0000000000
70865  25.705  -6.501  0.207 0.0000000000
67264  20.884  -10.315  2.792 0.0000000000
51842  26.241  -26.393  7.601 0.0000000000
54932  29.613  -23.434  6.866 0.0000000000
58656  27.087  -18.860  3.651 0.0000000000
129178  23.754  -14.414  2.621 0.0000000000
67273  27.581  -11.174  0.911 0.0000000000
112646  31.132  -5.938  2.461 0.0000000000
74507  26.086  -2.220  -1.017 0.0000000000
54933  25.076  -24.215  7.176 0.0000000000
130549  27.988  -25.042  6.845 0.0000000000
55941  26.710  -22.581  5.444 0.0000000000
61441  22.407  -16.609  4.625 0.0000000000
63304  21.070  -14.138  4.819 0.0000000000
125242  22.761  -8.661  0.726 0.0000000000
67276  24.149  -10.875  0.916 0.0000000000
69137  26.232  -8.677  1.037 0.0000000000
69120  30.035  -9.111  3.182 0.0000000000
71682  28.442  -5.967  2.170 0.0000000000
77090  24.128  0.698  0.157 0.0000000000
110611  23.481  -1.814  -0.642 0.0000000000
112099  25.909  -0.522  -1.670 0.0000000000
61452  28.365  -17.355  2.173 0.0000000000
58635  29.134  -19.548  4.266 0.0000000000
60488  29.770  -17.494  3.922 0.0000000000
70867  22.984  -6.539  -0.068 0.0000000000
132309  31.478  -13.266  1.423 0.0000000000
58611  22.698  -19.644  6.757 0.0000000000
57762  25.587  -20.758  4.754 0.0000000000
59522  23.359  -18.299  4.721 0.0000000000
61454  24.956  -16.885  3.443 0.0000000000
113399  26.638  -14.846  2.340 0.0000000000
65326  22.488  -12.696  2.456 0.0000000000
65341  24.924  -13.049  1.228 0.0000000000
125506  28.212  -13.351  1.912 0.0000000000
67271  30.495  -11.269  1.373 0.0000000000
72613  23.023  -4.110  0.250 0.0000000000
72626  26.051  -4.168  -0.544 0.0000000000
77898  28.757  1.205  -0.860 0.0000000000
75396  28.371  -1.504  0.421 0.0000000000
73531  28.573  -3.616  1.857 0.0000000000
74489  31.775  -3.157  1.019 0.0000000000
56876  27.694  -21.325  4.401 0.0000000000
56839  22.469  -20.825  8.092 0.0000000000
130882  22.985  -22.138  7.880 0.0000000000
55930  24.773  -22.817  6.730 0.0000000000
54947  26.103  -23.656  6.429 0.0000000000
56850  25.113  -22.149  6.083 0.0000000000
70010  24.455  -7.854  0.002 0.0000000000
69147  24.157  -8.641  0.246 0.0000000000
70001  25.935  -7.942  0.677 0.0000000000
69999  27.206  -7.402  1.846 0.0000000000
70852  27.233  -6.591  1.331 0.0000000000
77098  25.524  0.281  -1.293 0.0000000000
76231  24.495  0.197  -0.559 0.0000000000
77109  25.791  0.416  -2.104 0.0000000000
61466  28.614  -16.646  2.080 0.0000000000
60501  29.037  -17.497  2.490 0.0000000000
61450  29.834  -16.541  3.231 0.0000000000
70003  21.276  -7.151  1.648 0.0000000000
70855  21.167  -6.268  1.979 0.0000000000
52959  24.878  -25.685  8.134 0.0000000000
50802  25.246  -27.235  8.322 0.0000000000
50801  26.682  -27.288  8.452 0.0000000000
51823  27.431  -26.741  8.291 0.0000000000
53951  28.889  -23.943  6.558 0.0000000000
52955  29.476  -25.382  8.306 0.0000000000
58624  22.411  -19.048  6.145 0.0000000000
59523  22.578  -18.049  5.225 0.0000000000
62392  22.620  -15.300  3.740 0.0000000000
61455  23.650  -16.310  3.534 0.0000000000
62390  24.295  -15.602  3.117 0.0000000000
61469  25.948  -16.059  2.725 0.0000000000
115282  24.992  -14.556  2.297 0.0000000000
65315  21.025  -12.162  3.734 0.0000000000
66340  21.077  -11.466  3.206 0.0000000000
66369  25.570  -11.306  0.612 0.0000000000
65342  24.411  -12.313  1.155 0.0000000000
66353  26.169  -11.839  0.630 0.0000000000
64328  26.796  -13.187  1.250 0.0000000000
65338  28.320  -12.017  1.886 0.0000000000
66336  29.791  -12.214  2.154 0.0000000000
67260  28.984  -11.353  2.339 0.0000000000
111573  31.030  -7.371  3.185 0.0000000000
125743  30.933  -8.504  3.308 0.0000000000
128852  24.120  -2.105  -1.480 0.0000000000
73558  23.179  -2.667  -0.071 0.0000000000
73556  24.561  -3.410  -1.010 0.0000000000
72628  24.469  -4.066  -0.570 0.0000000000
73554  26.165  -3.203  -0.727 0.0000000000
74500  28.340  -2.298  0.732 0.0000000000
75386  30.215  -1.934  1.337 0.0000000000
73530  29.314  -3.376  2.248 0.0000000000
125972  25.525  -19.712  4.524 0.0000000000
122256  26.350  -21.155  4.531 0.0000000000
58637  27.777  -20.047  3.876 0.0000000000
58620  30.299  -19.548  5.510 0.0000000000
57743  29.696  -20.189  5.254 0.0000000000
53955  24.384  -24.086  7.756 0.0000000000
113547  25.697  -24.887  7.165 0.0000000000
52972  27.543  -25.636  7.108 0.0000000000
53954  26.348  -24.713  6.842 0.0000000000
53966  27.271  -24.061  6.268 0.0000000000
55928  28.123  -23.129  5.561 0.0000000000
62370  21.565  -15.886  5.246 0.0000000000
62380  21.515  -15.511  4.833 0.0000000000
120718  21.892  -14.241  3.795 0.0000000000
68230  21.511  -9.458  1.844 0.0000000000
67262  22.130  -10.970  1.947 0.0000000000
68228  22.818  -10.013  1.049 0.0000000000
130981  25.288  -9.942  0.701 0.0000000000
68226  26.493  -9.640  1.073 0.0000000000
68214  28.320  -10.052  2.143 0.0000000000
69122  27.578  -9.064  2.085 0.0000000000
69983  28.801  -7.778  2.779 0.0000000000
129531  29.927  -5.715  2.700 0.0000000000
76221  22.589  -0.266  1.439 0.0000000000
75408  23.606  -0.772  -0.310 0.0000000000
75406  24.848  -0.783  -1.006 0.0000000000
75405  25.884  -1.426  -1.285 0.0000000000
59535  27.777  -18.422  3.297 0.0000000000
58654  28.272  -19.387  3.775 0.0000000000
59534  28.295  -18.375  3.301 0.0000000000
59516  30.054  -18.159  4.438 0.0000000000
68216  20.727  -9.106  2.639 0.0000000000
69140  21.542  -8.558  1.561 0.0000000000
70002  22.107  -7.524  1.013 0.0000000000
70019  23.696  -6.769  -0.362 0.0000000000
52956  28.649  -25.771  8.056 0.0000000000
130178  30.564  -13.926  2.551 0.0000000000
62386  30.480  -14.983  3.627 0.0000000000
124977  23.118  -20.354  6.972 0.0000000000
56864  24.486  -21.342  6.112 0.0000000000
57747  23.477  -20.087  6.190 0.0000000000
58640  24.667  -19.342  4.773 0.0000000000
59520  25.406  -18.891  4.295 0.0000000000
60492  22.557  -17.347  4.958 0.0000000000
60506  24.636  -17.690  3.718 0.0000000000
60505  25.831  -17.478  3.522 0.0000000000
60504  26.703  -16.899  2.797 0.0000000000
61467  27.669  -16.589  2.327 0.0000000000
121044  28.088  -15.728  2.380 0.0000000000
64307  21.696  -13.649  3.767 0.0000000000
64317  22.770  -13.423  2.487 0.0000000000
66356  23.053  -11.435  1.817 0.0000000000
65325  23.204  -12.976  1.971 0.0000000000
64330  24.510  -13.647  1.665 0.0000000000
63343  25.846  -13.920  1.653 0.0000000000
64316  27.286  -13.772  1.668 0.0000000000
113232  28.636  -14.046  2.586 0.0000000000
114942  30.441  -13.298  1.870 0.0000000000
65322  30.603  -12.733  1.193 0.0000000000
68213  30.021  -10.572  2.372 0.0000000000
70880  22.775  -5.613  0.187 0.0000000000
71723  24.376  -5.475  -0.494 0.0000000000
71710  25.662  -5.572  -0.184 0.0000000000
77097  27.306  -0.029  -1.511 0.0000000000
76241  27.875  -0.375  -0.675 0.0000000000
76240  28.871  -0.163  -0.252 0.0000000000
75397  27.663  -1.914  -0.076 0.0000000000
74501  27.667  -2.769  0.161 0.0000000000
73533  27.323  -4.266  0.474 0.0000000000
72599  27.094  -5.102  0.451 0.0000000000
72583  28.111  -5.284  1.608 0.0000000000
72582  29.748  -4.570  2.482 0.0000000000
72580  31.414  -4.578  1.809 0.0000000000
56863  25.574  -21.483  5.284 0.0000000000
56861  27.454  -22.085  4.871 0.0000000000
56849  28.571  -22.143  5.262 0.0000000000
57758  28.806  -20.213  4.292 0.0000000000
56859  28.739  -21.424  5.110 0.0000000000
56852  23.079  -21.072  7.433 0.0000000000
56838  22.797  -21.549  7.930 0.0000000000
55931  23.263  -22.026  7.442 0.0000000000
55917  23.804  -22.770  7.275 0.0000000000
109918  24.087  -22.143  6.711 0.0000000000
121287  25.373  -7.499  0.258 0.0000000000
70009  26.185  -7.228  0.683 0.0000000000
119868  26.790  -7.108  1.120 0.0000000000
70853  26.640  -6.524  0.720 0.0000000000
62401  28.808  -15.801  2.280 0.0000000000
61465  29.102  -16.523  2.212 0.0000000000
113381  29.524  -16.327  2.676 0.0000000000
52974  25.619  -25.667  7.583 0.0000000000
52958  25.471  -26.519  7.941 0.0000000000
51825  25.992  -27.118  7.979 0.0000000000
51824  26.678  -26.809  7.902 0.0000000000
126993  29.321  -24.131  7.164 0.0000000000
54922  29.963  -23.960  7.615 0.0000000000
54931  30.412  -23.199  7.488 0.0000000000
59504  21.984  -18.491  5.929 0.0000000000
60478  21.926  -17.843  5.621 0.0000000000
63311  23.219  -14.779  3.198 0.0000000000
62391  23.391  -15.531  3.396 0.0000000000
62406  23.814  -15.016  2.984 0.0000000000
62405  24.419  -14.802  2.653 0.0000000000
118485  21.098  -10.833  2.845 0.0000000000
66368  26.265  -10.959  0.584 0.0000000000
66352  27.052  -11.348  0.613 0.0000000000
118972  26.952  -12.030  0.781 0.0000000000
65339  27.636  -11.826  1.070 0.0000000000
67272  28.263  -11.450  1.730 0.0000000000
69981  31.281  -7.743  2.840 0.0000000000
74508  24.964  -1.860  -1.593 0.0000000000
74509  24.647  -2.727  -1.437 0.0000000000
110410  25.426  -2.678  -1.267 0.0000000000
73555  25.241  -3.299  -1.100 0.0000000000
75395  29.795  -1.181  0.974 0.0000000000
75394  30.766  -1.322  0.945 0.0000000000
59519  26.283  -19.335  4.103 0.0000000000
58639  26.234  -20.296  4.314 0.0000000000
58638  27.090  -19.797  3.904 0.0000000000
58610  30.944  -19.554  6.168 0.0000000000
54934  24.493  -23.450  7.266 0.0000000000
52975  24.944  -24.921  7.621 0.0000000000
53968  25.857  -24.196  6.810 0.0000000000
55929  25.842  -22.919  6.126 0.0000000000
54946  26.825  -23.464  5.927 0.0000000000
54957  27.715  -23.600  5.871 0.0000000000
55940  27.521  -22.890  5.470 0.0000000000
63293  21.142  -14.641  5.031 0.0000000000
131457  21.321  -15.189  5.112 0.0000000000
63303  21.263  -14.787  4.810 0.0000000000
63302  21.809  -14.940  4.211 0.0000000000
63313  21.413  -14.238  4.365 0.0000000000
68229  22.301  -9.189  1.154 0.0000000000
68244  23.068  -9.337  0.681 0.0000000000
69138  25.250  -8.484  0.414 0.0000000000
68242  24.793  -9.346  0.478 0.0000000000
68227  25.684  -9.375  0.757 0.0000000000
67275  26.041  -10.190  0.807 0.0000000000
113439  26.874  -9.117  1.518 0.0000000000
70832  27.753  -6.626  2.137 0.0000000000
127448  27.908  -7.301  2.467 0.0000000000
70831  28.660  -6.803  2.668 0.0000000000
119320  29.462  -6.188  2.703 0.0000000000
77082  23.709  0.636  0.763 0.0000000000
76220  23.072  0.386  1.010 0.0000000000
76233  23.119  -0.392  0.514 0.0000000000
76232  23.636  0.230  0.009 0.0000000000
76244  24.062  -0.356  -0.683 0.0000000000
76243  25.383  -0.630  -1.199 0.0000000000
120673  26.272  -1.074  -1.336 0.0000000000
122235  28.094  -17.839  2.721 0.0000000000
60502  28.590  -17.627  2.530 0.0000000000
61440  29.833  -17.093  3.242 0.0000000000
59517  29.361  -18.104  3.771 0.0000000000
69095  19.567  -8.377  5.238 0.0000000000
69107  19.863  -8.102  4.322 0.0000000000
69123  20.971  -8.766  2.209 0.0000000000
69124  20.702  -8.163  2.433 0.0000000000
70854  21.823  -6.616  1.252 0.0000000000
70012  22.561  -7.083  0.456 0.0000000000
70011  23.177  -7.339  -0.064 0.0000000000
52957  27.916  -26.143  7.701 0.0000000000
52971  28.314  -25.466  7.357 0.0000000000
58592  22.251  -19.566  7.489 0.0000000000
59503  22.818  -18.727  5.444 0.0000000000
58641  23.679  -19.048  4.982 0.0000000000
59521  24.370  -18.486  4.289 0.0000000000
114876  24.406  -16.396  3.383 0.0000000000
60507  24.026  -17.091  3.570 0.0000000000
61453  25.721  -16.628  3.160 0.0000000000
62403  26.229  -15.388  2.491 0.0000000000
61468  26.745  -16.111  2.558 0.0000000000
62402  27.157  -15.533  2.492 0.0000000000
63327  27.440  -14.668  2.375 0.0000000000
65327  21.643  -12.225  2.983 0.0000000000
65314  21.477  -12.876  3.813 0.0000000000
65313  22.054  -13.130  3.054 0.0000000000
132160  22.702  -10.641  1.532 0.0000000000
132308  25.009  -12.508  0.941 0.0000000000
65343  23.587  -12.286  1.640 0.0000000000
64331  23.992  -13.061  1.548 0.0000000000
63331  23.630  -13.693  2.087 0.0000000000
63344  25.117  -14.096  1.868 0.0000000000
122712  25.250  -13.618  1.502 0.0000000000
130037  27.486  -13.082  1.398 0.0000000000
126728  27.979  -14.142  2.130 0.0000000000
121659  29.314  -13.305  2.553 0.0000000000
66351  30.872  -12.213  0.631 0.0000000000
66367  31.673  -12.223  0.312 0.0000000000
67290  31.178  -11.502  0.543 0.0000000000
69121  28.790  -8.923  2.671 0.0000000000
115379  29.509  -9.892  2.666 0.0000000000
74502  22.871  -1.840  0.396 0.0000000000
110952  22.653  -2.618  0.868 0.0000000000
73557  23.523  -3.474  -0.292 0.0000000000
125300  22.760  -3.360  0.572 0.0000000000
72614  21.908  -3.917  0.961 0.0000000000
71712  22.331  -4.714  0.546 0.0000000000
125705  21.931  -5.267  0.844 0.0000000000
72627  25.163  -3.996  -0.728 0.0000000000
109504  24.764  -4.717  -0.529 0.0000000000
72612  25.492  -4.794  -0.477 0.0000000000
71722  25.054  -5.322  -0.452 0.0000000000
72611  26.257  -4.991  -0.124 0.0000000000
77107  27.787  0.731  -1.486 0.0000000000
77096  28.314  0.397  -0.813 0.0000000000
77088  29.893  -0.068  -0.011 0.0000000000
77095  29.269  0.643  -0.362 0.0000000000
111681  28.523  -0.833  0.021 0.0000000000
76230  27.667  -1.121  -0.387 0.0000000000
74492  28.875  -2.808  1.513 0.0000000000
74493  28.210  -3.167  0.926 0.0000000000
73532  27.942  -3.943  1.119 0.0000000000
72598  27.784  -4.765  1.017 0.0000000000
123222  27.628  -5.430  0.988 0.0000000000
72597  28.372  -4.471  1.806 0.0000000000
73515  30.446  -3.539  2.210 0.0000000000
73516  29.704  -3.935  2.550 0.0000000000
72581  30.522  -4.456  2.457 0.0000000000
73529  31.550  -3.855  1.386 0.0000000000
57745  25.000  -20.853  5.384 0.0000000000
56877  27.083  -21.466  4.485 0.0000000000
56860  28.168  -21.818  4.743 0.0000000000
55939  28.111  -22.506  5.208 0.0000000000
126650  28.644  -19.667  4.007 0.0000000000
58636  28.295  -20.201  4.025 0.0000000000
57732  30.304  -20.382  6.089 0.0000000000
57733  29.418  -20.962  5.638 0.0000000000
56847  29.932  -21.354  6.365 0.0000000000
56848  29.228  -21.959  5.812 0.0000000000
54948  25.357  -23.545  6.767 0.0000000000
55942  25.959  -22.194  5.563 0.0000000000
120936  23.549  -8.012  0.020 0.0000000000
69148  23.298  -8.655  0.410 0.0000000000
69136  26.997  -8.364  1.715 0.0000000000
70000  26.557  -7.792  1.175 0.0000000000
71683  27.741  -5.962  1.465 0.0000000000
131487  24.673  0.817  -0.098 0.0000000000
77099  25.168  0.301  -0.894 0.0000000000
117152  26.348  -0.121  -1.809 0.0000000000
61451  28.915  -17.235  2.121 0.0000000000
117333  29.467  -17.046  2.545 0.0000000000
70868  22.296  -6.132  0.727 0.0000000000
53943  24.314  -24.823  8.276 0.0000000000
51827  24.085  -25.711  8.658 0.0000000000
51826  24.690  -26.524  8.423 0.0000000000
50788  27.379  -27.321  9.057 0.0000000000
51809  27.933  -26.783  9.045 0.0000000000
53952  28.708  -24.686  7.079 0.0000000000
53942  28.924  -25.202  7.675 0.0000000000
53941  29.431  -24.651  7.706 0.0000000000
59488  21.888  -18.933  6.857 0.0000000000
62379  22.102  -15.817  4.382 0.0000000000
61456  22.836  -16.142  3.888 0.0000000000
62389  25.109  -16.095  3.105 0.0000000000
62404  25.254  -15.272  2.636 0.0000000000
63329  25.800  -14.600  2.165 0.0000000000
66370  24.869  -11.118  0.689 0.0000000000
130990  24.484  -11.570  0.930 0.0000000000
66354  25.125  -11.931  0.701 0.0000000000
124044  25.593  -12.572  0.893 0.0000000000
64329  25.904  -13.266  1.249 0.0000000000
65340  26.458  -12.617  0.918 0.0000000000
64327  27.221  -12.552  1.089 0.0000000000
65324  27.932  -12.548  1.512 0.0000000000
117739  28.779  -12.581  2.290 0.0000000000
66337  29.086  -11.949  2.381 0.0000000000
67259  29.625  -11.484  2.280 0.0000000000
69982  29.813  -8.384  3.275 0.0000000000
69998  31.427  -8.447  2.190 0.0000000000
109862  23.877  -2.857  -1.041 0.0000000000
128066  24.081  -3.590  -0.732 0.0000000000
72629  23.898  -4.161  -0.278 0.0000000000
72642  25.634  -3.673  -0.818 0.0000000000
76229  29.409  -0.655  0.341 0.0000000000
129726  29.053  -1.210  0.628 0.0000000000
75387  29.173  -1.900  1.122 0.0000000000
74491  29.760  -2.671  1.750 0.0000000000
74490  30.815  -2.773  1.622 0.0000000000
132562  25.576  -20.263  4.634 0.0000000000
57761  27.186  -20.754  4.141 0.0000000000
57760  27.860  -20.700  4.116 0.0000000000
58621  29.726  -19.514  4.811 0.0000000000
118556  29.312  -20.051  4.640 0.0000000000
51841  27.091  -26.301  7.514 0.0000000000
52973  26.523  -25.515  7.156 0.0000000000
53953  27.180  -24.786  6.698 0.0000000000
53967  26.591  -24.152  6.486 0.0000000000
53965  28.044  -24.288  6.401 0.0000000000
54945  28.431  -23.558  5.985 0.0000000000
54944  29.028  -23.324  6.239 0.0000000000
61442  21.773  -16.284  5.008 0.0000000000
63312  22.502  -14.496  3.515 0.0000000000
68215  20.944  -9.661  2.501 0.0000000000
67263  21.429  -10.380  2.290 0.0000000000
67277  22.092  -10.130  1.537 0.0000000000
67292  23.611  -10.104  0.734 0.0000000000
68243  23.871  -9.389  0.484 0.0000000000
67291  24.545  -10.205  0.652 0.0000000000
131568  25.424  -10.637  0.675 0.0000000000
67274  27.028  -10.552  0.761 0.0000000000
116283  27.816  -10.697  1.400 0.0000000000
68225  27.306  -9.858  1.481 0.0000000000
69984  27.750  -8.121  2.400 0.0000000000
70830  30.005  -7.327  3.274 0.0000000000
116234  30.556  -6.326  2.938 0.0000000000
125542  23.159  -1.175  0.159 0.0000000000
75407  24.082  -1.223  -1.158 0.0000000000
75404  26.821  -1.591  -0.915 0.0000000000
58655  27.769  -19.169  3.626 0.0000000000
59518  28.798  -18.810  3.817 0.0000000000
59533  28.815  -17.885  3.152 0.0000000000
59502  29.531  -18.823  4.352 0.0000000000
59501  30.220  -18.834  4.985 0.0000000000
69139  22.260  -8.280  1.053 0.0000000000
115333  20.909  -7.768  1.999 0.0000000000
123963  21.579  -7.868  1.400 0.0000000000
69149  22.817  -7.940  0.472 0.0000000000
130513  23.858  -7.422  -0.243 0.0000000000
70866  24.627  -6.934  -0.212 0.0000000000
110918  28.262  -26.358  8.518 0.0000000000
63325  29.772  -14.410  2.967 0.0000000000
63310  29.836  -14.930  3.234 0.0000000000
63324  30.450  -14.340  3.051 0.0000000000
56853  22.671  -20.801  7.914 0.0000000000
57734  23.624  -20.836  6.532 0.0000000000
57746  24.274  -20.509  5.778 0.0000000000
58623  23.129  -19.427  5.744 0.0000000000
58622  23.987  -19.802  5.347 0.0000000000
57763  24.990  -20.145  5.088 0.0000000000
126052  23.090  -17.689  4.595 0.0000000000
60491  23.175  -17.009  4.128 0.0000000000
60490  23.713  -17.787  3.983 0.0000000000
59537  25.272  -18.207  3.897 0.0000000000
59536  26.189  -18.430  3.817 0.0000000000
116192  27.136  -17.874  3.250 0.0000000000
60503  27.712  -17.379  2.523 0.0000000000
64308  21.261  -13.472  4.448 0.0000000000
64306  22.348  -13.811  3.211 0.0000000000
63332  23.051  -14.079  2.814 0.0000000000
66339  21.563  -11.296  2.572 0.0000000000
66338  22.330  -11.799  2.358 0.0000000000
127234  22.972  -12.235  2.106 0.0000000000
63330  24.388  -14.182  2.157 0.0000000000
63342  26.465  -13.687  1.491 0.0000000000
63328  26.579  -14.267  1.886 0.0000000000
63326  28.309  -14.899  2.567 0.0000000000
128151  28.975  -14.830  2.834 0.0000000000
130107  29.381  -14.035  2.824 0.0000000000
64315  30.187  -13.802  2.469 0.0000000000
64314  30.973  -13.651  1.806 0.0000000000
65323  29.560  -12.700  2.214 0.0000000000
121777  31.451  -13.239  1.015 0.0000000000
67261  28.542  -10.916  2.057 0.0000000000
123290  29.183  -10.766  2.376 0.0000000000
123747  30.516  -9.614  2.796 0.0000000000
71711  23.441  -4.970  -0.125 0.0000000000
132547  23.908  -5.297  -0.453 0.0000000000
70879  23.615  -5.886  -0.407 0.0000000000
70878  24.260  -6.254  -0.460 0.0000000000
70877  24.980  -6.044  -0.374 0.0000000000
71698  26.442  -5.762  0.326 0.0000000000
77911  26.258  0.743  -2.388 0.0000000000
77108  26.736  0.340  -2.044 0.0000000000
129033  27.230  1.010  -1.971 0.0000000000
76242  26.891  -0.743  -1.348 0.0000000000
74506  26.966  -2.502  -0.550 0.0000000000
73553  27.049  -3.168  -0.198 0.0000000000
73544  26.791  -3.798  -0.088 0.0000000000
73543  27.520  -3.521  0.379 0.0000000000
123285  26.690  -4.459  0.038 0.0000000000
71697  27.224  -5.925  0.781 0.0000000000
73517  29.009  -4.118  2.495 0.0000000000
71681  29.182  -5.195  2.269 0.0000000000
71680  30.398  -5.298  2.555 0.0000000000
71679  31.295  -5.306  2.128 0.0000000000
72596  31.819  -5.792  0.988 0.0000000000
56862  26.543  -21.837  4.989 0.0000000000
55927  28.719  -22.814  5.698 0.0000000000
55926  29.422  -22.740  6.308 0.0000000000
57759  28.326  -20.924  4.464 0.0000000000
57744  29.040  -20.642  4.865 0.0000000000
62387  29.799  -15.651  3.253 0.0000000000
62378  30.176  -15.796  4.039 0.0000000000
60489  29.402  -17.520  3.084 0.0000000000
66335  30.268  -12.043  1.438 0.0000000000
66355  23.871  -11.531  1.302 0.0000000000
109713  24.163  -4.791  -0.447 0.0000000000
118118  23.409  -10.734  1.265 0.0000000000
