#!ascii label  , from subject sub-04 vox2ras=TkReg
1511
23267  45.596  -57.505  9.343 0.6000000238
23254  44.423  -57.904  10.311 0.5000000000
24943  46.579  -55.727  8.034 0.6999999881
24942  47.718  -55.617  7.529 0.6000000238
25804  48.064  -54.780  7.045 0.6000000238
24117  45.169  -56.602  9.186 0.6999999881
24930  45.887  -56.159  8.662 0.6000000238
24126  46.634  -56.526  8.355 0.5000000000
120497  47.692  -56.602  7.830 0.5000000000
24941  48.654  -56.251  7.303 0.6000000238
25803  49.270  -54.842  6.590 0.6000000238
24118  44.453  -56.592  9.708 0.5000000000
23268  44.750  -57.305  9.730 0.5000000000
23266  46.514  -57.752  8.917 0.6000000238
25802  50.398  -55.040  6.186 0.6000000238
22471  43.641  -58.468  11.409 0.5000000000
22472  43.045  -58.259  11.927 0.5000000000
27524  47.035  -52.948  7.161 0.6000000238
26656  48.249  -53.201  6.739 0.6999999881
25796  45.310  -54.555  8.606 0.6000000238
25795  46.049  -54.730  8.074 0.6999999881
26649  47.576  -53.938  7.194 0.6000000238
114060  48.976  -53.911  6.750 0.6000000238
24931  45.198  -55.824  8.927 0.6000000238
24944  45.616  -55.369  8.508 0.6999999881
23269  44.011  -57.076  10.295 0.5000000000
24932  44.517  -55.796  9.427 0.5000000000
26654  50.507  -54.040  6.038 0.6000000238
23255  43.793  -57.835  10.809 0.5000000000
26659  51.392  -53.944  5.226 0.6000000238
23248  43.195  -57.704  11.288 0.5000000000
25811  51.492  -54.462  4.829 0.6000000238
26671  50.230  -52.564  4.521 0.6999999881
25816  50.784  -54.264  4.130 0.6000000238
25817  49.885  -53.486  4.418 0.6999999881
24967  50.532  -54.976  4.262 0.6000000238
24968  49.343  -54.554  4.534 0.6000000238
26667  46.785  -53.500  5.248 0.6000000238
25812  47.478  -54.392  5.242 0.6000000238
27527  42.999  -52.192  6.231 0.5000000000
30140  42.519  -49.902  6.949 0.6999999881
28344  42.469  -51.804  6.838 0.6000000238
30133  41.989  -50.094  7.454 0.8000000119
29256  41.783  -50.786  7.569 0.6999999881
115977  48.321  -52.226  6.326 0.6000000238
114553  46.026  -53.117  7.893 0.6999999881
26650  46.519  -53.920  7.725 0.6999999881
26655  49.648  -53.069  6.101 0.6999999881
27523  48.966  -51.530  5.633 0.6999999881
131783  44.726  -54.474  9.007 0.6000000238
123756  45.382  -53.199  8.354 0.6000000238
112756  49.948  -52.312  5.325 0.8000000119
25782  43.635  -54.467  9.742 0.5000000000
121891  44.284  -54.884  9.369 0.5000000000
115576  49.890  -51.948  4.775 0.8000000119
26660  50.904  -53.138  5.213 0.6000000238
24918  43.266  -55.682  10.476 0.5000000000
24933  43.819  -55.304  9.940 0.5000000000
26665  50.807  -52.565  4.517 0.8000000119
26664  51.396  -53.537  4.570 0.6000000238
23249  42.590  -57.432  11.798 0.5000000000
27529  49.992  -52.090  4.661 0.8000000119
27533  49.181  -52.037  4.638 0.8000000119
26670  51.063  -53.329  4.188 0.6999999881
27534  47.901  -52.141  4.734 0.6999999881
26672  48.822  -52.727  4.646 0.6999999881
28352  47.041  -51.615  4.861 0.6999999881
26666  48.266  -53.570  4.750 0.6999999881
121638  46.132  -51.925  5.030 0.6000000238
26673  47.444  -52.805  4.868 0.6000000238
121224  45.130  -50.818  5.175 0.6999999881
27530  45.244  -52.407  5.279 0.6999999881
115713  46.302  -52.694  5.155 0.6000000238
117258  43.846  -50.945  5.675 0.6999999881
27531  44.269  -52.502  5.570 0.6000000238
29261  42.784  -50.483  6.560 0.8000000119
29260  43.412  -50.344  5.960 0.8000000119
28349  43.716  -51.827  5.846 0.6000000238
31066  42.895  -49.189  6.865 0.8999999762
30122  41.388  -49.945  8.255 0.6999999881
31062  42.803  -48.670  7.462 0.8000000119
30134  41.647  -50.250  7.779 0.6999999881
28337  48.767  -50.841  6.108 0.6000000238
29259  49.942  -51.274  5.252 0.6999999881
28339  47.127  -51.724  7.224 0.6000000238
123639  45.608  -51.640  7.881 0.4000000060
27518  46.204  -52.163  7.620 0.6000000238
28342  49.761  -51.519  5.248 0.6999999881
27519  45.487  -52.469  8.118 0.6000000238
26622  43.422  -53.518  9.626 0.4000000060
26635  44.166  -53.101  9.121 0.5000000000
25797  44.940  -53.708  8.824 0.6000000238
28345  49.973  -51.668  4.685 0.8000000119
123408  43.149  -54.857  10.293 0.5000000000
117700  42.554  -55.221  10.827 0.4000000060
28350  49.412  -51.598  4.665 0.8000000119
24099  42.314  -56.572  11.548 0.5000000000
28351  48.214  -51.501  4.720 0.8000000119
30155  46.892  -49.389  4.718 0.8000000119
117175  47.276  -50.844  4.838 0.6999999881
122144  48.528  -50.816  4.633 0.8000000119
29265  45.571  -50.150  5.067 0.8000000119
29264  46.506  -50.135  4.833 0.6999999881
30146  45.123  -49.476  5.219 0.8999999762
29266  44.735  -50.118  5.221 0.8999999762
28347  45.437  -51.540  5.175 0.6999999881
120666  44.454  -50.685  5.380 0.6000000238
31065  43.550  -48.965  6.282 0.8999999762
30148  43.732  -49.634  5.786 0.8999999762
31043  42.302  -48.324  8.586 0.8000000119
31044  41.766  -48.501  9.210 0.8000000119
31053  42.230  -48.850  7.909 0.8000000119
31054  41.733  -49.075  8.391 0.8000000119
32021  42.750  -48.086  8.027 0.8000000119
30121  41.817  -49.596  7.820 0.6999999881
29258  50.402  -50.840  5.449 0.6000000238
28338  47.922  -51.149  6.624 0.6000000238
29252  49.418  -50.406  6.261 0.5000000000
29262  51.184  -50.823  4.957 0.6999999881
29254  46.739  -50.224  7.712 0.4000000060
121468  47.106  -50.856  7.337 0.5000000000
29263  50.417  -51.224  4.809 0.6999999881
28333  45.388  -50.903  8.101 0.5000000000
28334  44.724  -50.924  8.823 0.5000000000
27520  44.837  -52.725  8.625 0.6000000238
27495  42.955  -52.670  9.915 0.4000000060
27506  43.564  -52.591  9.457 0.4000000060
30152  49.989  -49.837  4.353 0.8000000119
128920  49.776  -51.247  4.728 0.8000000119
26623  42.769  -53.475  10.247 0.4000000060
115405  49.267  -50.382  4.474 0.8000000119
24907  41.978  -55.668  11.483 0.3000000119
31077  47.390  -48.599  4.685 0.8000000119
128689  48.155  -48.597  4.430 0.8000000119
132180  48.307  -49.980  4.483 0.8000000119
30154  47.768  -49.331  4.496 0.8000000119
117108  46.302  -47.940  5.225 0.8999999762
30145  45.998  -49.421  5.011 0.8999999762
32030  45.726  -47.528  5.485 0.8999999762
31069  45.577  -48.605  5.292 0.8999999762
32031  44.943  -48.048  5.735 0.8999999762
31070  44.710  -48.914  5.529 0.8999999762
31064  44.288  -48.503  6.076 0.8999999762
31998  42.282  -47.696  9.259 0.8000000119
31045  41.042  -48.700  9.849 0.8000000119
32025  44.499  -47.602  6.421 0.8999999762
32026  43.855  -48.136  6.752 0.8999999762
32020  43.409  -47.851  7.523 0.8000000119
120435  48.496  -50.040  6.903 0.6000000238
30132  47.271  -49.720  7.803 0.4000000060
29253  47.719  -50.306  7.220 0.4000000060
29268  51.132  -50.682  4.620 0.6999999881
29243  45.912  -50.139  8.072 0.4000000060
29244  45.249  -50.119  8.666 0.5000000000
116206  50.925  -50.288  4.340 0.6999999881
29245  44.677  -50.039  9.294 0.5000000000
31075  49.868  -48.530  4.256 0.8000000119
32035  49.244  -46.804  4.104 0.8000000119
30153  48.812  -49.267  4.339 0.8000000119
32037  47.102  -47.750  4.921 0.8000000119
32029  46.669  -46.925  5.072 0.8999999762
33003  46.567  -46.074  4.977 0.8999999762
32024  45.159  -47.022  6.004 0.8999999762
32975  42.559  -46.955  9.109 0.8000000119
33000  44.624  -46.459  6.774 1.0000000000
32011  42.723  -47.496  8.622 0.8000000119
32994  44.059  -46.357  7.310 1.0000000000
32995  43.609  -46.712  7.674 0.8000000119
32987  43.236  -46.047  8.085 0.8000000119
30144  51.938  -50.201  4.670 0.6000000238
29251  49.971  -49.891  6.545 0.6000000238
30143  52.781  -49.770  4.539 0.6999999881
30116  48.421  -49.378  8.175 0.4000000060
30131  48.028  -49.610  7.608 0.4000000060
30130  49.077  -49.524  7.317 0.4000000060
30118  46.646  -49.528  8.392 0.4000000060
30099  46.409  -49.335  9.371 0.5000000000
123058  47.901  -49.398  8.887 0.4000000060
31074  50.969  -49.170  4.193 0.8000000119
119741  50.962  -47.637  4.075 0.8000000119
31076  48.948  -48.017  4.161 0.8000000119
121592  47.732  -46.687  4.514 0.8000000119
32036  48.143  -47.551  4.497 0.8000000119
33004  45.929  -46.512  5.551 0.8999999762
33937  46.982  -45.318  4.605 0.8999999762
32999  45.424  -45.927  6.229 1.0000000000
33933  44.731  -45.376  6.705 1.0000000000
32988  42.822  -46.505  8.592 0.8000000119
32976  42.091  -46.900  9.690 0.8000000119
33928  44.231  -45.752  7.127 1.0000000000
34811  43.236  -44.718  7.120 0.8000000119
33929  43.631  -45.641  7.477 0.8000000119
30129  51.527  -49.627  6.795 0.6000000238
29257  50.978  -50.219  6.025 0.6000000238
30138  52.181  -49.952  5.412 0.6000000238
30151  52.080  -49.738  4.326 0.6999999881
31072  53.230  -48.694  4.018 0.6999999881
30115  49.379  -49.339  7.997 0.4000000060
29250  50.173  -49.409  7.192 0.5000000000
31073  52.105  -48.238  3.984 0.8000000119
32032  52.970  -47.482  3.922 0.8000000119
30117  47.553  -49.409  8.314 0.4000000060
30084  48.143  -49.771  9.580 0.4000000060
30097  48.699  -49.547  8.788 0.4000000060
32034  50.011  -47.151  3.899 0.8000000119
33008  48.838  -46.317  4.110 0.8000000119
33009  47.440  -45.914  4.422 0.8999999762
33942  48.334  -44.940  3.876 0.8000000119
33938  46.091  -45.598  5.434 1.0000000000
123383  46.349  -44.892  5.061 1.0000000000
34821  47.527  -44.354  4.348 1.0000000000
33939  45.490  -44.855  5.981 1.0000000000
35699  44.094  -43.637  6.261 1.0000000000
33930  42.976  -45.141  7.699 0.8999999762
33910  42.273  -46.023  9.167 0.8000000119
33925  42.003  -45.005  8.738 0.8999999762
34818  42.937  -43.916  6.895 1.0000000000
34808  42.386  -44.643  7.977 1.0000000000
35706  44.397  -43.077  5.497 1.0000000000
37538  44.980  -41.950  4.632 1.0000000000
36658  43.860  -42.629  5.642 1.0000000000
37534  43.843  -42.032  5.384 1.0000000000
129446  45.411  -40.975  4.222 1.0000000000
37533  44.404  -41.499  4.839 1.0000000000
118575  52.863  -49.867  4.706 0.6999999881
30142  53.750  -49.590  4.473 0.6999999881
30141  54.296  -48.909  4.230 0.6999999881
30128  53.118  -49.679  6.174 0.6000000238
30137  53.686  -49.686  5.078 0.6000000238
30150  53.298  -49.462  4.309 0.6999999881
29242  50.542  -49.516  7.770 0.5000000000
32028  52.398  -46.569  4.026 0.8000000119
29224  49.614  -49.669  8.651 0.4000000060
32033  51.935  -46.819  3.905 0.8000000119
123810  51.044  -46.262  3.784 0.8000000119
33006  51.116  -45.370  3.712 0.8000000119
127394  49.599  -45.997  3.816 0.8000000119
33007  50.318  -45.826  3.702 0.8000000119
113983  48.696  -45.565  3.921 0.6999999881
117045  49.969  -45.204  3.551 0.8000000119
34819  50.147  -43.947  3.888 0.8000000119
34824  49.406  -43.998  3.651 1.0000000000
34825  48.456  -43.666  3.690 1.0000000000
34822  46.056  -44.199  5.012 1.0000000000
116472  49.058  -42.745  3.378 1.0000000000
132352  46.899  -43.004  4.107 1.0000000000
37537  46.445  -41.662  4.127 1.0000000000
36656  44.943  -42.639  4.891 1.0000000000
35695  42.608  -43.309  7.031 1.0000000000
34813  42.265  -43.865  7.487 1.0000000000
35701  43.126  -43.228  6.548 1.0000000000
36653  42.856  -42.843  6.708 1.0000000000
37530  43.449  -41.782  6.115 1.0000000000
39196  45.299  -40.070  4.181 1.0000000000
38370  43.954  -41.224  5.481 1.0000000000
129782  54.227  -49.189  4.366 0.6999999881
32027  53.848  -48.079  3.975 0.6999999881
111483  53.384  -47.382  4.196 0.6999999881
30114  52.063  -49.716  7.231 0.5000000000
33005  51.550  -45.842  3.878 0.8000000119
33002  51.248  -45.366  3.837 0.6999999881
130334  50.356  -44.703  3.638 0.8000000119
33940  50.698  -44.971  3.694 0.8000000119
33941  49.862  -44.559  3.642 0.6999999881
34820  50.067  -43.682  4.158 0.8999999762
35697  48.943  -43.377  5.005 0.8000000119
35698  47.653  -43.343  6.127 0.8000000119
35702  50.046  -43.646  3.906 0.8999999762
35707  49.493  -43.207  3.623 1.0000000000
35703  49.910  -43.064  3.904 0.8999999762
116562  49.498  -42.621  4.437 0.8999999762
36651  48.496  -42.612  5.511 0.8000000119
122514  49.551  -42.719  3.622 0.8999999762
36655  49.635  -42.388  3.825 1.0000000000
36660  47.828  -42.391  3.679 1.0000000000
36661  46.040  -42.495  4.389 1.0000000000
126561  47.681  -40.638  3.712 1.0000000000
118338  46.723  -40.784  3.786 1.0000000000
38366  43.678  -40.919  6.351 1.0000000000
38373  48.005  -40.096  3.736 1.0000000000
38374  46.147  -40.138  3.644 1.0000000000
38365  44.169  -40.235  5.766 1.0000000000
123769  47.106  -40.072  3.506 1.0000000000
39194  46.851  -39.554  3.424 1.0000000000
130908  45.330  -39.370  4.445 1.0000000000
30127  54.432  -49.317  6.011 0.6999999881
30136  54.323  -49.304  4.811 0.6999999881
30135  54.412  -48.798  4.479 0.6999999881
32022  53.878  -47.622  4.885 0.6999999881
130813  54.052  -47.899  4.250 0.6999999881
32023  52.649  -46.809  4.826 0.6999999881
33001  51.888  -45.929  4.174 0.8000000119
33935  50.806  -44.905  4.165 0.6999999881
33936  50.331  -44.381  3.794 0.6999999881
34814  49.872  -44.142  4.404 0.6999999881
34815  48.541  -44.200  5.255 0.8000000119
115750  47.625  -44.540  6.662 0.8000000119
131267  46.953  -44.190  7.246 0.8000000119
34810  47.517  -43.976  6.202 0.8000000119
35694  46.756  -43.495  7.206 0.8000000119
36646  47.244  -42.689  6.660 0.8000000119
36650  49.029  -41.749  4.790 1.0000000000
37529  47.845  -41.918  6.268 0.8000000119
36659  49.104  -42.099  3.455 1.0000000000
37536  47.856  -41.406  3.702 1.0000000000
37532  48.756  -40.589  4.115 1.0000000000
38371  48.592  -39.793  3.979 1.0000000000
38362  43.483  -40.511  7.270 1.0000000000
39197  48.146  -39.029  3.316 1.0000000000
39962  48.160  -38.621  3.606 1.0000000000
39964  46.679  -38.557  3.728 1.0000000000
39193  44.700  -39.774  4.965 1.0000000000
114498  47.488  -38.204  3.834 1.0000000000
31063  54.339  -48.507  5.171 0.6999999881
32016  53.950  -47.929  5.847 0.6999999881
32017  52.950  -47.444  6.075 0.6000000238
32996  51.556  -46.465  5.343 0.6000000238
32998  49.725  -45.758  5.596 0.6999999881
32997  50.691  -46.078  5.106 0.6999999881
33931  49.662  -44.992  4.809 0.6999999881
33932  48.549  -44.933  5.859 0.6999999881
35691  46.437  -44.124  8.084 0.8000000119
35692  45.942  -43.381  8.347 0.8000000119
118694  46.878  -42.052  7.132 0.8000000119
117712  47.930  -41.053  6.028 0.8000000119
37524  46.929  -41.314  6.994 0.8000000119
37528  48.649  -40.676  5.096 1.0000000000
38360  47.079  -40.449  6.883 0.6999999881
38364  48.105  -40.101  6.129 1.0000000000
126137  48.664  -39.717  5.099 1.0000000000
39192  48.738  -39.029  4.470 1.0000000000
39954  48.332  -38.390  5.117 1.0000000000
38363  42.834  -40.954  7.956 1.0000000000
39958  48.491  -38.413  4.125 1.0000000000
113501  48.017  -37.952  4.334 1.0000000000
39961  44.964  -38.944  5.125 1.0000000000
117986  44.483  -39.407  5.715 1.0000000000
39189  44.180  -39.472  6.462 1.0000000000
39960  45.812  -38.666  4.334 1.0000000000
32992  49.782  -46.401  6.640 0.6000000238
121449  49.000  -45.473  6.057 0.6999999881
32993  48.968  -46.020  7.056 0.6999999881
33927  47.838  -45.194  7.308 0.8000000119
129374  47.123  -44.751  7.993 0.6999999881
36643  45.666  -42.472  8.402 0.6999999881
37525  46.061  -41.712  7.806 0.6999999881
116373  46.463  -39.909  7.385 0.8000000119
38361  46.088  -40.667  7.652 0.6999999881
39184  47.218  -39.587  6.837 0.8999999762
39188  48.060  -39.123  6.014 1.0000000000
117740  47.255  -38.823  6.802 1.0000000000
39186  43.728  -39.404  7.367 1.0000000000
125922  48.119  -37.585  4.667 1.0000000000
39957  44.514  -38.590  6.215 1.0000000000
39959  46.614  -37.923  4.235 1.0000000000
32018  51.778  -46.939  6.363 0.6000000238
113247  50.044  -46.650  7.702 0.6000000238
32991  50.701  -46.639  6.511 0.6000000238
123282  49.396  -46.347  7.738 0.6000000238
33921  48.308  -45.717  7.859 0.6000000238
33922  47.639  -45.459  8.414 0.6999999881
34806  46.463  -44.688  8.851 0.6999999881
34807  45.986  -44.128  8.811 0.6999999881
109843  45.449  -42.996  8.996 0.6999999881
36629  45.217  -42.339  9.127 0.6999999881
116843  45.399  -41.738  8.599 0.6999999881
124962  49.278  -39.184  12.753 0.3000000119
38340  45.481  -40.405  8.505 0.6999999881
37518  45.543  -41.117  8.245 0.6999999881
40741  49.974  -37.738  12.161 0.3000000119
114729  45.839  -39.752  7.989 0.8000000119
37494  39.737  -40.985  11.071 0.8999999762
118942  41.168  -41.106  9.724 1.0000000000
38357  42.667  -40.257  8.520 1.0000000000
38342  41.713  -40.535  9.384 1.0000000000
117938  48.111  -37.447  5.399 1.0000000000
41737  48.051  -35.935  4.161 1.0000000000
40829  48.022  -36.700  4.577 1.0000000000
39956  45.550  -37.976  5.188 1.0000000000
124733  44.171  -38.999  6.887 1.0000000000
40828  46.578  -37.159  4.661 1.0000000000
32008  52.016  -47.427  7.508 0.6000000238
115975  50.951  -46.947  7.605 0.6000000238
32984  50.280  -46.880  8.707 0.6000000238
32985  49.505  -46.451  8.550 0.6000000238
32973  49.582  -46.514  9.396 0.6000000238
32974  48.959  -46.158  9.115 0.6999999881
33907  48.301  -45.850  8.804 0.6999999881
32986  48.890  -46.109  8.261 0.6000000238
33908  47.686  -45.527  9.428 0.6999999881
33876  50.416  -45.668  12.712 0.3000000119
33877  49.701  -45.511  12.472 0.3000000119
33923  47.017  -45.218  8.887 0.6999999881
34798  46.030  -44.411  9.524 0.6999999881
35681  45.654  -43.668  9.298 0.6999999881
39103  49.007  -39.889  13.090 0.3000000119
121826  48.682  -39.105  13.193 0.4000000060
39873  49.170  -38.532  12.879 0.4000000060
39874  48.528  -38.289  13.371 0.4000000060
36608  38.872  -42.264  11.537 0.6999999881
37483  38.221  -41.259  11.643 0.6999999881
42695  49.083  -35.146  13.149 0.3000000119
117523  49.517  -38.022  12.592 0.3000000119
39150  45.399  -39.585  8.821 0.6999999881
123133  49.663  -34.956  12.496 0.3000000119
40733  49.053  -37.759  13.047 0.3000000119
39185  46.430  -39.063  7.469 0.8000000119
38343  40.912  -40.210  9.776 0.8999999762
121278  49.024  -36.145  13.047 0.3000000119
41651  48.981  -36.962  13.007 0.3000000119
125467  47.625  -37.441  6.297 1.0000000000
39926  43.073  -39.151  8.131 1.0000000000
40826  48.281  -36.538  4.855 1.0000000000
40818  44.836  -37.600  6.118 1.0000000000
39944  43.998  -38.488  7.152 1.0000000000
40817  45.657  -37.104  5.441 1.0000000000
41735  47.292  -36.152  4.251 1.0000000000
41736  46.287  -36.286  4.749 1.0000000000
42769  46.748  -35.381  4.460 1.0000000000
32969  49.013  -46.128  9.899 0.6999999881
132602  48.468  -45.864  9.532 0.6999999881
32944  50.020  -46.056  11.965 0.3000000119
33909  46.741  -45.044  9.706 0.6999999881
33867  49.410  -44.937  12.899 0.4000000060
34788  45.696  -43.901  10.245 0.6999999881
34747  49.187  -44.367  13.236 0.3000000119
34759  48.666  -44.686  12.633 0.5000000000
36617  45.368  -43.225  10.773 0.6999999881
113082  45.246  -42.977  9.844 0.6999999881
34748  48.665  -43.954  13.234 0.5000000000
36630  44.886  -42.071  9.782 0.6999999881
123828  48.219  -42.045  13.507 0.4000000060
36583  46.893  -42.332  13.510 0.6000000238
37455  47.589  -41.473  13.665 0.5000000000
38292  48.395  -40.600  13.577 0.3000000119
37504  44.846  -41.260  9.642 0.6999999881
42677  46.561  -34.969  14.420 0.4000000060
39105  47.341  -39.485  13.932 0.4000000060
38341  45.040  -40.315  9.405 0.6999999881
37484  37.178  -41.472  11.498 0.6999999881
43770  47.825  -34.202  14.004 0.4000000060
115772  47.981  -38.889  13.673 0.4000000060
36610  36.822  -42.246  11.311 0.6000000238
43788  49.531  -34.286  12.838 0.3000000119
42696  48.267  -35.811  13.464 0.3000000119
122837  48.219  -34.947  13.697 0.4000000060
39867  47.795  -38.065  13.735 0.4000000060
39096  47.231  -38.626  13.998 0.4000000060
39151  44.977  -39.426  9.474 0.6999999881
38323  38.836  -40.485  11.326 0.6999999881
122613  47.497  -35.849  13.839 0.4000000060
40735  47.414  -37.314  13.686 0.4000000060
39868  46.524  -38.245  14.075 0.4000000060
39170  45.738  -38.927  8.292 0.8000000119
41652  48.445  -36.568  13.261 0.3000000119
39943  46.116  -38.354  7.830 0.8000000119
39171  42.586  -39.515  8.537 1.0000000000
113331  46.149  -37.569  7.737 0.8999999762
40816  48.040  -36.590  5.704 1.0000000000
42772  47.559  -35.202  4.359 1.0000000000
41721  48.288  -35.669  5.054 1.0000000000
41723  45.435  -36.238  5.507 1.0000000000
41707  44.250  -37.022  6.762 1.0000000000
42754  45.367  -35.285  5.427 1.0000000000
41724  44.547  -36.058  6.168 1.0000000000
33889  49.140  -45.948  10.714 0.6000000238
33901  48.342  -45.645  10.317 0.6000000238
115276  49.252  -45.745  11.673 0.5000000000
131394  48.622  -45.573  11.155 0.6000000238
33902  47.512  -45.265  10.287 0.6999999881
125686  49.070  -45.310  12.349 0.5000000000
33878  48.541  -45.256  11.847 0.4000000060
34787  46.983  -44.757  10.746 0.6999999881
120710  46.285  -44.523  10.225 0.6999999881
34773  47.966  -44.689  11.965 0.6000000238
35670  46.300  -44.191  10.875 0.6999999881
112915  48.008  -44.075  12.615 0.6000000238
35671  45.839  -43.715  11.011 0.6999999881
35644  48.047  -43.428  13.141 0.6000000238
35634  47.382  -42.967  13.295 0.6000000238
120418  45.236  -42.775  11.262 0.6999999881
36618  44.930  -42.397  10.628 0.6999999881
36582  47.638  -42.355  13.522 0.5000000000
37456  46.509  -41.542  13.614 0.6000000238
36594  45.738  -42.431  12.664 0.6000000238
117953  44.678  -41.760  10.998 0.6000000238
42679  44.694  -35.214  13.913 0.4000000060
38293  47.503  -40.389  13.781 0.4000000060
131212  46.853  -40.877  13.784 0.4000000060
37457  45.696  -41.373  13.465 0.5000000000
37468  45.331  -41.751  12.979 0.6000000238
37492  44.654  -41.568  10.353 0.6999999881
43748  46.139  -34.276  14.451 0.4000000060
38294  46.576  -40.082  14.011 0.5000000000
38330  44.564  -40.726  10.194 0.6999999881
42676  47.434  -35.046  14.152 0.4000000060
42678  45.597  -35.063  14.369 0.5000000000
39097  46.456  -39.142  14.138 0.4000000060
39138  44.604  -39.791  10.079 0.6999999881
131529  38.147  -40.534  11.515 0.6999999881
40726  46.639  -37.456  13.919 0.4000000060
39925  45.650  -38.126  8.482 0.6999999881
39914  45.238  -38.768  9.059 0.6999999881
41643  46.878  -36.561  13.898 0.4000000060
39154  40.533  -39.364  9.534 0.8999999762
40798  47.098  -36.848  6.873 0.8999999762
39172  41.836  -39.110  8.830 0.8999999762
40800  44.287  -37.877  6.786 1.0000000000
39927  42.397  -38.632  8.424 1.0000000000
41722  47.679  -35.762  6.028 1.0000000000
39945  43.143  -38.300  7.842 1.0000000000
42752  48.135  -35.045  4.920 1.0000000000
40801  43.638  -37.621  7.301 1.0000000000
40802  42.735  -37.244  7.724 1.0000000000
44973  47.398  -34.034  4.493 1.0000000000
43868  45.827  -32.804  4.329 0.8999999762
42771  45.617  -34.144  4.969 1.0000000000
42756  43.806  -35.455  6.501 1.0000000000
126467  43.781  -36.278  6.786 1.0000000000
43852  44.961  -33.880  5.406 1.0000000000
115192  44.009  -34.451  5.985 1.0000000000
122552  43.080  -35.044  6.605 0.8999999762
43853  44.450  -33.210  5.013 1.0000000000
33890  47.875  -45.179  11.152 0.6999999881
34774  47.433  -44.608  11.467 0.6999999881
35657  46.419  -43.725  11.477 0.6999999881
112370  47.283  -43.511  12.569 0.6000000238
35658  45.814  -43.224  11.561 0.6999999881
35645  46.515  -43.364  12.129 0.6999999881
35646  46.005  -42.946  12.270 0.6000000238
36605  45.462  -42.618  11.914 0.6000000238
37481  44.626  -41.518  11.695 0.6000000238
44880  44.898  -33.601  14.297 0.3000000119
126307  46.503  -42.903  12.936 0.6000000238
43750  44.772  -34.395  14.223 0.4000000060
43771  44.100  -34.577  13.646 0.4000000060
121446  45.441  -40.737  13.606 0.6000000238
37469  44.677  -41.297  12.632 0.6000000238
38296  44.969  -40.282  13.501 0.5000000000
115757  44.450  -41.081  10.973 0.6000000238
39106  45.086  -39.511  13.712 0.4000000060
39125  44.322  -40.203  10.849 0.6000000238
41646  44.529  -35.963  13.541 0.5000000000
40728  45.241  -37.990  13.885 0.4000000060
39869  45.783  -38.537  14.077 0.4000000060
123198  44.279  -39.390  10.670 0.6000000238
129562  44.919  -36.490  13.586 0.5000000000
113038  46.052  -36.977  13.959 0.4000000060
39915  44.478  -38.684  9.922 0.6000000238
41645  45.455  -36.673  13.802 0.4000000060
40736  44.935  -37.259  13.550 0.4000000060
39139  40.134  -39.844  10.101 0.8999999762
40785  45.539  -37.280  8.472 0.8999999762
39155  39.720  -39.156  9.645 0.8999999762
122485  40.922  -38.703  9.000 0.8999999762
40788  41.249  -37.330  8.369 0.8999999762
39928  41.552  -38.191  8.634 0.8999999762
42753  47.893  -34.850  5.253 1.0000000000
43867  46.690  -33.578  4.357 1.0000000000
41708  43.340  -36.756  7.248 1.0000000000
42743  43.116  -35.938  7.019 0.8999999762
43854  43.114  -34.045  5.654 1.0000000000
43869  42.607  -33.529  5.017 1.0000000000
43855  41.975  -34.225  5.575 0.8999999762
34775  46.927  -44.195  11.422 0.6999999881
45890  45.298  -32.892  14.233 0.3000000119
44894  44.155  -33.777  13.935 0.3000000119
129120  43.536  -33.984  13.351 0.3000000119
38322  44.368  -40.572  11.875 0.6000000238
42703  43.569  -35.570  12.721 0.5000000000
43772  43.529  -34.752  13.003 0.4000000060
39107  44.652  -39.634  13.193 0.5000000000
39876  44.737  -38.969  13.459 0.5000000000
39113  44.328  -39.678  12.443 0.5000000000
124204  44.158  -39.596  11.511 0.5000000000
42697  44.039  -35.368  13.340 0.5000000000
120480  44.625  -38.171  13.468 0.5000000000
39888  43.987  -38.992  12.070 0.5000000000
41654  43.934  -36.165  13.147 0.5000000000
40743  44.172  -37.969  12.938 0.5000000000
40738  44.063  -36.798  12.990 0.5000000000
40737  44.352  -37.378  13.170 0.5000000000
40779  45.063  -37.879  9.178 0.6999999881
41666  43.681  -36.406  11.557 0.5000000000
40750  43.804  -37.169  11.674 0.5000000000
40786  45.004  -36.943  9.120 0.6000000238
40799  46.053  -36.668  7.694 0.8999999762
42740  47.268  -34.926  6.226 0.8999999762
41705  46.771  -35.822  7.073 0.8999999762
45986  45.983  -32.042  4.429 0.8999999762
44975  46.598  -32.832  4.460 0.8999999762
44962  47.165  -33.258  4.815 0.8999999762
43850  47.662  -33.966  5.347 1.0000000000
41709  42.460  -36.444  7.419 0.8999999762
41699  41.793  -36.819  7.960 0.8999999762
42744  42.316  -35.687  6.990 0.8999999762
44965  43.630  -32.915  4.792 0.6999999881
41710  41.641  -36.248  7.337 0.8999999762
42757  42.192  -34.905  6.374 0.8999999762
42745  41.506  -35.644  6.644 0.8999999762
45901  45.047  -32.202  13.860 0.3000000119
45891  44.348  -32.898  13.891 0.3000000119
45902  43.601  -32.631  13.212 0.4000000060
45925  43.062  -32.501  12.462 0.3000000119
44915  43.168  -33.354  12.836 0.3000000119
120786  43.208  -34.147  12.733 0.4000000060
42708  43.499  -35.725  11.831 0.5000000000
43789  43.283  -34.778  12.123 0.4000000060
39889  43.888  -38.132  12.142 0.5000000000
39902  44.010  -38.681  11.129 0.5000000000
40744  44.020  -37.318  12.613 0.5000000000
40763  44.028  -38.004  10.472 0.5000000000
40764  43.914  -37.296  10.671 0.5000000000
41673  44.048  -36.603  10.258 0.5000000000
124329  44.337  -37.427  9.820 0.5000000000
41698  45.002  -36.199  8.965 0.6000000238
41697  45.460  -36.435  8.427 0.6000000238
42734  45.296  -35.561  8.260 0.6999999881
42742  45.392  -34.626  7.581 0.6999999881
43841  46.145  -34.051  6.590 0.8000000119
42741  46.346  -34.994  7.294 0.8000000119
44954  46.195  -32.910  5.918 0.8999999762
43851  46.930  -33.365  5.552 0.8999999762
44976  44.949  -32.178  4.399 0.6999999881
128384  41.035  -36.181  6.983 0.8999999762
42746  40.681  -35.856  6.105 0.8999999762
43870  41.796  -33.680  5.024 1.0000000000
46889  43.539  -31.727  12.730 0.3000000119
44916  42.903  -33.044  11.966 0.4000000060
121444  42.830  -31.821  12.001 0.3000000119
44923  43.094  -33.834  12.042 0.4000000060
45926  42.762  -32.408  11.815 0.3000000119
43797  43.357  -34.226  11.201 0.4000000060
123254  43.103  -33.439  11.196 0.4000000060
44924  42.787  -32.707  11.190 0.4000000060
42714  43.752  -35.941  10.851 0.4000000060
116550  43.405  -33.802  10.343 0.4000000060
120491  43.714  -35.275  10.355 0.4000000060
43808  43.575  -34.575  10.363 0.4000000060
43818  44.051  -34.907  9.550 0.5000000000
42723  44.064  -35.798  9.941 0.5000000000
43842  45.481  -33.741  6.920 0.6000000238
44964  46.029  -31.978  5.343 0.6999999881
42758  41.174  -35.018  5.862 0.8999999762
42759  40.368  -35.476  5.628 0.8999999762
44979  41.582  -33.153  4.946 0.8999999762
43871  40.987  -34.018  5.025 0.8000000119
43856  40.608  -34.759  5.412 0.8000000119
44980  40.646  -33.426  5.208 0.6999999881
46000  40.259  -32.633  5.312 0.8000000119
128512  43.029  -30.737  11.688 0.3000000119
45942  42.610  -31.979  11.256 0.3000000119
45951  42.697  -32.272  10.381 0.3000000119
46919  42.581  -31.452  10.469 0.4000000060
123507  43.027  -33.066  10.301 0.4000000060
45950  42.945  -32.546  9.378 0.4000000060
120433  43.401  -33.404  9.233 0.5000000000
123050  43.681  -34.165  9.640 0.5000000000
44948  43.834  -33.268  8.216 0.5000000000
43833  44.036  -34.070  8.636 0.5000000000
132594  44.383  -33.423  7.735 0.5000000000
43832  44.733  -34.037  7.644 0.5000000000
45996  45.300  -31.767  4.519 0.6999999881
116454  44.544  -31.860  4.564 0.6999999881
44977  43.950  -32.288  4.555 0.6999999881
46959  44.002  -31.411  4.924 0.6999999881
44978  42.801  -32.845  4.768 0.8000000119
45998  42.406  -32.208  4.979 0.6999999881
46890  43.251  -31.110  12.047 0.3000000119
47963  42.746  -30.212  11.396 0.3000000119
47981  42.504  -30.597  10.604 0.4000000060
113206  42.714  -31.745  9.532 0.4000000060
45958  43.049  -31.920  8.710 0.3000000119
124915  43.524  -32.477  8.219 0.5000000000
44956  44.365  -32.608  7.329 0.6000000238
45970  43.480  -31.412  7.707 0.3000000119
45978  44.202  -31.822  6.937 0.5000000000
44955  45.230  -32.872  6.747 0.6999999881
45977  45.114  -31.928  6.118 0.6999999881
45988  44.737  -31.445  5.806 0.6000000238
45987  45.464  -31.673  5.023 0.6999999881
46953  44.162  -31.171  5.603 0.6000000238
110827  42.399  -30.048  9.906 0.3000000119
128678  42.575  -30.843  9.589 0.3000000119
46936  42.911  -31.198  8.679 0.3000000119
47988  42.584  -30.163  9.142 0.3000000119
110238  42.779  -30.523  8.695 0.3000000119
109602  42.834  -29.808  8.215 0.3000000119
46935  43.198  -30.541  7.841 0.3000000119
48005  43.346  -29.941  6.992 0.4000000060
46945  43.932  -31.207  6.478 0.5000000000
48004  43.588  -30.688  7.016 0.5000000000
48011  43.697  -30.602  6.234 0.6000000238
48015  43.509  -30.887  5.561 0.6000000238
49818  42.743  -28.535  11.039 0.4000000060
128113  42.581  -29.068  10.663 0.3000000119
49835  42.537  -28.417  10.146 0.3000000119
116162  42.481  -29.266  9.994 0.3000000119
49852  42.553  -28.749  9.281 0.3000000119
48929  42.569  -29.507  9.164 0.3000000119
48936  42.627  -28.993  8.429 0.3000000119
48944  42.700  -29.193  7.427 0.3000000119
48012  43.263  -30.106  6.110 0.6000000238
48952  42.949  -29.587  6.629 0.4000000060
48945  42.280  -29.234  6.716 0.4000000060
44981  39.865  -33.267  5.521 0.8000000119
50749  42.674  -27.692  10.721 0.4000000060
123017  42.451  -28.089  9.358 0.3000000119
49863  42.443  -28.264  8.641 0.3000000119
49869  42.472  -28.514  7.930 0.4000000060
49870  42.131  -28.435  7.246 0.4000000060
125029  41.722  -29.524  6.264 0.4000000060
114889  42.492  -29.820  6.133 0.4000000060
48016  42.560  -30.582  5.595 0.5000000000
48013  41.400  -30.143  5.790 0.4000000060
128917  40.917  -31.901  5.409 0.6999999881
110317  41.353  -30.918  5.429 0.4000000060
48017  40.466  -30.494  5.286 0.4000000060
129218  40.524  -31.217  5.261 0.6000000238
46962  39.792  -30.862  4.955 0.5000000000
111074  39.873  -31.780  5.184 0.6000000238
46001  39.629  -32.496  5.479 0.6999999881
46002  39.033  -31.962  5.387 0.6999999881
51773  42.929  -26.987  11.166 0.3000000119
50765  42.400  -27.559  9.856 0.3000000119
50784  42.226  -27.514  8.942 0.3000000119
50810  42.166  -27.774  8.040 0.3000000119
49871  41.498  -28.109  6.911 0.3000000119
49880  41.379  -28.887  6.610 0.3000000119
49881  40.736  -28.264  6.586 0.3000000119
48953  40.817  -29.495  6.046 0.3000000119
48954  40.040  -29.137  5.494 0.3000000119
48957  40.258  -29.823  5.248 0.3000000119
48958  39.367  -29.239  4.673 0.4000000060
48018  39.642  -30.072  4.761 0.5000000000
46963  39.117  -31.128  4.905 0.5000000000
52924  42.663  -25.938  10.155 0.3000000119
51803  42.292  -26.300  9.509 0.3000000119
51819  41.973  -26.731  8.825 0.3000000119
129801  41.998  -27.250  8.441 0.3000000119
50799  41.768  -26.946  7.974 0.3000000119
50820  40.141  -27.674  6.408 0.3000000119
49885  39.465  -28.513  5.105 0.3000000119
109751  39.176  -30.401  4.664 0.4000000060
48019  38.302  -30.323  4.776 0.5000000000
46954  38.224  -31.247  5.362 0.5000000000
52939  42.141  -25.449  9.586 0.3000000119
51804  41.966  -25.999  9.001 0.3000000119
51820  41.680  -26.117  8.357 0.3000000119
117304  41.439  -26.960  7.360 0.3000000119
50812  41.073  -27.414  6.862 0.3000000119
51852  40.328  -26.781  6.628 0.3000000119
50821  39.537  -27.849  5.737 0.3000000119
48959  38.715  -29.586  4.461 0.4000000060
48024  37.589  -29.494  4.423 0.4000000060
46964  37.274  -30.622  5.214 0.5000000000
48020  37.239  -29.993  4.773 0.4000000060
52923  43.183  -25.649  10.789 0.3000000119
52967  41.390  -25.402  8.073 0.3000000119
51837  41.312  -26.221  7.618 0.3000000119
51838  41.046  -26.673  7.086 0.3000000119
51853  39.568  -26.515  6.047 0.3000000119
50824  39.163  -27.766  4.724 0.3000000119
49888  38.804  -28.411  4.391 0.3000000119
48963  38.551  -28.867  4.291 0.4000000060
48964  37.766  -28.857  4.116 0.3000000119
53924  41.729  -24.718  9.296 0.3000000119
52951  41.664  -25.410  8.829 0.3000000119
52968  40.842  -25.394  7.496 0.3000000119
122371  40.374  -24.606  7.186 0.3000000119
121409  40.616  -26.086  7.108 0.3000000119
122148  39.937  -26.080  6.628 0.3000000119
52986  40.091  -25.404  6.891 0.3000000119
115659  39.441  -27.104  5.310 0.3000000119
53936  41.419  -24.669  8.548 0.3000000119
53948  41.008  -24.612  7.863 0.3000000119
52987  39.421  -25.614  6.001 0.3000000119
51860  39.334  -26.287  5.022 0.3000000119
115799  41.581  -23.997  9.007 0.3000000119
54917  41.567  -23.198  8.820 0.3000000119
54929  40.642  -23.750  7.523 0.3000000119
54928  41.197  -23.799  8.267 0.4000000060
53962  39.688  -24.671  6.395 0.3000000119
122132  40.269  -23.159  7.008 0.4000000060
131722  40.949  -23.347  7.915 0.4000000060
54940  40.050  -23.844  6.704 0.4000000060
123187  41.186  -22.968  8.212 0.3000000119
55912  40.701  -22.833  7.592 0.4000000060
34816  44.494  -44.454  6.490 1.0000000000
33934  43.916  -45.027  6.916 0.8999999762
119640  40.932  -32.702  5.254 0.8000000119
46961  41.950  -31.513  5.365 0.6999999881
25794  47.007  -54.804  7.595 0.6000000238
24106  43.312  -56.547  10.590 0.5000000000
23256  42.767  -56.996  11.032 0.5000000000
30147  44.378  -49.577  5.432 0.8999999762
25769  43.069  -54.138  10.079 0.4000000060
27505  44.161  -51.938  9.021 0.5000000000
25770  42.542  -54.255  10.694 0.4000000060
29269  50.338  -50.735  4.578 0.6999999881
117631  45.018  -51.798  8.424 0.5000000000
28317  44.008  -50.691  9.549 0.5000000000
25758  41.956  -54.706  11.299 0.4000000060
30119  45.811  -49.505  8.860 0.4000000060
33924  42.658  -45.514  8.392 0.8000000119
128170  47.543  -49.519  9.544 0.4000000060
34823  45.054  -43.877  5.843 1.0000000000
35700  43.640  -43.116  6.072 1.0000000000
35704  47.101  -43.625  4.310 1.0000000000
35705  45.650  -43.312  4.838 1.0000000000
38369  44.544  -40.641  4.828 1.0000000000
38368  48.791  -40.365  4.487 1.0000000000
36647  46.363  -42.630  7.618 0.8000000119
36654  49.216  -41.563  3.865 1.0000000000
39955  47.749  -38.219  6.194 1.0000000000
39942  46.913  -38.059  7.116 1.0000000000
127842  48.994  -42.236  13.454 0.4000000060
38331  40.397  -40.763  10.388 1.0000000000
39153  41.388  -39.648  9.308 1.0000000000
42770  46.270  -34.688  4.669 1.0000000000
35633  48.818  -43.176  13.462 0.4000000060
116690  48.178  -42.735  13.448 0.5000000000
41644  46.005  -36.071  14.208 0.4000000060
121068  46.794  -35.658  14.221 0.4000000060
42755  44.629  -34.907  5.824 1.0000000000
38295  45.671  -40.075  13.905 0.5000000000
130782  41.227  -34.342  5.262 0.8000000119
39903  43.837  -37.864  11.212 0.5000000000
41687  44.493  -36.431  9.562 0.5000000000
42722  44.587  -35.643  9.151 0.6000000238
43817  44.616  -34.875  8.461 0.5000000000
45997  43.526  -31.957  4.653 0.6999999881
46960  43.085  -31.367  5.068 0.6999999881
50811  41.720  -27.610  7.393 0.3000000119
25813  45.958  -54.278  5.695 0.5000000000
26668  45.545  -53.316  5.437 0.5000000000
123352  44.664  -53.140  5.423 0.5000000000
24137  46.467  -56.690  6.035 0.5000000000
24965  45.688  -55.083  5.987 0.5000000000
24143  48.672  -56.355  5.503 0.5000000000
24964  46.680  -55.195  5.663 0.5000000000
23292  48.964  -57.250  5.718 0.5000000000
24141  50.573  -55.759  4.958 0.4000000060
24135  50.130  -55.981  5.635 0.4000000060
24961  51.230  -55.015  4.516 0.5000000000
24951  49.457  -55.807  6.561 0.5000000000
24955  51.127  -55.271  5.163 0.5000000000
33893  39.360  -45.403  11.945 0.6999999881
33894  38.475  -45.440  11.991 0.6999999881
33904  40.681  -45.062  10.913 0.8000000119
33903  41.296  -45.760  10.514 0.8000000119
33891  40.727  -45.899  11.323 0.8000000119
34809  41.650  -44.120  8.269 0.8999999762
116857  38.850  -44.777  11.654 0.6999999881
34789  41.121  -44.771  10.100 0.8999999762
34790  40.478  -44.205  10.444 0.8999999762
123456  41.234  -43.900  8.899 0.8999999762
35693  41.738  -43.421  7.835 0.8999999762
35660  39.072  -43.324  11.389 0.6000000238
34777  39.311  -44.184  11.329 0.8000000119
35683  41.064  -43.351  9.278 0.8999999762
35682  41.378  -43.434  8.482 0.8999999762
36649  41.883  -42.964  7.632 0.8999999762
37531  42.894  -42.243  6.711 0.8999999762
31995  52.668  -47.884  8.124 0.5000000000
32007  53.305  -47.928  6.938 0.5000000000
31060  54.195  -48.565  6.313 0.6000000238
118069  38.161  -43.046  11.576 0.6000000238
35673  39.735  -42.803  10.915 0.8999999762
35672  40.415  -43.271  10.104 0.8999999762
35659  39.832  -43.686  10.853 0.8999999762
36631  41.330  -42.778  8.918 0.8999999762
36644  42.007  -42.433  7.858 0.8999999762
37527  42.503  -41.914  7.440 0.8999999762
31997  50.886  -47.261  9.241 0.5000000000
32972  50.211  -46.880  9.725 0.5000000000
31996  51.738  -47.481  8.709 0.5000000000
32009  51.150  -47.158  8.411 0.5000000000
127249  52.219  -47.843  9.042 0.5000000000
36607  39.718  -41.848  11.104 0.8999999762
36619  40.242  -42.296  10.380 0.8999999762
111897  41.273  -41.990  9.361 0.8999999762
37519  42.216  -41.636  8.324 0.8999999762
31990  50.786  -47.304  10.128 0.5000000000
31989  51.487  -47.643  9.597 0.5000000000
37507  40.652  -41.710  10.015 0.8999999762
37506  41.814  -41.406  9.113 0.8999999762
37505  42.316  -40.806  8.804 0.8999999762
32967  50.295  -46.729  10.604 0.5000000000
32968  49.673  -46.407  10.233 0.5000000000
32959  49.834  -46.204  11.079 0.4000000060
38334  37.040  -40.029  10.942 0.6000000238
39142  36.766  -39.456  10.246 0.6000000238
39140  38.629  -39.570  10.545 0.8000000119
39141  37.616  -39.440  10.492 0.6999999881
39158  36.663  -39.042  9.602 0.6999999881
39173  36.171  -38.894  9.060 0.6999999881
39174  35.483  -38.927  8.787 0.6999999881
39918  38.802  -38.969  9.471 0.8000000119
131115  39.394  -39.503  10.148 0.8000000119
39919  37.874  -38.745  9.161 0.6999999881
39920  37.055  -38.670  9.057 0.6999999881
39933  36.740  -38.494  8.319 0.6999999881
39932  37.620  -38.538  8.322 0.6999999881
39948  37.338  -38.288  7.635 0.6999999881
39930  39.588  -38.445  8.541 0.8000000119
39946  39.018  -38.443  7.796 0.8000000119
39929  40.266  -38.167  8.591 0.8000000119
40806  37.955  -38.054  7.041 0.6999999881
39947  38.234  -38.398  7.606 0.6999999881
40804  39.420  -37.834  6.944 0.8000000119
40789  40.505  -37.414  8.221 0.8000000119
40819  39.103  -37.572  6.500 0.6999999881
41712  39.641  -36.998  6.505 0.8000000119
41727  37.964  -36.727  6.425 0.6000000238
41700  40.911  -36.658  7.769 0.8000000119
40803  40.138  -37.139  7.446 0.8000000119
42760  39.246  -35.793  5.634 0.6000000238
42761  38.312  -35.938  6.050 0.6000000238
120018  37.666  -35.091  6.425 0.6000000238
41725  39.875  -36.195  5.685 0.8000000119
43859  38.596  -35.037  6.111 0.6000000238
120271  38.780  -34.070  6.293 0.6000000238
115168  39.972  -35.327  5.464 0.6999999881
43858  39.438  -34.824  5.724 0.6000000238
45989  39.068  -32.857  5.968 0.6999999881
44967  38.189  -33.170  6.377 0.6000000238
44966  39.406  -33.803  5.930 0.6000000238
43857  40.185  -34.286  5.410 0.6999999881
24125  48.989  -57.133  7.438 0.4000000060
24130  49.685  -56.469  6.290 0.5000000000
25807  51.197  -54.756  5.555 0.5000000000
24962  49.718  -55.577  4.808 0.5000000000
24963  48.182  -55.348  5.354 0.5000000000
35696  42.141  -43.255  7.417 0.8999999762
32958  50.426  -46.582  11.479 0.3000000119
39917  39.412  -38.781  9.114 0.8000000119
24144  47.221  -56.121  5.697 0.5000000000
24142  49.768  -56.294  5.288 0.5000000000
34776  40.068  -44.531  11.159 0.8000000119
31052  53.739  -48.456  7.481 0.5000000000
111889  39.029  -38.685  8.652 0.8000000119
39931  38.430  -38.612  8.462 0.6999999881
40790  39.716  -37.953  7.813 0.8000000119
40820  38.444  -37.522  6.589 0.6999999881
41726  38.968  -36.735  6.043 0.6999999881
123084  50.508  -50.024  8.638 0.4000000060
29223  51.330  -50.530  8.594 0.4000000060
29241  51.301  -49.824  8.043 0.4000000060
30113  53.755  -49.839  6.740 0.5000000000
28331  52.353  -50.897  8.549 0.4000000060
28313  51.196  -51.511  9.174 0.4000000060
29239  53.739  -50.367  7.550 0.5000000000
29240  52.426  -50.041  7.908 0.4000000060
28330  53.590  -51.253  8.258 0.4000000060
28312  52.060  -52.046  9.063 0.4000000060
31059  54.659  -49.137  6.910 0.5000000000
29249  54.941  -49.894  6.483 0.5000000000
111226  55.090  -50.598  6.848 0.4000000060
26647  55.107  -53.730  8.664 0.4000000060
26648  54.383  -53.322  8.659 0.4000000060
27501  53.190  -52.595  8.967 0.4000000060
25793  54.337  -54.575  8.955 0.4000000060
30126  55.051  -49.783  6.627 0.5000000000
28271  57.242  -52.318  12.268 0.3000000119
27464  56.574  -52.856  11.565 0.3000000119
28329  55.024  -51.714  7.636 0.4000000060
27463  57.866  -53.347  11.815 0.3000000119
26607  56.734  -54.317  10.789 0.3000000119
26618  56.355  -54.332  9.988 0.3000000119
26630  55.973  -54.227  9.391 0.3000000119
116248  55.735  -53.159  8.781 0.4000000060
27517  55.570  -52.423  8.137 0.4000000060
26617  56.795  -54.862  10.552 0.3000000119
26646  55.537  -54.122  8.940 0.4000000060
30112  55.220  -49.547  7.213 0.4000000060
29248  55.666  -50.116  6.763 0.4000000060
29173  56.891  -51.229  12.675 0.3000000119
29196  55.269  -51.167  12.024 0.3000000119
118664  55.896  -52.985  10.957 0.3000000119
28300  55.615  -52.490  9.808 0.3000000119
28310  56.148  -51.925  8.417 0.4000000060
27516  56.179  -52.034  8.110 0.4000000060
28328  56.009  -51.304  7.411 0.4000000060
27481  56.427  -53.560  11.049 0.3000000119
27491  56.059  -53.563  10.375 0.3000000119
27500  55.911  -53.138  9.127 0.3000000119
29198  54.001  -50.231  11.191 0.3000000119
29209  54.152  -50.125  9.905 0.3000000119
29222  55.123  -49.971  8.463 0.4000000060
128668  54.126  -49.588  9.104 0.4000000060
30095  54.800  -49.378  8.082 0.4000000060
29197  54.623  -50.603  11.661 0.3000000119
29208  54.566  -50.770  10.527 0.3000000119
121877  55.199  -50.683  9.184 0.3000000119
29221  56.095  -50.411  7.957 0.4000000060
30094  55.767  -49.884  7.434 0.4000000060
28291  54.889  -51.277  11.205 0.3000000119
28301  55.140  -51.544  10.094 0.3000000119
28311  55.933  -51.302  8.625 0.4000000060
29237  56.031  -50.498  7.259 0.4000000060
28290  55.528  -52.068  11.265 0.3000000119
28327  56.207  -51.117  7.783 0.4000000060
31036  52.165  -48.183  9.821 0.4000000060
129981  52.819  -48.561  9.540 0.4000000060
31042  53.043  -48.374  8.747 0.4000000060
30082  53.386  -49.420  10.137 0.3000000119
30096  53.579  -48.943  9.123 0.4000000060
31041  54.310  -48.871  7.878 0.4000000060
40807  37.031  -37.808  7.178 0.6000000238
39949  36.328  -38.190  7.627 0.6000000238
40821  37.573  -37.401  6.767 0.5000000000
42762  37.268  -35.936  6.450 0.5000000000
120024  37.909  -34.181  6.481 0.5000000000
45990  38.178  -32.130  5.988 0.4000000060
53979  38.791  -24.771  4.418 0.3000000119
53989  38.193  -24.646  3.553 0.3000000119
53004  37.869  -25.291  3.335 0.3000000119
54941  39.461  -23.854  5.728 0.3000000119
128991  39.050  -24.184  4.923 0.3000000119
122870  38.543  -23.946  4.194 0.3000000119
54969  37.907  -23.620  3.391 0.3000000119
53991  37.468  -24.388  3.170 0.3000000119
53992  36.805  -24.227  3.262 0.3000000119
121866  39.761  -23.048  6.308 0.3000000119
54954  39.003  -23.544  4.872 0.3000000119
54955  38.533  -22.770  4.093 0.3000000119
115591  37.666  -22.543  3.237 0.3000000119
54971  37.183  -23.246  3.130 0.3000000119
53993  36.863  -23.338  3.346 0.3000000119
54970  36.561  -23.230  3.861 0.3000000119
118727  39.287  -22.920  5.316 0.3000000119
55936  39.063  -22.043  4.879 0.3000000119
55955  38.025  -21.776  3.271 0.3000000119
122655  37.175  -22.274  3.059 0.3000000119
126143  36.774  -22.649  3.437 0.3000000119
55922  40.215  -22.329  6.806 0.3000000119
55923  39.662  -22.209  5.855 0.3000000119
55954  38.557  -21.754  3.973 0.3000000119
56874  37.541  -21.120  2.835 0.3000000119
55966  37.339  -21.731  2.952 0.3000000119
56885  36.897  -21.260  2.672 0.3000000119
56843  40.075  -21.509  6.235 0.3000000119
56844  39.499  -21.400  5.376 0.3000000119
56856  38.840  -21.207  4.395 0.3000000119
57754  38.453  -20.425  3.843 0.3000000119
123972  37.172  -20.794  2.709 0.3000000119
57728  39.898  -20.803  5.825 0.3000000119
57741  39.211  -20.626  4.927 0.3000000119
122641  38.870  -19.794  4.474 0.3000000119
122589  39.562  -20.017  5.484 0.3000000119
58618  39.285  -19.216  4.971 0.3000000119
58606  39.918  -19.376  5.958 0.3000000119
121291  49.867  -50.626  9.410 0.4000000060
126703  50.600  -50.858  9.169 0.4000000060
27502  51.641  -53.092  9.620 0.4000000060
25780  53.877  -55.117  9.416 0.4000000060
26631  53.593  -54.349  9.321 0.4000000060
119765  52.343  -53.438  9.650 0.4000000060
27462  58.582  -53.422  12.315 0.3000000119
26591  58.002  -54.361  11.980 0.3000000119
26606  57.226  -54.922  11.350 0.3000000119
25765  56.755  -55.298  10.814 0.3000000119
25778  55.887  -55.182  9.614 0.3000000119
25792  54.968  -54.696  9.027 0.3000000119
29174  55.824  -50.790  12.654 0.3000000119
30073  54.326  -49.927  12.109 0.3000000119
31981  51.387  -47.772  10.493 0.4000000060
31030  51.930  -48.241  10.745 0.4000000060
30083  52.659  -48.752  10.339 0.4000000060
30075  52.968  -49.185  11.345 0.3000000119
123242  53.492  -49.800  10.906 0.3000000119
31982  50.844  -47.236  11.043 0.4000000060
118981  35.917  -38.582  8.296 0.6000000238
56833  40.469  -21.526  7.039 0.3000000119
57727  40.401  -20.889  6.587 0.3000000119
122979  40.209  -20.188  6.301 0.3000000119
58605  40.530  -19.512  6.804 0.3000000119
29154  57.844  -50.519  12.867 0.3000000119
29238  55.749  -50.727  7.000 0.4000000060
119469  56.113  -51.778  12.221 0.3000000119
128435  36.978  -22.355  3.107 0.3000000119
56873  38.220  -21.090  3.394 0.3000000119
57755  37.670  -20.523  3.090 0.3000000119
29225  48.942  -50.290  9.686 0.3000000119
29247  41.178  -50.701  8.510 0.6000000238
30123  41.009  -49.991  8.877 0.6999999881
29217  40.314  -50.400  9.991 0.6999999881
28314  50.180  -51.887  9.776 0.3000000119
26610  42.256  -53.367  10.854 0.3000000119
27496  42.586  -51.916  10.371 0.3000000119
30077  39.455  -49.375  11.599 0.6999999881
30089  40.059  -49.668  10.682 0.6999999881
29210  48.217  -50.463  10.232 0.3000000119
28315  49.284  -51.585  10.155 0.3000000119
30103  40.651  -49.621  9.663 0.6999999881
28316  48.561  -51.367  10.552 0.3000000119
26634  50.609  -53.422  10.290 0.3000000119
27504  49.480  -52.571  10.399 0.3000000119
26620  51.325  -53.618  10.339 0.3000000119
26633  51.504  -53.675  9.936 0.3000000119
116827  50.813  -53.389  9.886 0.3000000119
117176  43.285  -51.617  9.783 0.3000000119
30100  45.674  -49.369  9.739 0.4000000060
129410  40.064  -48.149  11.640 0.6999999881
29211  47.556  -50.082  10.366 0.3000000119
30085  46.957  -49.458  9.916 0.3000000119
31038  40.716  -48.042  10.903 0.6999999881
114910  40.428  -48.942  10.384 0.6999999881
123307  47.881  -51.215  10.918 0.3000000119
27494  48.870  -52.425  10.814 0.3000000119
27493  49.299  -53.061  10.869 0.3000000119
123221  50.871  -52.729  9.575 0.3000000119
26621  50.499  -53.444  10.816 0.3000000119
29226  44.291  -49.864  9.853 0.4000000060
31971  39.820  -47.187  12.379 0.6999999881
29213  45.991  -49.868  11.188 0.3000000119
30086  46.219  -49.430  10.296 0.3000000119
28303  47.219  -51.071  11.292 0.3000000119
29212  46.756  -49.987  10.842 0.3000000119
31991  41.216  -47.290  10.773 0.6999999881
28302  48.300  -52.036  11.292 0.3000000119
31037  41.590  -47.736  10.054 0.6999999881
26632  52.639  -54.006  9.821 0.3000000119
26608  52.236  -53.858  10.468 0.3000000119
26619  52.349  -53.963  10.058 0.3000000119
32961  40.586  -46.636  11.643 0.6999999881
28280  46.757  -51.701  12.445 0.3000000119
28293  47.130  -51.727  11.934 0.3000000119
32970  41.585  -46.737  10.374 0.6999999881
25757  53.123  -54.566  10.129 0.3000000119
28294  46.508  -51.064  11.819 0.3000000119
33911  41.655  -45.346  9.603 0.6999999881
25768  53.258  -54.639  9.808 0.3000000119
129134  51.549  -47.747  11.524 0.3000000119
28341  41.683  -51.494  7.747 0.5000000000
28318  40.015  -51.730  9.952 0.6999999881
117694  41.012  -52.081  8.711 0.6000000238
27507  40.460  -52.450  9.404 0.6000000238
28335  41.355  -51.584  8.212 0.6000000238
29205  38.808  -50.021  12.016 0.6999999881
31032  39.475  -48.588  11.936 0.6999999881
28305  42.784  -50.980  10.406 0.3000000119
31020  38.799  -48.219  12.422 0.6999999881
29227  43.818  -49.967  10.141 0.4000000060
32946  39.505  -46.675  12.465 0.6999999881
30076  44.769  -49.563  11.083 0.4000000060
30087  45.407  -49.471  10.615 0.4000000060
33879  39.810  -46.025  12.255 0.6999999881
29199  45.301  -49.812  11.353 0.3000000119
119606  45.661  -50.622  12.022 0.3000000119
29182  45.447  -51.223  12.935 0.3000000119
122224  40.289  -46.108  11.868 0.6999999881
125691  40.618  -51.748  9.271 0.6000000238
29181  46.239  -51.476  12.670 0.3000000119
29214  43.986  -49.606  11.412 0.3000000119
124073  44.344  -54.706  6.213 0.5000000000
27532  43.136  -53.020  6.233 0.5000000000
25810  42.904  -54.800  6.701 0.5000000000
25814  44.717  -53.909  5.782 0.4000000060
126201  38.412  -57.975  12.009 0.4000000060
21663  36.710  -59.195  12.178 0.5000000000
130600  43.546  -52.598  5.848 0.4000000060
26669  43.874  -53.357  5.744 0.5000000000
27528  42.586  -52.652  6.902 0.5000000000
20815  36.489  -60.392  9.777 0.4000000060
19968  36.400  -60.969  9.068 0.4000000060
21662  37.504  -59.065  12.322 0.5000000000
27525  42.045  -52.223  7.537 0.4000000060
20822  36.118  -60.294  9.082 0.4000000060
112404  35.592  -61.584  8.744 0.4000000060
22475  36.149  -59.010  11.596 0.4000000060
23244  37.338  -57.503  12.333 0.5000000000
131005  36.356  -58.741  12.150 0.4000000060
131268  38.758  -56.155  11.497 0.5000000000
25760  39.030  -54.787  11.077 0.4000000060
27521  41.410  -52.488  8.235 0.5000000000
26636  40.570  -53.343  9.304 0.4000000060
26624  40.021  -53.824  10.003 0.4000000060
27522  41.026  -52.924  8.659 0.4000000060
20823  35.483  -60.357  8.988 0.4000000060
22501  33.089  -58.482  9.503 0.4000000060
22476  35.851  -58.249  10.980 0.4000000060
122114  34.489  -57.057  8.717 0.4000000060
23245  36.528  -57.510  12.292 0.5000000000
22468  36.017  -58.183  12.033 0.4000000060
24122  35.192  -56.521  8.449 0.4000000060
24095  37.716  -56.844  12.209 0.5000000000
25784  35.809  -54.792  8.518 0.4000000060
24948  35.350  -55.224  7.771 0.4000000060
24910  38.417  -55.795  11.702 0.5000000000
25761  38.447  -54.676  11.507 0.5000000000
118542  35.354  -53.995  9.057 0.4000000060
26638  35.017  -53.335  8.788 0.4000000060
123701  38.578  -55.207  11.481 0.5000000000
117989  38.715  -54.055  11.369 0.6000000238
26625  39.555  -53.168  10.484 0.6000000238
26637  40.040  -53.015  9.845 0.5000000000
115997  33.558  -59.174  9.339 0.4000000060
22500  34.234  -58.356  9.017 0.4000000060
120256  35.534  -59.220  9.010 0.4000000060
23273  34.934  -57.579  8.664 0.4000000060
122127  36.225  -56.888  12.155 0.5000000000
23252  35.712  -57.462  11.464 0.4000000060
23272  35.614  -57.362  8.740 0.4000000060
128533  36.806  -55.425  12.335 0.5000000000
24922  35.783  -55.521  9.086 0.4000000060
24935  35.791  -55.251  8.112 0.4000000060
24911  37.872  -55.112  11.901 0.5000000000
26613  38.197  -53.432  11.640 0.5000000000
27508  35.102  -52.407  9.240 0.4000000060
27487  39.208  -52.560  10.907 0.6000000238
27497  39.749  -52.442  10.173 0.6000000238
121792  34.513  -58.926  8.862 0.4000000060
23259  35.607  -57.490  10.286 0.4000000060
22499  35.272  -58.249  8.766 0.4000000060
128546  35.867  -57.951  8.894 0.4000000060
24109  35.423  -56.573  9.746 0.4000000060
25748  37.159  -54.416  12.249 0.5000000000
114577  35.381  -54.694  10.138 0.4000000060
122857  35.164  -53.808  10.349 0.4000000060
25762  37.939  -54.216  11.720 0.5000000000
26626  35.056  -53.166  9.725 0.4000000060
28306  40.119  -51.041  10.218 0.6000000238
122549  39.366  -51.922  10.676 0.6000000238
27488  38.476  -52.644  11.473 0.6000000238
20824  34.510  -60.552  9.153 0.4000000060
120661  35.091  -59.066  8.759 0.4000000060
24121  35.577  -56.239  8.636 0.4000000060
24902  35.782  -55.203  12.216 0.5000000000
115521  35.417  -55.942  11.697 0.5000000000
24912  35.359  -55.006  11.568 0.5000000000
25750  35.599  -54.277  12.148 0.5000000000
25763  35.200  -54.064  11.409 0.5000000000
131614  37.124  -53.220  12.394 0.5000000000
25749  36.225  -54.426  12.465 0.5000000000
26601  35.999  -53.560  12.448 0.5000000000
26615  35.101  -53.247  11.052 0.4000000060
27474  37.596  -52.786  12.102 0.6000000238
27489  35.427  -52.606  11.544 0.5000000000
27498  35.194  -52.453  10.369 0.4000000060
29218  39.856  -50.551  10.737 0.6000000238
28297  38.900  -51.491  11.293 0.6000000238
114538  37.211  -51.946  12.362 0.6000000238
27475  36.697  -52.840  12.478 0.5000000000
26602  35.466  -53.429  11.959 0.5000000000
128871  38.077  -51.837  11.785 0.6000000238
27476  35.888  -52.717  12.250 0.5000000000
116523  38.425  -50.905  11.942 0.6000000238
30090  39.512  -50.077  11.318 0.6000000238
31986  37.042  -47.058  11.757 0.5000000000
31974  37.522  -47.681  12.346 0.6000000238
31023  36.659  -48.790  12.155 0.5000000000
112234  37.956  -48.302  12.572 0.6000000238
31022  37.493  -49.058  12.514 0.6000000238
29206  35.752  -50.275  11.768 0.5000000000
28283  37.641  -51.092  12.303 0.6000000238
29190  36.019  -51.141  12.146 0.5000000000
28285  35.741  -51.887  11.900 0.5000000000
28298  35.582  -51.146  11.438 0.5000000000
28308  35.393  -51.264  10.489 0.5000000000
32948  37.887  -46.947  12.240 0.5000000000
32963  37.425  -46.437  11.765 0.5000000000
33880  39.063  -46.054  12.373 0.6000000238
31973  38.381  -47.568  12.484 0.6000000238
120316  36.443  -50.544  12.303 0.6000000238
30065  38.165  -49.543  12.510 0.6000000238
30066  37.503  -49.828  12.545 0.6000000238
26657  42.212  -53.327  7.445 0.4000000060
26652  41.390  -53.388  8.102 0.4000000060
119984  42.499  -51.102  6.823 0.5000000000
29188  37.995  -50.321  12.436 0.6000000238
26661  43.929  -54.138  6.050 0.5000000000
25805  42.263  -54.800  7.152 0.5000000000
25809  43.578  -54.754  6.364 0.5000000000
117678  42.508  -54.094  6.945 0.5000000000
23243  38.111  -57.415  12.148 0.5000000000
21689  36.134  -59.798  9.529 0.4000000060
21679  35.893  -59.125  9.573 0.4000000060
24123  34.497  -56.424  8.501 0.4000000060
25785  35.299  -54.349  8.238 0.4000000060
119596  35.890  -58.234  9.568 0.4000000060
24104  35.358  -56.669  11.056 0.4000000060
21692  34.163  -59.771  9.149 0.4000000060
29189  37.187  -50.456  12.501 0.6000000238
24949  34.655  -55.081  8.000 0.3000000119
24124  33.577  -56.847  9.239 0.3000000119
25786  34.854  -54.285  8.118 0.3000000119
24937  34.028  -55.926  8.567 0.3000000119
25787  34.027  -54.341  8.609 0.3000000119
24938  33.497  -55.196  9.090 0.3000000119
19975  34.937  -61.241  8.993 0.4000000060
21678  36.298  -59.608  10.466 0.4000000060
21690  35.744  -59.710  9.151 0.4000000060
21691  35.114  -59.745  8.949 0.4000000060
21693  33.040  -60.115  9.628 0.4000000060
22466  37.779  -58.196  12.331 0.5000000000
22467  36.831  -58.392  12.364 0.5000000000
22485  35.972  -58.880  10.431 0.4000000060
22495  45.136  -58.078  9.902 0.5000000000
22498  35.696  -58.595  8.994 0.4000000060
23246  35.951  -57.398  12.016 0.5000000000
23251  38.753  -57.367  11.650 0.4000000060
23271  35.864  -57.409  9.032 0.4000000060
23274  33.847  -57.695  9.135 0.4000000060
23290  49.554  -56.579  5.642 0.4000000060
24096  36.948  -56.621  12.307 0.5000000000
24097  36.105  -56.141  12.168 0.5000000000
24098  35.713  -56.755  11.788 0.5000000000
24102  38.401  -56.600  11.831 0.5000000000
24103  37.718  -56.059  12.147 0.5000000000
24116  46.117  -56.955  8.798 0.6000000238
24119  43.922  -56.148  10.105 0.5000000000
24129  35.480  -55.504  8.028 0.4000000060
24145  50.653  -55.391  4.557 0.5000000000
24914  56.460  -55.653  11.059 0.3000000119
24919  42.623  -56.142  10.919 0.4000000060
24927  56.229  -55.535  10.254 0.3000000119
24928  55.425  -55.734  9.859 0.3000000119
24936  34.923  -55.746  8.035 0.4000000060
24940  54.434  -55.264  9.327 0.4000000060
24947  35.657  -55.120  7.770 0.4000000060
24950  50.481  -55.566  5.839 0.5000000000
24952  48.562  -55.478  7.044 0.6000000238
24953  42.026  -55.449  7.378 0.5000000000
24956  45.997  -55.828  6.044 0.5000000000
24966  51.082  -54.830  4.177 0.6000000238
25766  56.542  -54.983  9.983 0.3000000119
25772  39.666  -54.649  10.423 0.4000000060
25779  55.121  -55.339  9.394 0.3000000119
25781  44.889  -55.176  8.892 0.6000000238
25791  55.523  -54.748  9.239 0.3000000119
25800  35.726  -54.968  7.854 0.4000000060
25801  35.428  -54.904  7.772 0.4000000060
25808  45.112  -54.642  6.108 0.5000000000
25815  51.290  -54.242  4.300 0.6000000238
26600  36.745  -53.673  12.437 0.5000000000
26612  39.002  -53.294  11.198 0.6000000238
26614  37.445  -53.618  12.099 0.5000000000
26651  45.701  -53.879  8.293 0.6999999881
26662  43.249  -53.952  6.410 0.5000000000
26663  42.711  -53.404  6.803 0.5000000000
27480  57.261  -53.997  11.359 0.3000000119
27484  48.778  -52.693  11.399 0.3000000119
27503  50.074  -53.129  10.220 0.3000000119
27535  46.908  -52.242  4.883 0.6999999881
28284  36.364  -51.941  12.402 0.5000000000
28304  43.331  -50.489  10.251 0.3000000119
28307  39.608  -51.286  10.718 0.6000000238
28332  46.167  -51.016  7.544 0.4000000060
28336  40.947  -51.306  8.885 0.6000000238
28340  42.070  -51.357  7.317 0.5000000000
28343  43.061  -51.237  6.237 0.5000000000
28346  46.119  -50.994  4.993 0.6000000238
28348  44.595  -51.531  5.458 0.6999999881
29204  39.210  -50.746  11.381 0.6000000238
29219  35.420  -50.588  10.693 0.5000000000
29228  40.762  -50.506  9.233 0.6999999881
29246  41.486  -50.809  7.954 0.6000000238
29255  42.253  -50.625  7.136 0.6999999881
29267  44.030  -50.177  5.446 0.6999999881
29270  47.483  -50.077  4.600 0.8000000119
30067  36.629  -49.730  12.341 0.6000000238
30078  38.809  -49.096  12.262 0.6000000238
30088  44.306  -49.594  10.568 0.4000000060
30098  47.163  -49.326  9.050 0.4000000060
30101  44.906  -49.487  9.979 0.4000000060
30102  41.247  -49.315  9.003 0.8000000119
30120  45.236  -49.595  9.274 0.5000000000
30139  43.111  -49.727  6.342 0.8000000119
30149  54.044  -49.020  4.083 0.6999999881
31021  38.228  -48.842  12.527 0.6000000238
31031  40.017  -48.795  11.175 0.6999999881
31061  43.295  -48.577  6.979 0.8999999762
31067  54.304  -48.219  4.519 0.6999999881
31068  46.513  -48.663  4.979 0.8999999762
31071  44.102  -49.127  5.760 0.8999999762
31972  39.194  -47.375  12.459 0.6999999881
31975  36.684  -47.886  11.803 0.5000000000
31983  40.842  -47.220  11.287 0.6999999881
31984  40.301  -47.411  11.824 0.6999999881
31985  39.634  -47.827  12.172 0.6999999881
32010  43.143  -47.152  8.137 0.8000000119
32019  44.054  -47.226  7.141 1.0000000000
32945  40.121  -46.662  12.236 0.6999999881
32947  38.734  -46.796  12.464 0.6000000238
32960  41.100  -46.588  11.035 0.6999999881
32962  38.189  -46.200  12.179 0.6999999881
33892  40.109  -45.407  11.600 0.6999999881
33926  48.455  -45.495  6.899 0.8000000119
34760  47.438  -44.133  11.987 0.6999999881
34761  46.947  -43.767  11.903 0.6999999881
34799  41.416  -44.505  9.194 0.8999999762
34800  40.892  -44.001  9.615 0.8999999762
34812  42.732  -44.443  7.371 0.8999999762
34817  43.607  -44.200  6.701 1.0000000000
35708  48.267  -43.104  3.580 1.0000000000
36584  46.062  -42.137  13.292 0.6000000238
36595  45.109  -41.994  12.238 0.6000000238
36606  44.952  -42.201  11.448 0.6999999881
36632  40.810  -42.587  9.645 0.8999999762
36645  41.579  -42.904  8.126 0.8999999762
36648  42.375  -42.731  7.223 0.8999999762
36652  43.357  -42.570  6.146 1.0000000000
36657  44.288  -42.372  5.140 1.0000000000
37454  48.684  -41.406  13.527 0.4000000060
37458  44.947  -41.064  13.285 0.6000000238
37482  39.148  -41.342  11.445 0.8999999762
37493  40.180  -41.486  10.661 1.0000000000
37503  45.248  -41.080  8.960 0.6999999881
37520  41.709  -42.223  8.620 0.8999999762
37526  43.129  -41.429  6.946 1.0000000000
37535  48.612  -40.965  3.806 1.0000000000
38286  46.083  -39.662  14.110 0.5000000000
38307  44.534  -40.503  12.945 0.6000000238
38324  37.502  -40.644  11.447 0.6999999881
38332  39.576  -40.185  10.667 0.8999999762
38333  37.959  -39.944  11.261 0.6999999881
38356  43.187  -39.985  8.075 1.0000000000
38367  48.731  -39.751  4.258 1.0000000000
38372  48.507  -40.183  3.916 1.0000000000
38375  48.333  -39.533  3.632 1.0000000000
38376  47.645  -39.440  3.394 1.0000000000
39098  45.671  -39.289  14.040 0.4000000060
39104  48.174  -39.735  13.571 0.4000000060
39152  42.172  -39.986  8.998 1.0000000000
39156  38.050  -39.054  9.916 0.8000000119
39157  37.325  -38.971  9.771 0.6999999881
39190  43.910  -40.145  6.665 1.0000000000
39191  48.592  -39.084  3.761 1.0000000000
39195  46.165  -39.332  3.734 1.0000000000
39875  45.125  -38.751  13.836 0.5000000000
39881  44.313  -38.789  12.873 0.5000000000
39916  40.051  -38.693  9.149 0.8000000119
39963  47.368  -38.904  3.351 1.0000000000
40727  45.918  -37.764  14.021 0.4000000060
40734  48.286  -37.356  13.374 0.3000000119
40742  49.526  -37.317  12.613 0.3000000119
40787  42.147  -37.672  8.290 0.8999999762
40805  38.854  -38.195  6.931 0.6999999881
40827  47.549  -37.181  4.452 1.0000000000
41653  47.785  -36.577  13.558 0.4000000060
41660  43.726  -36.465  12.467 0.5000000000
41706  45.933  -35.893  7.772 0.6999999881
41711  40.397  -36.470  6.812 0.8000000119
41728  37.221  -36.746  6.591 0.5000000000
41734  48.216  -35.732  4.517 1.0000000000
42694  49.696  -35.791  12.506 0.3000000119
42768  47.888  -35.120  4.573 1.0000000000
42773  46.865  -34.326  4.285 1.0000000000
43840  46.908  -34.266  6.228 0.8999999762
43849  47.929  -34.302  5.029 1.0000000000
43865  47.721  -34.294  4.743 1.0000000000
43866  47.655  -33.868  4.892 1.0000000000
43872  47.501  -34.428  4.512 1.0000000000
43873  47.181  -33.934  4.342 1.0000000000
44963  46.623  -32.530  4.844 0.8999999762
44974  47.195  -33.645  4.535 0.8999999762
45889  46.145  -32.885  14.300 0.3000000119
45999  41.499  -32.295  5.264 0.6999999881
46911  42.778  -31.147  11.340 0.3000000119
46952  44.794  -31.545  4.985 0.6999999881
47942  43.343  -30.409  12.001 0.3000000119
49882  39.930  -28.444  6.069 0.3000000119
55967  36.969  -21.777  2.877 0.3000000119
55969  36.893  -21.660  2.924 0.3000000119
109662  35.954  -60.943  8.848 0.4000000060
110242  46.110  -40.808  13.792 0.5000000000
113840  39.334  -53.962  10.774 0.6000000238
115157  35.437  -51.842  10.962 0.5000000000
116012  35.208  -55.785  10.701 0.5000000000
116055  42.218  -26.971  9.512 0.3000000119
116675  44.452  -36.674  13.299 0.5000000000
116974  41.641  -52.122  7.943 0.5000000000
117038  43.478  -35.092  11.112 0.4000000060
118399  42.349  -49.382  7.411 0.8000000119
118438  44.962  -36.859  6.094 1.0000000000
118495  45.971  -35.602  4.939 1.0000000000
119223  41.954  -54.180  7.376 0.4000000060
119453  36.832  -51.181  12.399 0.6000000238
119926  44.173  -54.037  9.261 0.5000000000
119950  37.263  -48.350  12.411 0.6000000238
120185  45.207  -35.912  13.924 0.5000000000
120234  48.971  -41.038  4.315 1.0000000000
120883  40.868  -37.889  8.644 0.8999999762
120968  43.688  -33.314  13.518 0.3000000119
121264  40.495  -51.119  9.587 0.6999999881
121326  39.721  -27.200  6.122 0.3000000119
122370  40.611  -22.062  7.484 0.3000000119
122487  43.426  -43.580  6.502 1.0000000000
122528  47.678  -51.726  11.580 0.3000000119
122763  45.796  -32.325  14.086 0.3000000119
122901  41.776  -46.133  9.871 0.6999999881
123052  38.782  -52.066  11.205 0.6000000238
123330  53.199  -53.522  9.366 0.4000000060
123833  42.497  -52.773  10.463 0.3000000119
126576  54.261  -48.484  4.176 0.6999999881
126998  43.365  -57.245  10.761 0.5000000000
127140  45.079  -41.698  9.214 0.6999999881
127321  44.273  -41.976  4.944 1.0000000000
127939  39.566  -44.873  11.514 0.6999999881
128111  44.866  -49.477  10.571 0.4000000060
128428  40.511  -28.898  6.244 0.3000000119
129489  39.239  -38.204  7.233 0.8000000119
130286  45.519  -37.339  13.829 0.4000000060
130606  38.862  -33.460  6.229 0.6000000238
131862  43.778  -36.691  10.957 0.5000000000
131917  46.250  -35.433  14.359 0.4000000060
132346  47.853  -35.424  13.786 0.4000000060
132364  47.142  -37.938  13.935 0.4000000060
132590  48.548  -39.057  5.197 1.0000000000
