#!ascii label  , from subject sub-04 vox2ras=TkReg
1356
122502  32.646  -83.102  8.399 0.5000000000
7753  19.872  -77.500  14.535 0.6000000238
7754  18.975  -77.374  13.955 0.6000000238
7777  20.138  -77.689  12.430 0.6000000238
7767  18.649  -77.264  13.056 0.6999999881
7787  20.015  -77.530  11.608 0.6000000238
9100  17.949  -75.977  13.708 0.6999999881
7779  18.623  -77.041  12.548 0.6000000238
5405  26.704  -81.188  13.592 0.5000000000
6001  28.027  -80.237  9.647 0.6000000238
113648  27.962  -80.227  10.684 0.6000000238
5418  26.878  -80.939  12.813 0.5000000000
6033  27.796  -80.518  7.409 0.5000000000
6021  28.028  -80.316  8.610 0.4000000060
5981  26.904  -80.608  11.160 0.5000000000
5963  26.691  -80.895  11.967 0.6000000238
110186  23.738  -79.265  17.235 0.5000000000
5477  30.127  -81.638  6.038 0.4000000060
124806  23.652  -79.276  16.461 0.5000000000
6528  23.053  -79.523  16.116 0.5000000000
7168  24.282  -78.961  15.128 0.6000000238
7750  23.017  -77.809  14.758 0.6000000238
7733  20.092  -77.275  15.413 0.6000000238
8376  19.411  -76.902  15.944 0.6999999881
122027  20.580  -77.752  14.104 0.6000000238
7734  19.075  -77.264  15.056 0.6999999881
9716  18.919  -74.533  17.061 0.6000000238
8353  18.301  -75.805  15.902 0.6999999881
11043  19.738  -73.058  17.539 0.6000000238
9733  18.624  -74.420  16.503 0.6000000238
9070  18.018  -75.516  15.303 0.6999999881
11053  19.772  -72.770  16.717 0.6999999881
7788  19.576  -77.180  11.514 0.6000000238
5924  27.135  -80.827  14.948 0.5000000000
128220  27.591  -80.644  12.951 0.6000000238
5392  27.112  -80.958  14.137 0.5000000000
6635  28.760  -79.562  9.230 0.6000000238
6600  28.740  -79.563  10.245 0.6999999881
5980  28.057  -80.293  11.712 0.6000000238
6042  28.171  -80.317  6.427 0.4000000060
7144  25.041  -78.552  16.662 0.5000000000
6514  24.505  -78.966  17.011 0.5000000000
4996  31.370  -82.683  7.201 0.5000000000
7156  24.764  -78.677  16.230 0.5000000000
8373  22.379  -76.609  15.183 0.6999999881
7157  24.569  -78.362  15.615 0.6000000238
8374  21.499  -76.525  15.619 0.6999999881
7731  22.124  -77.114  15.119 0.6000000238
115784  23.170  -77.394  15.012 0.6000000238
7732  21.069  -77.087  15.488 0.6999999881
7751  21.784  -77.538  14.785 0.6000000238
8350  20.541  -76.173  16.409 0.6999999881
9038  19.781  -74.994  17.378 0.6000000238
9053  20.145  -75.616  16.881 0.6000000238
10373  20.117  -73.745  18.371 0.6000000238
8352  18.933  -76.192  16.331 0.6000000238
11029  20.795  -72.450  17.975 0.6000000238
127329  20.398  -72.204  16.796 0.6999999881
9786  19.019  -74.413  13.159 0.6999999881
8475  20.007  -76.990  10.778 0.5000000000
10415  18.665  -73.857  15.977 0.6999999881
9763  18.308  -74.843  14.696 0.6999999881
9127  19.120  -76.157  12.166 0.6000000238
6560  28.858  -79.284  13.778 0.5000000000
5922  28.470  -80.106  14.158 0.5000000000
5908  28.021  -80.201  15.198 0.5000000000
6581  29.190  -79.049  11.676 0.6999999881
5943  28.712  -79.989  13.188 0.6000000238
7221  29.197  -78.966  8.707 0.5000000000
6617  29.200  -79.042  9.739 0.6999999881
6599  29.187  -79.062  10.689 0.6999999881
113002  28.724  -79.641  11.258 0.6000000238
6582  28.753  -79.821  12.227 0.6000000238
129004  28.605  -79.431  6.264 0.4000000060
6669  28.572  -79.553  7.027 0.4000000060
6653  28.677  -79.601  8.135 0.5000000000
119607  25.823  -77.943  16.771 0.5000000000
8372  23.799  -76.820  15.207 0.5000000000
7715  25.301  -77.894  16.157 0.5000000000
128444  24.959  -78.279  15.988 0.5000000000
9068  21.866  -75.834  15.771 0.6000000238
114883  23.813  -77.327  15.165 0.5000000000
9035  21.736  -75.432  16.597 0.6999999881
9711  22.790  -74.625  17.620 0.6000000238
130562  21.880  -75.147  17.200 0.6999999881
9069  21.243  -75.960  16.147 0.6999999881
9687  22.450  -73.953  18.372 0.6000000238
9712  21.883  -74.636  17.750 0.6000000238
9052  20.914  -75.514  16.755 0.6999999881
11731  23.040  -71.898  18.366 0.6999999881
9688  21.375  -73.963  18.398 0.6000000238
9713  20.914  -74.510  18.031 0.6000000238
12489  23.804  -70.733  17.398 0.6000000238
11743  23.393  -71.206  17.908 0.6999999881
121321  21.516  -72.465  18.246 0.6999999881
13268  24.705  -69.937  15.057 0.6000000238
12502  23.526  -70.505  16.515 0.6000000238
11744  22.578  -71.383  17.714 0.6999999881
112278  19.914  -74.193  11.785 0.6000000238
11755  22.258  -71.115  16.886 0.6999999881
112232  18.749  -74.221  14.052 0.6999999881
9126  19.857  -75.661  11.697 0.6000000238
13283  24.877  -69.900  14.227 0.6999999881
12513  23.252  -70.538  15.525 0.6000000238
129807  22.005  -71.073  15.922 0.8000000119
11757  20.852  -71.810  16.320 0.6999999881
11060  19.688  -72.890  15.573 0.6999999881
10430  18.780  -73.918  14.978 0.6999999881
6541  28.604  -79.415  14.830 0.6000000238
7202  28.738  -78.235  10.842 0.6999999881
7192  28.894  -78.119  12.028 0.6999999881
6559  29.130  -79.128  12.725 0.6000000238
7231  28.814  -77.934  8.262 0.5000000000
7210  29.041  -78.572  10.118 0.6999999881
7240  28.936  -78.525  6.768 0.4000000060
6652  29.031  -78.773  7.673 0.5000000000
7713  26.644  -77.602  16.628 0.5000000000
7125  26.808  -78.569  17.415 0.5000000000
7714  25.613  -77.325  15.989 0.5000000000
126689  22.930  -76.313  15.016 0.6000000238
9747  22.808  -75.113  15.289 0.6000000238
122736  22.517  -75.812  15.358 0.6999999881
9731  23.073  -74.845  16.391 0.6999999881
9748  22.407  -75.383  16.071 0.6999999881
9686  23.372  -74.181  18.227 0.6000000238
9732  22.366  -75.143  17.019 0.6999999881
11729  25.273  -71.249  18.441 0.6999999881
117692  23.843  -72.176  18.806 0.6999999881
10369  23.886  -73.006  18.922 0.6999999881
11087  19.190  -72.601  11.032 0.6000000238
128148  25.888  -70.434  17.054 0.6000000238
12476  24.499  -71.291  18.383 0.6999999881
11027  23.151  -72.721  18.738 0.6999999881
13333  27.631  -69.842  11.903 0.6000000238
111880  26.020  -69.483  13.920 0.6000000238
13266  26.209  -69.536  15.202 0.6000000238
13250  25.747  -70.012  16.397 0.6000000238
12477  24.045  -71.096  18.038 0.6999999881
10450  19.147  -72.899  12.014 0.6000000238
13251  24.914  -69.974  16.113 0.6000000238
11771  19.852  -72.546  14.448 0.6999999881
11073  19.350  -72.705  13.874 0.6000000238
129399  19.085  -73.667  13.534 0.6999999881
10440  19.458  -73.849  12.348 0.6000000238
13334  26.488  -70.083  11.690 0.5000000000
13310  25.967  -69.891  12.321 0.6000000238
13299  24.650  -70.300  13.477 0.8000000119
12527  23.384  -70.800  13.789 0.8000000119
12528  22.183  -71.003  14.243 0.8000000119
11766  20.849  -72.008  15.353 0.8000000119
11059  20.352  -72.442  15.137 0.6999999881
10434  19.117  -73.440  14.107 0.6999999881
114146  23.784  -70.449  14.803 0.8000000119
12514  22.456  -70.796  15.225 0.8000000119
7181  28.879  -78.178  13.191 0.6999999881
7167  28.686  -78.393  14.299 0.6999999881
6512  28.265  -79.405  15.861 0.6000000238
7211  28.514  -77.852  9.931 0.6999999881
7155  28.472  -78.535  15.365 0.6000000238
7816  28.307  -77.255  8.698 0.6000000238
7143  27.492  -78.524  17.000 0.5000000000
7712  27.021  -77.368  16.316 0.5000000000
110225  20.102  -64.978  11.754 0.6000000238
8349  26.262  -77.109  15.871 0.5000000000
15633  20.073  -66.143  11.044 0.5000000000
8370  25.015  -76.581  15.095 0.5000000000
14880  21.098  -67.785  9.546 0.6000000238
9083  23.090  -75.166  13.728 0.6999999881
8396  23.351  -75.950  14.372 0.6000000238
9730  23.902  -74.272  16.220 0.6999999881
8397  22.932  -75.465  14.610 0.6999999881
13336  20.851  -68.931  9.791 0.6000000238
131727  24.025  -74.243  18.084 0.6999999881
120589  23.594  -74.495  17.387 0.6000000238
11728  26.111  -71.407  18.585 0.6999999881
11009  25.103  -72.389  19.007 0.6999999881
10368  24.711  -73.188  18.804 0.6999999881
11782  19.219  -70.805  11.710 0.6000000238
117073  19.870  -69.914  10.830 0.6000000238
114600  26.336  -70.627  17.583 0.6000000238
11026  24.415  -72.437  18.977 0.6999999881
12557  19.452  -70.351  12.326 0.6000000238
11098  19.370  -71.837  10.497 0.6000000238
110635  28.104  -69.674  15.162 0.6000000238
13265  27.117  -69.543  15.224 0.6000000238
12556  20.267  -70.190  12.947 0.6999999881
11778  18.952  -72.055  13.129 0.6000000238
11783  18.866  -71.609  12.265 0.6000000238
13309  27.761  -69.387  12.965 0.6000000238
124435  23.540  -71.108  12.363 0.6000000238
130656  22.523  -71.041  13.160 0.6000000238
11775  20.671  -71.630  13.844 0.6999999881
12542  19.849  -71.178  13.341 0.6000000238
10441  19.236  -73.334  12.878 0.6000000238
124087  24.383  -71.100  11.711 0.6000000238
121184  22.648  -71.025  13.587 0.8000000119
12538  24.323  -70.903  12.488 0.6000000238
12539  23.794  -70.930  13.110 0.6999999881
11770  20.682  -72.029  14.457 0.8000000119
7785  27.712  -77.412  11.157 0.6999999881
7775  28.068  -77.369  12.411 0.6999999881
7747  28.154  -77.422  13.623 0.6999999881
7799  27.573  -77.254  10.180 0.6999999881
7728  28.219  -77.527  14.764 0.6000000238
7711  28.027  -77.722  15.744 0.6000000238
16437  20.890  -64.118  12.472 0.6000000238
124139  20.091  -64.623  12.944 0.6000000238
17303  21.431  -64.018  12.065 0.6000000238
115181  20.339  -64.489  12.331 0.6000000238
8348  26.842  -76.903  15.502 0.6000000238
15632  20.687  -65.548  11.019 0.5000000000
9099  23.379  -75.016  13.088 0.6999999881
8395  24.328  -75.873  13.943 0.6999999881
15651  21.782  -66.368  10.370 0.4000000060
15652  21.067  -66.662  10.237 0.5000000000
117140  24.643  -73.937  15.577 0.6999999881
9761  23.350  -74.680  13.849 0.8000000119
14879  22.015  -67.067  10.337 0.5000000000
9729  24.930  -74.073  16.697 0.6000000238
9762  23.007  -74.872  14.452 0.6999999881
14054  21.338  -68.158  10.287 0.6000000238
9710  24.393  -74.212  17.441 0.6999999881
14036  21.545  -68.282  11.785 0.6999999881
13316  20.852  -68.705  11.624 0.6000000238
12475  26.797  -70.994  18.209 0.6999999881
119438  26.801  -71.560  18.687 0.6999999881
14035  22.278  -68.535  12.187 0.5000000000
13317  20.115  -69.438  11.786 0.6000000238
111944  28.792  -70.104  16.340 0.6000000238
13247  27.485  -70.106  16.769 0.6000000238
12488  27.146  -70.444  17.508 0.6999999881
128627  20.678  -69.478  12.546 0.6999999881
13264  27.950  -69.919  15.980 0.6000000238
13248  27.103  -69.869  16.130 0.6000000238
13313  23.166  -70.057  11.850 0.5000000000
12555  21.285  -70.327  13.022 0.6000000238
13296  28.320  -69.415  13.817 0.6000000238
12580  24.226  -71.169  11.077 0.6000000238
13335  23.700  -70.697  11.467 0.5000000000
111169  20.997  -71.071  13.470 0.6999999881
11817  24.999  -71.316  9.935 0.6000000238
7776  26.899  -76.744  11.543 0.6999999881
7764  27.179  -76.740  12.817 0.6999999881
7748  27.392  -76.844  14.091 0.6000000238
16418  21.969  -64.643  12.972 0.4000000060
15606  20.473  -65.366  13.388 0.5000000000
8394  25.259  -76.073  13.548 0.6000000238
16435  22.417  -64.290  12.482 0.5000000000
16420  18.909  -64.891  13.137 0.6000000238
8412  25.025  -75.696  12.318 0.6999999881
9098  23.938  -75.214  12.528 0.6999999881
8369  25.791  -76.449  14.853 0.6000000238
16465  21.747  -65.244  10.747 0.5000000000
10413  25.586  -73.632  15.113 0.6999999881
14878  22.399  -66.519  10.370 0.4000000060
10344  27.053  -73.291  19.005 0.6999999881
10367  26.664  -73.586  18.587 0.6999999881
9709  25.822  -74.010  16.979 0.6999999881
14864  22.765  -67.110  10.922 0.6000000238
11726  28.359  -71.223  18.559 0.6999999881
11006  27.372  -72.881  19.206 0.6999999881
132139  25.993  -73.447  18.585 0.6999999881
123459  25.243  -74.000  17.631 0.6999999881
14863  23.425  -67.271  11.076 0.5000000000
14053  22.031  -67.568  11.201 0.5000000000
12486  28.736  -70.266  17.178 0.6000000238
11727  27.505  -71.399  18.642 0.6999999881
11704  27.263  -72.133  19.061 0.6999999881
11008  25.911  -72.497  18.963 0.6999999881
14052  22.902  -67.886  11.757 0.5000000000
12524  29.641  -70.362  14.830 0.5000000000
12510  29.522  -70.200  15.871 0.6000000238
131469  28.184  -70.143  16.737 0.6000000238
120158  26.338  -75.981  11.101 0.6999999881
8431  25.989  -76.002  11.863 0.6999999881
15604  22.529  -65.731  13.262 0.4000000060
8452  25.789  -75.347  11.093 0.6999999881
8393  26.266  -76.321  13.212 0.6999999881
15591  21.051  -66.559  13.854 0.4000000060
8432  25.211  -75.403  11.735 0.6999999881
15607  19.435  -65.267  13.495 0.6000000238
9759  25.423  -73.672  13.451 0.8000000119
9112  24.653  -75.001  12.056 0.6999999881
114086  26.643  -73.854  15.559 0.6000000238
10427  25.782  -73.501  14.162 0.6000000238
14826  17.965  -66.519  14.501 0.6000000238
9683  27.052  -74.035  18.056 0.6999999881
9708  26.693  -74.094  17.165 0.6999999881
9728  26.276  -73.929  16.225 0.6000000238
123912  28.075  -72.661  19.380 0.6000000238
115738  29.168  -70.897  18.581 0.6000000238
14005  16.325  -68.453  15.087 0.5000000000
12498  29.413  -70.026  16.796 0.6000000238
12473  28.570  -70.636  17.937 0.6999999881
114497  30.180  -70.363  15.593 0.5000000000
9784  25.769  -74.488  11.839 0.6999999881
14823  21.710  -67.455  14.670 0.4000000060
9758  26.445  -73.584  13.657 0.8000000119
122680  20.008  -66.237  13.966 0.5000000000
9744  27.334  -74.011  15.339 0.8000000119
14825  19.633  -66.933  14.626 0.4000000060
14824  20.597  -67.203  14.588 0.4000000060
10412  26.570  -73.686  14.725 0.6999999881
129040  18.408  -67.293  15.265 0.4000000060
11005  28.963  -72.896  19.542 0.6000000238
10365  28.080  -74.096  18.857 0.6000000238
9707  27.517  -74.434  17.395 0.6999999881
14795  18.807  -67.575  16.227 0.4000000060
12452  29.720  -71.153  19.230 0.6000000238
11725  28.964  -71.610  19.055 0.6000000238
13995  16.906  -68.876  15.901 0.4000000060
14811  17.692  -67.307  14.922 0.6000000238
12497  29.966  -69.792  17.311 0.6000000238
13263  30.850  -69.998  15.881 0.5000000000
13279  31.412  -70.004  14.945 0.5000000000
9772  26.637  -73.860  12.644 0.8000000119
14808  21.045  -67.684  15.445 0.4000000060
112095  27.433  -73.873  13.590 0.6999999881
14809  20.139  -67.445  15.418 0.4000000060
9706  28.378  -74.747  17.540 0.6000000238
9727  27.232  -74.180  16.335 0.6999999881
120890  28.707  -73.725  19.198 0.6000000238
9681  28.775  -74.530  18.490 0.6000000238
14781  19.304  -67.691  17.104 0.4000000060
13994  17.625  -68.414  16.468 0.4000000060
12484  30.021  -69.823  18.201 0.6000000238
13246  30.592  -69.516  16.857 0.4000000060
120620  21.822  -67.866  15.631 0.4000000060
9757  28.136  -74.144  14.389 0.6999999881
14792  21.438  -67.874  16.347 0.4000000060
125077  28.826  -74.917  16.448 0.6999999881
120245  27.991  -74.508  15.848 0.6000000238
14793  20.587  -67.662  16.300 0.4000000060
122650  29.914  -72.833  19.595 0.6000000238
9665  29.388  -74.178  18.994 0.6000000238
13986  18.416  -68.087  17.054 0.4000000060
13233  30.577  -69.679  18.715 0.6000000238
13987  17.831  -68.708  17.489 0.3000000119
13239  30.568  -69.440  17.838 0.4000000060
13245  31.275  -69.121  16.526 0.4000000060
13993  31.825  -68.484  17.034 0.4000000060
118475  21.034  -67.724  17.147 0.4000000060
14780  19.784  -67.768  17.788 0.4000000060
120159  30.314  -72.206  19.605 0.6000000238
12451  30.436  -70.720  19.443 0.6000000238
119175  31.029  -71.924  19.741 0.6000000238
13985  31.821  -68.681  17.793 0.4000000060
13231  32.447  -68.958  18.417 0.5000000000
14003  32.698  -68.138  15.745 0.4000000060
132598  16.786  -69.043  20.886 0.3000000119
13984  32.509  -68.524  17.546 0.4000000060
14766  23.528  -67.174  18.913 0.4000000060
112903  18.560  -67.668  20.951 0.3000000119
13950  14.955  -68.705  21.874 0.4000000060
15544  25.143  -66.470  19.462 0.4000000060
15547  22.551  -66.504  19.676 0.4000000060
14745  19.307  -67.250  20.911 0.3000000119
15534  20.478  -66.688  20.543 0.3000000119
13948  16.760  -67.987  21.413 0.3000000119
13960  17.181  -68.518  20.840 0.3000000119
13949  15.751  -68.731  21.874 0.3000000119
126837  23.574  -66.147  19.982 0.4000000060
15531  22.972  -65.897  20.129 0.4000000060
127182  21.886  -66.589  19.665 0.4000000060
14733  18.726  -67.017  21.250 0.3000000119
14734  17.575  -67.637  21.330 0.3000000119
15550  12.746  -66.102  18.936 0.4000000060
15559  12.458  -65.812  17.639 0.3000000119
17259  13.286  -64.475  17.003 0.3000000119
14735  16.734  -67.246  21.717 0.3000000119
14736  15.390  -67.888  22.006 0.3000000119
16329  23.101  -65.195  20.536 0.4000000060
15532  22.048  -65.978  20.254 0.4000000060
15533  20.774  -65.981  20.680 0.3000000119
15520  19.691  -66.040  21.093 0.3000000119
15522  18.342  -66.386  21.521 0.3000000119
15537  14.231  -66.579  20.636 0.3000000119
131324  17.825  -66.122  21.664 0.3000000119
16352  13.337  -65.543  18.343 0.3000000119
15524  16.260  -66.768  21.708 0.3000000119
17257  15.044  -63.854  18.164 0.4000000060
17258  14.101  -64.203  17.223 0.3000000119
18107  15.143  -63.347  17.641 0.3000000119
18108  14.389  -63.617  17.106 0.3000000119
16330  21.797  -65.176  20.655 0.4000000060
110760  20.970  -65.130  20.696 0.4000000060
16332  19.580  -65.376  20.854 0.3000000119
15549  13.776  -66.030  19.559 0.4000000060
16333  18.978  -65.157  20.852 0.3000000119
16337  14.685  -65.943  20.131 0.3000000119
16351  14.189  -65.379  19.037 0.4000000060
16350  15.102  -65.170  19.774 0.4000000060
18115  14.814  -62.886  17.183 0.3000000119
17221  21.458  -64.375  20.523 0.4000000060
130801  20.864  -64.548  20.571 0.4000000060
17223  19.403  -64.684  20.510 0.4000000060
17224  18.653  -64.713  20.476 0.4000000060
16334  17.660  -65.365  21.136 0.3000000119
17226  17.200  -65.060  20.366 0.3000000119
17241  16.697  -64.581  19.556 0.3000000119
18092  17.213  -64.091  18.923 0.3000000119
18106  16.633  -63.485  18.287 0.5000000000
17256  16.159  -63.930  18.796 0.4000000060
114711  15.751  -63.483  18.158 0.4000000060
19916  15.460  -61.706  16.638 0.3000000119
129197  21.346  -63.689  20.101 0.4000000060
18074  19.933  -64.123  20.141 0.4000000060
18075  19.029  -64.150  19.849 0.3000000119
131625  18.383  -63.548  18.709 0.3000000119
124183  18.549  -63.087  18.335 0.3000000119
18993  19.820  -62.712  17.524 0.3000000119
17225  17.957  -64.845  20.506 0.3000000119
17239  18.287  -64.414  19.989 0.3000000119
18105  17.697  -63.404  18.428 0.3000000119
124105  18.859  -62.569  17.746 0.3000000119
122973  19.177  -62.110  17.216 0.3000000119
18979  16.912  -62.828  17.787 0.3000000119
18114  15.810  -62.931  17.641 0.3000000119
19932  15.833  -61.029  16.423 0.3000000119
117343  24.742  -62.901  20.548 0.3000000119
18071  23.421  -63.309  20.273 0.3000000119
18087  22.640  -63.236  19.764 0.3000000119
18958  22.056  -63.057  18.726 0.3000000119
18991  21.496  -62.429  17.150 0.3000000119
19911  21.021  -61.978  16.476 0.3000000119
18088  21.339  -63.408  19.137 0.3000000119
18975  21.258  -63.119  17.992 0.3000000119
18976  20.356  -63.192  17.969 0.3000000119
18992  20.732  -62.667  17.329 0.3000000119
19928  20.309  -61.597  16.455 0.3000000119
19929  19.495  -61.430  16.750 0.3000000119
18995  17.162  -62.162  17.302 0.3000000119
19913  18.428  -61.375  16.956 0.3000000119
18996  16.168  -62.255  17.171 0.3000000119
19915  16.390  -61.547  16.795 0.3000000119
112522  24.932  -62.232  20.247 0.3000000119
18086  23.281  -62.656  19.803 0.3000000119
18957  22.820  -62.491  19.087 0.3000000119
123602  21.837  -62.645  17.797 0.3000000119
19910  21.853  -61.875  16.348 0.3000000119
20775  20.139  -60.768  16.331 0.3000000119
19930  18.704  -60.302  16.672 0.3000000119
20777  15.892  -60.365  16.240 0.3000000119
19926  22.100  -61.203  15.784 0.3000000119
19927  21.437  -61.439  15.738 0.3000000119
21633  19.567  -59.463  16.560 0.3000000119
20776  17.497  -59.589  16.455 0.3000000119
20763  17.522  -60.540  16.643 0.3000000119
20773  22.288  -60.418  15.503 0.3000000119
20774  21.089  -60.848  15.566 0.3000000119
20761  22.975  -60.574  16.558 0.3000000119
21631  22.581  -59.366  15.380 0.3000000119
21632  21.742  -60.020  15.452 0.3000000119
21646  21.282  -59.196  15.798 0.3000000119
21634  18.088  -58.812  16.500 0.3000000119
21635  16.761  -58.717  16.405 0.3000000119
4987  31.986  -82.792  7.739 0.5000000000
4528  31.157  -82.950  6.839 0.5000000000
5005  30.712  -82.352  6.667 0.4000000060
8398  18.279  -76.944  14.528 0.6999999881
9113  18.538  -75.711  12.911 0.6999999881
5004  30.823  -82.227  6.713 0.5000000000
9689  20.433  -73.994  18.481 0.6000000238
8371  24.653  -76.898  15.469 0.5000000000
11028  22.347  -72.489  18.473 0.6000000238
10428  24.901  -73.629  13.925 0.8000000119
8413  24.137  -75.492  12.654 0.6999999881
117597  25.475  -73.907  16.136 0.6000000238
11007  26.701  -72.682  19.036 0.6999999881
125917  18.016  -67.744  15.971 0.4000000060
12522  30.988  -70.490  14.276 0.5000000000
11702  29.559  -72.065  19.462 0.6000000238
13262  31.521  -69.395  15.751 0.4000000060
10342  29.583  -73.553  19.349 0.6000000238
13978  19.078  -68.093  17.981 0.3000000119
13232  31.360  -69.133  18.420 0.4000000060
13213  32.001  -69.447  18.983 0.4000000060
15546  23.369  -66.567  19.588 0.4000000060
18072  22.135  -63.840  20.256 0.3000000119
18943  24.014  -62.520  20.233 0.3000000119
123369  30.314  -75.405  15.912 0.5000000000
121850  29.422  -74.927  14.850 0.5000000000
9756  28.887  -74.582  14.298 0.6999999881
9782  28.138  -74.453  12.620 0.6999999881
9783  26.977  -74.321  11.697 0.6000000238
9067  29.538  -75.143  15.649 0.5000000000
9742  28.681  -74.659  15.207 0.6000000238
9771  28.208  -74.284  13.557 0.6000000238
8473  26.957  -75.803  10.394 0.6000000238
7786  26.912  -76.453  10.604 0.6000000238
9109  29.013  -75.066  12.416 0.6999999881
9123  27.735  -75.245  10.648 0.6000000238
9124  26.782  -75.181  10.460 0.6000000238
131608  27.925  -74.594  11.768 0.6999999881
9795  27.311  -74.729  11.007 0.6000000238
116952  26.425  -75.480  10.685 0.6000000238
9051  29.802  -75.225  16.600 0.5000000000
116222  29.913  -75.501  12.048 0.6999999881
9122  28.842  -75.413  11.323 0.6999999881
9132  28.320  -75.714  10.277 0.6000000238
8472  27.372  -76.435  9.875 0.6000000238
109741  30.096  -75.357  12.854 0.6000000238
9133  27.348  -75.729  10.130 0.6000000238
9095  30.829  -75.218  13.392 0.6000000238
9033  30.738  -75.585  17.530 0.5000000000
126050  29.424  -74.998  17.567 0.5000000000
9108  30.854  -75.492  12.657 0.6999999881
8451  29.615  -75.915  11.100 0.6000000238
115558  27.852  -77.171  9.357 0.6000000238
9018  31.052  -75.277  18.296 0.5000000000
9705  30.276  -75.123  17.987 0.5000000000
10339  32.233  -73.807  19.214 0.5000000000
9679  30.599  -74.746  18.737 0.5000000000
11002  32.747  -72.335  19.133 0.4000000060
7196  21.091  -77.803  11.802 0.4000000060
7765  20.419  -77.743  13.313 0.4000000060
115594  21.354  -77.965  12.780 0.4000000060
7184  22.596  -78.333  13.284 0.5000000000
7169  22.326  -78.036  14.158 0.5000000000
7194  23.725  -78.760  12.861 0.5000000000
10340  31.382  -73.447  19.410 0.5000000000
7183  23.803  -78.528  13.998 0.5000000000
6544  22.192  -80.336  14.730 0.6000000238
11003  32.146  -72.950  19.433 0.4000000060
7749  24.083  -78.272  14.999 0.5000000000
7182  24.309  -79.057  14.227 0.5000000000
6543  23.431  -80.083  14.873 0.5000000000
7204  23.265  -78.358  11.037 0.5000000000
7195  22.648  -78.251  12.074 0.5000000000
113521  23.756  -78.828  11.806 0.5000000000
7193  24.167  -79.357  12.652 0.5000000000
5964  23.710  -80.248  12.384 0.5000000000
6561  24.275  -79.618  13.612 0.5000000000
127945  24.111  -80.067  13.037 0.5000000000
5925  23.062  -80.532  13.978 0.5000000000
126055  31.448  -72.626  19.592 0.5000000000
6562  24.013  -80.228  13.873 0.5000000000
11724  33.499  -71.324  18.439 0.4000000060
11699  32.304  -71.455  19.405 0.4000000060
12470  33.464  -70.297  18.594 0.4000000060
9135  20.292  -75.924  10.768 0.5000000000
6618  23.881  -79.537  10.597 0.5000000000
11004  30.747  -72.748  19.586 0.5000000000
120573  31.982  -70.783  19.494 0.4000000060
109757  20.115  -73.806  10.748 0.5000000000
9813  20.566  -73.605  9.434 0.5000000000
131433  21.000  -73.396  8.408 0.5000000000
9805  20.666  -74.629  10.277 0.5000000000
12471  32.774  -69.726  18.997 0.4000000060
127958  19.572  -73.032  10.595 0.5000000000
10455  19.958  -72.974  9.660 0.5000000000
11818  20.375  -71.467  9.161 0.5000000000
128287  20.476  -71.498  8.573 0.5000000000
10458  20.439  -72.818  8.489 0.5000000000
10457  21.057  -73.085  7.797 0.4000000060
12600  20.490  -70.712  8.835 0.5000000000
11120  20.144  -72.033  8.269 0.6000000238
10461  20.248  -72.731  7.937 0.6000000238
12581  19.901  -70.547  10.244 0.5000000000
13366  20.377  -70.260  8.572 0.5000000000
12610  20.525  -70.613  8.427 0.5000000000
11850  18.988  -71.518  8.142 0.6000000238
112887  19.050  -72.582  7.880 0.6000000238
10463  19.333  -73.205  7.653 0.6000000238
9822  19.216  -73.964  7.306 0.5000000000
9816  18.184  -74.698  7.731 0.5000000000
124131  17.853  -76.083  8.344 0.5000000000
13337  20.368  -69.799  9.064 0.5000000000
14072  20.761  -68.332  9.172 0.5000000000
115230  20.173  -68.736  8.959 0.5000000000
13367  19.482  -69.902  8.813 0.5000000000
13353  19.336  -69.184  9.048 0.6000000238
11109  17.668  -71.720  8.600 0.6000000238
10462  17.711  -73.195  7.826 0.6000000238
117578  18.331  -73.725  7.653 0.6000000238
9152  17.481  -75.203  8.517 0.5000000000
118640  14.629  -72.766  12.648 0.5000000000
130213  16.847  -76.146  9.828 0.5000000000
14071  21.005  -68.359  9.335 0.5000000000
14881  20.545  -67.402  9.860 0.5000000000
14882  19.741  -67.902  9.754 0.6000000238
14055  18.458  -68.005  10.874 0.6000000238
124611  17.257  -68.064  11.573 0.6000000238
12613  17.059  -70.788  9.522 0.6000000238
13355  17.137  -69.714  10.501 0.6000000238
11110  16.754  -72.279  8.845 0.6000000238
11819  16.180  -71.365  10.050 0.6000000238
126859  16.935  -73.701  8.337 0.6000000238
10459  16.451  -73.722  8.958 0.5000000000
9145  16.936  -75.334  9.332 0.5000000000
9814  16.486  -74.522  9.507 0.5000000000
9807  15.906  -73.961  10.957 0.5000000000
9137  16.031  -75.791  10.850 0.5000000000
114680  15.883  -75.070  11.514 0.5000000000
14866  18.788  -67.080  11.332 0.6000000238
14056  15.930  -67.939  11.906 0.6000000238
13338  16.798  -68.998  11.288 0.6000000238
12602  16.454  -70.515  10.501 0.6000000238
131093  15.940  -69.038  11.686 0.6000000238
11099  16.037  -72.150  9.687 0.5000000000
12583  15.772  -70.466  11.381 0.5000000000
10456  16.109  -73.753  9.851 0.5000000000
122432  15.226  -71.678  11.792 0.5000000000
11784  14.690  -71.075  12.457 0.6000000238
10451  15.455  -73.287  11.536 0.5000000000
11081  14.871  -72.104  12.360 0.5000000000
11082  14.249  -71.869  12.791 0.5000000000
123690  12.418  -70.349  12.769 0.5000000000
14848  16.421  -66.019  12.480 0.6000000238
14849  15.416  -66.564  12.461 0.6000000238
14057  15.189  -68.604  12.141 0.6000000238
13339  15.457  -69.606  11.815 0.6000000238
12559  13.913  -69.884  12.690 0.6000000238
127217  13.167  -69.405  13.076 0.5000000000
113032  16.616  -65.304  12.929 0.6000000238
13318  14.609  -69.252  12.432 0.6000000238
13300  13.701  -67.982  13.468 0.6000000238
13320  12.672  -69.218  13.488 0.5000000000
15594  17.359  -65.592  13.830 0.6000000238
15608  17.270  -65.090  13.275 0.6000000238
15596  15.452  -66.108  13.838 0.6000000238
15610  14.557  -66.133  13.755 0.6000000238
14038  14.170  -67.207  13.143 0.6000000238
14013  13.415  -68.156  14.133 0.5000000000
14827  17.302  -66.507  14.308 0.6000000238
14829  14.769  -66.486  14.274 0.6000000238
129556  15.321  -67.641  14.549 0.6000000238
14024  13.792  -67.063  13.907 0.6000000238
125247  15.475  -68.650  14.989 0.6000000238
13270  15.055  -69.220  15.370 0.5000000000
13269  16.096  -69.251  15.566 0.4000000060
129161  26.241  -75.098  10.677 0.6000000238
9680  29.770  -74.662  18.521 0.5000000000
9664  30.122  -74.190  19.137 0.5000000000
9017  31.878  -75.481  18.635 0.5000000000
9662  31.670  -74.222  19.220 0.5000000000
5965  22.923  -80.565  12.440 0.6000000238
12612  18.297  -70.318  9.158 0.6000000238
12601  17.352  -70.210  9.895 0.6000000238
109893  16.223  -72.956  9.324 0.6000000238
11100  15.693  -72.870  10.396 0.5000000000
15622  15.751  -65.786  12.964 0.6000000238
14037  14.836  -67.438  12.385 0.6000000238
129598  14.312  -67.045  14.408 0.6000000238
13284  13.522  -68.447  14.553 0.6000000238
4977  33.077  -83.203  8.824 0.4000000060
4961  30.800  -81.583  11.454 0.5000000000
112462  30.737  -81.185  10.761 0.5000000000
4969  31.710  -81.857  10.590 0.4000000060
4968  32.670  -82.198  9.511 0.4000000060
5448  31.828  -81.959  8.790 0.4000000060
4978  32.782  -82.735  8.470 0.4000000060
114996  30.737  -80.091  11.778 0.5000000000
5430  30.545  -80.771  11.629 0.5000000000
5449  30.811  -81.183  8.923 0.5000000000
5459  31.628  -81.895  8.060 0.4000000060
6598  30.916  -79.863  11.071 0.5000000000
6616  30.698  -80.005  10.214 0.5000000000
6020  30.580  -80.200  9.093 0.5000000000
5460  30.515  -80.766  7.935 0.5000000000
125798  30.696  -81.466  7.096 0.4000000060
6041  30.483  -80.473  6.838 0.4000000060
6615  31.179  -79.618  10.334 0.5000000000
124214  30.861  -79.761  9.593 0.5000000000
119925  31.360  -79.417  8.359 0.5000000000
6634  30.843  -79.693  8.699 0.5000000000
6651  30.526  -79.920  7.870 0.5000000000
119281  30.411  -81.400  6.360 0.4000000060
7836  28.636  -77.268  8.119 0.5000000000
112464  28.937  -77.739  7.573 0.4000000060
7853  29.051  -77.671  7.219 0.4000000060
7257  29.149  -78.163  6.434 0.4000000060
109674  28.878  -78.933  5.962 0.4000000060
6681  29.251  -79.311  5.331 0.4000000060
6650  30.964  -79.604  7.575 0.5000000000
7270  29.915  -79.218  4.883 0.4000000060
6055  29.575  -80.310  4.975 0.4000000060
5486  29.733  -80.820  5.330 0.4000000060
6649  31.937  -79.337  7.281 0.4000000060
6668  30.834  -79.844  6.551 0.5000000000
120068  30.091  -80.788  5.571 0.4000000060
8513  28.860  -77.277  7.722 0.4000000060
7869  29.733  -77.900  5.951 0.4000000060
7255  30.343  -78.586  5.194 0.4000000060
6648  33.182  -79.379  7.165 0.4000000060
6690  30.062  -79.663  4.834 0.4000000060
6054  30.111  -80.191  4.988 0.4000000060
6666  32.720  -79.226  6.150 0.4000000060
6667  31.563  -79.419  6.193 0.4000000060
116876  31.103  -79.397  5.369 0.4000000060
6048  30.461  -80.131  5.605 0.4000000060
114685  27.988  -76.741  9.086 0.5000000000
8502  28.780  -76.797  7.990 0.4000000060
8501  29.459  -76.522  8.062 0.4000000060
7835  30.239  -76.882  7.348 0.4000000060
121770  31.041  -77.338  6.436 0.4000000060
7868  30.716  -77.890  5.665 0.4000000060
130617  31.316  -78.649  5.233 0.4000000060
6689  30.613  -79.151  4.853 0.4000000060
6678  33.369  -78.944  5.819 0.4000000060
7254  33.041  -78.423  5.560 0.4000000060
122998  31.131  -79.097  5.013 0.4000000060
120921  27.882  -76.140  9.469 0.5000000000
8489  28.624  -76.532  8.732 0.5000000000
8471  29.289  -76.291  10.011 0.6000000238
8488  29.903  -76.481  9.114 0.5000000000
7834  31.390  -77.029  7.382 0.4000000060
7850  32.129  -77.365  6.326 0.4000000060
7849  33.109  -77.378  6.268 0.4000000060
7866  33.580  -77.906  5.657 0.4000000060
121242  31.196  -76.528  9.316 0.4000000060
128716  30.345  -76.184  10.889 0.5000000000
7815  31.818  -76.889  8.430 0.4000000060
7833  32.481  -77.127  7.342 0.4000000060
8469  31.787  -76.390  10.297 0.5000000000
8487  32.303  -76.750  9.460 0.4000000060
7814  32.875  -77.086  8.491 0.4000000060
8450  31.337  -76.154  11.084 0.6000000238
9121  30.827  -75.843  11.783 0.6000000238
8468  32.786  -76.562  10.414 0.5000000000
8486  33.315  -76.933  9.526 0.4000000060
9081  29.716  -74.858  14.206 0.5000000000
15634  18.971  -66.068  11.825 0.5000000000
16440  17.374  -64.992  12.975 0.5000000000
15592  19.056  -65.936  14.090 0.5000000000
16439  18.460  -64.993  12.778 0.5000000000
16404  18.440  -65.174  13.598 0.5000000000
15635  18.048  -66.033  12.051 0.5000000000
6000  30.621  -80.754  10.008 0.5000000000
5440  31.168  -81.500  9.797 0.5000000000
8511  29.313  -76.971  7.393 0.4000000060
7851  29.968  -77.314  6.558 0.4000000060
6679  32.024  -78.832  5.607 0.4000000060
8500  30.630  -76.619  8.270 0.4000000060
124438  31.763  -77.880  5.647 0.4000000060
7867  32.714  -77.843  5.688 0.4000000060
7832  33.495  -77.180  7.354 0.4000000060
8470  30.637  -76.377  10.186 0.5000000000
127138  31.919  -75.906  11.923 0.5000000000
9028  35.212  -75.578  17.840 0.3000000119
8344  34.744  -76.841  16.949 0.3000000119
8330  34.189  -76.490  17.529 0.3000000119
9029  34.433  -75.856  17.930 0.3000000119
9673  36.159  -74.561  18.286 0.3000000119
9013  35.370  -74.820  18.206 0.3000000119
7708  35.175  -77.105  16.222 0.3000000119
7726  34.607  -77.224  15.500 0.4000000060
7727  33.720  -77.118  15.632 0.4000000060
8343  35.675  -76.565  16.862 0.3000000119
8346  32.512  -76.818  16.584 0.4000000060
8331  33.226  -76.678  17.389 0.4000000060
9049  31.155  -76.175  17.114 0.4000000060
128338  30.688  -75.661  16.077 0.4000000060
124458  35.688  -76.029  17.495 0.3000000119
9030  33.577  -76.148  18.120 0.3000000119
9031  32.186  -76.048  18.224 0.4000000060
131723  34.742  -72.984  18.035 0.3000000119
9676  33.317  -74.669  18.723 0.3000000119
109731  34.158  -77.011  13.876 0.4000000060
8410  33.451  -76.481  13.258 0.4000000060
9078  32.304  -75.577  13.459 0.4000000060
9079  31.544  -75.315  13.947 0.4000000060
7725  35.521  -77.176  15.321 0.4000000060
7746  33.980  -77.030  14.756 0.4000000060
8390  33.403  -76.537  14.129 0.4000000060
8391  32.317  -75.721  14.209 0.4000000060
8392  31.645  -75.722  14.810 0.4000000060
8366  32.837  -76.957  15.744 0.4000000060
8367  31.562  -76.274  15.677 0.4000000060
9066  30.237  -75.217  14.963 0.4000000060
7707  36.066  -76.862  16.007 0.3000000119
8347  31.651  -76.524  16.511 0.4000000060
9065  30.935  -75.647  15.459 0.4000000060
8342  36.602  -76.395  16.547 0.3000000119
9032  31.466  -75.914  17.905 0.4000000060
9677  32.342  -74.738  19.045 0.4000000060
8427  33.904  -76.660  12.435 0.4000000060
117607  32.780  -76.011  11.994 0.4000000060
8409  34.471  -76.999  13.043 0.4000000060
8428  33.087  -76.090  12.599 0.4000000060
8429  32.371  -75.693  12.725 0.4000000060
7743  36.824  -77.084  14.341 0.3000000119
8389  35.114  -77.125  13.691 0.4000000060
8363  37.787  -76.617  15.679 0.3000000119
8364  36.928  -76.626  15.797 0.3000000119
9080  30.595  -75.086  14.106 0.4000000060
8341  37.448  -76.337  16.382 0.3000000119
121487  32.321  -76.228  11.198 0.4000000060
119375  33.516  -76.333  11.907 0.4000000060
11025  32.918  -73.296  19.005 0.3000000119
120608  33.368  -72.051  18.628 0.3000000119
10364  32.885  -74.060  18.893 0.3000000119
9096  29.882  -75.092  13.458 0.4000000060
9094  31.665  -75.393  13.129 0.4000000060
8430  31.585  -75.629  12.485 0.4000000060
122600  33.181  -76.378  11.261 0.4000000060
7709  34.288  -77.130  16.323 0.3000000119
9014  34.675  -75.046  18.178 0.3000000119
116253  34.785  -73.653  18.239 0.3000000119
7745  34.879  -77.192  14.569 0.4000000060
8318  32.772  -76.286  18.075 0.4000000060
125931  32.099  -76.735  15.889 0.4000000060
8332  32.069  -76.469  17.477 0.4000000060
115615  31.041  -76.034  16.273 0.4000000060
9016  32.866  -75.610  18.589 0.4000000060
8411  32.797  -75.855  13.149 0.4000000060
110326  32.844  -75.957  13.717 0.4000000060
7744  35.880  -77.153  14.310 0.3000000119
119668  32.338  -76.363  15.064 0.4000000060
7724  36.425  -77.002  15.148 0.3000000119
122038  35.451  -76.934  12.977 0.4000000060
7723  37.282  -76.864  15.032 0.3000000119
3986  32.353  -85.200  14.007 0.3000000119
3068  32.174  -86.104  13.901 0.3000000119
3975  32.302  -85.014  14.914 0.3000000119
121713  32.366  -85.903  14.412 0.3000000119
3976  31.987  -84.558  14.294 0.3000000119
3522  32.340  -85.509  13.575 0.3000000119
114085  31.513  -84.001  15.212 0.3000000119
3966  32.052  -84.641  15.952 0.3000000119
128120  32.479  -85.584  14.748 0.3000000119
4434  30.832  -83.227  14.987 0.3000000119
3993  32.532  -84.874  12.979 0.3000000119
4959  32.854  -82.642  10.496 0.3000000119
4406  32.007  -83.996  17.545 0.3000000119
3956  32.463  -85.459  16.606 0.3000000119
4414  31.121  -83.079  16.390 0.3000000119
4418  31.385  -83.703  16.232 0.3000000119
3965  32.542  -85.543  15.471 0.3000000119
4947  30.854  -82.943  13.385 0.3000000119
4955  30.697  -81.977  12.209 0.3000000119
4960  31.568  -82.355  11.434 0.3000000119
5367  31.023  -82.373  16.082 0.3000000119
4433  31.317  -83.743  14.077 0.3000000119
122571  30.535  -81.763  14.647 0.3000000119
123277  30.504  -81.082  14.021 0.3000000119
5403  30.403  -81.288  13.025 0.3000000119
118699  30.545  -82.249  12.933 0.3000000119
5960  30.589  -80.532  12.453 0.3000000119
6614  32.050  -79.288  10.440 0.4000000060
123110  31.169  -79.783  11.797 0.4000000060
3050  29.065  -86.139  15.020 0.3000000119
3060  27.776  -85.886  13.654 0.3000000119
3056  32.275  -86.444  15.167 0.3000000119
3057  31.906  -86.643  14.399 0.3000000119
3482  32.647  -86.446  18.123 0.3000000119
3033  31.804  -87.195  17.097 0.3000000119
127508  30.787  -87.020  16.625 0.3000000119
3049  29.959  -86.570  15.385 0.3000000119
3059  28.802  -86.399  14.145 0.3000000119
3938  32.883  -85.669  18.689 0.3000000119
3492  32.448  -86.375  16.942 0.3000000119
2526  31.202  -87.229  16.367 0.3000000119
2543  30.459  -87.193  15.000 0.3000000119
3058  29.668  -86.929  14.573 0.3000000119
3047  32.260  -86.666  16.052 0.3000000119
2541  31.464  -87.255  15.505 0.3000000119
126681  30.599  -87.366  14.585 0.3000000119
2556  31.823  -87.001  14.994 0.3000000119
2557  31.445  -87.216  14.555 0.3000000119
3987  32.199  -84.546  13.382 0.3000000119
3994  32.437  -84.319  12.508 0.3000000119
121929  32.281  -84.833  17.443 0.3000000119
116174  30.400  -81.975  13.756 0.3000000119
3502  29.398  -85.818  15.847 0.3000000119
2558  30.746  -87.446  14.189 0.3000000119
111942  32.640  -85.788  17.672 0.3000000119
3034  31.241  -87.109  17.362 0.3000000119
2525  31.820  -87.113  16.229 0.3000000119
2542  30.952  -87.288  15.552 0.3000000119
128370  29.837  -87.668  13.373 0.3000000119
6580  30.978  -80.055  12.480 0.3000000119
110339  38.330  -78.969  8.384 0.3000000119
6630  37.967  -79.358  8.585 0.3000000119
6018  36.661  -79.838  8.626 0.3000000119
118950  35.604  -79.888  8.090 0.4000000060
118718  34.799  -79.778  8.061 0.4000000060
6633  33.699  -79.502  8.200 0.3000000119
6644  37.590  -79.121  7.979 0.3000000119
6661  36.789  -79.077  7.303 0.4000000060
6663  35.289  -79.574  6.577 0.4000000060
6676  34.899  -79.295  6.132 0.4000000060
6665  33.883  -79.352  6.298 0.3000000119
7847  34.863  -77.761  6.532 0.4000000060
7252  34.474  -78.772  5.844 0.4000000060
7253  33.880  -78.558  5.629 0.3000000119
7848  34.019  -77.499  6.371 0.3000000119
6608  40.201  -78.896  10.352 0.3000000119
128068  39.388  -78.967  9.219 0.3000000119
6017  37.435  -79.834  9.231 0.4000000060
6019  36.053  -80.015  9.029 0.4000000060
6631  35.221  -79.806  9.080 0.3000000119
6632  34.172  -79.526  9.194 0.3000000119
127444  33.194  -79.369  9.169 0.3000000119
6627  40.073  -78.505  9.311 0.3000000119
6643  38.852  -78.585  8.684 0.3000000119
7229  38.814  -78.442  8.670 0.3000000119
7828  38.201  -78.475  8.532 0.3000000119
132442  36.679  -78.570  7.340 0.3000000119
7238  36.200  -78.804  6.813 0.4000000060
7810  38.034  -77.952  9.060 0.3000000119
7811  36.924  -77.708  8.826 0.3000000119
7829  36.808  -78.129  7.869 0.3000000119
124705  36.193  -78.046  7.232 0.4000000060
7846  35.628  -78.213  6.603 0.4000000060
121147  35.965  -77.398  9.166 0.3000000119
7812  35.511  -77.356  8.442 0.4000000060
7831  34.486  -77.225  7.359 0.4000000060
8466  34.733  -76.800  10.334 0.3000000119
8484  35.124  -77.247  9.396 0.4000000060
112193  34.826  -77.165  8.382 0.4000000060
127813  34.377  -76.532  11.010 0.3000000119
8485  34.272  -77.064  9.487 0.4000000060
8467  33.787  -76.680  10.519 0.3000000119
5914  39.293  -80.498  13.946 0.3000000119
5935  39.455  -80.457  13.460 0.3000000119
123992  38.181  -81.182  13.218 0.3000000119
5398  37.809  -81.312  12.743 0.3000000119
6592  40.353  -79.297  11.504 0.3000000119
6576  39.851  -79.902  12.101 0.3000000119
5974  38.321  -80.483  11.664 0.3000000119
5429  37.402  -81.106  12.116 0.3000000119
7208  41.441  -77.547  9.607 0.3000000119
7201  40.940  -78.503  10.600 0.3000000119
5995  38.903  -79.936  10.885 0.3000000119
5996  38.155  -80.051  10.476 0.3000000119
5997  37.464  -80.215  10.310 0.3000000119
5999  36.159  -80.446  10.312 0.3000000119
6612  34.615  -79.625  10.319 0.3000000119
6613  33.285  -79.327  10.166 0.3000000119
6595  33.667  -79.454  11.176 0.3000000119
6596  32.731  -79.579  11.662 0.3000000119
7219  40.748  -77.724  9.213 0.3000000119
7798  36.492  -77.231  9.919 0.3000000119
112841  36.189  -76.820  10.870 0.3000000119
8465  35.607  -76.933  10.192 0.3000000119
119268  35.975  -76.677  11.779 0.3000000119
8426  35.032  -76.754  12.215 0.3000000119
8449  33.832  -76.488  11.306 0.3000000119
6539  39.901  -80.022  14.319 0.3000000119
6556  40.043  -80.099  13.811 0.3000000119
5954  39.663  -80.264  12.804 0.3000000119
5955  38.379  -80.931  12.616 0.3000000119
6574  41.063  -78.898  11.833 0.3000000119
5973  39.062  -80.287  12.092 0.3000000119
6579  31.514  -79.789  12.356 0.3000000119
7153  40.531  -79.480  14.936 0.3000000119
6538  40.673  -79.670  14.195 0.3000000119
6537  41.307  -79.390  13.919 0.3000000119
6555  40.643  -79.712  13.510 0.3000000119
6575  40.433  -79.692  12.641 0.3000000119
7166  41.365  -79.195  14.685 0.3000000119
7180  41.809  -78.754  13.416 0.3000000119
6554  41.158  -79.214  13.006 0.3000000119
127962  32.158  -79.411  11.224 0.3000000119
124800  32.436  -79.241  9.593 0.3000000119
116777  32.416  -79.307  8.487 0.3000000119
6647  34.352  -79.647  7.086 0.3000000119
6677  34.258  -79.167  5.994 0.4000000060
7813  33.895  -77.104  8.453 0.4000000060
6629  38.767  -79.069  8.857 0.3000000119
6645  36.691  -79.507  7.734 0.3000000119
6016  38.165  -79.638  9.395 0.3000000119
6032  36.008  -79.855  7.821 0.4000000060
6646  35.324  -79.855  7.114 0.4000000060
6664  34.761  -79.529  6.463 0.4000000060
7830  35.443  -77.482  7.424 0.4000000060
7209  40.710  -78.213  9.645 0.3000000119
6610  38.822  -79.504  9.756 0.3000000119
5998  36.758  -80.175  9.777 0.3000000119
130287  37.787  -79.915  9.847 0.3000000119
6611  35.581  -80.070  9.896 0.4000000060
7220  40.167  -78.056  9.060 0.3000000119
7228  39.632  -78.114  8.947 0.3000000119
7809  39.053  -78.079  8.875 0.3000000119
114156  36.163  -77.621  8.056 0.4000000060
8447  35.182  -76.598  11.148 0.3000000119
5956  37.928  -80.951  12.161 0.3000000119
5975  37.704  -80.583  11.361 0.3000000119
5976  36.897  -80.652  11.105 0.3000000119
114968  23.930  -79.405  15.449 0.4000000060
2540  32.007  -86.973  15.559 0.3000000119
2559  30.121  -87.399  14.266 0.3000000119
3019  32.304  -86.905  17.660 0.3000000119
3048  30.674  -87.048  15.864 0.3000000119
3501  32.612  -86.119  15.851 0.3000000119
3510  32.578  -85.930  15.091 0.3000000119
3957  31.826  -84.318  16.859 0.3000000119
4419  30.931  -83.141  15.751 0.3000000119
4447  31.756  -83.783  12.895 0.3000000119
4542  30.473  -82.494  6.628 0.4000000060
4936  30.676  -82.480  15.250 0.3000000119
5404  27.364  -80.790  13.545 0.5000000000
5417  30.500  -81.182  12.186 0.5000000000
5478  29.546  -81.374  5.551 0.4000000060
5921  30.861  -81.067  14.775 0.3000000119
5923  27.750  -80.590  14.259 0.5000000000
5934  40.085  -80.080  13.289 0.3000000119
5944  28.049  -80.448  13.470 0.6000000238
5945  23.571  -80.456  13.174 0.5000000000
5946  22.383  -80.601  13.107 0.6000000238
5961  28.140  -80.352  12.642 0.6000000238
5962  27.388  -80.615  12.223 0.6000000238
5979  30.611  -80.361  10.952 0.5000000000
5983  23.710  -80.028  11.442 0.5000000000
6004  23.542  -80.094  10.591 0.5000000000
6527  24.319  -78.955  16.140 0.5000000000
6542  24.221  -79.646  14.456 0.5000000000
6557  32.356  -79.835  12.543 0.3000000119
6583  23.999  -79.877  12.240 0.5000000000
6593  39.622  -79.615  11.209 0.3000000119
6597  31.514  -79.566  11.133 0.3000000119
6601  24.059  -79.435  11.582 0.5000000000
6609  39.524  -79.282  10.055 0.3000000119
6628  39.490  -78.498  8.984 0.3000000119
6662  36.008  -79.605  6.919 0.4000000060
6680  30.551  -79.495  4.968 0.4000000060
6691  29.407  -79.816  4.962 0.4000000060
7142  28.067  -78.566  16.292 0.5000000000
7170  21.337  -77.797  14.319 0.6000000238
7185  21.397  -77.986  13.699 0.6000000238
7222  28.703  -78.133  9.181 0.6999999881
7230  37.383  -78.682  7.949 0.3000000119
7239  35.564  -79.113  6.355 0.4000000060
7256  29.492  -78.657  5.578 0.4000000060
7699  27.046  -77.889  16.977 0.5000000000
7700  26.372  -78.082  17.177 0.5000000000
7710  33.427  -77.018  16.449 0.4000000060
7729  27.506  -76.985  15.169 0.6000000238
7730  24.679  -77.605  15.577 0.5000000000
7752  20.782  -77.530  14.805 0.6000000238
7766  19.425  -77.550  13.085 0.6000000238
7778  19.178  -77.335  12.252 0.6000000238
7789  18.940  -76.933  12.010 0.6000000238
7802  20.097  -77.367  11.004 0.6000000238
7808  40.642  -77.541  9.209 0.3000000119
7852  29.244  -77.517  6.892 0.4000000060
7864  34.994  -78.547  6.119 0.4000000060
7865  34.316  -78.116  5.816 0.4000000060
8329  35.012  -76.289  17.462 0.3000000119
8345  33.996  -76.887  16.970 0.3000000119
8351  19.780  -76.348  16.492 0.6000000238
8365  33.185  -76.728  14.930 0.4000000060
8368  26.585  -76.554  14.509 0.6000000238
8375  20.315  -76.874  16.099 0.6999999881
8377  18.452  -76.569  15.482 0.6999999881
8378  17.864  -76.252  14.807 0.6999999881
8408  35.852  -77.011  13.491 0.3000000119
8414  17.938  -76.544  14.028 0.6999999881
8415  17.806  -76.124  14.241 0.6999999881
8433  18.612  -76.561  12.528 0.6000000238
8448  34.297  -76.579  11.674 0.3000000119
8453  19.586  -76.616  11.483 0.6000000238
8490  28.440  -76.911  8.423 0.5000000000
8503  28.666  -77.053  7.987 0.4000000060
8505  18.361  -75.626  7.612 0.5000000000
8512  28.915  -77.201  7.581 0.4000000060
9034  30.149  -75.287  17.272 0.5000000000
9036  21.330  -75.091  17.331 0.6999999881
9037  20.532  -75.030  17.429 0.6999999881
9039  19.182  -74.919  17.139 0.6000000238
9050  30.537  -75.633  16.707 0.4000000060
9054  19.412  -75.559  16.795 0.6000000238
9055  18.710  -75.226  16.584 0.6000000238
9082  23.443  -75.252  13.204 0.6999999881
9084  17.894  -75.677  14.422 0.6999999881
9097  24.602  -75.281  12.099 0.6999999881
9110  28.174  -74.981  11.423 0.6000000238
9111  25.244  -75.181  11.606 0.6999999881
9125  25.985  -74.906  11.044 0.6999999881
9136  16.551  -75.476  10.104 0.5000000000
9157  19.045  -74.887  6.956 0.5000000000
9663  30.945  -74.189  19.223 0.5000000000
9674  34.880  -74.330  18.270 0.3000000119
9678  31.427  -74.839  19.018 0.5000000000
9682  27.841  -74.416  18.269 0.6999999881
9684  26.130  -73.877  17.950 0.6999999881
9685  24.664  -73.970  18.228 0.6999999881
9690  19.863  -74.025  18.388 0.6000000238
9714  20.107  -74.453  18.077 0.6000000238
9715  19.434  -74.344  17.683 0.6000000238
9726  27.988  -74.613  16.736 0.6000000238
9743  27.951  -74.156  15.053 0.6999999881
9745  24.369  -73.945  14.486 0.8000000119
9746  23.740  -74.356  14.926 0.6999999881
9749  18.399  -74.614  15.614 0.6999999881
9760  24.099  -74.285  13.621 0.8000000119
9770  28.994  -74.739  13.466 0.5000000000
9773  25.539  -74.047  12.691 0.6999999881
9774  24.463  -74.423  12.942 0.6999999881
9775  18.336  -75.153  13.793 0.6999999881
9785  19.592  -74.958  12.304 0.6000000238
9796  26.569  -74.806  10.799 0.6000000238
9797  20.196  -74.841  11.384 0.6000000238
9798  15.569  -74.247  12.011 0.5000000000
9806  16.279  -74.731  10.481 0.5000000000
9815  21.349  -73.721  7.263 0.4000000060
9817  17.462  -74.175  8.059 0.5000000000
9818  16.821  -74.430  8.709 0.5000000000
9821  20.153  -74.206  6.712 0.5000000000
10341  30.442  -73.506  19.405 0.5000000000
10343  27.843  -73.426  19.205 0.6000000238
10345  26.299  -73.099  18.878 0.6999999881
10366  27.409  -73.875  18.758 0.6999999881
10370  23.250  -73.550  18.708 0.6999999881
10371  21.852  -73.216  18.469 0.6000000238
10372  20.877  -73.292  18.297 0.6000000238
10386  20.188  -73.118  18.042 0.6000000238
10387  19.576  -73.688  17.946 0.6000000238
10388  18.970  -74.000  17.267 0.6000000238
10397  19.240  -73.417  17.147 0.6000000238
10398  18.808  -73.798  16.700 0.6000000238
10414  19.149  -73.336  16.291 0.6999999881
10429  19.304  -73.138  14.760 0.6999999881
10449  19.511  -73.394  11.461 0.5000000000
11001  32.911  -71.568  18.977 0.4000000060
11024  33.692  -72.813  18.573 0.3000000119
11042  20.270  -72.525  17.458 0.6000000238
11052  20.361  -72.393  15.963 0.6999999881
11074  19.211  -72.918  13.361 0.6000000238
11080  18.959  -72.399  12.595 0.6000000238
11088  18.924  -72.087  11.621 0.6000000238
11089  15.320  -72.414  11.498 0.5000000000
11097  19.705  -72.371  9.990 0.5000000000
11108  20.202  -72.078  8.894 0.5000000000
11121  19.324  -71.910  8.056 0.6000000238
11122  17.955  -72.279  8.117 0.6000000238
11123  16.853  -73.017  8.468 0.6000000238
11700  31.563  -71.296  19.650 0.5000000000
11701  30.330  -71.504  19.550 0.6000000238
11703  28.731  -72.225  19.365 0.6000000238
11705  26.373  -71.983  18.914 0.6999999881
11706  25.537  -71.807  18.901 0.6999999881
11707  24.637  -71.757  18.850 0.6999999881
11730  23.924  -71.544  18.467 0.6999999881
11732  22.045  -71.886  18.160 0.6999999881
11745  21.754  -71.550  17.524 0.6999999881
11746  20.903  -71.844  17.337 0.6000000238
11756  21.507  -71.427  16.627 0.8000000119
11764  21.784  -71.215  14.961 0.8000000119
11765  21.367  -71.511  15.642 0.8000000119
11776  20.021  -71.936  13.907 0.6999999881
11777  19.392  -71.972  13.523 0.6000000238
11794  24.780  -71.251  10.552 0.6000000238
11795  19.967  -71.137  9.953 0.5000000000
11796  19.216  -71.331  11.137 0.6000000238
11797  15.406  -71.082  11.577 0.5000000000
11820  15.871  -71.137  10.852 0.6000000238
11832  25.264  -71.326  9.334 0.6000000238
11833  20.547  -71.041  8.500 0.5000000000
11834  19.993  -70.942  8.255 0.5000000000
11835  18.300  -70.995  8.697 0.6000000238
11836  16.801  -71.547  9.190 0.6000000238
11849  20.108  -71.444  8.285 0.6000000238
12448  32.736  -70.710  19.144 0.4000000060
12449  32.016  -70.101  19.309 0.4000000060
12450  31.233  -70.502  19.520 0.6000000238
12472  29.938  -70.282  18.874 0.6000000238
12474  27.719  -70.811  18.056 0.6999999881
12485  29.348  -70.179  17.877 0.6000000238
12487  27.971  -70.380  17.377 0.6000000238
12490  23.019  -70.821  17.173 0.6999999881
12499  26.584  -70.148  16.775 0.6000000238
12500  25.196  -70.442  16.929 0.6000000238
12501  24.353  -70.414  16.755 0.6000000238
12503  22.739  -70.736  16.225 0.6000000238
12509  30.107  -69.996  16.336 0.5000000000
12511  28.840  -69.972  15.483 0.6000000238
12512  24.085  -70.240  15.820 0.6000000238
12523  30.597  -70.442  14.998 0.5000000000
12525  28.687  -69.743  14.607 0.6000000238
12526  24.192  -70.359  14.072 0.8000000119
12540  23.002  -71.253  12.918 0.6000000238
12541  21.937  -70.986  13.468 0.6000000238
12553  23.008  -70.835  12.325 0.5000000000
12554  22.303  -70.667  12.850 0.5000000000
12558  15.021  -70.231  12.093 0.6000000238
12560  12.676  -69.820  13.033 0.5000000000
12582  16.292  -69.800  11.260 0.6000000238
12599  24.577  -71.028  10.224 0.6000000238
12611  19.767  -70.449  8.496 0.5000000000
13199  16.424  -69.592  20.927 0.3000000119
13214  31.265  -69.737  19.150 0.4000000060
13215  30.644  -70.112  19.236 0.6000000238
13238  31.180  -68.976  17.416 0.4000000060
13249  26.393  -69.773  15.885 0.6000000238
13267  25.582  -69.716  15.564 0.6000000238
13271  13.946  -69.037  15.236 0.5000000000
13281  26.373  -69.420  14.648 0.6000000238
13282  25.575  -69.619  14.633 0.6000000238
13297  27.500  -69.232  13.733 0.6000000238
13298  25.303  -69.776  13.857 0.6999999881
13301  12.681  -68.873  14.054 0.5000000000
13311  25.393  -69.979  13.033 0.6000000238
13312  23.859  -71.153  11.800 0.6000000238
13315  21.550  -69.322  12.531 0.5000000000
13319  13.635  -68.905  13.073 0.6000000238
13351  20.723  -68.872  9.060 0.5000000000
13352  20.271  -69.510  8.883 0.5000000000
13354  18.218  -69.732  9.652 0.6000000238
13961  16.434  -68.785  21.452 0.3000000119
13992  32.707  -68.187  16.653 0.4000000060
14011  16.382  -67.705  14.641 0.6000000238
14012  13.824  -67.408  14.256 0.6000000238
14034  22.865  -68.847  12.119 0.5000000000
14070  21.315  -67.716  9.944 0.5000000000
14073  19.222  -68.610  9.592 0.6000000238
14074  18.065  -68.970  10.404 0.6000000238
14788  33.278  -67.880  16.116 0.4000000060
14794  19.697  -67.552  16.274 0.4000000060
14807  22.599  -67.832  15.439 0.4000000060
14810  19.239  -67.329  15.392 0.4000000060
14828  15.837  -66.834  14.236 0.6000000238
14837  14.261  -66.436  13.599 0.6000000238
14850  14.589  -66.618  12.880 0.6000000238
14865  19.668  -66.972  10.704 0.6000000238
14867  17.504  -66.769  11.930 0.6000000238
14868  16.427  -67.007  12.048 0.6000000238
15521  19.148  -66.525  21.210 0.3000000119
15523  17.552  -66.652  21.675 0.3000000119
15535  19.860  -66.722  20.954 0.3000000119
15548  21.247  -66.477  20.143 0.4000000060
15593  18.185  -65.665  14.077 0.5000000000
15595  16.514  -66.202  13.906 0.6000000238
15597  14.696  -66.095  13.974 0.6000000238
15605  21.522  -65.587  13.301 0.5000000000
15609  15.348  -65.890  13.509 0.6000000238
15620  18.041  -65.347  12.481 0.5000000000
15621  17.253  -65.525  12.492 0.6000000238
15623  14.819  -66.071  13.180 0.6000000238
15650  22.369  -65.800  10.381 0.4000000060
16314  18.058  -65.763  21.491 0.3000000119
16315  17.340  -65.924  21.588 0.3000000119
16331  20.252  -65.599  20.806 0.4000000060
16363  13.697  -64.830  17.835 0.3000000119
16364  12.879  -65.118  17.328 0.3000000119
16375  12.373  -64.846  16.906 0.3000000119
16405  17.785  -65.125  13.577 0.6000000238
16419  21.067  -64.504  12.958 0.6000000238
16421  17.922  -64.951  13.249 0.5000000000
16422  16.827  -65.151  13.129 0.6000000238
16436  21.604  -64.170  12.546 0.5000000000
16438  19.542  -64.842  12.605 0.6000000238
16448  20.976  -64.545  11.529 0.5000000000
16449  19.295  -65.334  12.125 0.5000000000
16450  18.659  -65.358  12.372 0.5000000000
16466  21.251  -65.626  10.712 0.5000000000
17202  18.363  -65.247  21.017 0.3000000119
17222  20.258  -64.787  20.590 0.4000000060
17240  17.602  -64.533  19.719 0.3000000119
17242  15.557  -64.441  19.325 0.4000000060
17243  14.582  -64.571  18.613 0.4000000060
18073  20.738  -64.104  20.366 0.4000000060
18089  20.526  -63.639  19.635 0.4000000060
18090  19.694  -63.771  19.487 0.3000000119
18091  18.196  -64.058  19.138 0.3000000119
18104  19.041  -63.606  18.906 0.3000000119
18974  22.413  -62.317  18.162 0.3000000119
18977  19.429  -63.090  18.195 0.3000000119
18978  17.892  -62.631  17.861 0.3000000119
18994  18.166  -62.050  17.369 0.3000000119
19912  20.150  -62.103  17.015 0.3000000119
19914  17.370  -61.434  16.973 0.3000000119
19931  16.536  -60.766  16.459 0.3000000119
20762  22.574  -60.750  15.983 0.3000000119
20772  22.801  -60.035  15.813 0.3000000119
21630  23.119  -59.237  15.628 0.3000000119
22444  20.290  -58.617  16.368 0.3000000119
22445  19.046  -58.362  16.538 0.3000000119
110135  26.904  -69.241  14.213 0.6000000238
110672  18.301  -75.117  16.020 0.6000000238
111473  18.971  -71.250  12.809 0.6000000238
111685  28.649  -79.860  5.617 0.4000000060
111920  37.483  -78.234  8.373 0.3000000119
111956  27.799  -69.393  14.475 0.6000000238
112022  14.327  -68.203  12.709 0.6000000238
112091  31.023  -75.368  14.638 0.4000000060
112645  26.618  -69.382  13.206 0.6000000238
112836  14.185  -66.487  14.084 0.6000000238
113187  27.366  -73.856  14.465 0.8000000119
113530  25.432  -78.387  17.009 0.5000000000
113954  24.214  -79.062  13.451 0.5000000000
114116  31.247  -82.340  7.016 0.5000000000
114314  15.628  -71.830  10.766 0.5000000000
115054  27.583  -77.834  16.474 0.5000000000
115103  16.876  -67.159  14.471 0.6000000238
115104  18.252  -76.662  13.170 0.6999999881
115268  19.059  -73.396  15.527 0.6999999881
115474  30.630  -82.702  14.372 0.3000000119
116800  38.209  -78.736  8.379 0.3000000119
116837  38.967  -80.736  12.995 0.3000000119
116861  18.304  -77.045  13.729 0.6999999881
117132  18.179  -67.099  21.443 0.3000000119
117146  20.745  -59.852  16.097 0.3000000119
117253  24.682  -70.891  17.665 0.6999999881
117840  15.342  -62.370  16.918 0.3000000119
118258  23.143  -59.767  16.451 0.3000000119
118591  16.154  -68.009  21.798 0.3000000119
118737  32.773  -79.371  10.961 0.3000000119
118959  16.459  -59.719  16.216 0.3000000119
119135  13.190  -68.590  13.680 0.6000000238
119346  31.020  -87.371  14.911 0.3000000119
119456  26.013  -71.006  18.151 0.6999999881
119509  17.946  -68.196  20.709 0.3000000119
119585  25.384  -73.635  18.388 0.6999999881
119871  16.034  -67.418  21.815 0.3000000119
120247  26.187  -77.594  16.530 0.5000000000
121051  31.480  -79.405  9.412 0.5000000000
121194  17.183  -67.993  15.320 0.5000000000
121741  18.873  -65.774  21.217 0.3000000119
122033  20.165  -67.628  17.119 0.4000000060
122065  21.944  -63.465  19.620 0.3000000119
122100  21.403  -67.252  10.063 0.5000000000
122121  22.938  -70.732  14.506 0.8000000119
122149  18.404  -68.515  17.919 0.3000000119
123232  31.847  -79.554  11.819 0.4000000060
123478  18.745  -66.724  14.611 0.5000000000
123574  31.902  -72.100  19.618 0.5000000000
124128  22.472  -65.372  20.510 0.4000000060
124245  21.372  -65.745  20.548 0.4000000060
124344  16.861  -66.483  21.724 0.3000000119
124494  20.804  -61.400  15.905 0.3000000119
124895  28.130  -71.854  19.104 0.6999999881
125745  15.099  -72.828  12.126 0.5000000000
125987  25.565  -70.819  17.637 0.6999999881
126058  21.417  -71.483  14.071 0.8000000119
126249  23.269  -74.660  15.367 0.6000000238
126629  32.829  -76.202  14.370 0.4000000060
126805  14.415  -68.236  14.687 0.6000000238
126870  20.235  -66.222  20.895 0.3000000119
127443  32.135  -86.879  16.807 0.3000000119
127515  16.438  -65.580  13.383 0.6000000238
127629  30.901  -71.145  19.685 0.6000000238
127738  25.545  -73.038  18.855 0.6999999881
127748  21.348  -71.950  17.957 0.6999999881
127882  37.269  -79.535  8.361 0.3000000119
128807  21.241  -71.692  14.813 0.8000000119
129188  24.003  -73.808  18.601 0.6999999881
129335  27.442  -77.313  15.893 0.5000000000
129587  23.886  -66.796  19.323 0.4000000060
129687  18.007  -76.066  15.403 0.6999999881
129748  23.423  -70.912  11.914 0.5000000000
129845  18.522  -73.153  7.697 0.6000000238
129993  20.921  -76.608  16.009 0.6999999881
130055  26.889  -69.577  12.400 0.6000000238
130680  41.766  -78.815  14.779 0.3000000119
130822  38.545  -81.003  13.133 0.3000000119
131257  17.920  -75.400  8.057 0.5000000000
131438  16.268  -65.533  13.172 0.6000000238
131715  28.377  -73.175  19.414 0.6000000238
131741  21.721  -60.856  15.452 0.3000000119
131818  32.242  -78.358  5.471 0.4000000060
131935  27.504  -74.078  12.820 0.6000000238
132037  31.463  -87.230  14.963 0.3000000119
132365  19.825  -77.610  13.793 0.6000000238
132409  22.601  -73.196  18.639 0.6999999881
