#!ascii label  , from subject sub-04 vox2ras=TkReg
2080
10337  45.127  -72.996  19.225 0.2000000030
10331  45.418  -72.859  20.274 0.2000000030
123679  46.195  -72.365  19.518 0.2000000030
11033  47.021  -72.196  16.807 0.1000000015
113303  45.655  -72.904  21.174 0.3000000119
10997  46.255  -72.178  20.514 0.2000000030
10336  46.035  -72.578  18.490 0.1000000015
10354  45.130  -73.250  18.224 0.2000000030
11000  46.762  -71.908  18.670 0.1000000015
11016  46.912  -72.024  17.675 0.1000000015
11015  47.351  -71.287  17.923 0.1000000015
11714  47.281  -70.724  17.881 0.1000000015
11032  47.395  -71.487  16.635 0.1000000015
12462  45.908  -69.906  18.160 0.1000000015
12479  47.077  -70.526  17.151 0.1000000015
12480  46.309  -70.260  17.548 0.1000000015
12463  44.598  -69.550  18.716 0.2000000030
11715  45.407  -69.996  18.103 0.1000000015
11692  46.031  -71.236  20.402 0.1000000015
12430  45.357  -70.393  20.320 0.1000000015
120416  46.593  -71.801  19.427 0.2000000030
12428  46.798  -70.915  19.165 0.1000000015
11691  46.430  -71.505  19.899 0.1000000015
126322  46.948  -71.461  18.755 0.1000000015
12442  46.394  -70.233  18.922 0.1000000015
13225  45.124  -69.397  19.084 0.1000000015
121942  43.284  -68.812  20.462 0.2000000030
13206  44.345  -69.270  19.524 0.2000000030
13955  41.529  -68.411  21.335 0.1000000015
128850  43.562  -69.064  19.857 0.2000000030
13946  40.786  -68.159  21.806 0.2000000030
13956  40.494  -68.540  20.934 0.1000000015
14741  39.100  -67.774  21.175 0.1000000015
12429  46.055  -70.501  19.726 0.1000000015
12419  44.541  -70.326  20.840 0.1000000015
13204  45.614  -69.688  19.327 0.1000000015
14730  40.189  -67.881  22.186 0.2000000030
14725  38.972  -67.147  22.466 0.2000000030
13947  39.877  -68.117  21.531 0.2000000030
14732  38.777  -67.162  21.607 0.1000000015
13192  45.384  -69.675  19.893 0.1000000015
13185  44.131  -69.458  20.741 0.1000000015
13205  44.917  -69.333  19.735 0.1000000015
13194  44.070  -69.202  20.248 0.2000000030
13938  41.458  -68.433  22.648 0.2000000030
13945  41.568  -68.309  22.032 0.3000000119
15513  38.354  -66.597  22.005 0.3000000119
15518  38.225  -66.710  21.273 0.2000000030
15528  37.922  -66.537  20.644 0.2000000030
13958  38.634  -68.042  20.331 0.2000000030
13939  40.768  -68.078  22.589 0.3000000119
13954  42.913  -68.559  21.077 0.2000000030
15514  37.872  -66.035  22.414 0.3000000119
17188  37.212  -64.785  22.516 0.3000000119
18037  37.063  -64.034  22.363 0.3000000119
16312  37.582  -65.334  22.021 0.3000000119
16323  37.589  -65.253  21.177 0.2000000030
14743  38.007  -66.999  20.129 0.2000000030
121835  37.826  -66.443  19.888 0.2000000030
17181  36.642  -64.298  23.553 0.4000000060
15511  37.889  -66.062  23.293 0.3000000119
16308  37.447  -65.468  22.855 0.3000000119
14724  39.883  -67.541  22.820 0.2000000030
112955  38.421  -66.623  22.906 0.2000000030
17198  37.436  -64.500  21.706 0.3000000119
116841  37.696  -65.859  20.567 0.2000000030
132059  37.571  -64.614  20.998 0.2000000030
126111  37.753  -65.737  19.957 0.2000000030
18038  36.600  -63.732  22.982 0.3000000119
17189  36.854  -64.378  22.925 0.3000000119
126741  37.597  -63.228  21.186 0.2000000030
18083  38.405  -63.669  20.223 0.2000000030
18066  37.950  -63.382  20.716 0.2000000030
17235  38.702  -64.145  19.710 0.1000000015
16344  37.702  -65.069  20.429 0.2000000030
16343  38.182  -65.131  19.613 0.2000000030
17236  38.147  -64.475  20.146 0.2000000030
18925  36.829  -62.190  22.156 0.3000000119
18924  37.369  -62.090  21.391 0.3000000119
18052  36.905  -63.189  22.306 0.3000000119
19868  37.012  -61.007  21.000 0.2000000030
19855  37.607  -61.612  20.801 0.2000000030
18051  37.328  -63.605  21.715 0.3000000119
18938  37.846  -62.512  20.883 0.1000000015
18065  38.488  -62.799  20.239 0.1000000015
18951  39.719  -62.756  19.318 0.1000000015
18952  38.965  -62.485  19.675 0.1000000015
19880  38.649  -61.867  19.582 0.1000000015
17234  39.354  -63.764  19.316 0.1000000015
19845  36.586  -61.164  22.405 0.3000000119
20711  36.669  -60.687  21.616 0.2000000030
20719  36.598  -60.283  20.824 0.2000000030
21581  36.341  -59.514  20.220 0.2000000030
22417  36.544  -58.304  19.086 0.1000000015
115037  36.792  -60.256  20.028 0.1000000015
124478  36.755  -59.740  19.420 0.1000000015
20731  37.342  -60.621  19.483 0.1000000015
123469  37.923  -61.410  19.995 0.1000000015
18970  39.300  -62.293  19.186 0.1000000015
131202  39.402  -62.159  18.792 0.1000000015
21571  36.140  -59.875  21.714 0.2000000030
22416  36.922  -58.368  18.385 0.1000000015
21604  37.274  -59.148  17.966 0.1000000015
21593  37.190  -59.911  18.710 0.1000000015
20757  37.586  -60.201  18.033 0.1000000015
19894  37.983  -61.297  19.114 0.1000000015
19893  38.764  -61.758  18.732 0.1000000015
20743  37.978  -61.086  18.263 0.1000000015
23195  37.477  -57.529  17.492 0.1000000015
20756  38.021  -60.637  17.470 0.1000000015
19904  39.391  -62.011  18.259 0.1000000015
120289  37.107  -57.762  18.117 0.1000000015
12461  46.640  -70.170  18.062 0.1000000015
13196  41.470  -68.811  20.530 0.1000000015
114381  50.038  -59.337  28.655 0.5000000000
114149  50.060  -58.084  29.793 0.5000000000
129698  49.476  -58.472  29.413 0.5000000000
21474  48.984  -59.307  28.783 0.5000000000
21487  48.520  -59.874  27.998 0.5000000000
23854  50.714  -56.524  32.095 0.2000000030
111963  51.409  -56.752  31.776 0.2000000030
23035  50.638  -56.737  31.477 0.3000000119
23040  51.040  -57.115  30.900 0.3000000119
23047  50.289  -57.532  30.391 0.5000000000
23048  49.391  -57.694  30.196 0.5000000000
130042  48.962  -58.075  29.968 0.5000000000
22294  48.602  -58.613  29.324 0.5000000000
20633  49.054  -60.664  27.395 0.5000000000
19764  50.126  -61.191  27.181 0.5000000000
19772  52.168  -62.192  25.956 0.5000000000
116775  49.940  -56.197  32.420 0.3000000119
23864  49.796  -56.557  31.429 0.3000000119
21475  48.159  -59.190  28.504 0.5000000000
19774  49.540  -61.248  26.494 0.5000000000
19796  50.299  -61.658  25.671 0.5000000000
113333  51.420  -65.044  26.532 0.4000000060
17143  51.495  -64.780  25.707 0.5000000000
18007  52.214  -63.556  25.193 0.5000000000
19794  52.520  -62.199  24.885 0.5000000000
19795  51.778  -61.945  25.575 0.5000000000
17144  51.109  -65.340  26.288 0.4000000060
130238  50.162  -56.179  33.028 0.3000000119
23855  49.402  -56.348  31.730 0.4000000060
23865  48.719  -56.593  31.327 0.4000000060
23049  48.875  -57.615  30.237 0.5000000000
23050  48.226  -57.591  30.141 0.5000000000
22283  48.375  -58.042  29.764 0.5000000000
22295  47.717  -58.569  28.913 0.5000000000
23063  47.562  -57.901  29.515 0.5000000000
21476  47.394  -59.205  28.014 0.5000000000
112547  47.808  -59.612  27.747 0.5000000000
20645  48.453  -60.817  26.474 0.5000000000
18867  52.773  -62.463  24.552 0.5000000000
19816  52.475  -62.087  24.407 0.5000000000
16271  49.744  -65.747  27.823 0.4000000060
17120  50.663  -65.538  26.805 0.4000000060
17160  51.045  -65.285  25.286 0.5000000000
24642  49.754  -55.383  39.047 0.1000000015
24653  49.021  -55.726  38.238 0.1000000015
24662  47.705  -55.696  37.119 0.1000000015
23780  49.416  -55.976  37.127 0.1000000015
24654  48.522  -55.813  37.439 0.1000000015
125410  49.513  -55.997  36.004 0.1000000015
24669  48.309  -56.067  35.489 0.1000000015
24670  47.602  -55.950  35.290 0.1000000015
23841  49.678  -56.071  33.357 0.2000000030
129769  49.600  -55.917  34.752 0.1000000015
23874  48.739  -56.923  30.804 0.5000000000
23856  49.194  -56.182  32.609 0.4000000060
23857  48.621  -56.388  32.044 0.4000000060
23044  48.088  -57.220  30.591 0.4000000060
23051  47.257  -57.411  30.084 0.5000000000
112155  46.989  -58.264  28.880 0.5000000000
110698  46.924  -58.745  28.257 0.5000000000
19775  49.020  -61.258  25.647 0.5000000000
120672  48.623  -66.503  28.637 0.5000000000
24605  48.789  -54.766  41.810 0.1000000015
25467  50.166  -53.665  40.999 0.1000000015
25466  50.424  -54.006  40.493 0.1000000015
24628  49.926  -54.229  39.810 0.1000000015
24643  48.937  -54.892  39.029 0.1000000015
117051  48.233  -55.456  38.085 0.1000000015
24655  47.546  -55.201  37.894 0.1000000015
24629  49.358  -53.618  39.790 0.1000000015
24656  46.804  -55.067  37.269 0.1000000015
24688  44.890  -55.604  33.444 0.2000000030
23810  50.100  -55.862  35.319 0.1000000015
23811  49.127  -56.047  35.220 0.1000000015
24675  48.367  -56.111  34.712 0.1000000015
24676  47.521  -56.009  34.454 0.1000000015
24687  45.743  -55.939  33.513 0.2000000030
23842  48.324  -56.107  33.905 0.2000000030
24685  47.450  -56.114  33.671 0.1000000015
23843  47.281  -56.304  32.929 0.2000000030
23859  46.135  -56.756  32.185 0.2000000030
24694  45.398  -56.401  32.934 0.2000000030
24695  44.428  -56.128  32.896 0.2000000030
111836  48.273  -56.293  32.994 0.2000000030
130802  47.850  -56.455  32.340 0.2000000030
23866  47.910  -56.627  31.689 0.3000000119
117551  46.361  -57.104  30.915 0.3000000119
23881  46.598  -57.272  30.430 0.4000000060
23052  46.255  -57.497  29.854 0.5000000000
112834  51.136  -61.959  24.766 0.5000000000
23064  46.668  -57.816  29.305 0.4000000060
18904  52.951  -62.306  22.817 0.5000000000
18892  52.774  -61.920  23.025 0.5000000000
19825  51.764  -62.011  23.393 0.5000000000
18903  53.195  -62.532  22.965 0.5000000000
18891  53.092  -61.994  23.285 0.5000000000
19824  52.848  -61.946  23.556 0.5000000000
21499  47.318  -59.980  26.569 0.5000000000
21488  47.184  -59.592  27.113 0.5000000000
17168  51.716  -64.451  23.929 0.5000000000
18029  52.719  -63.424  23.356 0.5000000000
18019  53.072  -62.366  23.646 0.5000000000
19817  50.447  -61.799  23.970 0.5000000000
17161  50.769  -65.276  25.621 0.5000000000
17159  51.589  -64.502  24.811 0.5000000000
19815  52.880  -62.090  23.908 0.5000000000
119245  49.745  -61.523  24.852 0.6000000238
18020  52.486  -63.357  24.286 0.5000000000
16251  49.310  -66.014  28.375 0.4000000060
24606  47.776  -54.712  41.575 0.1000000015
25455  49.728  -53.854  41.585 0.1000000015
25469  48.518  -52.830  41.147 0.1000000015
26282  47.905  -52.302  41.037 0.1000000015
26284  45.813  -52.958  40.545 0.1000000015
109806  49.831  -53.403  40.475 0.1000000015
25483  48.924  -52.915  40.121 0.1000000015
25492  48.625  -53.600  39.231 0.1000000015
25499  47.225  -54.333  38.180 0.1000000015
25500  46.415  -53.975  37.830 0.1000000015
25508  46.302  -55.134  36.316 0.1000000015
118410  45.463  -54.600  34.795 0.1000000015
24671  46.707  -55.622  35.103 0.1000000015
25524  45.364  -55.111  33.995 0.2000000030
24678  46.027  -55.679  33.937 0.1000000015
23868  45.867  -56.986  31.460 0.3000000119
110479  45.019  -56.972  31.321 0.3000000119
23860  43.908  -56.367  32.234 0.2000000030
23876  45.465  -57.168  30.860 0.3000000119
23883  44.956  -57.273  30.188 0.3000000119
23065  45.782  -57.707  28.954 0.4000000060
23053  45.350  -57.430  29.568 0.4000000060
18906  51.355  -62.443  21.910 0.5000000000
19826  50.377  -61.811  23.049 0.5000000000
22296  46.281  -58.325  28.433 0.5000000000
19852  48.967  -61.627  21.606 0.5000000000
118395  48.241  -60.934  22.091 0.5000000000
20702  48.401  -60.809  22.975 0.5000000000
19827  49.262  -61.383  23.451 0.5000000000
19818  49.181  -61.411  24.198 0.6000000238
129503  46.589  -59.346  26.680 0.5000000000
131662  46.494  -58.731  27.903 0.5000000000
20690  47.777  -60.366  23.284 0.5000000000
124332  48.300  -60.821  23.903 0.6000000238
20646  47.705  -60.404  26.364 0.5000000000
20678  48.618  -61.067  24.799 0.5000000000
20657  47.968  -60.618  25.552 0.5000000000
117583  48.042  -68.346  28.568 0.4000000060
15446  47.919  -66.937  28.508 0.4000000060
26303  43.357  -53.444  39.882 0.1000000015
27187  44.729  -52.692  39.376 0.1000000015
27200  43.683  -52.391  38.326 0.1000000015
26316  47.582  -52.554  39.288 0.1000000015
26300  47.101  -52.223  39.895 0.1000000015
26318  45.743  -52.671  38.563 0.1000000015
27213  44.964  -52.450  38.077 0.1000000015
26317  46.665  -52.647  39.042 0.1000000015
26334  45.364  -52.752  37.759 0.1000000015
26335  44.715  -52.396  37.335 0.1000000015
25509  45.466  -53.938  36.584 0.1000000015
26357  44.928  -53.568  36.159 0.1000000015
25516  44.955  -53.868  35.165 0.1000000015
26369  44.214  -53.869  33.862 0.2000000030
125930  43.950  -54.355  33.426 0.2000000030
25530  43.412  -54.455  33.065 0.2000000030
132835  43.751  -55.730  32.729 0.2000000030
24767  44.548  -55.349  23.315 0.2000000030
23878  43.632  -56.829  30.708 0.2000000030
23966  45.232  -56.136  22.487 0.2000000030
23954  44.447  -56.388  23.321 0.2000000030
23935  43.979  -56.898  23.920 0.2000000030
23106  43.817  -57.171  24.770 0.2000000030
23877  44.552  -57.106  30.773 0.2000000030
23134  45.481  -57.104  22.361 0.2000000030
23123  45.205  -57.685  23.146 0.2000000030
23104  45.016  -58.136  23.904 0.2000000030
23105  44.463  -57.648  24.296 0.3000000119
22340  44.993  -58.336  24.769 0.2000000030
22327  44.946  -58.462  25.614 0.4000000060
22370  46.270  -58.622  22.267 0.2000000030
22371  45.640  -58.166  22.698 0.3000000119
22363  45.508  -58.507  23.569 0.3000000119
22339  45.541  -58.713  24.473 0.3000000119
22326  45.594  -58.791  25.290 0.4000000060
22317  45.598  -58.812  26.075 0.5000000000
128770  44.878  -58.171  27.186 0.4000000060
22297  45.401  -58.030  27.915 0.5000000000
118143  48.327  -60.996  21.154 0.5000000000
20708  47.704  -60.214  21.511 0.4000000060
21557  47.238  -59.695  22.149 0.4000000060
21558  46.663  -59.306  22.655 0.4000000060
21546  46.611  -59.486  23.595 0.4000000060
21527  46.642  -59.563  24.573 0.5000000000
22325  46.110  -59.138  25.148 0.5000000000
119860  46.009  -59.057  25.795 0.5000000000
113774  46.086  -58.654  27.534 0.5000000000
20703  47.712  -60.310  22.509 0.5000000000
116341  47.349  -60.094  24.008 0.5000000000
20679  47.869  -60.517  24.650 0.5000000000
21508  47.183  -60.093  25.904 0.5000000000
21500  46.810  -59.642  26.298 0.5000000000
26305  41.660  -53.276  40.366 0.1000000015
26304  42.547  -53.474  40.152 0.1000000015
26320  42.279  -53.169  39.125 0.1000000015
27216  42.111  -52.810  38.154 0.1000000015
27201  42.945  -52.450  38.269 0.1000000015
27215  42.919  -52.319  37.480 0.1000000015
112004  42.193  -52.767  37.055 0.1000000015
26349  43.841  -52.406  36.255 0.1000000015
27235  43.258  -52.633  35.711 0.1000000015
26358  44.331  -53.264  35.740 0.1000000015
26365  43.513  -53.253  34.232 0.2000000030
26366  42.822  -52.822  34.249 0.2000000030
24696  43.333  -55.057  32.750 0.2000000030
23870  43.134  -56.376  31.512 0.2000000030
24755  44.029  -54.891  23.979 0.1000000015
23936  43.542  -56.350  24.541 0.2000000030
25586  44.257  -53.968  24.432 0.1000000015
130982  43.738  -54.608  24.610 0.1000000015
24756  43.558  -55.410  24.507 0.1000000015
23096  43.716  -57.353  25.666 0.1000000015
114119  44.384  -57.783  25.191 0.2000000030
23054  44.414  -57.330  29.346 0.3000000119
109536  44.018  -57.117  30.033 0.2000000030
23909  43.143  -56.844  26.204 0.1000000015
23088  43.615  -57.550  26.580 0.1000000015
23087  44.236  -58.011  26.925 0.3000000119
22309  44.499  -57.736  27.752 0.2000000030
21509  46.672  -59.596  25.504 0.5000000000
22316  46.131  -59.014  26.608 0.5000000000
115243  46.332  -59.286  25.993 0.5000000000
21526  47.227  -60.078  25.026 0.5000000000
26306  40.973  -53.062  40.978 0.1000000015
26323  39.862  -53.244  39.367 0.1000000015
26337  40.257  -53.351  38.266 0.1000000015
26336  41.201  -53.166  38.340 0.1000000015
26351  39.777  -53.395  37.137 0.1000000015
121562  41.546  -53.036  37.461 0.1000000015
27237  41.820  -52.703  35.543 0.1000000015
27227  40.369  -53.164  36.325 0.1000000015
27236  42.620  -52.647  35.622 0.1000000015
27247  42.359  -52.673  34.787 0.2000000030
26371  42.731  -53.205  33.548 0.2000000030
26375  42.745  -53.936  32.952 0.2000000030
25533  42.930  -54.538  32.721 0.2000000030
25534  42.402  -54.376  32.438 0.2000000030
24697  42.762  -54.983  32.392 0.2000000030
24700  43.173  -55.747  32.334 0.2000000030
24705  42.136  -55.966  31.096 0.2000000030
23879  42.731  -56.459  30.510 0.2000000030
26445  44.217  -53.566  25.223 0.1000000015
25587  43.659  -54.033  25.114 0.1000000015
24740  42.481  -55.186  25.719 0.1000000015
24739  43.036  -55.779  25.107 0.1000000015
23920  43.295  -56.620  25.328 0.1000000015
114884  42.659  -56.656  29.308 0.1000000015
23884  43.352  -57.124  29.138 0.2000000030
23885  43.159  -56.765  29.909 0.2000000030
23910  42.562  -56.310  26.650 0.1000000015
23900  42.984  -57.096  27.115 0.1000000015
23078  43.639  -57.593  27.490 0.2000000030
23067  43.910  -57.496  28.431 0.2000000030
117860  38.484  -53.229  39.734 0.1000000015
129165  39.003  -53.395  39.177 0.1000000015
27204  36.843  -52.005  38.849 0.1000000015
26338  39.177  -53.367  38.106 0.1000000015
27203  37.632  -52.391  37.718 0.1000000015
27202  38.321  -52.879  37.595 0.1000000015
27228  39.443  -52.910  36.209 0.1000000015
125881  40.921  -52.854  35.534 0.1000000015
119176  40.498  -52.595  34.021 0.1000000015
27252  41.409  -52.729  33.556 0.1000000015
26372  41.944  -52.916  33.218 0.1000000015
117358  42.215  -53.384  32.968 0.2000000030
25537  42.240  -54.821  32.052 0.2000000030
24701  42.470  -55.553  31.920 0.2000000030
24702  41.799  -55.111  31.442 0.2000000030
24709  41.912  -56.069  30.121 0.1000000015
27304  44.696  -52.168  26.524 0.1000000015
26405  43.645  -53.015  26.574 0.1000000015
26406  43.016  -53.611  26.577 0.1000000015
25571  42.348  -54.481  26.359 0.1000000015
127737  42.448  -56.465  29.786 0.2000000030
26392  42.672  -53.388  27.136 0.1000000015
116286  42.281  -54.009  27.036 0.1000000015
122073  42.336  -55.672  26.302 0.1000000015
23891  42.546  -56.577  28.570 0.2000000030
28027  36.601  -51.319  38.960 0.1000000015
28039  37.653  -51.588  37.039 0.1000000015
27230  37.991  -51.910  36.389 0.1000000015
27239  39.192  -52.473  35.371 0.1000000015
27256  41.193  -52.678  32.733 0.1000000015
26376  41.655  -53.162  32.543 0.2000000030
27260  41.125  -52.836  31.950 0.1000000015
26378  41.422  -53.438  31.859 0.1000000015
26380  41.132  -53.616  31.029 0.2000000030
25538  41.708  -54.236  31.816 0.2000000030
120359  41.245  -54.509  30.870 0.2000000030
28106  41.855  -51.448  27.659 0.1000000015
123641  42.222  -52.187  27.527 0.1000000015
27287  41.640  -52.172  27.978 0.1000000015
114356  41.373  -52.933  28.464 0.1000000015
110855  40.942  -53.443  29.273 0.1000000015
25542  41.133  -54.431  29.181 0.1000000015
125937  41.100  -54.759  30.050 0.1000000015
27305  43.793  -52.310  26.780 0.1000000015
123060  42.994  -52.235  27.197 0.1000000015
27286  42.533  -52.874  27.384 0.1000000015
123385  41.867  -52.892  27.779 0.1000000015
26386  41.525  -53.640  27.965 0.1000000015
25546  41.373  -54.390  28.219 0.1000000015
24715  41.479  -55.203  28.609 0.1000000015
24714  41.951  -56.091  29.137 0.1000000015
26393  42.007  -53.519  27.458 0.1000000015
25550  41.650  -54.243  27.512 0.1000000015
24725  41.585  -55.009  27.686 0.1000000015
24724  41.989  -55.777  28.079 0.1000000015
28856  37.439  -50.821  37.432 0.1000000015
28049  37.841  -51.291  36.132 0.1000000015
28056  38.053  -51.300  35.375 0.1000000015
27249  39.080  -52.005  34.534 0.1000000015
28065  39.367  -51.667  33.631 0.1000000015
118351  40.708  -52.422  32.134 0.1000000015
30813  41.014  -48.817  30.045 0.1000000015
29873  40.639  -49.618  29.676 0.1000000015
28965  40.232  -50.954  30.725 0.1000000015
114529  40.546  -51.602  30.877 0.1000000015
27261  40.701  -52.176  31.417 0.1000000015
30847  41.924  -48.851  28.793 0.1000000015
29872  41.250  -49.066  29.215 0.1000000015
28979  40.638  -50.419  29.118 0.1000000015
28972  40.379  -50.550  29.990 0.1000000015
27269  40.626  -52.042  29.716 0.1000000015
27268  40.833  -52.933  30.144 0.1000000015
29883  42.126  -49.262  28.066 0.1000000015
28998  41.550  -50.781  27.826 0.1000000015
28986  41.093  -50.405  28.356 0.1000000015
27277  40.719  -51.799  28.875 0.1000000015
27276  40.847  -52.581  29.130 0.1000000015
25540  40.822  -53.993  30.099 0.1000000015
122213  38.314  -50.842  34.052 0.1000000015
29832  38.815  -49.956  32.887 0.1000000015
28069  39.508  -51.125  32.176 0.1000000015
28957  39.275  -50.231  32.181 0.1000000015
28068  40.200  -51.870  32.078 0.1000000015
30812  41.425  -48.461  30.602 0.1000000015
111948  40.393  -49.255  30.452 0.1000000015
29850  40.017  -49.049  31.138 0.1000000015
28074  40.182  -51.353  31.422 0.1000000015
119537  41.826  -48.581  29.724 0.1000000015
119892  40.216  -49.877  30.294 0.1000000015
23872  50.016  -56.948  31.023 0.4000000060
20634  47.936  -60.212  27.135 0.5000000000
23873  49.289  -56.718  31.019 0.4000000060
109517  47.988  -56.876  31.099 0.4000000060
126146  49.951  -55.911  38.092 0.1000000015
131905  46.469  -55.401  35.757 0.1000000015
126124  48.963  -56.084  33.410 0.2000000030
23875  47.231  -57.063  30.764 0.4000000060
25456  48.765  -53.591  41.493 0.1000000015
24644  48.045  -54.668  38.552 0.1000000015
24689  44.028  -55.130  33.191 0.2000000030
24686  46.595  -56.013  33.507 0.2000000030
23844  46.384  -56.380  32.885 0.2000000030
23858  47.105  -56.605  32.224 0.2000000030
111215  44.990  -56.687  32.089 0.3000000119
23867  46.969  -56.841  31.429 0.3000000119
23882  45.843  -57.345  30.364 0.3000000119
19840  51.510  -62.169  22.689 0.5000000000
25457  47.620  -53.382  41.406 0.1000000015
26283  46.734  -52.413  40.661 0.1000000015
27185  46.221  -52.573  39.344 0.1000000015
112336  46.984  -53.227  38.584 0.1000000015
25501  45.714  -53.514  37.412 0.1000000015
25494  46.098  -53.068  38.260 0.1000000015
111554  45.400  -54.301  35.720 0.1000000015
25515  45.950  -55.113  35.487 0.1000000015
25523  45.956  -55.401  34.569 0.1000000015
25525  44.916  -54.136  34.247 0.1000000015
25529  44.610  -54.589  33.660 0.2000000030
23066  44.923  -57.482  28.624 0.4000000060
19841  50.244  -62.052  22.021 0.5000000000
19842  49.199  -61.425  22.579 0.5000000000
19851  49.729  -62.360  20.887 0.5000000000
27188  43.899  -52.789  39.132 0.1000000015
26319  43.102  -53.055  39.009 0.1000000015
121847  45.304  -52.537  38.894 0.1000000015
111413  44.251  -52.229  37.770 0.1000000015
26347  45.107  -53.035  36.975 0.1000000015
26348  44.508  -52.619  36.608 0.1000000015
27224  44.149  -51.964  37.044 0.1000000015
26364  44.308  -53.590  34.718 0.1000000015
26370  43.455  -53.819  33.461 0.2000000030
23967  44.870  -55.987  22.939 0.2000000030
24777  45.104  -55.345  22.742 0.2000000030
23953  44.996  -56.754  22.929 0.2000000030
23124  44.649  -57.297  23.505 0.2000000030
23133  45.923  -57.865  21.868 0.2000000030
22318  44.898  -58.416  26.440 0.4000000060
21567  46.817  -59.111  21.785 0.5000000000
22362  46.034  -58.914  23.144 0.4000000060
22338  45.995  -59.102  24.131 0.5000000000
22308  45.500  -58.578  26.942 0.5000000000
21578  47.542  -59.604  20.777 0.5000000000
21566  47.289  -59.499  21.419 0.5000000000
21545  47.249  -59.833  23.039 0.5000000000
26322  40.855  -53.033  39.646 0.1000000015
26321  41.605  -53.152  39.137 0.1000000015
27225  42.933  -52.496  36.464 0.1000000015
27226  41.401  -52.966  36.484 0.1000000015
110381  42.196  -52.717  36.247 0.1000000015
26359  43.686  -53.069  35.311 0.1000000015
27246  43.083  -52.767  34.970 0.2000000030
27251  42.188  -52.738  33.934 0.2000000030
23955  43.912  -55.916  23.835 0.1000000015
123608  43.215  -54.858  25.094 0.1000000015
26307  40.340  -52.894  40.700 0.1000000015
111010  39.495  -52.966  40.362 0.1000000015
26350  40.738  -53.282  37.297 0.1000000015
26339  38.840  -52.977  36.965 0.1000000015
115413  41.404  -52.738  34.571 0.2000000030
25535  42.007  -53.777  32.480 0.2000000030
26424  44.605  -53.045  25.724 0.1000000015
26425  43.737  -53.413  25.876 0.1000000015
25570  43.001  -54.210  25.732 0.1000000015
24729  42.086  -55.572  27.069 0.1000000015
23890  43.068  -57.180  28.088 0.1000000015
26324  38.157  -53.135  38.518 0.1000000015
26309  37.887  -53.092  40.089 0.1000000015
26325  37.765  -53.028  39.202 0.1000000015
126163  37.357  -52.520  38.558 0.1000000015
128997  37.113  -51.526  38.135 0.1000000015
27217  38.102  -52.351  36.942 0.1000000015
27229  38.569  -52.373  36.119 0.1000000015
27238  40.028  -52.805  35.485 0.1000000015
129930  40.516  -52.710  34.856 0.1000000015
27248  39.816  -52.511  34.713 0.1000000015
27254  40.047  -52.237  33.378 0.1000000015
24706  41.518  -55.341  30.539 0.2000000030
24710  41.432  -55.367  29.582 0.1000000015
27315  44.261  -52.743  26.317 0.1000000015
27306  43.182  -52.921  27.008 0.1000000015
25555  41.877  -54.770  26.972 0.1000000015
23901  42.511  -56.419  27.597 0.1000000015
117939  37.261  -50.495  38.144 0.1000000015
28048  38.174  -51.797  35.850 0.1000000015
27240  38.502  -51.997  35.275 0.1000000015
132614  39.751  -52.227  34.063 0.1000000015
27257  40.426  -52.264  32.686 0.1000000015
27263  41.054  -52.831  31.144 0.1000000015
28997  42.158  -50.658  27.475 0.1000000015
28105  42.589  -51.461  27.308 0.1000000015
118610  41.228  -52.193  28.538 0.1000000015
28093  41.232  -51.423  28.220 0.1000000015
116089  41.232  -53.758  28.585 0.1000000015
28873  37.605  -50.707  36.559 0.1000000015
28900  37.667  -50.490  35.615 0.1000000015
28061  38.405  -51.405  34.656 0.1000000015
122932  38.744  -51.406  34.053 0.1000000015
118233  39.235  -51.248  32.967 0.1000000015
27258  39.742  -51.758  32.785 0.1000000015
29885  40.935  -49.744  28.900 0.1000000015
121876  40.699  -48.627  30.809 0.1000000015
28080  40.511  -51.441  30.226 0.1000000015
28966  39.737  -50.469  31.328 0.1000000015
27264  40.759  -52.155  30.589 0.1000000015
29884  41.464  -49.509  28.479 0.1000000015
28924  38.004  -50.144  34.117 0.1000000015
28070  38.979  -50.654  32.853 0.1000000015
29851  39.604  -49.628  31.608 0.1000000015
30778  39.589  -48.767  32.693 0.1000000015
30790  41.125  -48.222  31.287 0.1000000015
31809  41.729  -48.213  31.120 0.1000000015
30791  40.437  -48.464  31.542 0.1000000015
23026  54.036  -57.668  32.268 0.1000000015
22268  54.594  -58.739  31.431 0.1000000015
23032  53.631  -57.767  31.478 0.1000000015
23033  52.560  -57.283  31.369 0.1000000015
23039  52.153  -57.329  30.830 0.1000000015
23851  53.344  -56.942  32.834 0.1000000015
23852  52.532  -56.750  32.443 0.1000000015
125746  54.449  -58.532  32.630 0.2000000030
23853  51.746  -56.558  32.473 0.1000000015
21436  54.593  -59.197  31.116 0.2000000030
22272  54.220  -58.399  30.916 0.1000000015
21437  54.227  -59.835  31.167 0.2000000030
115484  53.697  -58.482  30.456 0.1000000015
23034  51.712  -56.886  31.280 0.1000000015
20574  53.336  -60.620  31.590 0.2000000030
21445  54.365  -59.336  30.624 0.2000000030
22273  52.671  -58.187  30.423 0.2000000030
22280  53.369  -59.011  29.884 0.2000000030
22274  51.521  -57.759  30.370 0.3000000119
22281  52.093  -58.625  29.887 0.3000000119
22282  50.988  -58.220  29.740 0.3000000119
21457  53.327  -59.850  29.191 0.2000000030
119542  52.600  -59.303  29.345 0.2000000030
18797  52.933  -61.434  30.345 0.2000000030
21458  51.596  -58.997  29.208 0.2000000030
19719  53.190  -60.968  29.587 0.2000000030
17048  49.042  -64.941  31.247 0.1000000015
19720  53.183  -61.081  30.996 0.2000000030
20602  53.733  -60.210  29.699 0.2000000030
20589  53.723  -60.410  30.794 0.2000000030
21459  50.545  -58.663  29.120 0.4000000060
18799  50.967  -62.979  31.246 0.1000000015
19721  52.675  -61.705  31.051 0.1000000015
21472  52.245  -59.824  28.893 0.2000000030
18773  49.587  -63.486  31.238 0.1000000015
21473  51.117  -59.619  28.760 0.4000000060
118127  51.488  -62.809  30.701 0.2000000030
20603  53.258  -60.529  29.103 0.2000000030
18798  52.320  -62.184  30.496 0.2000000030
17047  49.682  -64.474  31.079 0.1000000015
17069  50.050  -65.210  30.623 0.2000000030
17902  50.293  -63.642  31.056 0.1000000015
17068  50.366  -64.306  30.670 0.1000000015
18818  52.655  -61.890  29.336 0.2000000030
19753  52.886  -61.225  28.823 0.2000000030
20619  52.748  -60.571  28.732 0.2000000030
20620  51.779  -60.515  28.435 0.4000000060
17925  50.871  -63.582  30.778 0.1000000015
19754  52.344  -61.317  28.261 0.4000000060
20621  50.565  -60.442  28.248 0.4000000060
18819  51.783  -62.699  29.683 0.3000000119
17924  51.223  -63.509  30.045 0.4000000060
20631  51.474  -61.191  27.879 0.4000000060
120237  49.928  -60.703  27.749 0.4000000060
18827  52.319  -62.079  28.218 0.3000000119
17953  51.526  -63.812  28.032 0.4000000060
115486  51.903  -62.727  28.601 0.3000000119
111549  45.937  -53.486  23.797 0.1000000015
25605  44.676  -54.366  23.642 0.1000000015
20632  50.622  -61.057  27.651 0.4000000060
19762  51.986  -61.909  27.563 0.4000000060
19763  51.145  -61.691  27.192 0.5000000000
18828  51.771  -62.998  27.793 0.4000000060
111702  51.719  -62.619  27.319 0.4000000060
25604  45.383  -54.058  23.300 0.1000000015
26479  46.214  -53.839  22.918 0.1000000015
25614  45.512  -54.577  22.529 0.1000000015
132349  51.574  -61.978  26.455 0.5000000000
19773  50.702  -61.693  26.501 0.5000000000
25627  45.771  -54.813  21.833 0.1000000015
24776  45.452  -55.415  22.115 0.1000000015
24807  46.082  -55.770  20.768 0.1000000015
24790  45.831  -55.458  21.358 0.1000000015
23142  45.851  -57.019  21.528 0.1000000015
22262  54.391  -57.977  32.858 0.1000000015
23863  52.126  -56.849  31.827 0.1000000015
23027  52.962  -57.256  32.048 0.1000000015
23019  54.089  -57.329  33.354 0.1000000015
115458  52.897  -56.194  33.801 0.1000000015
23839  51.883  -56.239  33.423 0.1000000015
20622  49.439  -60.130  28.223 0.4000000060
23979  45.580  -56.238  21.815 0.1000000015
21405  54.208  -58.958  32.919 0.1000000015
23995  45.903  -56.311  21.132 0.1000000015
23824  53.497  -56.079  34.568 0.1000000015
14705  36.095  -67.817  25.679 0.1000000015
13913  36.608  -68.443  25.279 0.1000000015
13149  37.760  -69.164  24.970 0.1000000015
13914  35.612  -68.406  25.076 0.1000000015
13911  38.376  -68.581  26.075 0.1000000015
14686  35.634  -67.208  26.123 0.1000000015
13915  34.644  -68.211  25.206 0.1000000015
13930  32.864  -68.995  24.929 0.1000000015
13927  34.888  -68.795  24.627 0.1000000015
8194  40.647  -77.083  29.836 0.1000000015
12337  33.378  -70.396  28.514 0.1000000015
125459  32.222  -69.859  27.644 0.1000000015
14669  37.794  -67.411  26.996 0.1000000015
13115  31.907  -69.561  27.088 0.1000000015
114375  36.953  -67.942  25.892 0.1000000015
13899  32.586  -68.386  26.093 0.1000000015
13897  38.443  -68.146  26.803 0.1000000015
13150  32.305  -69.217  25.204 0.1000000015
13148  38.360  -69.076  25.402 0.1000000015
8172  40.209  -76.392  32.434 0.1000000015
8898  40.553  -76.673  29.529 0.1000000015
120596  39.994  -75.894  29.231 0.1000000015
8852  40.152  -75.574  33.956 0.1000000015
124914  40.152  -76.128  33.069 0.1000000015
8178  40.795  -76.542  31.855 0.1000000015
8184  41.112  -76.387  31.445 0.1000000015
9549  38.798  -74.473  29.008 0.1000000015
121962  35.747  -72.357  28.325 0.1000000015
12336  34.191  -70.561  28.677 0.1000000015
131669  37.174  -67.541  26.443 0.1000000015
15487  36.090  -66.662  26.559 0.1000000015
14687  34.770  -67.228  26.171 0.1000000015
15469  38.270  -66.888  27.706 0.1000000015
13896  39.058  -68.684  26.585 0.1000000015
13147  39.030  -69.113  25.928 0.1000000015
8887  40.917  -76.443  30.237 0.1000000015
8888  40.467  -75.744  29.828 0.1000000015
117493  40.433  -75.375  34.382 0.1000000015
8164  40.547  -76.007  33.472 0.1000000015
8171  40.667  -76.329  32.706 0.1000000015
8876  41.411  -75.951  31.637 0.1000000015
9521  41.299  -74.810  31.066 0.1000000015
9536  40.030  -74.664  30.151 0.1000000015
10213  38.701  -73.401  30.156 0.1000000015
10902  37.571  -72.696  29.546 0.1000000015
116272  37.018  -72.837  28.966 0.1000000015
11587  37.371  -71.697  29.790 0.1000000015
10903  36.841  -72.159  29.245 0.1000000015
11589  35.958  -70.911  28.983 0.1000000015
12335  35.100  -70.724  28.723 0.1000000015
12324  34.711  -69.948  29.042 0.1000000015
13100  33.129  -69.631  28.555 0.1000000015
15474  33.770  -66.908  27.471 0.1000000015
15471  36.540  -66.257  27.147 0.1000000015
15489  34.356  -66.773  26.802 0.1000000015
14689  33.295  -67.539  26.514 0.1000000015
14668  38.685  -67.670  27.435 0.1000000015
13879  39.150  -68.315  27.216 0.1000000015
10201  40.214  -73.276  31.135 0.1000000015
10159  41.308  -74.101  35.670 0.1000000015
8851  40.729  -75.706  34.175 0.1000000015
8170  41.077  -76.189  32.930 0.1000000015
8866  41.573  -75.810  32.465 0.1000000015
10199  41.791  -74.708  31.651 0.1000000015
10200  40.990  -73.984  31.462 0.1000000015
10212  39.518  -73.589  30.539 0.1000000015
10881  39.240  -72.045  31.170 0.1000000015
11580  37.754  -71.218  30.561 0.1000000015
132747  36.790  -69.920  30.619 0.1000000015
9473  41.066  -74.834  35.297 0.1000000015
9483  41.522  -75.040  35.225 0.1000000015
122494  41.336  -75.878  33.518 0.1000000015
8865  42.022  -75.489  32.943 0.1000000015
9507  42.634  -74.823  32.899 0.1000000015
11581  37.122  -70.970  29.997 0.1000000015
12306  36.464  -70.344  29.825 0.1000000015
12323  35.573  -70.158  29.266 0.1000000015
13064  35.013  -68.652  29.837 0.1000000015
13084  34.286  -69.069  29.364 0.1000000015
13829  34.932  -67.821  30.053 0.1000000015
13846  33.795  -68.410  29.214 0.1000000015
15439  33.957  -67.043  28.741 0.1000000015
14632  33.896  -67.663  29.145 0.1000000015
16239  35.224  -65.243  28.894 0.1000000015
15455  34.341  -66.348  28.548 0.1000000015
13864  33.274  -68.139  28.645 0.1000000015
16274  36.954  -65.795  27.764 0.1000000015
15472  35.683  -66.187  27.060 0.1000000015
16276  35.224  -65.871  27.642 0.1000000015
15453  38.717  -66.548  28.373 0.1000000015
120523  39.373  -66.913  28.501 0.1000000015
13878  39.792  -68.567  27.547 0.1000000015
14667  39.451  -67.918  27.781 0.1000000015
14646  40.965  -68.113  28.815 0.1000000015
14647  40.375  -67.611  28.698 0.1000000015
10879  40.794  -72.911  31.761 0.1000000015
10880  39.974  -72.410  31.414 0.1000000015
10158  41.926  -74.039  36.467 0.1000000015
9458  42.311  -74.103  36.541 0.1000000015
9471  42.304  -74.473  35.976 0.1000000015
9470  42.899  -74.239  35.180 0.1000000015
10186  42.912  -74.047  32.733 0.1000000015
10187  42.349  -74.326  32.287 0.1000000015
10188  41.647  -73.715  32.006 0.1000000015
11563  39.636  -71.679  31.836 0.1000000015
11568  38.290  -71.057  31.174 0.1000000015
13049  38.021  -69.823  31.707 0.1000000015
9472  41.763  -74.459  35.867 0.1000000015
8849  41.935  -75.213  34.489 0.1000000015
13050  37.393  -69.172  31.525 0.1000000015
13051  36.720  -69.345  31.058 0.1000000015
13063  35.633  -69.114  30.185 0.1000000015
13827  36.140  -68.822  30.782 0.1000000015
13828  35.532  -68.303  30.428 0.1000000015
13817  36.059  -67.978  30.997 0.1000000015
14619  35.434  -67.336  30.605 0.1000000015
120512  35.212  -65.304  29.603 0.1000000015
15429  35.122  -66.534  30.299 0.1000000015
122483  37.779  -65.358  28.562 0.1000000015
17089  38.442  -64.221  29.353 0.1000000015
17105  37.214  -64.789  28.739 0.1000000015
17092  35.701  -64.786  29.378 0.1000000015
16240  34.724  -65.795  29.073 0.1000000015
16238  38.855  -65.059  29.250 0.1000000015
16260  35.550  -65.395  28.242 0.1000000015
16257  38.534  -65.730  28.794 0.1000000015
118117  39.646  -65.262  29.453 0.1000000015
15452  39.308  -66.332  28.862 0.1000000015
14648  39.752  -67.482  28.346 0.1000000015
14629  41.609  -67.866  29.466 0.1000000015
11500  42.966  -73.286  38.332 0.1000000015
11505  42.446  -72.787  37.401 0.1000000015
10820  42.122  -73.370  36.751 0.1000000015
10157  43.183  -73.996  36.015 0.1000000015
10871  40.307  -72.118  31.922 0.1000000015
10150  42.669  -73.665  37.257 0.1000000015
10164  43.162  -74.144  34.189 0.1000000015
122741  43.521  -72.579  33.516 0.1000000015
10869  41.708  -72.422  32.770 0.1000000015
11562  40.259  -71.518  32.360 0.1000000015
12287  39.443  -70.669  32.222 0.1000000015
12288  38.764  -70.004  31.982 0.1000000015
12286  40.519  -70.775  32.745 0.1000000015
13044  39.597  -68.897  32.673 0.1000000015
13812  38.198  -68.283  32.137 0.1000000015
13815  37.591  -68.378  31.762 0.1000000015
14606  37.155  -67.688  31.671 0.1000000015
14596  37.828  -67.641  32.097 0.1000000015
14607  36.712  -66.983  31.595 0.1000000015
15404  36.858  -66.192  31.926 0.1000000015
15416  35.654  -66.410  30.884 0.1000000015
17076  36.398  -64.424  30.619 0.1000000015
17055  35.864  -64.960  30.692 0.1000000015
17090  37.632  -64.205  29.259 0.1000000015
17091  36.390  -64.341  29.821 0.1000000015
17075  39.769  -63.756  30.045 0.1000000015
17943  38.844  -63.594  29.747 0.1000000015
17087  40.106  -64.759  29.811 0.1000000015
16236  40.290  -65.471  29.628 0.1000000015
15437  40.003  -66.050  29.287 0.1000000015
15436  40.572  -66.623  29.429 0.1000000015
14630  40.845  -67.344  29.339 0.1000000015
11547  43.826  -71.802  33.915 0.1000000015
12273  43.200  -70.985  33.978 0.1000000015
11486  43.232  -73.122  39.028 0.1000000015
10138  43.254  -73.431  38.148 0.1000000015
10137  43.589  -73.524  37.928 0.1000000015
10148  43.604  -73.480  36.870 0.1000000015
10163  43.550  -73.595  34.776 0.1000000015
12274  42.039  -70.798  33.620 0.1000000015
13030  42.610  -70.089  34.130 0.1000000015
10149  42.932  -73.983  37.115 0.1000000015
10855  44.158  -72.438  34.020 0.1000000015
10857  42.692  -72.566  33.063 0.1000000015
12275  41.028  -70.215  33.255 0.1000000015
13797  40.548  -68.384  33.597 0.1000000015
14583  39.403  -67.603  33.021 0.1000000015
13043  40.133  -69.728  32.751 0.1000000015
13033  40.192  -68.912  33.046 0.1000000015
122729  38.610  -66.720  32.694 0.1000000015
15403  37.513  -66.093  32.337 0.1000000015
16193  37.100  -65.388  32.129 0.1000000015
16208  36.506  -65.506  31.638 0.1000000015
17911  37.664  -63.497  31.323 0.1000000015
127071  36.730  -64.390  31.232 0.1000000015
18803  39.192  -62.684  30.688 0.1000000015
17930  38.499  -63.142  30.230 0.1000000015
17931  37.615  -63.497  30.470 0.1000000015
121785  39.733  -62.929  30.344 0.1000000015
17928  40.552  -63.265  30.476 0.1000000015
17074  40.686  -64.359  30.258 0.1000000015
125765  44.801  -71.590  36.857 0.1000000015
10790  43.668  -73.316  39.194 0.1000000015
10805  44.443  -72.633  37.877 0.1000000015
11520  44.718  -71.185  35.513 0.1000000015
11537  44.593  -71.384  35.031 0.1000000015
12260  43.575  -70.346  34.480 0.1000000015
12200  43.481  -71.815  39.749 0.1000000015
11485  43.755  -72.954  39.610 0.1000000015
10124  44.025  -73.347  38.300 0.1000000015
10136  44.151  -73.136  37.480 0.1000000015
10837  44.511  -71.904  35.472 0.1000000015
13013  42.136  -69.193  34.343 0.1000000015
13796  41.309  -68.849  33.941 0.1000000015
13031  41.631  -69.728  33.764 0.1000000015
15392  40.281  -66.706  33.937 0.1000000015
14584  39.049  -66.983  32.913 0.1000000015
15394  39.053  -66.133  32.966 0.1000000015
16191  38.578  -65.264  32.806 0.1000000015
17037  38.216  -64.367  32.577 0.1000000015
17038  37.440  -64.595  32.153 0.1000000015
18759  38.887  -62.675  32.269 0.1000000015
18779  40.444  -62.085  31.358 0.1000000015
18781  38.327  -63.002  30.993 0.1000000015
18800  41.769  -62.762  30.976 0.1000000015
128939  42.748  -63.033  30.767 0.1000000015
11499  44.393  -72.551  38.663 0.1000000015
112941  44.844  -70.760  35.987 0.1000000015
13010  44.630  -70.217  35.339 0.1000000015
10789  44.058  -73.252  38.865 0.1000000015
12258  44.701  -70.708  35.371 0.1000000015
13779  42.677  -68.551  34.750 0.1000000015
14550  43.178  -67.817  35.108 0.1000000015
13780  41.770  -68.330  34.420 0.1000000015
14565  41.375  -67.561  34.426 0.1000000015
15374  40.934  -66.174  34.314 0.1000000015
15375  39.758  -65.948  33.529 0.1000000015
17017  39.782  -64.188  33.954 0.1000000015
16181  39.287  -65.233  33.223 0.1000000015
18748  39.781  -62.738  33.426 0.1000000015
17028  38.906  -64.638  32.948 0.1000000015
18758  39.455  -62.341  32.727 0.1000000015
18749  39.132  -63.080  32.904 0.1000000015
19691  40.606  -61.625  32.523 0.1000000015
122385  38.925  -62.548  31.524 0.1000000015
20569  41.769  -60.861  32.565 0.1000000015
19708  40.909  -61.690  31.913 0.1000000015
120651  39.684  -62.228  31.340 0.1000000015
18778  41.322  -62.035  31.385 0.1000000015
18776  43.630  -62.134  31.366 0.1000000015
112157  44.326  -62.794  31.037 0.1000000015
114331  44.731  -71.642  37.663 0.1000000015
12231  45.005  -70.754  36.698 0.1000000015
12994  44.809  -69.612  35.745 0.1000000015
13767  43.829  -68.838  35.135 0.1000000015
14549  44.222  -67.992  35.466 0.1000000015
12199  44.611  -71.773  38.534 0.1000000015
13011  44.108  -69.845  34.975 0.1000000015
14564  42.211  -67.633  34.742 0.1000000015
16167  41.566  -65.686  34.610 0.1000000015
16168  40.831  -65.190  34.309 0.1000000015
17016  40.380  -64.338  34.361 0.1000000015
122937  40.788  -63.724  34.748 0.1000000015
20557  41.877  -60.776  33.418 0.1000000015
18747  40.344  -62.173  33.522 0.1000000015
19685  40.419  -61.741  33.078 0.1000000015
20584  42.478  -60.684  32.115 0.1000000015
19707  42.857  -61.426  31.562 0.1000000015
19706  43.848  -61.416  31.749 0.1000000015
19703  46.671  -61.422  31.420 0.1000000015
118731  47.093  -62.104  31.161 0.1000000015
111263  44.659  -70.899  38.679 0.1000000015
12971  45.078  -69.550  36.797 0.1000000015
13757  45.444  -68.559  36.085 0.1000000015
122089  45.317  -68.204  35.743 0.1000000015
12984  45.057  -69.287  36.239 0.1000000015
12995  44.628  -69.419  35.514 0.1000000015
115482  42.695  -66.888  35.011 0.1000000015
15373  41.704  -66.697  34.653 0.1000000015
16166  42.350  -65.990  34.912 0.1000000015
123164  41.366  -63.870  35.000 0.1000000015
18740  41.319  -62.491  34.591 0.1000000015
126220  40.815  -62.312  34.093 0.1000000015
22247  49.658  -58.785  34.505 0.1000000015
22248  48.507  -58.663  34.753 0.1000000015
22250  47.257  -59.100  34.052 0.1000000015
21413  45.381  -59.369  33.914 0.1000000015
21414  44.518  -59.430  33.861 0.1000000015
19679  42.117  -60.711  34.096 0.1000000015
19681  40.931  -61.740  33.629 0.1000000015
22256  49.001  -58.834  33.964 0.1000000015
22257  48.155  -58.885  33.956 0.1000000015
21412  46.294  -59.333  34.123 0.1000000015
20556  42.468  -60.304  33.654 0.1000000015
22246  50.673  -58.909  34.627 0.1000000015
21409  49.891  -59.155  33.611 0.1000000015
21410  48.876  -59.203  33.106 0.1000000015
122187  46.503  -59.819  32.895 0.1000000015
20566  44.687  -60.160  32.642 0.1000000015
115655  43.013  -60.225  32.624 0.1000000015
21396  51.398  -59.467  34.127 0.1000000015
21408  51.034  -59.546  33.410 0.1000000015
21427  48.178  -59.612  32.486 0.1000000015
20582  44.256  -60.775  32.167 0.1000000015
20579  47.667  -60.117  32.060 0.1000000015
20581  45.214  -60.789  32.052 0.1000000015
20577  50.063  -60.673  31.517 0.1000000015
118159  47.983  -62.168  31.135 0.1000000015
13725  44.611  -68.796  38.159 0.1000000015
12953  44.678  -69.777  37.795 0.1000000015
13741  45.186  -68.824  37.053 0.1000000015
13740  45.438  -68.599  36.347 0.1000000015
117332  46.081  -68.096  35.955 0.1000000015
119109  44.828  -67.358  35.610 0.1000000015
113283  43.673  -67.087  35.364 0.1000000015
15360  44.238  -66.411  35.470 0.1000000015
15361  43.221  -66.201  35.216 0.1000000015
16159  42.134  -65.142  34.814 0.1000000015
17012  41.793  -64.406  34.909 0.1000000015
18737  42.061  -62.602  34.919 0.1000000015
20543  43.465  -60.599  35.121 0.1000000015
19676  41.915  -61.322  34.357 0.1000000015
22249  47.685  -58.827  34.597 0.1000000015
21398  46.139  -59.354  34.730 0.1000000015
129263  45.094  -59.391  34.313 0.1000000015
20552  43.225  -60.063  34.515 0.1000000015
125903  49.117  -58.578  35.276 0.1000000015
21406  53.003  -59.440  33.753 0.1000000015
21407  52.120  -59.621  33.649 0.1000000015
14522  45.434  -67.911  37.356 0.1000000015
14538  46.813  -67.532  36.007 0.1000000015
15357  47.218  -67.165  36.019 0.1000000015
14539  46.367  -67.893  36.129 0.1000000015
14548  46.150  -67.671  35.738 0.1000000015
15358  46.791  -67.185  35.779 0.1000000015
15359  45.503  -66.760  35.640 0.1000000015
117195  44.852  -65.667  35.471 0.1000000015
16157  43.737  -65.551  35.241 0.1000000015
17011  42.697  -64.484  34.912 0.1000000015
118479  42.878  -62.981  35.112 0.1000000015
128008  43.011  -63.740  34.978 0.1000000015
20542  44.393  -60.517  35.592 0.1000000015
19663  44.601  -61.517  36.034 0.1000000015
18736  42.807  -62.219  35.031 0.1000000015
22232  48.487  -58.685  35.665 0.1000000015
22214  47.933  -59.032  36.019 0.1000000015
20541  45.282  -60.069  35.684 0.1000000015
19675  42.360  -61.704  34.770 0.1000000015
22211  51.194  -58.446  36.358 0.1000000015
118571  49.231  -58.494  36.050 0.1000000015
21385  43.975  -59.889  34.896 0.1000000015
22229  52.246  -58.574  35.556 0.1000000015
22230  50.933  -58.586  35.444 0.1000000015
120175  46.518  -67.614  36.481 0.1000000015
15347  47.027  -67.388  36.153 0.1000000015
16155  47.191  -66.729  35.800 0.1000000015
16156  46.202  -66.238  35.666 0.1000000015
115285  45.756  -65.253  35.470 0.1000000015
126968  44.827  -64.847  35.358 0.1000000015
128291  44.329  -64.220  35.320 0.1000000015
119627  43.542  -64.254  35.033 0.1000000015
19662  45.471  -61.933  36.325 0.1000000015
123356  44.200  -62.086  35.801 0.1000000015
20529  45.981  -60.350  36.305 0.1000000015
20530  45.230  -60.878  36.238 0.1000000015
21369  46.068  -59.767  35.747 0.1000000015
22231  49.915  -58.555  35.355 0.1000000015
109652  52.620  -58.862  34.725 0.1000000015
120172  53.809  -58.853  33.771 0.1000000015
132359  46.909  -67.371  36.432 0.1000000015
16134  47.358  -66.196  36.616 0.1000000015
15346  47.254  -67.049  36.125 0.1000000015
16133  47.874  -65.687  36.517 0.1000000015
16147  47.522  -66.492  36.033 0.1000000015
125759  47.148  -65.005  35.710 0.1000000015
17010  47.011  -65.778  35.612 0.1000000015
112143  46.296  -64.733  35.582 0.1000000015
17868  45.677  -63.754  35.871 0.1000000015
17869  44.686  -63.620  35.640 0.1000000015
18729  44.833  -62.400  36.068 0.1000000015
19648  46.931  -60.781  36.649 0.1000000015
21367  47.386  -59.538  36.356 0.1000000015
21350  47.254  -60.037  36.781 0.1000000015
110833  50.449  -58.397  37.154 0.1000000015
22213  48.650  -58.753  36.493 0.1000000015
22243  54.090  -58.509  34.800 0.1000000015
22255  54.346  -58.389  33.347 0.1000000015
17002  48.234  -65.070  36.374 0.1000000015
16146  47.673  -65.534  35.994 0.1000000015
17009  47.633  -64.619  35.978 0.1000000015
17860  48.296  -64.037  36.274 0.1000000015
17867  46.722  -64.169  35.842 0.1000000015
17862  46.331  -63.385  36.118 0.1000000015
18728  45.621  -62.870  36.190 0.1000000015
18727  46.543  -62.574  36.333 0.1000000015
116282  46.179  -61.370  36.514 0.1000000015
22227  54.441  -58.185  35.705 0.1000000015
22210  52.345  -58.342  36.659 0.1000000015
22191  48.149  -59.178  36.755 0.1000000015
22242  54.523  -57.864  35.460 0.1000000015
18725  48.779  -63.193  36.447 0.1000000015
20512  49.805  -61.318  37.712 0.1000000015
19659  49.171  -62.606  36.727 0.1000000015
18726  47.759  -62.948  36.316 0.1000000015
20495  50.068  -60.561  38.151 0.1000000015
19661  47.237  -61.929  36.484 0.1000000015
19647  47.723  -61.528  36.777 0.1000000015
22209  53.743  -58.055  37.121 0.1000000015
22187  52.314  -58.221  37.574 0.1000000015
129905  51.374  -58.394  37.176 0.1000000015
119470  49.476  -58.510  37.029 0.1000000015
21347  49.541  -58.874  37.780 0.1000000015
21349  47.854  -59.790  37.026 0.1000000015
23009  54.483  -57.434  35.053 0.1000000015
22188  51.039  -58.507  37.939 0.1000000015
111740  50.703  -60.293  38.676 0.1000000015
113788  48.536  -61.755  37.022 0.1000000015
19660  48.223  -62.369  36.609 0.1000000015
21334  49.892  -59.537  38.320 0.1000000015
119449  48.846  -61.083  37.505 0.1000000015
22174  51.461  -58.756  38.764 0.1000000015
22175  50.362  -58.842  38.330 0.1000000015
113668  48.474  -60.195  37.523 0.1000000015
22189  50.077  -58.588  37.716 0.1000000015
21348  49.009  -59.514  37.727 0.1000000015
11604  33.534  -71.734  28.284 0.1000000015
119510  32.991  -68.946  28.519 0.1000000015
12356  32.645  -70.270  28.155 0.1000000015
13101  32.640  -69.382  28.118 0.1000000015
14671  32.600  -68.231  27.370 0.1000000015
13898  37.706  -68.052  26.316 0.1000000015
14688  33.893  -67.401  26.132 0.1000000015
14670  33.129  -67.497  27.265 0.1000000015
13916  33.807  -68.044  25.420 0.1000000015
13928  34.052  -68.647  24.789 0.1000000015
14708  33.164  -67.945  25.908 0.1000000015
8186  40.248  -77.089  30.626 0.1000000015
132182  32.413  -70.888  28.044 0.1000000015
131471  33.657  -71.057  28.482 0.1000000015
13880  32.240  -68.764  26.719 0.1000000015
8177  41.143  -76.287  32.189 0.1000000015
10222  39.106  -74.113  29.810 0.1000000015
11588  36.659  -71.294  29.442 0.1000000015
11602  35.411  -71.562  28.526 0.1000000015
15470  37.404  -66.527  27.395 0.1000000015
114012  34.965  -66.299  27.111 0.1000000015
9534  41.522  -75.445  31.208 0.1000000015
127746  41.777  -75.427  31.780 0.1000000015
10211  40.493  -74.287  30.829 0.1000000015
10901  38.183  -72.959  30.093 0.1000000015
10223  38.238  -73.608  29.461 0.1000000015
10891  39.569  -72.738  30.928 0.1000000015
10893  38.056  -72.114  30.204 0.1000000015
13083  35.181  -69.447  29.574 0.1000000015
15473  34.441  -66.324  27.704 0.1000000015
14650  33.420  -67.322  28.153 0.1000000015
15454  37.841  -66.064  28.159 0.1000000015
16259  36.445  -65.212  28.334 0.1000000015
11567  38.905  -71.293  31.536 0.1000000015
12293  37.813  -70.521  31.190 0.1000000015
12305  37.207  -70.472  30.568 0.1000000015
14631  34.480  -67.318  29.602 0.1000000015
14620  34.893  -67.143  30.123 0.1000000015
15438  34.424  -66.611  29.270 0.1000000015
17106  36.352  -64.624  29.020 0.1000000015
128133  41.476  -72.931  32.293 0.1000000015
10856  43.219  -73.363  33.045 0.1000000015
10868  42.352  -73.359  32.559 0.1000000015
12292  38.532  -70.558  31.637 0.1000000015
13045  38.585  -69.417  32.063 0.1000000015
14608  36.071  -67.125  31.190 0.1000000015
17945  37.200  -63.912  29.815 0.1000000015
10838  43.978  -72.947  35.496 0.1000000015
11561  41.053  -71.611  32.798 0.1000000015
11549  41.888  -71.731  33.244 0.1000000015
110604  39.230  -69.563  32.328 0.1000000015
126879  41.278  -71.011  33.141 0.1000000015
13798  39.824  -68.284  33.107 0.1000000015
13811  38.806  -68.720  32.344 0.1000000015
14595  38.658  -67.639  32.530 0.1000000015
14597  37.350  -66.910  32.002 0.1000000015
17912  37.025  -63.886  30.931 0.1000000015
17927  41.337  -63.216  30.712 0.1000000015
118753  41.471  -64.989  30.417 0.1000000015
16235  40.760  -66.005  29.699 0.1000000015
12259  44.544  -70.957  34.909 0.1000000015
11548  42.917  -71.766  33.535 0.1000000015
10791  43.427  -73.306  38.847 0.1000000015
10819  44.276  -72.586  36.393 0.1000000015
118544  44.064  -72.874  34.416 0.1000000015
13032  40.785  -69.300  33.387 0.1000000015
13781  41.117  -68.146  34.100 0.1000000015
14582  40.012  -67.586  33.566 0.1000000015
15402  38.242  -66.041  32.647 0.1000000015
17893  37.795  -63.781  32.055 0.1000000015
18801  40.886  -62.553  30.911 0.1000000015
120203  42.043  -63.628  30.705 0.1000000015
131512  44.535  -72.331  36.970 0.1000000015
13012  43.150  -69.483  34.631 0.1000000015
130757  40.932  -66.960  34.385 0.1000000015
16169  39.941  -65.015  33.851 0.1000000015
17884  38.504  -63.438  32.437 0.1000000015
123797  38.934  -63.920  32.951 0.1000000015
19689  41.796  -61.316  31.787 0.1000000015
123816  42.235  -62.153  31.297 0.1000000015
12241  44.778  -70.051  35.706 0.1000000015
12216  45.007  -70.029  36.570 0.1000000015
17883  39.494  -63.642  33.495 0.1000000015
17876  40.745  -62.995  34.504 0.1000000015
18780  39.457  -62.140  32.045 0.1000000015
20568  42.365  -60.411  32.908 0.1000000015
126426  44.300  -62.024  31.485 0.1000000015
18775  45.007  -62.223  31.318 0.1000000015
18774  45.791  -62.444  31.116 0.1000000015
12217  44.899  -70.655  37.463 0.1000000015
13766  44.676  -68.707  35.593 0.1000000015
120193  41.495  -64.965  34.634 0.1000000015
17875  41.351  -63.226  34.909 0.1000000015
20583  43.342  -60.698  32.077 0.1000000015
125114  46.345  -62.021  31.163 0.1000000015
19704  45.696  -61.545  31.449 0.1000000015
20580  46.200  -60.803  31.928 0.1000000015
19702  47.599  -61.429  31.348 0.1000000015
13765  45.155  -68.878  35.934 0.1000000015
123975  43.385  -64.895  34.997 0.1000000015
17871  42.123  -63.612  35.011 0.1000000015
22234  46.946  -59.116  34.830 0.1000000015
109857  46.826  -59.450  33.404 0.1000000015
21430  45.054  -59.667  33.271 0.1000000015
21431  44.169  -59.700  33.162 0.1000000015
127691  42.844  -60.050  33.226 0.1000000015
21401  43.819  -59.628  34.230 0.1000000015
20544  42.633  -60.793  34.624 0.1000000015
21428  47.262  -59.709  32.720 0.1000000015
21429  45.956  -59.649  33.412 0.1000000015
22245  51.678  -58.933  34.712 0.1000000015
114641  50.021  -59.485  32.588 0.1000000015
20565  45.757  -60.148  32.636 0.1000000015
20564  46.758  -60.244  32.376 0.1000000015
21395  52.363  -59.377  34.206 0.1000000015
21426  49.152  -59.644  32.059 0.1000000015
20578  48.252  -60.681  31.539 0.1000000015
130856  49.164  -61.700  31.250 0.1000000015
123363  49.177  -60.989  31.301 0.1000000015
120991  43.089  -61.483  35.117 0.1000000015
22233  47.756  -58.833  35.250 0.1000000015
21382  46.410  -59.428  35.284 0.1000000015
21383  45.472  -59.549  34.966 0.1000000015
22244  53.277  -58.965  34.329 0.1000000015
119702  44.080  -64.874  35.212 0.1000000015
118387  44.308  -62.821  35.729 0.1000000015
111174  53.653  -58.437  36.135 0.1000000015
22228  53.515  -58.622  35.153 0.1000000015
20514  47.915  -60.733  37.042 0.1000000015
117561  51.682  -62.287  26.830 0.4000000060
17958  51.580  -63.951  27.075 0.3000000119
18833  51.948  -62.826  26.430 0.4000000060
18843  52.410  -62.666  25.493 0.4000000060
112911  44.660  -73.656  25.075 0.1000000015
10950  46.250  -72.646  25.184 0.1000000015
110867  46.881  -71.319  26.716 0.2000000030
13861  47.578  -68.581  28.010 0.3000000119
123076  51.176  -65.325  23.603 0.4000000060
17942  51.349  -63.553  29.015 0.3000000119
16252  48.557  -65.751  28.321 0.4000000060
17146  49.653  -64.877  27.288 0.4000000060
12351  47.304  -69.999  27.665 0.2000000030
14644  47.537  -67.696  28.196 0.3000000119
17121  48.945  -65.082  27.926 0.4000000060
17145  50.343  -65.110  26.492 0.4000000060
17169  51.046  -65.393  24.387 0.4000000060
126869  44.340  -74.153  24.616 0.1000000015
13111  47.305  -69.979  26.959 0.3000000119
17980  49.046  -64.123  26.604 0.4000000060
131111  49.830  -64.603  25.938 0.4000000060
17170  50.493  -65.289  24.429 0.4000000060
10288  45.084  -73.688  24.353 0.1000000015
17176  51.877  -64.591  22.958 0.5000000000
12368  47.116  -70.426  26.346 0.2000000030
18033  52.359  -63.473  22.101 0.4000000060
18905  52.194  -62.499  22.378 0.4000000060
17100  48.058  -65.115  28.231 0.4000000060
131343  48.302  -64.563  27.909 0.4000000060
17171  49.960  -64.695  25.076 0.4000000060
17179  49.646  -64.849  24.170 0.4000000060
17178  50.436  -65.405  23.717 0.5000000000
10298  45.397  -73.609  23.710 0.2000000030
10287  45.629  -73.133  24.755 0.2000000030
10940  46.706  -72.092  25.549 0.2000000030
123341  47.172  -66.191  28.488 0.3000000119
10311  45.183  -73.887  23.190 0.1000000015
17959  48.453  -64.147  27.464 0.4000000060
17101  47.071  -65.284  28.331 0.4000000060
18008  48.958  -64.031  25.672 0.4000000060
17177  50.880  -65.332  22.972 0.5000000000
17185  51.353  -64.744  22.341 0.5000000000
18918  52.268  -63.077  21.977 0.4000000060
17122  47.666  -64.390  27.890 0.4000000060
18021  48.786  -64.168  24.695 0.4000000060
118911  50.578  -64.905  22.227 0.5000000000
18047  52.056  -63.852  21.181 0.4000000060
10297  45.933  -72.992  23.922 0.2000000030
11641  47.077  -71.374  25.128 0.2000000030
12378  47.107  -70.887  25.551 0.2000000030
13874  47.067  -68.905  27.365 0.4000000060
13128  47.005  -69.789  26.364 0.2000000030
14663  46.984  -68.022  27.592 0.3000000119
13890  46.726  -69.239  26.733 0.4000000060
15447  46.892  -66.759  28.301 0.3000000119
122586  49.572  -64.868  23.509 0.5000000000
129661  51.832  -63.997  20.521 0.4000000060
18919  51.716  -62.960  21.232 0.4000000060
127648  46.112  -67.630  27.625 0.4000000060
17123  46.653  -64.371  27.681 0.4000000060
17981  47.954  -63.593  26.731 0.4000000060
17186  49.994  -65.184  22.928 0.5000000000
10949  46.832  -71.846  24.813 0.2000000030
129150  47.089  -71.042  25.048 0.2000000030
18934  51.490  -63.481  20.284 0.4000000060
12369  46.845  -70.237  25.745 0.2000000030
16254  46.398  -65.966  28.363 0.3000000119
17960  47.374  -63.805  27.275 0.4000000060
116022  48.020  -63.640  25.296 0.4000000060
12389  46.924  -71.242  24.829 0.2000000030
13129  46.493  -69.644  26.128 0.3000000119
110705  46.230  -68.339  27.147 0.4000000060
18920  50.840  -62.502  21.219 0.4000000060
15448  45.937  -66.524  28.195 0.3000000119
115519  49.592  -64.468  22.236 0.5000000000
126801  48.878  -61.675  20.850 0.4000000060
113184  45.762  -73.238  22.578 0.2000000030
10961  46.298  -72.301  24.283 0.2000000030
18009  47.435  -63.446  25.918 0.4000000060
17196  50.270  -64.565  21.376 0.5000000000
17209  51.542  -64.186  20.236 0.4000000060
22379  47.101  -58.948  20.924 0.4000000060
10325  45.806  -73.083  21.934 0.2000000030
10972  46.021  -72.386  23.520 0.2000000030
12379  46.784  -70.753  25.136 0.2000000030
12370  46.254  -70.110  25.587 0.2000000030
18022  47.674  -63.825  24.338 0.5000000000
17187  49.053  -64.397  22.978 0.5000000000
9657  44.661  -73.535  20.890 0.2000000030
17102  46.074  -65.027  28.120 0.3000000119
112725  48.543  -64.280  23.726 0.5000000000
17195  51.364  -64.478  21.377 0.5000000000
128758  48.020  -60.376  20.541 0.4000000060
18935  50.951  -62.824  20.347 0.4000000060
10310  45.954  -72.883  23.118 0.2000000030
13891  45.877  -68.961  26.627 0.4000000060
123606  50.932  -64.588  20.396 0.4000000060
18062  51.572  -63.999  19.840 0.4000000060
11642  46.295  -71.126  24.686 0.2000000030
12380  45.812  -70.637  25.154 0.2000000030
11659  45.924  -72.090  23.627 0.2000000030
19865  49.385  -61.845  20.123 0.4000000060
18946  51.090  -63.513  19.343 0.4000000060
18078  51.071  -64.162  18.639 0.4000000060
17961  46.344  -63.741  27.046 0.3000000119
115565  48.033  -63.880  22.939 0.5000000000
17197  49.142  -64.156  21.454 0.5000000000
17210  51.166  -64.489  19.608 0.4000000060
14664  45.270  -67.588  27.455 0.4000000060
16255  45.541  -65.679  28.206 0.4000000060
17124  45.641  -64.254  27.487 0.3000000119
18010  46.482  -63.356  25.715 0.4000000060
115801  47.323  -63.799  23.488 0.5000000000
18947  50.343  -62.921  18.753 0.4000000060
113520  49.863  -64.410  20.503 0.5000000000
120555  48.145  -63.647  21.572 0.5000000000
17983  45.962  -63.401  26.368 0.4000000060
111572  47.037  -63.485  25.023 0.5000000000
18034  48.632  -63.867  22.285 0.5000000000
18023  46.708  -63.497  24.120 0.5000000000
17979  51.792  -63.821  26.034 0.4000000060
118107  50.825  -65.316  24.904 0.4000000060
20715  48.656  -61.137  20.297 0.4000000060
19864  50.179  -62.631  19.796 0.4000000060
18036  47.035  -63.647  22.702 0.5000000000
16234  50.368  -65.897  28.876 0.3000000119
16250  50.488  -65.645  28.322 0.3000000119
16249  50.946  -65.422  27.662 0.2000000030
15421  49.103  -66.771  29.788 0.2000000030
15434  49.088  -66.745  29.363 0.3000000119
15444  49.177  -66.620  28.921 0.3000000119
123893  50.013  -65.935  28.432 0.3000000119
14626  48.691  -67.964  29.608 0.2000000030
13859  48.395  -68.350  29.232 0.2000000030
12352  47.102  -70.634  27.234 0.2000000030
10355  44.124  -73.635  18.854 0.1000000015
9668  44.433  -73.985  17.920 0.1000000015
12391  42.697  -69.922  24.143 0.1000000015
115072  50.606  -64.898  30.063 0.1000000015
17098  51.058  -64.700  28.441 0.2000000030
130538  51.165  -65.139  28.179 0.2000000030
16219  50.178  -65.794  29.785 0.2000000030
17099  50.720  -65.479  28.270 0.2000000030
16202  49.362  -65.476  30.947 0.1000000015
15423  48.385  -67.506  30.473 0.1000000015
121681  49.217  -66.575  30.239 0.2000000030
15411  48.453  -66.758  30.811 0.1000000015
14613  48.093  -68.085  30.485 0.1000000015
10326  44.778  -73.921  22.403 0.1000000015
10338  44.263  -73.504  19.892 0.1000000015
11660  45.239  -72.085  22.785 0.1000000015
126696  44.932  -71.963  23.443 0.1000000015
125238  43.888  -71.169  24.595 0.1000000015
13144  43.801  -70.041  25.771 0.1000000015
11676  45.527  -71.913  22.012 0.1000000015
11651  44.069  -71.554  23.944 0.1000000015
121808  43.802  -70.777  25.097 0.1000000015
13893  43.555  -68.943  26.353 0.1000000015
12390  43.253  -70.700  24.264 0.1000000015
13145  42.704  -69.169  25.481 0.1000000015
14666  42.776  -67.264  27.059 0.1000000015
14682  42.294  -67.582  26.434 0.1000000015
15482  42.020  -66.814  26.827 0.1000000015
16221  49.023  -66.340  30.711 0.1000000015
13875  45.038  -68.277  27.072 0.1000000015
17103  45.324  -64.914  28.057 0.3000000119
10994  46.085  -72.408  22.175 0.1000000015
10983  46.028  -72.192  22.721 0.1000000015
11650  45.625  -71.643  24.187 0.1000000015
12371  45.114  -70.152  25.803 0.1000000015
14665  44.269  -67.564  27.354 0.2000000030
16256  44.675  -65.333  28.150 0.3000000119
17962  44.890  -63.714  27.174 0.3000000119
17984  44.991  -63.268  26.332 0.3000000119
113625  46.076  -72.431  21.466 0.1000000015
12381  44.573  -70.674  25.421 0.1000000015
13876  43.980  -68.260  26.981 0.1000000015
15450  43.855  -65.925  28.095 0.2000000030
17963  44.067  -63.886  27.462 0.3000000119
11687  46.200  -71.976  21.080 0.1000000015
125578  43.484  -67.580  27.147 0.1000000015
124616  43.082  -65.256  27.759 0.2000000030
17985  43.488  -63.220  27.038 0.3000000119
16272  42.362  -65.411  27.520 0.1000000015
17127  42.549  -64.565  27.566 0.2000000030
112949  41.718  -67.263  26.209 0.1000000015
124752  41.773  -65.545  27.269 0.1000000015
119621  41.899  -64.156  27.434 0.3000000119
130063  53.468  -59.697  32.624 0.1000000015
18035  47.772  -63.595  22.275 0.4000000060
18030  46.421  -63.462  23.291 0.4000000060
18011  45.573  -63.230  25.534 0.3000000119
18024  45.896  -63.171  23.973 0.4000000060
18012  44.702  -63.048  25.312 0.4000000060
18886  44.551  -62.807  24.440 0.4000000060
18844  43.990  -62.859  26.075 0.4000000060
18869  43.268  -62.406  25.443 0.5000000000
17964  42.397  -63.592  27.407 0.3000000119
18845  43.026  -62.661  26.350 0.5000000000
119845  41.252  -66.734  26.240 0.2000000030
15483  41.497  -66.075  26.888 0.1000000015
18834  41.900  -62.844  27.225 0.4000000060
130870  41.585  -68.328  25.172 0.1000000015
14684  40.758  -67.101  25.605 0.1000000015
16273  41.070  -65.251  27.118 0.2000000030
17128  41.223  -64.300  27.329 0.2000000030
130362  42.250  -69.052  22.895 0.1000000015
13924  41.413  -68.432  24.521 0.1000000015
15484  40.771  -65.994  26.494 0.2000000030
123151  41.367  -68.526  23.812 0.1000000015
18048  48.666  -63.968  20.509 0.4000000060
17212  49.574  -64.379  19.620 0.3000000119
18049  47.640  -63.456  20.882 0.4000000060
18894  45.709  -62.977  23.267 0.4000000060
18885  45.183  -62.798  23.893 0.4000000060
18893  46.274  -63.104  22.476 0.4000000060
18868  43.993  -62.563  25.052 0.4000000060
18887  43.408  -62.176  24.614 0.4000000060
123631  43.965  -62.421  24.298 0.4000000060
18870  42.464  -62.212  25.715 0.5000000000
18846  42.198  -62.466  26.602 0.4000000060
17966  40.618  -63.541  27.288 0.3000000119
17965  41.528  -63.493  27.378 0.4000000060
18847  41.394  -62.330  26.754 0.4000000060
14704  39.684  -66.905  24.887 0.2000000030
15500  40.113  -66.748  25.515 0.2000000030
17129  40.440  -64.487  27.114 0.2000000030
14716  40.437  -67.572  24.273 0.1000000015
14703  40.324  -67.241  24.969 0.2000000030
18064  48.092  -63.517  19.929 0.4000000060
18063  48.818  -64.042  19.530 0.4000000060
18922  46.556  -62.793  21.589 0.4000000060
18907  45.566  -62.381  22.750 0.4000000060
18923  45.976  -62.251  22.004 0.4000000060
19844  44.851  -61.710  23.009 0.4000000060
19819  42.968  -61.711  24.185 0.4000000060
18896  43.618  -61.986  23.923 0.4000000060
19797  41.950  -61.728  25.113 0.3000000119
19776  40.898  -61.794  26.205 0.4000000060
18871  41.679  -61.977  25.987 0.4000000060
17987  39.229  -63.681  26.921 0.3000000119
17967  39.856  -63.278  27.200 0.3000000119
18835  41.056  -62.791  27.263 0.4000000060
111633  39.916  -67.350  23.727 0.2000000030
110159  38.959  -66.573  24.749 0.2000000030
16286  39.324  -65.315  26.350 0.2000000030
17147  39.631  -64.553  26.795 0.2000000030
14721  40.509  -67.788  23.426 0.2000000030
11738  44.246  -71.549  17.639 0.1000000015
11716  44.461  -70.516  18.172 0.1000000015
109444  43.684  -70.110  18.623 0.1000000015
114871  50.768  -63.668  18.385 0.3000000119
18080  48.671  -63.711  18.638 0.4000000060
17233  49.397  -64.352  18.874 0.3000000119
111476  46.796  -62.546  20.820 0.4000000060
19867  46.198  -61.180  20.909 0.4000000060
19853  46.369  -61.977  21.275 0.4000000060
19843  45.428  -61.624  22.326 0.4000000060
19829  43.240  -61.373  23.674 0.4000000060
19828  44.014  -61.473  23.430 0.4000000060
19820  42.318  -61.397  24.414 0.4000000060
19830  42.689  -61.198  23.919 0.3000000119
18837  38.456  -62.420  26.678 0.3000000119
19765  39.005  -61.978  27.077 0.3000000119
19778  39.248  -61.629  26.580 0.3000000119
125551  40.422  -61.246  25.696 0.3000000119
19798  41.178  -61.470  25.383 0.3000000119
15508  37.893  -65.994  24.027 0.2000000030
15507  38.271  -66.094  24.633 0.2000000030
17162  37.954  -64.639  26.072 0.3000000119
17148  37.902  -63.974  26.381 0.2000000030
17968  39.287  -62.686  27.118 0.3000000119
18848  40.564  -62.241  26.815 0.3000000119
15506  39.353  -67.005  24.182 0.2000000030
16296  38.493  -65.339  25.873 0.2000000030
18965  50.270  -63.249  17.620 0.3000000119
18983  49.856  -63.229  16.678 0.3000000119
18982  50.160  -63.634  17.411 0.3000000119
18096  49.665  -63.831  17.349 0.4000000060
17248  50.519  -64.365  18.239 0.3000000119
19879  46.880  -61.746  19.610 0.3000000119
18950  47.344  -62.386  19.066 0.4000000060
20716  46.455  -61.090  20.057 0.4000000060
19866  46.616  -61.827  20.466 0.4000000060
21568  45.516  -60.579  21.286 0.4000000060
20709  45.316  -60.998  21.958 0.4000000060
20706  43.687  -60.219  22.900 0.3000000119
20705  44.286  -60.786  22.784 0.4000000060
20704  44.970  -61.070  22.439 0.4000000060
21512  38.649  -59.612  25.541 0.3000000119
21511  39.618  -59.623  25.283 0.2000000030
121802  40.479  -59.942  25.022 0.2000000030
21548  42.255  -59.505  23.556 0.2000000030
20680  42.178  -60.503  23.986 0.3000000119
20692  42.892  -60.826  23.590 0.3000000119
19780  37.920  -61.894  26.094 0.3000000119
20647  38.821  -61.131  25.926 0.3000000119
20659  40.032  -60.514  25.425 0.2000000030
20658  40.783  -60.821  25.063 0.2000000030
19821  41.563  -61.088  24.678 0.2000000030
16305  37.425  -65.482  23.664 0.2000000030
17164  36.716  -63.917  25.064 0.3000000119
18014  36.812  -63.322  25.485 0.3000000119
18013  37.416  -63.353  26.092 0.3000000119
19878  49.210  -61.355  19.243 0.3000000119
19877  49.714  -62.174  19.300 0.3000000119
128229  45.102  -59.851  21.365 0.3000000119
22365  41.474  -58.369  23.356 0.2000000030
22373  42.480  -58.347  22.632 0.2000000030
21560  43.500  -59.511  22.722 0.2000000030
21569  44.567  -59.495  21.719 0.2000000030
23107  39.831  -57.921  24.234 0.2000000030
22341  41.098  -58.843  24.022 0.2000000030
21549  41.721  -59.008  23.656 0.2000000030
21561  42.821  -59.130  23.033 0.2000000030
20729  47.773  -59.745  19.866 0.2000000030
13944  42.930  -68.825  21.755 0.1000000015
17173  36.580  -64.120  24.380 0.3000000119
14722  39.142  -67.107  23.346 0.2000000030
17119  51.104  -65.388  27.122 0.3000000119
16270  50.684  -65.458  27.783 0.3000000119
15445  48.568  -67.438  29.072 0.2000000030
20561  53.873  -59.954  32.065 0.1000000015
17067  50.953  -64.342  29.498 0.2000000030
113397  51.284  -64.849  27.644 0.2000000030
13130  45.559  -69.529  26.153 0.1000000015
15449  44.985  -66.228  28.043 0.3000000119
20728  48.417  -60.586  19.624 0.3000000119
17232  50.243  -64.559  18.765 0.3000000119
122903  45.558  -63.612  26.882 0.2000000030
15466  44.536  -66.844  27.730 0.2000000030
15420  49.684  -66.325  29.385 0.2000000030
14625  48.797  -67.436  29.770 0.1000000015
14642  48.713  -67.294  29.406 0.2000000030
13153  43.076  -69.979  24.904 0.1000000015
17086  50.692  -65.282  29.114 0.2000000030
11675  46.136  -71.974  21.925 0.1000000015
11661  43.931  -71.833  22.974 0.1000000015
11643  44.865  -71.216  24.776 0.1000000015
13131  44.491  -69.593  26.260 0.1000000015
14681  43.099  -67.964  26.643 0.1000000015
119862  42.884  -66.047  27.713 0.1000000015
13892  44.716  -68.976  26.691 0.2000000030
17125  44.721  -64.464  27.781 0.3000000119
15467  43.438  -66.856  27.595 0.2000000030
17126  43.785  -64.812  27.947 0.3000000119
122129  44.299  -63.337  26.825 0.4000000060
18025  45.305  -63.110  24.630 0.4000000060
121334  43.190  -64.001  27.583 0.3000000119
18050  47.113  -63.383  21.791 0.4000000060
120415  45.165  -62.436  23.350 0.4000000060
14702  40.997  -67.805  25.067 0.2000000030
15485  39.922  -66.074  26.094 0.2000000030
18921  47.032  -63.085  21.106 0.4000000060
15501  39.420  -66.408  25.422 0.2000000030
18936  47.353  -63.011  20.390 0.4000000060
17988  38.676  -63.116  26.867 0.3000000119
127848  38.684  -64.501  26.493 0.2000000030
15502  38.722  -66.024  25.301 0.2000000030
112419  47.677  -63.026  19.418 0.4000000060
18937  47.111  -62.408  20.003 0.4000000060
20648  38.083  -61.174  25.885 0.3000000119
16303  37.597  -65.424  24.557 0.2000000030
16297  37.726  -65.003  25.403 0.2000000030
18966  48.974  -63.401  16.712 0.4000000060
20710  44.914  -60.323  22.062 0.4000000060
21547  43.002  -60.058  23.327 0.2000000030
22329  39.050  -58.877  25.309 0.2000000030
21510  40.200  -59.283  24.910 0.2000000030
20681  41.242  -60.230  24.573 0.2000000030
18949  48.045  -62.945  18.341 0.3000000119
18111  49.373  -63.492  16.749 0.2000000030
18967  48.400  -62.918  17.170 0.3000000119
19889  49.699  -62.304  18.251 0.2000000030
19900  49.698  -62.587  16.775 0.2000000030
13077  47.431  -69.706  29.150 0.1000000015
13860  47.905  -68.991  28.648 0.1000000015
126593  50.823  -64.132  30.258 0.1000000015
11619  46.507  -71.314  27.815 0.1000000015
13095  47.440  -69.519  28.234 0.1000000015
131095  47.448  -59.155  20.350 0.1000000015
22403  47.320  -58.559  19.438 0.1000000015
132705  47.537  -59.036  19.826 0.1000000015
21589  48.312  -60.121  18.911 0.1000000015
21590  47.822  -59.267  18.999 0.1000000015
19890  49.245  -61.531  17.970 0.1000000015
20741  48.888  -60.635  17.833 0.1000000015
129252  49.233  -61.614  16.931 0.1000000015
19919  49.389  -62.864  16.154 0.1000000015
18984  49.205  -63.203  16.271 0.2000000030
19901  49.147  -62.214  16.002 0.1000000015
19920  48.809  -62.199  15.947 0.2000000030
124007  47.145  -61.766  18.797 0.2000000030
19921  48.597  -62.115  15.729 0.2000000030
18985  48.886  -62.925  16.221 0.2000000030
19902  48.021  -62.251  16.674 0.2000000030
19891  47.703  -62.272  18.038 0.2000000030
121893  48.180  -61.687  14.908 0.2000000030
20754  47.899  -61.792  15.625 0.2000000030
19892  47.246  -61.525  17.965 0.2000000030
121664  46.697  -61.016  19.050 0.2000000030
20717  45.923  -60.491  20.408 0.2000000030
21579  45.437  -59.810  20.644 0.2000000030
21580  44.893  -59.199  20.927 0.1000000015
19935  48.308  -61.622  14.955 0.2000000030
125854  46.226  -60.472  19.676 0.2000000030
20730  45.785  -59.852  19.825 0.1000000015
21592  45.652  -59.350  19.241 0.1000000015
22393  46.674  -58.205  20.640 0.1000000015
22392  47.161  -58.675  20.193 0.1000000015
22404  46.779  -58.031  19.843 0.1000000015
22413  47.624  -58.485  18.575 0.1000000015
21601  48.167  -59.167  17.979 0.1000000015
19000  49.130  -62.851  16.102 0.2000000030
19903  47.293  -61.301  16.953 0.2000000030
18889  36.158  -62.437  24.570 0.2000000030
122084  37.237  -62.132  25.711 0.2000000030
18873  36.552  -62.461  25.257 0.2000000030
18031  36.332  -63.520  23.802 0.2000000030
19822  36.149  -61.963  23.868 0.2000000030
21514  37.193  -60.070  25.377 0.2000000030
19801  36.424  -61.586  24.743 0.2000000030
20663  36.874  -60.798  25.260 0.2000000030
121586  36.419  -61.844  22.961 0.2000000030
20661  38.285  -60.395  25.743 0.2000000030
119073  36.437  -59.860  24.144 0.1000000015
20693  36.300  -60.493  23.768 0.2000000030
21531  36.780  -59.990  24.864 0.2000000030
21530  37.286  -59.425  25.050 0.2000000030
21551  35.910  -58.930  22.973 0.1000000015
21550  36.267  -59.126  23.780 0.1000000015
128493  36.596  -58.701  24.035 0.1000000015
22385  35.891  -58.338  21.358 0.1000000015
21582  35.854  -58.926  20.775 0.1000000015
20753  48.787  -61.480  15.165 0.1000000015
23109  38.127  -58.235  24.530 0.1000000015
23130  36.461  -57.712  23.251 0.1000000015
22345  37.261  -58.655  24.501 0.1000000015
22376  35.813  -58.538  22.176 0.1000000015
22375  35.983  -58.079  22.784 0.1000000015
23159  36.204  -57.512  20.248 0.1000000015
23146  36.156  -57.574  21.105 0.1000000015
24026  36.451  -56.753  18.998 0.1000000015
20765  48.423  -60.972  14.213 0.1000000015
22436  49.403  -59.850  13.886 0.1000000015
21622  48.890  -60.674  14.403 0.1000000015
22366  40.658  -58.131  23.824 0.1000000015
22344  38.753  -58.429  24.935 0.1000000015
23129  37.165  -57.492  23.628 0.1000000015
23128  38.167  -57.491  23.925 0.1000000015
23983  36.326  -56.969  21.706 0.1000000015
115512  36.261  -56.910  19.839 0.1000000015
23998  36.250  -56.684  20.717 0.1000000015
21638  48.749  -60.436  13.616 0.1000000015
20766  47.691  -61.371  14.916 0.1000000015
23956  39.682  -56.847  23.245 0.1000000015
23126  40.193  -57.460  23.526 0.1000000015
124144  38.485  -55.587  22.915 0.1000000015
23957  38.687  -56.832  23.392 0.1000000015
23127  39.259  -57.389  23.781 0.1000000015
24780  37.738  -55.583  22.847 0.1000000015
23958  37.694  -56.864  23.334 0.1000000015
25619  36.906  -54.865  22.086 0.1000000015
24781  37.032  -55.595  22.504 0.1000000015
23973  36.662  -56.390  22.334 0.1000000015
23959  36.881  -56.985  23.012 0.1000000015
26510  36.784  -53.460  20.294 0.1000000015
25631  36.609  -54.495  21.345 0.1000000015
24782  36.671  -55.628  21.996 0.1000000015
117372  36.357  -54.987  20.845 0.1000000015
20779  48.310  -60.712  13.701 0.1000000015
19936  48.091  -61.272  14.255 0.1000000015
23125  40.963  -57.670  23.124 0.1000000015
26482  37.544  -53.532  22.157 0.1000000015
121801  37.643  -54.264  22.470 0.1000000015
26494  36.802  -53.681  21.141 0.1000000015
22374  41.712  -57.848  22.636 0.1000000015
20707  36.229  -60.457  22.982 0.1000000015
21563  35.817  -59.221  22.227 0.1000000015
119294  36.390  -56.095  21.514 0.1000000015
24811  36.415  -55.187  20.125 0.1000000015
23136  40.541  -56.926  22.861 0.1000000015
12466  39.830  -70.504  18.640 0.1000000015
13211  38.328  -68.879  18.822 0.1000000015
13226  38.946  -70.074  18.655 0.1000000015
11720  39.500  -71.512  18.695 0.1000000015
10357  40.182  -73.207  18.355 0.1000000015
129906  39.804  -73.549  18.218 0.1000000015
126459  39.314  -74.900  17.145 0.1000000015
12447  39.702  -69.828  18.854 0.1000000015
13210  39.091  -69.354  18.985 0.1000000015
11019  39.864  -72.415  18.623 0.1000000015
13967  37.740  -67.849  19.132 0.1000000015
13966  38.178  -68.239  19.426 0.1000000015
13197  39.795  -68.911  20.160 0.1000000015
112428  40.000  -69.413  19.497 0.1000000015
129828  40.183  -71.123  18.631 0.1000000015
130490  37.792  -69.124  18.435 0.1000000015
14742  38.404  -67.257  20.726 0.1000000015
13957  39.429  -68.389  20.692 0.1000000015
13212  37.650  -68.584  18.570 0.1000000015
14753  37.846  -67.174  19.516 0.1000000015
15542  37.970  -66.066  19.289 0.1000000015
118969  37.559  -67.258  18.096 0.1000000015
14764  37.648  -67.275  18.791 0.1000000015
15555  37.863  -66.570  18.433 0.1000000015
13965  38.988  -68.691  19.690 0.1000000015
9025  38.508  -75.278  17.172 0.1000000015
7557  40.473  -77.255  30.011 0.1000000015
8179  40.315  -76.704  31.556 0.1000000015
8185  40.758  -76.681  30.739 0.1000000015
8850  41.323  -75.547  34.425 0.1000000015
8858  42.037  -75.407  33.712 0.1000000015
8859  39.850  -75.756  33.476 0.1000000015
8886  41.257  -76.174  30.922 0.1000000015
9482  42.358  -74.709  34.860 0.1000000015
9485  39.927  -75.035  34.189 0.1000000015
9494  42.588  -74.739  33.855 0.1000000015
9508  42.184  -75.157  32.240 0.1000000015
9535  41.022  -75.437  30.552 0.1000000015
10125  43.676  -73.400  38.711 0.1000000015
10173  43.684  -73.306  33.777 0.1000000015
10174  43.185  -74.089  33.282 0.1000000015
10383  40.358  -73.971  18.063 0.1000000015
10848  44.368  -72.175  34.728 0.1000000015
10870  40.905  -72.239  32.334 0.1000000015
10892  38.797  -72.653  30.580 0.1000000015
11504  44.646  -71.639  36.156 0.1000000015
11538  44.325  -71.673  34.499 0.1000000015
11579  38.502  -71.714  30.878 0.1000000015
11601  36.154  -71.815  28.874 0.1000000015
11605  32.894  -71.104  28.305 0.1000000015
11634  46.946  -71.558  25.855 0.2000000030
11649  46.439  -71.636  24.463 0.2000000030
11688  45.361  -71.464  21.032 0.1000000015
11690  46.789  -71.357  19.148 0.1000000015
11698  47.192  -71.044  18.599 0.1000000015
11735  47.382  -70.923  17.107 0.1000000015
11736  46.748  -70.729  16.563 0.1000000015
11748  47.205  -71.021  16.147 0.1000000015
12240  44.944  -69.990  36.123 0.1000000015
12272  43.984  -71.083  34.454 0.1000000015
12307  35.830  -69.725  29.840 0.1000000015
12318  47.140  -70.025  28.420 0.1000000015
12330  46.828  -70.615  28.146 0.1000000015
12338  31.982  -70.722  27.690 0.1000000015
12441  46.983  -70.650  18.521 0.1000000015
12443  43.540  -69.502  19.253 0.1000000015
12446  40.476  -69.953  19.018 0.1000000015
12993  44.958  -69.347  35.963 0.1000000015
13046  38.114  -68.965  31.901 0.1000000015
13061  37.293  -69.895  31.171 0.1000000015
13062  36.252  -69.559  30.409 0.1000000015
13085  33.473  -69.005  28.956 0.1000000015
13099  33.844  -69.773  28.865 0.1000000015
13156  39.074  -69.524  25.219 0.1000000015
13161  34.320  -69.295  24.242 0.1000000015
13193  44.792  -69.516  20.297 0.1000000015
13195  42.505  -68.667  20.470 0.1000000015
13224  45.814  -69.791  18.651 0.1000000015
13227  37.996  -69.720  18.529 0.1000000015
13810  39.265  -68.236  32.720 0.1000000015
13816  36.778  -68.467  31.346 0.1000000015
13840  48.553  -68.443  29.810 0.2000000030
13845  34.384  -68.155  29.560 0.1000000015
13863  40.245  -68.220  28.165 0.1000000015
13865  32.722  -68.579  28.064 0.1000000015
13873  47.334  -69.388  27.687 0.2000000030
13894  42.517  -68.365  26.078 0.1000000015
13912  37.567  -68.578  25.516 0.1000000015
13917  32.801  -68.575  25.472 0.1000000015
13929  33.359  -68.589  25.056 0.1000000015
13933  41.749  -68.789  23.217 0.1000000015
13937  42.191  -68.691  22.345 0.1000000015
14566  40.679  -67.572  34.047 0.1000000015
14618  41.836  -67.268  29.967 0.1000000015
14643  48.206  -67.840  28.691 0.4000000060
14645  46.498  -67.267  28.005 0.3000000119
14649  39.025  -67.259  28.050 0.1000000015
14651  32.905  -67.870  27.946 0.1000000015
14685  36.483  -67.323  26.221 0.1000000015
14690  32.765  -67.980  26.617 0.1000000015
14706  35.183  -67.744  25.656 0.1000000015
14707  34.427  -67.685  25.700 0.1000000015
14715  40.942  -68.055  24.045 0.1000000015
14717  39.966  -67.211  24.402 0.2000000030
14720  41.118  -68.267  23.258 0.1000000015
14731  39.504  -67.550  21.977 0.2000000030
14752  38.124  -67.620  19.906 0.1000000015
15333  46.177  -67.060  37.143 0.1000000015
15393  39.566  -66.837  33.364 0.1000000015
15415  36.252  -66.297  31.434 0.1000000015
15422  48.758  -67.120  30.254 0.1000000015
15430  34.723  -66.718  29.837 0.1000000015
15443  49.823  -66.213  28.882 0.3000000119
15451  40.049  -66.903  28.891 0.1000000015
15456  33.927  -66.746  28.135 0.1000000015
15465  45.522  -67.024  27.885 0.4000000060
15468  42.613  -66.630  27.378 0.1000000015
15486  36.927  -66.925  26.762 0.1000000015
15488  35.236  -66.657  26.580 0.1000000015
15490  33.662  -67.164  26.807 0.1000000015
15510  38.514  -66.568  23.897 0.2000000030
15519  37.795  -66.050  21.422 0.2000000030
16158  42.906  -65.371  34.981 0.1000000015
16192  37.785  -65.269  32.502 0.1000000015
16209  35.929  -65.565  31.089 0.1000000015
16220  49.599  -65.997  30.425 0.1000000015
16224  41.437  -65.902  30.206 0.1000000015
16225  40.811  -65.257  30.014 0.1000000015
16226  34.867  -66.045  29.762 0.1000000015
16237  39.252  -65.720  29.162 0.1000000015
16253  47.856  -65.962  28.526 0.4000000060
16258  37.249  -65.438  28.303 0.1000000015
16261  34.848  -65.776  28.352 0.1000000015
16275  36.077  -65.685  27.608 0.1000000015
16285  40.186  -65.300  26.691 0.2000000030
16295  39.178  -65.847  25.819 0.2000000030
16302  38.134  -65.624  25.179 0.2000000030
17015  41.064  -64.398  34.760 0.1000000015
17027  39.369  -64.436  33.425 0.1000000015
17039  36.842  -64.793  31.712 0.1000000015
17053  37.223  -64.129  31.591 0.1000000015
17054  36.301  -64.882  31.212 0.1000000015
17073  41.384  -64.011  30.544 0.1000000015
17077  35.706  -64.779  30.113 0.1000000015
17088  39.288  -64.428  29.584 0.1000000015
17104  38.088  -64.843  28.926 0.1000000015
17118  51.323  -65.180  27.145 0.2000000030
17130  39.959  -63.909  27.113 0.3000000119
17163  37.316  -64.141  25.681 0.3000000119
17172  36.944  -64.879  24.062 0.2000000030
17175  52.650  -63.509  22.625 0.4000000060
17180  37.005  -64.922  23.258 0.3000000119
17184  52.066  -64.158  22.055 0.4000000060
17211  50.599  -64.575  19.565 0.4000000060
17213  37.868  -64.216  20.626 0.2000000030
17230  51.293  -64.323  19.380 0.4000000060
17231  50.994  -64.511  18.909 0.4000000060
17249  50.077  -64.132  17.647 0.3000000119
17262  50.416  -64.030  17.816 0.3000000119
17861  47.220  -63.595  36.095 0.1000000015
17870  43.743  -63.414  35.318 0.1000000015
17877  40.141  -63.485  34.123 0.1000000015
17909  43.494  -62.772  30.935 0.1000000015
17910  38.300  -63.099  31.799 0.1000000015
17929  39.192  -63.085  30.102 0.1000000015
17932  36.903  -63.979  30.343 0.1000000015
17944  37.986  -63.593  29.712 0.1000000015
17982  46.908  -63.522  26.523 0.3000000119
17986  42.676  -62.966  27.088 0.3000000119
17989  38.055  -63.206  26.551 0.2000000030
18026  36.256  -63.255  24.725 0.2000000030
18079  49.743  -64.254  18.034 0.3000000119
18082  39.119  -63.201  19.670 0.1000000015
18097  49.230  -63.717  17.412 0.4000000060
18110  49.837  -63.641  17.098 0.2000000030
18119  49.456  -63.195  16.342 0.1000000015
18735  43.541  -62.334  35.417 0.1000000015
18777  42.994  -62.304  31.159 0.1000000015
18802  40.060  -62.478  30.755 0.1000000015
18836  40.183  -62.756  27.217 0.3000000119
18849  39.723  -62.128  26.956 0.3000000119
18850  37.664  -62.628  26.202 0.3000000119
18872  37.094  -62.784  25.780 0.2000000030
18888  42.723  -61.944  24.892 0.3000000119
18895  44.449  -62.289  23.735 0.4000000060
18897  36.074  -62.806  24.063 0.2000000030
18908  36.373  -62.761  23.128 0.3000000119
18933  51.857  -63.683  20.823 0.4000000060
18948  48.671  -63.366  17.604 0.4000000060
18953  38.389  -62.043  20.284 0.1000000015
18964  50.578  -63.827  17.958 0.3000000119
19646  49.547  -62.009  37.078 0.1000000015
19674  43.831  -61.388  35.584 0.1000000015
19680  41.349  -61.822  34.196 0.1000000015
19684  41.185  -61.310  33.098 0.1000000015
19686  39.907  -62.029  33.063 0.1000000015
19690  41.233  -61.299  32.355 0.1000000015
19692  39.937  -61.892  32.575 0.1000000015
19699  52.688  -61.332  31.410 0.2000000030
19700  49.954  -61.540  31.381 0.1000000015
19701  48.474  -61.499  31.262 0.1000000015
19705  44.717  -61.457  31.711 0.1000000015
19709  40.119  -61.867  31.941 0.1000000015
19777  40.084  -61.675  26.377 0.3000000119
19779  38.597  -61.703  26.439 0.3000000119
19799  39.624  -61.127  25.880 0.2000000030
19800  37.388  -61.355  25.664 0.3000000119
19831  36.328  -61.166  23.362 0.1000000015
19854  45.796  -61.434  21.627 0.4000000060
19856  37.006  -61.467  21.533 0.2000000030
19905  38.590  -61.417  17.777 0.1000000015
20513  49.288  -60.355  37.892 0.1000000015
20553  42.665  -60.277  34.191 0.1000000015
20567  43.783  -60.147  32.606 0.1000000015
20660  39.165  -60.421  25.582 0.3000000119
20662  37.556  -60.551  25.645 0.2000000030
20682  36.533  -60.645  24.496 0.1000000015
20691  43.498  -60.809  23.261 0.3000000119
20718  37.224  -60.880  20.354 0.1000000015
20744  37.584  -60.642  18.713 0.1000000015
20780  48.042  -60.883  13.832 0.1000000015
21368  46.671  -59.923  36.329 0.1000000015
21381  47.195  -59.249  35.591 0.1000000015
21384  44.717  -59.826  35.128 0.1000000015
21397  50.560  -59.263  34.074 0.1000000015
21399  45.662  -59.389  34.400 0.1000000015
21400  44.577  -59.561  34.543 0.1000000015
21402  43.128  -59.858  33.827 0.1000000015
21411  47.740  -59.261  33.269 0.1000000015
21415  43.789  -59.627  33.638 0.1000000015
21416  43.420  -59.833  33.153 0.1000000015
21422  54.111  -59.401  32.461 0.1000000015
21440  48.501  -59.973  31.820 0.1000000015
21444  54.542  -58.903  30.849 0.2000000030
21456  54.011  -59.546  29.942 0.2000000030
21489  46.678  -59.083  27.442 0.5000000000
21513  37.794  -59.762  25.572 0.2000000030
21528  41.557  -59.583  24.059 0.2000000030
21529  40.826  -59.402  24.554 0.2000000030
21559  44.170  -59.888  22.408 0.3000000119
21562  36.032  -59.763  22.621 0.1000000015
21572  35.776  -59.077  21.512 0.1000000015
21594  36.378  -58.961  19.519 0.2000000030
21605  36.742  -59.098  18.788 0.1000000015
22190  48.815  -58.934  37.218 0.1000000015
22212  50.129  -58.385  36.261 0.1000000015
22263  54.450  -58.348  32.076 0.1000000015
22269  54.318  -58.198  31.563 0.1000000015
22279  54.205  -58.921  30.378 0.2000000030
22328  39.723  -58.927  25.013 0.2000000030
22330  38.125  -58.926  25.218 0.2000000030
22342  40.285  -58.648  24.551 0.2000000030
22343  39.447  -58.405  24.811 0.1000000015
22346  36.718  -59.280  24.427 0.1000000015
22364  42.149  -58.768  23.229 0.2000000030
22367  36.244  -58.421  23.480 0.1000000015
22384  36.061  -58.208  20.569 0.1000000015
22430  37.254  -58.268  17.772 0.1000000015
23004  54.778  -57.245  35.944 0.1000000015
23018  54.391  -57.712  33.869 0.1000000015
23038  53.197  -57.875  30.909 0.1000000015
23041  49.515  -57.163  30.638 0.5000000000
23042  49.094  -57.169  30.529 0.4000000060
23043  48.710  -57.291  30.457 0.5000000000
23095  44.297  -57.947  26.071 0.3000000119
23108  38.946  -57.901  24.455 0.1000000015
23110  36.800  -58.151  23.847 0.1000000015
23137  36.383  -57.318  22.526 0.1000000015
23138  36.027  -57.781  21.989 0.1000000015
23171  36.378  -57.548  19.441 0.1000000015
23181  37.030  -57.064  18.215 0.1000000015
23794  48.608  -55.993  36.352 0.1000000015
23827  49.925  -55.918  34.333 0.2000000030
23828  49.164  -55.995  34.218 0.1000000015
23838  52.714  -56.427  33.096 0.1000000015
23840  50.792  -56.383  32.841 0.2000000030
23869  44.195  -56.817  31.468 0.2000000030
23921  42.689  -56.108  25.821 0.1000000015
23971  38.168  -56.195  23.121 0.1000000015
23972  37.315  -56.260  22.869 0.1000000015
24011  36.294  -56.090  19.826 0.1000000015
24663  47.022  -55.556  36.149 0.1000000015
24677  46.687  -55.795  34.183 0.1000000015
24793  36.287  -55.709  20.757 0.1000000015
25468  49.417  -53.020  40.998 0.1000000015
25470  46.335  -53.012  41.071 0.1000000015
25484  48.259  -52.728  39.425 0.1000000015
25493  47.876  -53.312  38.767 0.1000000015
25615  45.029  -54.720  23.091 0.1000000015
25630  37.054  -53.969  21.865 0.1000000015
25648  36.528  -54.311  20.440 0.1000000015
26273  47.050  -52.596  41.178 0.1000000015
26281  48.567  -52.594  40.720 0.1000000015
26299  48.017  -52.180  40.142 0.1000000015
26493  37.312  -53.193  21.651 0.1000000015
27173  46.358  -52.505  40.043 0.1000000015
27186  45.605  -52.678  39.721 0.1000000015
27189  37.270  -52.605  39.398 0.1000000015
27199  44.464  -52.468  38.541 0.1000000015
27214  43.608  -52.087  37.629 0.1000000015
27253  40.737  -52.503  33.239 0.1000000015
27352  37.805  -52.874  22.105 0.1000000015
28014  36.420  -51.137  39.613 0.1000000015
28066  38.769  -51.040  33.465 0.1000000015
28087  40.521  -51.238  29.391 0.1000000015
28094  40.718  -51.082  28.724 0.1000000015
28899  37.942  -50.676  34.757 0.1000000015
28943  38.505  -50.382  33.486 0.1000000015
28973  40.036  -50.267  30.610 0.1000000015
29810  38.430  -49.702  33.593 0.1000000015
29865  39.892  -49.735  30.856 0.1000000015
29901  41.757  -50.030  27.857 0.1000000015
111167  45.905  -68.091  36.511 0.1000000015
111816  37.579  -63.926  21.131 0.2000000030
111837  46.146  -63.273  24.818 0.5000000000
112153  42.085  -55.138  26.417 0.1000000015
113763  36.112  -58.768  20.149 0.1000000015
113998  47.186  -60.814  31.830 0.1000000015
114065  46.021  -54.467  36.969 0.1000000015
114714  38.880  -70.889  18.674 0.1000000015
114736  36.168  -59.743  23.404 0.2000000030
114773  50.020  -56.387  31.777 0.3000000119
114888  36.474  -55.283  21.449 0.1000000015
114906  36.352  -60.393  22.265 0.3000000119
115305  38.433  -65.612  18.611 0.1000000015
115313  43.561  -52.049  36.978 0.1000000015
115805  39.549  -68.802  27.037 0.1000000015
116011  48.763  -60.824  18.735 0.1000000015
116077  45.263  -63.029  30.979 0.1000000015
116481  47.402  -52.112  40.662 0.1000000015
116540  54.130  -59.918  30.345 0.2000000030
116682  41.798  -64.881  27.413 0.1000000015
116838  35.407  -65.611  30.384 0.1000000015
117048  39.333  -49.463  32.392 0.1000000015
117156  37.037  -64.642  24.894 0.2000000030
119398  49.577  -66.337  29.913 0.2000000030
119553  41.514  -61.223  33.852 0.1000000015
119624  45.030  -73.535  21.613 0.2000000030
120184  40.347  -65.800  33.977 0.1000000015
120429  37.315  -62.781  21.589 0.3000000119
120550  38.021  -66.844  32.412 0.1000000015
120784  40.858  -75.337  34.794 0.1000000015
121187  37.462  -55.030  22.580 0.1000000015
121740  36.926  -64.310  29.316 0.1000000015
122276  47.828  -55.872  36.066 0.1000000015
123046  42.308  -68.530  21.572 0.2000000030
123100  48.411  -59.465  37.278 0.1000000015
123170  45.233  -64.403  35.550 0.1000000015
123443  36.097  -59.551  20.991 0.2000000030
123772  32.327  -69.040  27.539 0.1000000015
124682  40.568  -66.567  26.014 0.2000000030
125009  38.491  -63.702  26.667 0.2000000030
125725  36.279  -61.163  24.080 0.2000000030
126095  36.840  -61.657  25.358 0.2000000030
126751  40.349  -62.738  33.944 0.1000000015
127070  42.166  -66.096  27.330 0.1000000015
127292  46.743  -59.598  35.850 0.1000000015
127630  45.357  -69.696  18.557 0.1000000015
128009  41.966  -58.327  22.972 0.2000000030
128025  51.881  -62.100  24.000 0.5000000000
128288  42.945  -63.420  27.314 0.3000000119
128368  45.002  -63.099  35.923 0.1000000015
128554  35.787  -64.972  28.766 0.1000000015
128614  52.796  -62.870  22.530 0.5000000000
128629  37.473  -57.993  24.106 0.1000000015
128706  48.289  -63.611  26.105 0.4000000060
128719  47.156  -69.548  26.980 0.4000000060
129246  48.448  -59.758  18.242 0.1000000015
129881  44.259  -70.532  34.843 0.1000000015
130228  41.776  -61.985  34.588 0.1000000015
130248  39.483  -69.094  19.566 0.1000000015
130460  43.144  -64.663  27.711 0.2000000030
130498  53.437  -60.712  30.301 0.2000000030
130556  34.193  -67.160  29.189 0.1000000015
130758  42.212  -68.497  21.009 0.1000000015
131556  36.559  -67.665  31.358 0.1000000015
131797  33.275  -68.255  25.446 0.1000000015
131997  53.832  -60.282  30.242 0.2000000030
132171  37.815  -66.719  19.177 0.1000000015
132187  41.369  -67.310  29.717 0.1000000015
132536  33.607  -67.526  28.690 0.1000000015
132698  45.809  -54.646  36.212 0.1000000015
