#!ascii label  , from subject sub-10 vox2ras=TkReg
1914
49539  -29.250  -31.216  94.337 0.0000000000
64830  -46.559  -15.827  70.159 0.0000000000
61847  -33.260  -17.747  81.398 0.0000000000
45644  -0.178  -36.263  84.738 0.0000000000
42330  -15.186  -37.555  87.347 0.0000000000
53669  -4.413  -26.608  86.574 0.0000000000
52485  -1.856  -28.846  95.839 0.0000000000
62890  -40.462  -16.607  75.272 0.0000000000
54834  -2.141  -26.666  77.642 0.0000000000
42216  3.327  -38.349  93.102 0.0000000000
53676  -30.336  -27.525  86.779 0.0000000000
45566  -26.278  -34.187  89.121 0.0000000000
44529  -22.022  -35.558  90.954 0.0000000000
128987  -47.632  -11.758  68.707 0.0000000000
61887  -36.864  -18.376  78.071 0.0000000000
43500  -10.779  -34.952  85.699 0.0000000000
58929  -2.329  -22.081  81.847 0.0000000000
50535  -2.805  -31.376  85.696 0.0000000000
49668  -5.254  -32.037  80.497 0.0000000000
124566  -3.181  -36.970  81.222 0.0000000000
43311  -3.123  -36.596  96.588 0.0000000000
117090  -0.065  -35.719  97.839 0.0000000000
62745  -29.168  -18.652  86.068 0.0000000000
44511  -17.836  -35.659  91.553 0.0000000000
43507  -17.466  -35.434  85.306 0.0000000000
53611  -4.040  -27.504  91.421 0.0000000000
50473  -0.805  -31.753  90.308 0.0000000000
61025  -44.624  -19.441  72.207 0.0000000000
43346  -5.327  -36.750  93.472 0.0000000000
43435  -7.422  -36.888  88.719 0.0000000000
53740  -4.404  -26.094  80.976 0.0000000000
49682  -2.910  -31.501  76.792 0.0000000000
51333  -0.084  -29.479  100.218 0.0000000000
48530  1.775  -32.357  94.388 0.0000000000
44544  1.010  -36.564  89.273 0.0000000000
51378  -30.888  -28.031  94.285 0.0000000000
49567  -29.123  -30.622  91.281 0.0000000000
51431  -30.410  -28.198  90.075 0.0000000000
47597  -27.645  -33.373  91.746 0.0000000000
47618  -27.112  -31.610  88.104 0.0000000000
46545  -26.317  -34.198  93.412 0.0000000000
66915  -47.299  -13.644  69.296 0.0000000000
62958  -43.537  -17.121  67.833 0.0000000000
116386  -45.204  -15.365  66.946 0.0000000000
113665  -45.835  -13.117  66.195 0.0000000000
61863  -35.211  -18.374  80.371 0.0000000000
61858  -30.118  -19.061  80.282 0.0000000000
60925  -32.700  -18.384  78.630 0.0000000000
60953  -33.677  -18.254  76.856 0.0000000000
48644  -0.969  -33.897  84.758 0.0000000000
47671  -2.764  -34.221  82.922 0.0000000000
44632  -2.030  -36.261  82.880 0.0000000000
113799  -3.307  -38.960  81.288 0.0000000000
41287  -0.994  -38.739  83.727 0.0000000000
118135  -1.863  -36.826  93.800 0.0000000000
42194  -0.987  -37.515  95.976 0.0000000000
60850  -28.525  -20.902  88.122 0.0000000000
56807  -31.206  -24.600  87.431 0.0000000000
54745  -29.258  -26.626  85.561 0.0000000000
57865  -29.333  -24.337  86.677 0.0000000000
59892  -29.048  -21.508  84.289 0.0000000000
127213  -18.475  -35.160  94.742 0.0000000000
45599  -21.267  -33.871  87.635 0.0000000000
44554  -19.972  -35.360  88.716 0.0000000000
124705  -46.926  -9.544  64.693 0.0000000000
72447  -48.085  -8.105  63.514 0.0000000000
53597  -2.879  -27.584  93.679 0.0000000000
51419  -2.364  -29.902  91.141 0.0000000000
51390  -1.303  -30.559  93.250 0.0000000000
61935  -43.126  -17.745  73.632 0.0000000000
61931  -37.923  -17.442  73.158 0.0000000000
61009  -39.623  -18.315  71.266 0.0000000000
59061  -40.768  -19.508  70.403 0.0000000000
43320  -5.991  -35.531  96.010 0.0000000000
43335  -7.258  -36.092  94.038 0.0000000000
112977  -1.682  -25.561  85.467 0.0000000000
55830  -2.061  -25.153  83.694 0.0000000000
121301  -4.814  -26.439  84.387 0.0000000000
46701  -5.329  -34.986  78.224 0.0000000000
49685  -5.397  -31.911  77.764 0.0000000000
46732  -2.547  -34.458  76.315 0.0000000000
118260  -1.403  -31.027  101.826 0.0000000000
43315  1.584  -36.829  96.063 0.0000000000
46510  1.373  -34.118  97.223 0.0000000000
45512  2.335  -35.668  93.262 0.0000000000
129354  0.334  -35.551  90.909 0.0000000000
43383  2.009  -37.132  91.119 0.0000000000
118154  -30.765  -26.881  89.677 0.0000000000
45506  -21.531  -35.268  94.466 0.0000000000
45508  -23.345  -34.932  94.376 0.0000000000
45553  -24.331  -35.047  90.411 0.0000000000
125589  -47.646  -9.513  68.924 0.0000000000
69836  -46.599  -11.117  65.870 0.0000000000
116378  -38.813  -17.405  77.098 0.0000000000
61914  -35.819  -17.947  75.763 0.0000000000
43522  -14.208  -35.387  84.557 0.0000000000
43487  -12.553  -35.949  85.685 0.0000000000
56882  -1.663  -24.501  79.358 0.0000000000
119366  -4.339  -29.796  86.686 0.0000000000
51513  -5.845  -29.169  83.859 0.0000000000
49648  -4.313  -31.423  83.332 0.0000000000
46674  -4.175  -34.687  81.002 0.0000000000
43594  -3.485  -38.016  78.297 0.0000000000
44450  -3.876  -35.881  99.552 0.0000000000
46493  -1.488  -34.430  100.429 0.0000000000
43301  -1.737  -37.154  98.386 0.0000000000
42192  0.500  -38.063  96.812 0.0000000000
115719  -31.137  -17.678  83.498 0.0000000000
60887  -28.313  -19.881  82.474 0.0000000000
42270  -16.755  -36.521  89.596 0.0000000000
44513  -20.074  -36.261  91.984 0.0000000000
115009  -18.279  -37.198  88.465 0.0000000000
42353  -16.833  -36.370  86.635 0.0000000000
54712  -2.536  -25.255  87.703 0.0000000000
55772  -1.784  -25.493  90.739 0.0000000000
113214  -3.898  -27.215  89.209 0.0000000000
51454  -4.011  -30.075  88.999 0.0000000000
50510  -2.187  -31.923  87.851 0.0000000000
48619  -0.248  -33.838  87.154 0.0000000000
61970  -45.675  -18.003  71.783 0.0000000000
60129  -42.066  -19.571  68.981 0.0000000000
44461  -5.487  -36.531  97.831 0.0000000000
43324  -4.151  -35.629  95.312 0.0000000000
42245  -2.834  -36.868  92.383 0.0000000000
43450  -10.917  -36.282  87.769 0.0000000000
109815  -9.264  -37.278  89.966 0.0000000000
112590  -7.933  -37.027  91.545 0.0000000000
42247  -6.172  -36.250  91.390 0.0000000000
43404  -4.042  -35.950  90.898 0.0000000000
57880  -0.570  -23.365  83.657 0.0000000000
55848  -3.280  -24.545  81.134 0.0000000000
109647  -3.390  -26.590  79.295 0.0000000000
52619  -6.370  -28.796  81.328 0.0000000000
51559  -4.293  -28.803  78.537 0.0000000000
51574  -2.950  -29.478  77.046 0.0000000000
52459  -1.389  -28.968  97.603 0.0000000000
48503  -0.941  -31.518  98.710 0.0000000000
49502  1.263  -30.868  97.448 0.0000000000
51371  0.729  -30.180  94.664 0.0000000000
49553  -0.279  -32.670  92.759 0.0000000000
47612  0.755  -34.690  89.255 0.0000000000
44570  0.906  -36.329  86.853 0.0000000000
40131  2.270  -40.560  91.102 0.0000000000
123252  1.527  -39.823  89.499 0.0000000000
42380  0.023  -38.647  84.865 0.0000000000
50442  -30.113  -29.783  94.416 0.0000000000
112934  -28.290  -30.335  94.456 0.0000000000
131463  -29.838  -31.322  92.913 0.0000000000
50453  -30.726  -30.254  92.507 0.0000000000
48556  -28.847  -32.159  93.254 0.0000000000
122079  -28.954  -32.142  91.749 0.0000000000
48539  -28.152  -32.057  95.297 0.0000000000
47572  -28.161  -33.022  94.095 0.0000000000
64839  -46.712  -15.091  69.559 0.0000000000
62960  -45.019  -16.733  68.831 0.0000000000
63929  -44.384  -16.048  67.742 0.0000000000
63931  -45.480  -15.783  68.396 0.0000000000
65825  -45.864  -14.763  67.344 0.0000000000
126957  -34.245  -18.387  81.083 0.0000000000
61835  -35.626  -18.238  81.943 0.0000000000
62799  -34.209  -17.648  82.352 0.0000000000
60923  -31.435  -19.145  79.332 0.0000000000
61860  -32.718  -19.244  80.097 0.0000000000
109803  -33.857  -18.597  79.636 0.0000000000
132339  -0.622  -34.971  84.505 0.0000000000
47669  -1.557  -35.119  83.395 0.0000000000
111699  -1.476  -36.464  83.390 0.0000000000
43534  -1.544  -37.174  82.999 0.0000000000
43532  -0.779  -37.221  83.981 0.0000000000
42230  -1.366  -37.726  92.354 0.0000000000
41164  -1.123  -37.785  93.434 0.0000000000
57836  -31.304  -23.830  88.428 0.0000000000
126842  -31.126  -23.951  86.885 0.0000000000
58863  -29.648  -23.722  88.144 0.0000000000
59868  -28.641  -22.106  88.034 0.0000000000
72417  -47.222  -8.601  65.902 0.0000000000
71563  -47.711  -8.722  63.944 0.0000000000
73315  -49.193  -6.998  64.361 0.0000000000
127926  -2.406  -28.527  94.405 0.0000000000
51383  -2.001  -29.847  93.420 0.0000000000
51374  -2.168  -29.668  94.185 0.0000000000
62907  -41.767  -17.147  73.830 0.0000000000
62877  -42.713  -16.765  75.204 0.0000000000
62905  -39.294  -17.310  74.200 0.0000000000
61948  -38.314  -17.909  72.277 0.0000000000
61932  -39.975  -17.511  73.258 0.0000000000
61951  -41.560  -17.929  72.563 0.0000000000
44476  -6.904  -36.166  95.136 0.0000000000
43336  -8.074  -35.919  93.875 0.0000000000
42313  -15.341  -37.944  88.509 0.0000000000
42312  -13.505  -38.075  88.409 0.0000000000
55903  -1.687  -25.815  77.709 0.0000000000
54743  -2.613  -25.993  85.873 0.0000000000
109664  -2.223  -25.776  85.298 0.0000000000
53681  -4.386  -26.167  85.779 0.0000000000
45734  -3.916  -36.205  76.928 0.0000000000
46715  -3.607  -34.549  76.521 0.0000000000
44707  -2.734  -36.530  76.000 0.0000000000
50400  -2.961  -30.245  101.444 0.0000000000
49490  -2.878  -31.789  101.627 0.0000000000
43330  2.607  -37.508  94.147 0.0000000000
44475  2.231  -36.166  94.908 0.0000000000
43343  2.667  -36.868  92.988 0.0000000000
44506  1.693  -36.365  91.696 0.0000000000
125082  2.638  -37.120  91.781 0.0000000000
52534  -32.191  -27.653  90.858 0.0000000000
124534  -31.203  -27.372  90.214 0.0000000000
125360  -31.326  -26.321  90.684 0.0000000000
55777  -30.502  -25.561  89.926 0.0000000000
45548  -25.968  -34.439  90.931 0.0000000000
45532  -25.019  -34.130  92.438 0.0000000000
45565  -25.234  -34.524  89.555 0.0000000000
110809  -23.999  -33.847  88.248 0.0000000000
70663  -47.744  -10.795  68.782 0.0000000000
67952  -46.656  -12.360  66.963 0.0000000000
68923  -46.332  -11.922  66.063 0.0000000000
69827  -46.915  -11.572  67.230 0.0000000000
70678  -46.990  -10.935  67.165 0.0000000000
62859  -37.773  -18.197  78.065 0.0000000000
62836  -38.550  -17.371  79.163 0.0000000000
62835  -38.299  -18.069  79.501 0.0000000000
110966  -35.283  -18.104  77.783 0.0000000000
61905  -35.320  -18.136  76.477 0.0000000000
61900  -36.332  -18.053  77.295 0.0000000000
62887  -37.276  -17.441  76.079 0.0000000000
58941  -2.395  -21.597  80.897 0.0000000000
57913  -1.660  -23.646  79.622 0.0000000000
129428  -1.964  -23.592  80.443 0.0000000000
50524  -3.699  -30.484  86.584 0.0000000000
109587  -4.056  -30.570  85.081 0.0000000000
49639  -3.746  -32.029  84.574 0.0000000000
45669  -2.906  -35.606  81.892 0.0000000000
46662  -3.553  -34.444  81.614 0.0000000000
126935  -4.166  -35.679  80.784 0.0000000000
45703  -4.627  -35.835  79.563 0.0000000000
118904  -4.109  -37.099  79.903 0.0000000000
42452  -3.675  -37.985  80.128 0.0000000000
43298  -3.807  -36.828  98.095 0.0000000000
44453  -2.855  -36.628  99.062 0.0000000000
43302  -2.550  -37.327  97.874 0.0000000000
41147  -0.564  -38.144  95.459 0.0000000000
42193  -0.153  -38.252  96.439 0.0000000000
41146  -0.021  -38.994  95.848 0.0000000000
42200  1.132  -39.110  95.669 0.0000000000
62779  -30.448  -17.975  84.165 0.0000000000
60872  -28.885  -20.457  85.055 0.0000000000
119111  -28.342  -20.724  83.255 0.0000000000
121982  -28.806  -19.146  83.694 0.0000000000
116239  -29.953  -18.465  82.468 0.0000000000
44510  -17.288  -35.156  91.017 0.0000000000
44526  -16.824  -35.555  90.591 0.0000000000
43393  -17.299  -36.992  91.112 0.0000000000
44498  -22.131  -35.657  93.226 0.0000000000
44496  -20.512  -36.112  93.334 0.0000000000
44514  -20.969  -36.081  91.937 0.0000000000
43470  -19.065  -37.155  86.492 0.0000000000
43437  -18.949  -36.946  88.414 0.0000000000
42335  -18.402  -37.816  86.569 0.0000000000
42333  -17.544  -37.663  86.841 0.0000000000
42369  -17.511  -35.924  86.461 0.0000000000
43505  -16.635  -35.935  84.709 0.0000000000
54691  -3.476  -25.944  92.016 0.0000000000
53610  -3.689  -26.280  91.187 0.0000000000
53616  -3.153  -26.456  90.286 0.0000000000
53627  -3.959  -27.575  90.037 0.0000000000
52548  -4.563  -28.115  89.452 0.0000000000
52525  -4.117  -28.900  90.866 0.0000000000
50474  -1.824  -31.341  90.553 0.0000000000
109445  -2.370  -31.270  89.823 0.0000000000
118809  -0.999  -32.027  88.931 0.0000000000
49612  -0.741  -32.821  87.674 0.0000000000
132060  -0.129  -33.192  88.257 0.0000000000
61033  -45.268  -19.644  71.880 0.0000000000
111431  -45.579  -18.080  72.788 0.0000000000
61939  -45.185  -18.446  73.265 0.0000000000
60077  -42.904  -19.374  71.579 0.0000000000
59093  -42.210  -20.001  69.984 0.0000000000
59077  -43.685  -19.374  71.185 0.0000000000
60120  -44.017  -19.107  70.885 0.0000000000
45477  -6.639  -35.210  98.324 0.0000000000
43333  -5.615  -35.803  94.404 0.0000000000
43325  -5.128  -35.362  95.113 0.0000000000
109270  -4.656  -35.690  94.392 0.0000000000
43331  -3.336  -36.265  93.840 0.0000000000
43345  -4.569  -36.994  93.130 0.0000000000
111822  -11.495  -35.321  85.653 0.0000000000
42348  -11.843  -36.576  87.315 0.0000000000
125828  -10.528  -35.831  87.167 0.0000000000
43436  -7.894  -37.195  88.048 0.0000000000
42308  -9.381  -36.759  88.857 0.0000000000
112828  -8.688  -37.245  89.441 0.0000000000
109609  -8.552  -37.284  91.018 0.0000000000
42263  -7.829  -37.185  90.873 0.0000000000
131644  -7.447  -36.750  91.444 0.0000000000
42262  -6.644  -36.172  90.560 0.0000000000
111349  -4.740  -35.686  89.129 0.0000000000
57878  1.274  -23.037  83.798 0.0000000000
123494  -3.863  -25.162  83.056 0.0000000000
55840  -3.167  -24.599  82.539 0.0000000000
54777  -3.725  -24.850  81.376 0.0000000000
112102  -3.023  -25.411  80.082 0.0000000000
54788  -3.823  -25.964  80.499 0.0000000000
50556  -5.438  -30.518  82.555 0.0000000000
121552  -6.089  -28.747  83.061 0.0000000000
50565  -5.939  -30.690  80.875 0.0000000000
49684  -4.398  -31.657  77.346 0.0000000000
50577  -5.161  -30.056  78.417 0.0000000000
131956  -3.290  -30.347  78.119 0.0000000000
52649  -3.897  -29.096  78.000 0.0000000000
121566  -2.965  -30.713  76.972 0.0000000000
50590  -2.142  -30.859  76.108 0.0000000000
52453  -1.326  -29.053  98.235 0.0000000000
45469  -0.784  -35.054  98.865 0.0000000000
47522  -0.651  -33.111  100.203 0.0000000000
46503  -1.110  -33.796  97.577 0.0000000000
48517  1.873  -32.744  95.821 0.0000000000
114632  1.228  -32.777  97.725 0.0000000000
48531  1.728  -31.768  95.567 0.0000000000
128525  1.122  -29.847  96.008 0.0000000000
112203  1.120  -30.341  94.209 0.0000000000
50443  -0.189  -31.691  94.272 0.0000000000
49541  0.484  -32.386  93.620 0.0000000000
126107  0.760  -36.100  89.991 0.0000000000
47606  0.309  -34.671  89.876 0.0000000000
113469  1.020  -35.425  89.049 0.0000000000
46594  1.081  -34.969  87.573 0.0000000000
44561  1.112  -36.072  88.162 0.0000000000
39121  1.700  -41.446  90.060 0.0000000000
41204  1.761  -39.628  89.964 0.0000000000
53602  -30.243  -26.922  92.678 0.0000000000
49593  -29.174  -30.725  89.323 0.0000000000
50492  -29.886  -29.751  88.157 0.0000000000
127900  -29.574  -29.208  90.246 0.0000000000
51401  -31.564  -28.948  92.140 0.0000000000
46562  -27.268  -33.902  90.554 0.0000000000
47607  -27.474  -32.177  90.071 0.0000000000
48584  -28.349  -31.482  90.353 0.0000000000
46546  -27.107  -34.015  93.102 0.0000000000
67922  -47.746  -12.528  69.148 0.0000000000
64870  -43.454  -15.574  66.472 0.0000000000
65848  -43.942  -14.593  65.618 0.0000000000
66961  -45.101  -14.031  65.246 0.0000000000
65841  -45.344  -14.608  66.246 0.0000000000
66937  -46.362  -13.437  67.213 0.0000000000
61872  -35.891  -17.901  79.061 0.0000000000
62823  -37.385  -18.279  80.435 0.0000000000
62810  -36.136  -18.361  81.224 0.0000000000
62793  -36.720  -17.225  82.742 0.0000000000
61857  -28.910  -18.897  79.855 0.0000000000
60933  -29.814  -18.562  78.087 0.0000000000
60934  -31.153  -18.442  78.154 0.0000000000
60962  -31.802  -18.771  76.107 0.0000000000
60963  -32.463  -18.812  76.019 0.0000000000
60936  -33.074  -18.240  77.760 0.0000000000
61884  -34.469  -18.069  78.046 0.0000000000
49637  -2.362  -32.826  85.401 0.0000000000
49646  -3.346  -32.822  84.266 0.0000000000
47662  -2.310  -33.885  83.535 0.0000000000
109425  -2.016  -35.295  83.103 0.0000000000
44633  -2.316  -36.531  82.282 0.0000000000
43560  -3.323  -37.540  81.119 0.0000000000
43548  -2.171  -37.093  82.427 0.0000000000
41296  -2.672  -38.749  82.422 0.0000000000
42203  -2.574  -36.496  95.261 0.0000000000
132216  -2.514  -37.867  96.160 0.0000000000
42202  -1.882  -36.823  95.234 0.0000000000
60849  -29.025  -19.710  87.543 0.0000000000
54728  -31.261  -26.486  87.419 0.0000000000
54746  -29.790  -26.991  85.799 0.0000000000
120879  -30.540  -25.482  86.505 0.0000000000
56824  -29.064  -24.311  86.064 0.0000000000
57874  -28.750  -23.900  84.912 0.0000000000
59883  -28.663  -22.849  86.202 0.0000000000
60857  -28.562  -21.584  87.372 0.0000000000
44482  -18.383  -36.075  93.540 0.0000000000
44547  -22.054  -35.137  89.409 0.0000000000
130466  -20.834  -35.620  89.751 0.0000000000
44555  -20.670  -34.822  88.455 0.0000000000
44571  -19.589  -35.101  86.499 0.0000000000
70712  -46.790  -9.120  62.556 0.0000000000
72451  -47.174  -8.532  61.729 0.0000000000
72461  -47.604  -8.045  61.573 0.0000000000
73370  -47.843  -7.631  61.018 0.0000000000
53604  -3.727  -26.822  92.864 0.0000000000
51405  -3.317  -29.624  91.712 0.0000000000
51393  -3.062  -29.543  92.466 0.0000000000
51403  -1.580  -29.981  92.308 0.0000000000
117407  -1.397  -31.292  91.817 0.0000000000
60995  -43.903  -18.459  73.439 0.0000000000
62893  -43.733  -17.703  74.956 0.0000000000
61023  -38.312  -18.994  70.583 0.0000000000
60095  -39.074  -19.916  69.940 0.0000000000
59074  -39.909  -19.952  69.749 0.0000000000
60074  -39.864  -19.191  70.567 0.0000000000
61012  -42.716  -18.469  72.550 0.0000000000
44467  -7.064  -35.687  97.094 0.0000000000
44472  -6.731  -35.545  96.180 0.0000000000
43327  -6.823  -36.038  94.763 0.0000000000
110118  -5.959  -36.566  93.832 0.0000000000
43464  -7.210  -35.928  86.846 0.0000000000
43434  -6.598  -36.005  88.579 0.0000000000
55810  -0.025  -24.787  85.302 0.0000000000
56829  0.568  -24.192  84.220 0.0000000000
54751  -1.690  -25.619  84.845 0.0000000000
125846  -3.467  -25.540  84.527 0.0000000000
53720  -4.482  -25.632  83.030 0.0000000000
47692  -5.333  -33.289  79.652 0.0000000000
48671  -5.701  -31.952  79.463 0.0000000000
47725  -5.403  -33.402  77.672 0.0000000000
122899  -4.222  -33.337  77.021 0.0000000000
47736  -1.957  -33.530  76.824 0.0000000000
51331  -3.823  -28.878  100.668 0.0000000000
51329  -2.314  -28.920  101.133 0.0000000000
50397  -0.246  -29.606  101.115 0.0000000000
44464  1.157  -36.485  97.109 0.0000000000
46506  0.958  -34.535  97.777 0.0000000000
45484  1.544  -35.474  96.448 0.0000000000
46521  1.914  -34.231  95.258 0.0000000000
113490  1.785  -33.915  94.134 0.0000000000
47573  0.890  -33.878  92.211 0.0000000000
46541  1.376  -34.713  92.046 0.0000000000
45541  1.204  -36.006  91.246 0.0000000000
132475  1.789  -37.163  90.301 0.0000000000
52579  -31.967  -28.908  86.994 0.0000000000
119170  -30.217  -29.125  88.359 0.0000000000
52564  -30.009  -28.068  88.733 0.0000000000
54738  -30.467  -27.436  87.378 0.0000000000
55788  -31.205  -25.905  89.023 0.0000000000
56790  -31.167  -24.426  89.390 0.0000000000
44499  -22.912  -35.165  93.045 0.0000000000
111178  -24.722  -34.032  93.984 0.0000000000
45530  -23.711  -34.720  92.737 0.0000000000
44530  -22.765  -35.244  91.059 0.0000000000
45573  -22.684  -34.776  88.755 0.0000000000
68943  -45.371  -11.522  64.281 0.0000000000
70688  -46.753  -10.196  65.362 0.0000000000
71525  -47.189  -9.651  67.175 0.0000000000
62874  -39.379  -17.165  76.110 0.0000000000
63852  -40.385  -16.846  76.959 0.0000000000
63838  -39.647  -16.885  77.717 0.0000000000
125050  -33.485  -18.561  75.576 0.0000000000
109387  -36.416  -17.612  74.826 0.0000000000
62888  -38.432  -17.242  75.309 0.0000000000
42366  -15.014  -36.553  86.399 0.0000000000
42350  -13.424  -36.893  86.896 0.0000000000
43488  -13.429  -35.920  85.700 0.0000000000
43520  -12.507  -34.875  84.766 0.0000000000
56891  -1.145  -24.556  78.493 0.0000000000
55895  -1.716  -25.458  78.497 0.0000000000
112100  -4.682  -28.408  87.105 0.0000000000
52582  -5.185  -28.124  85.637 0.0000000000
51499  -5.432  -29.050  85.440 0.0000000000
50551  -5.173  -29.869  83.748 0.0000000000
49662  -4.755  -31.774  81.908 0.0000000000
49654  -3.669  -32.873  83.493 0.0000000000
49661  -4.147  -32.304  82.096 0.0000000000
47691  -4.744  -33.333  80.461 0.0000000000
118230  -5.073  -35.189  79.143 0.0000000000
47518  -2.555  -33.648  101.342 0.0000000000
45464  -2.459  -35.402  100.244 0.0000000000
45470  -1.350  -35.789  99.475 0.0000000000
44458  -0.409  -36.234  98.334 0.0000000000
123787  -1.570  -37.753  97.236 0.0000000000
114943  -0.084  -37.309  97.725 0.0000000000
43299  0.266  -36.674  97.814 0.0000000000
43316  1.234  -37.180  96.738 0.0000000000
42199  1.498  -38.444  95.464 0.0000000000
41159  2.320  -39.290  94.333 0.0000000000
61832  -32.701  -17.469  82.085 0.0000000000
62790  -33.551  -17.301  82.789 0.0000000000
62781  -32.286  -17.186  84.601 0.0000000000
53716  -30.247  -27.365  84.059 0.0000000000
60909  -27.863  -19.684  80.439 0.0000000000
61831  -31.056  -17.898  82.024 0.0000000000
123992  -16.325  -37.133  90.323 0.0000000000
42314  -15.855  -36.965  88.127 0.0000000000
45492  -20.114  -34.914  95.127 0.0000000000
122046  -19.801  -36.211  93.465 0.0000000000
43353  -18.959  -36.437  92.420 0.0000000000
122180  -19.493  -36.140  90.047 0.0000000000
43411  -19.003  -37.019  90.553 0.0000000000
43410  -17.683  -37.163  90.848 0.0000000000
42295  -17.391  -36.801  89.152 0.0000000000
115697  -16.972  -36.743  87.450 0.0000000000
42352  -15.946  -36.663  86.748 0.0000000000
42383  -15.473  -36.288  85.586 0.0000000000
74363  -49.425  -6.696  60.472 0.0000000000
74364  -50.585  -6.425  60.001 0.0000000000
74365  -51.488  -6.198  59.580 0.0000000000
54733  -1.992  -25.444  86.136 0.0000000000
53654  -3.372  -25.700  87.086 0.0000000000
54703  -2.402  -25.367  89.074 0.0000000000
53639  -3.338  -25.897  88.185 0.0000000000
131072  -4.023  -26.638  87.659 0.0000000000
52567  -4.762  -28.230  87.676 0.0000000000
51455  -4.403  -29.684  88.162 0.0000000000
50512  -3.314  -30.826  87.350 0.0000000000
129037  -3.369  -29.884  90.467 0.0000000000
50511  -2.855  -31.373  87.826 0.0000000000
50522  -2.300  -31.668  86.313 0.0000000000
49629  -1.196  -32.958  86.375 0.0000000000
114355  -0.518  -34.124  85.837 0.0000000000
46624  -0.113  -35.327  85.851 0.0000000000
62942  -46.092  -16.829  70.848 0.0000000000
58059  -40.316  -20.949  68.969 0.0000000000
59129  -41.208  -21.065  68.091 0.0000000000
131312  -40.932  -19.581  68.034 0.0000000000
61992  -43.246  -18.075  68.737 0.0000000000
112982  -44.551  -17.767  70.531 0.0000000000
44455  -4.970  -36.073  98.496 0.0000000000
43304  -3.976  -36.922  97.250 0.0000000000
43314  -6.114  -36.412  96.555 0.0000000000
43313  -5.110  -36.813  96.611 0.0000000000
42196  -3.040  -36.382  96.272 0.0000000000
42218  -2.633  -36.710  93.368 0.0000000000
42349  -12.661  -36.818  87.057 0.0000000000
120194  -12.380  -37.224  88.752 0.0000000000
42289  -11.541  -37.203  89.825 0.0000000000
43449  -9.902  -35.937  87.802 0.0000000000
111803  -10.129  -36.560  89.069 0.0000000000
109608  -10.818  -37.145  90.127 0.0000000000
42249  -9.292  -37.079  91.134 0.0000000000
43368  -8.752  -36.628  92.347 0.0000000000
43349  -8.531  -35.806  93.058 0.0000000000
42220  -7.492  -36.009  92.610 0.0000000000
42219  -6.787  -36.398  92.496 0.0000000000
42232  -6.116  -36.635  92.207 0.0000000000
43422  -6.120  -35.883  90.071 0.0000000000
43405  -5.068  -35.899  91.267 0.0000000000
43385  -4.361  -36.546  91.608 0.0000000000
43384  -3.328  -36.577  91.269 0.0000000000
58918  -1.611  -22.466  82.673 0.0000000000
56838  -0.572  -24.065  84.193 0.0000000000
131973  -2.286  -24.166  82.595 0.0000000000
111185  -2.590  -23.840  81.980 0.0000000000
55865  -2.832  -24.780  80.519 0.0000000000
55883  -2.501  -25.442  79.692 0.0000000000
54822  -3.016  -26.670  78.817 0.0000000000
113370  -5.234  -27.185  84.262 0.0000000000
118715  -5.136  -27.236  82.968 0.0000000000
53733  -5.604  -27.182  80.980 0.0000000000
124867  -5.827  -30.191  79.107 0.0000000000
113749  -5.706  -28.851  79.541 0.0000000000
54790  -5.006  -26.727  79.888 0.0000000000
53753  -3.943  -27.279  79.136 0.0000000000
52648  -3.996  -28.334  77.733 0.0000000000
53787  -2.755  -27.656  77.375 0.0000000000
121037  -2.093  -29.531  76.506 0.0000000000
48496  -1.655  -32.955  101.357 0.0000000000
49494  0.085  -31.839  100.917 0.0000000000
115479  0.240  -30.436  100.307 0.0000000000
127323  -0.513  -32.907  97.965 0.0000000000
131299  -0.330  -31.053  97.887 0.0000000000
50405  -0.470  -30.098  98.763 0.0000000000
51347  -0.050  -30.400  96.963 0.0000000000
51357  -0.243  -30.457  96.362 0.0000000000
51365  -1.284  -30.031  95.543 0.0000000000
51381  -1.030  -30.957  94.415 0.0000000000
50456  -1.114  -31.330  92.793 0.0000000000
49561  -0.576  -32.426  91.380 0.0000000000
131646  0.345  -34.086  91.269 0.0000000000
48567  -0.018  -33.320  90.785 0.0000000000
49585  0.225  -32.837  89.617 0.0000000000
48609  0.295  -33.748  87.228 0.0000000000
46614  0.492  -34.630  86.703 0.0000000000
109542  0.305  -36.540  85.306 0.0000000000
117485  2.757  -40.199  93.107 0.0000000000
40120  2.699  -40.663  92.210 0.0000000000
41188  3.279  -39.180  91.693 0.0000000000
42243  2.957  -39.205  90.713 0.0000000000
129404  2.170  -38.647  90.229 0.0000000000
43418  1.522  -37.956  89.346 0.0000000000
41217  1.595  -39.385  88.583 0.0000000000
116180  1.331  -38.097  87.753 0.0000000000
115969  1.292  -37.874  87.007 0.0000000000
43480  0.388  -37.660  85.248 0.0000000000
43514  0.031  -37.349  84.632 0.0000000000
41278  -0.492  -38.783  84.250 0.0000000000
40199  -0.683  -40.438  83.443 0.0000000000
50441  -29.484  -30.428  94.683 0.0000000000
50431  -29.547  -29.807  95.046 0.0000000000
49530  -28.872  -30.807  94.908 0.0000000000
49550  -29.344  -31.539  93.488 0.0000000000
49540  -29.928  -30.807  93.790 0.0000000000
48548  -29.026  -31.991  94.122 0.0000000000
48564  -29.349  -31.880  92.459 0.0000000000
48540  -28.628  -31.562  94.812 0.0000000000
48555  -28.521  -32.434  93.819 0.0000000000
49519  -28.096  -31.221  95.219 0.0000000000
111775  -47.350  -15.368  70.871 0.0000000000
114065  -47.313  -15.857  71.239 0.0000000000
62951  -46.056  -16.478  70.015 0.0000000000
63920  -45.368  -16.261  69.110 0.0000000000
63921  -45.822  -15.912  69.335 0.0000000000
112823  -46.063  -15.462  68.915 0.0000000000
109717  -33.677  -18.324  80.921 0.0000000000
61834  -34.731  -18.235  81.648 0.0000000000
61846  -32.421  -17.825  81.245 0.0000000000
110045  -32.951  -18.435  80.771 0.0000000000
61861  -33.440  -18.898  80.277 0.0000000000
46635  -0.537  -35.624  84.448 0.0000000000
45654  -0.757  -36.366  84.067 0.0000000000
44616  -0.847  -36.905  83.899 0.0000000000
58854  -30.144  -23.541  89.033 0.0000000000
53583  -2.355  -27.905  95.313 0.0000000000
52496  -2.069  -29.274  95.072 0.0000000000
62891  -41.711  -16.689  74.574 0.0000000000
109400  -42.055  -16.591  75.090 0.0000000000
62876  -41.198  -16.514  75.536 0.0000000000
62889  -39.592  -16.812  74.987 0.0000000000
62906  -40.594  -16.891  74.133 0.0000000000
44477  -8.449  -35.863  94.105 0.0000000000
114516  -7.619  -35.866  94.602 0.0000000000
43329  -8.100  -36.201  94.024 0.0000000000
124478  -15.017  -38.053  87.997 0.0000000000
124158  -14.436  -38.129  88.582 0.0000000000
117548  -14.330  -38.036  87.801 0.0000000000
110410  -1.603  -26.244  76.834 0.0000000000
53668  -3.759  -25.926  86.489 0.0000000000
125751  -3.724  -25.886  86.141 0.0000000000
44708  -3.155  -36.379  76.356 0.0000000000
48498  -3.603  -32.500  101.213 0.0000000000
120397  3.118  -37.602  93.468 0.0000000000
43362  3.154  -37.311  92.549 0.0000000000
53609  -31.808  -26.589  91.765 0.0000000000
53615  -32.199  -26.779  91.014 0.0000000000
55763  -30.314  -26.479  91.305 0.0000000000
56769  -30.224  -25.921  90.610 0.0000000000
45555  -26.030  -34.304  89.918 0.0000000000
131426  -25.573  -34.292  88.946 0.0000000000
69813  -47.573  -11.393  68.551 0.0000000000
67938  -47.208  -12.351  67.700 0.0000000000
68913  -46.836  -12.002  67.157 0.0000000000
68914  -47.365  -11.863  67.919 0.0000000000
69828  -47.329  -11.238  67.985 0.0000000000
62850  -38.322  -17.975  78.630 0.0000000000
62849  -37.652  -18.358  78.826 0.0000000000
61886  -36.021  -18.158  78.333 0.0000000000
61899  -35.985  -18.189  77.552 0.0000000000
124143  -37.056  -17.963  77.445 0.0000000000
126037  -2.585  -21.109  81.724 0.0000000000
128508  -2.035  -22.946  80.974 0.0000000000
50536  -3.442  -30.770  85.744 0.0000000000
50543  -3.482  -31.313  85.056 0.0000000000
44634  -2.868  -36.352  81.712 0.0000000000
44635  -3.428  -35.902  81.442 0.0000000000
44651  -3.652  -36.583  80.876 0.0000000000
43561  -3.655  -37.372  80.518 0.0000000000
43303  -3.091  -36.802  97.245 0.0000000000
43310  -2.600  -37.019  96.856 0.0000000000
127815  -29.850  -18.049  85.547 0.0000000000
62747  -30.824  -17.510  85.872 0.0000000000
62746  -29.811  -18.043  86.491 0.0000000000
53690  -31.514  -27.649  85.965 0.0000000000
61815  -28.822  -19.315  84.598 0.0000000000
62778  -29.437  -18.476  84.120 0.0000000000
44493  -17.685  -35.654  92.797 0.0000000000
43374  -17.459  -35.691  90.635 0.0000000000
114638  -18.010  -36.232  91.169 0.0000000000
44515  -21.760  -35.749  91.829 0.0000000000
115740  -21.599  -36.004  92.619 0.0000000000
43490  -18.080  -35.622  86.232 0.0000000000
43469  -18.615  -37.042  86.213 0.0000000000
130732  -18.137  -36.161  86.537 0.0000000000
42355  -18.150  -36.993  86.507 0.0000000000
42370  -17.522  -35.741  86.149 0.0000000000
43506  -16.942  -35.693  84.780 0.0000000000
53605  -4.076  -27.054  92.184 0.0000000000
124104  -2.689  -25.914  91.213 0.0000000000
53617  -3.958  -26.901  90.584 0.0000000000
53618  -3.911  -28.020  90.791 0.0000000000
50484  -1.286  -31.689  89.635 0.0000000000
49587  -0.523  -32.097  89.405 0.0000000000
49599  -0.531  -32.620  88.483 0.0000000000
61026  -45.123  -19.798  72.085 0.0000000000
61015  -45.092  -18.987  72.588 0.0000000000
60997  -44.912  -18.791  72.989 0.0000000000
60059  -43.725  -19.115  72.294 0.0000000000
60098  -43.794  -19.381  71.435 0.0000000000
60079  -44.780  -19.792  71.819 0.0000000000
60099  -44.690  -19.718  71.777 0.0000000000
127962  -5.298  -36.341  93.860 0.0000000000
43332  -4.318  -36.262  93.733 0.0000000000
43486  -10.753  -35.469  86.402 0.0000000000
42306  -8.071  -37.216  88.817 0.0000000000
42286  -7.694  -37.136  89.538 0.0000000000
129881  -7.993  -37.391  90.137 0.0000000000
124415  -7.418  -36.767  90.348 0.0000000000
42285  -6.859  -36.263  89.623 0.0000000000
58895  1.352  -22.781  84.507 0.0000000000
54770  -4.016  -25.147  82.152 0.0000000000
54769  -3.509  -24.808  82.532 0.0000000000
54778  -3.991  -25.399  81.209 0.0000000000
54787  -3.558  -25.317  80.594 0.0000000000
50560  -5.716  -30.697  81.754 0.0000000000
49683  -3.390  -31.532  77.065 0.0000000000
50584  -3.748  -30.818  77.725 0.0000000000
50583  -3.037  -30.621  77.715 0.0000000000
49681  -2.576  -31.263  76.457 0.0000000000
48683  -2.043  -32.335  76.809 0.0000000000
51334  -1.044  -29.954  99.935 0.0000000000
51338  -0.150  -29.641  99.766 0.0000000000
129591  -0.941  -35.130  97.465 0.0000000000
46498  -1.313  -34.530  97.691 0.0000000000
49521  1.507  -31.367  94.378 0.0000000000
49531  1.385  -31.924  93.723 0.0000000000
49532  1.057  -31.266  93.732 0.0000000000
48541  1.272  -32.448  93.222 0.0000000000
129005  0.710  -35.651  89.559 0.0000000000
45561  0.914  -35.987  89.255 0.0000000000
45572  1.130  -35.755  88.578 0.0000000000
44552  1.005  -36.313  88.704 0.0000000000
37130  2.221  -43.288  89.445 0.0000000000
115776  2.920  -43.010  90.226 0.0000000000
124403  2.025  -42.399  89.596 0.0000000000
125990  -31.038  -27.112  93.553 0.0000000000
49579  -28.858  -30.486  90.530 0.0000000000
49580  -29.404  -30.078  89.847 0.0000000000
49568  -29.302  -29.825  90.927 0.0000000000
50454  -31.161  -29.521  92.845 0.0000000000
50465  -31.154  -29.876  91.858 0.0000000000
51379  -31.325  -28.212  93.162 0.0000000000
125642  -31.739  -28.006  92.241 0.0000000000
122063  -27.595  -33.438  90.941 0.0000000000
46563  -27.337  -32.919  90.192 0.0000000000
47598  -28.027  -32.834  90.967 0.0000000000
48565  -29.228  -31.660  91.581 0.0000000000
48573  -28.423  -31.674  91.206 0.0000000000
48574  -28.555  -31.064  90.944 0.0000000000
48585  -28.726  -31.096  89.870 0.0000000000
47588  -27.649  -33.443  92.656 0.0000000000
47579  -27.611  -33.482  93.566 0.0000000000
127584  -27.299  -33.913  91.379 0.0000000000
66916  -47.716  -13.069  69.634 0.0000000000
67908  -47.932  -12.356  70.213 0.0000000000
62007  -42.616  -17.907  68.027 0.0000000000
62972  -42.637  -17.275  67.140 0.0000000000
62973  -43.359  -16.686  67.297 0.0000000000
63942  -44.920  -15.731  67.376 0.0000000000
63955  -43.937  -15.646  67.028 0.0000000000
64871  -44.302  -15.226  66.626 0.0000000000
116935  -43.856  -15.003  66.252 0.0000000000
64872  -45.122  -15.086  66.494 0.0000000000
64885  -45.167  -14.716  66.062 0.0000000000
64873  -45.301  -14.985  66.602 0.0000000000
65815  -46.723  -14.245  68.936 0.0000000000
65826  -46.342  -14.126  67.802 0.0000000000
117442  -46.899  -13.438  68.185 0.0000000000
125394  -47.501  -12.857  68.469 0.0000000000
61871  -35.262  -17.955  79.602 0.0000000000
62822  -36.408  -18.289  80.409 0.0000000000
61850  -35.751  -18.376  80.615 0.0000000000
111032  -35.823  -17.670  82.672 0.0000000000
62784  -35.770  -17.020  83.287 0.0000000000
129534  -29.651  -18.838  79.599 0.0000000000
126651  -30.412  -18.995  79.481 0.0000000000
114347  -31.987  -18.498  78.678 0.0000000000
60935  -32.180  -18.209  77.821 0.0000000000
60950  -31.530  -18.466  77.015 0.0000000000
60951  -32.431  -18.581  76.875 0.0000000000
109802  -34.586  -18.447  79.991 0.0000000000
61870  -34.339  -18.062  79.003 0.0000000000
61885  -35.193  -17.857  78.625 0.0000000000
48638  -1.847  -33.439  84.843 0.0000000000
48645  -2.481  -33.444  84.164 0.0000000000
110553  -1.597  -33.863  84.109 0.0000000000
46647  -1.876  -35.815  83.230 0.0000000000
45655  -2.309  -35.735  82.701 0.0000000000
45668  -2.465  -35.954  82.252 0.0000000000
124624  -2.213  -36.255  82.599 0.0000000000
42415  -1.338  -37.869  83.400 0.0000000000
42433  -2.094  -37.785  82.817 0.0000000000
41288  -1.787  -38.711  83.183 0.0000000000
41289  -2.212  -39.747  82.636 0.0000000000
40207  -1.196  -39.621  83.273 0.0000000000
120151  -2.054  -36.595  94.628 0.0000000000
55797  -31.151  -25.493  87.045 0.0000000000
55807  -30.763  -26.309  86.600 0.0000000000
57856  -30.615  -23.833  87.111 0.0000000000
113360  -30.421  -24.233  86.544 0.0000000000
114637  -29.731  -24.514  86.299 0.0000000000
57864  -29.039  -24.180  85.752 0.0000000000
121539  -28.872  -23.570  84.960 0.0000000000
58874  -28.640  -23.913  86.510 0.0000000000
45502  -17.747  -35.607  93.736 0.0000000000
45503  -18.630  -35.577  94.372 0.0000000000
44556  -21.744  -34.810  88.678 0.0000000000
45585  -21.356  -34.532  88.183 0.0000000000
70709  -46.891  -9.389  63.549 0.0000000000
71562  -47.278  -9.229  63.929 0.0000000000
71571  -47.527  -8.730  63.291 0.0000000000
118275  -47.736  -8.309  62.876 0.0000000000
72452  -47.668  -8.203  62.269 0.0000000000
124476  -48.121  -7.730  62.188 0.0000000000
73325  -48.589  -7.510  63.451 0.0000000000
52515  -3.070  -28.385  92.922 0.0000000000
51392  -2.190  -29.716  92.838 0.0000000000
51391  -1.435  -30.079  92.878 0.0000000000
50457  -1.429  -30.430  92.413 0.0000000000
60994  -43.305  -18.207  73.297 0.0000000000
61936  -43.709  -17.834  73.917 0.0000000000
132227  -43.637  -17.707  74.542 0.0000000000
61947  -37.216  -17.728  72.509 0.0000000000
61949  -39.324  -17.944  72.269 0.0000000000
61960  -38.727  -18.314  71.224 0.0000000000
61024  -39.016  -19.001  70.589 0.0000000000
124228  -39.639  -18.962  70.730 0.0000000000
61010  -40.597  -18.384  71.347 0.0000000000
61934  -42.288  -17.673  73.392 0.0000000000
61011  -41.794  -18.315  71.944 0.0000000000
60993  -42.632  -17.984  72.931 0.0000000000
44468  -7.150  -35.488  96.670 0.0000000000
43334  -6.467  -36.100  94.267 0.0000000000
43347  -6.858  -36.153  93.380 0.0000000000
43447  -7.621  -36.626  87.661 0.0000000000
43446  -6.692  -36.123  87.190 0.0000000000
55811  -0.782  -25.154  85.294 0.0000000000
55818  -0.321  -24.894  84.895 0.0000000000
54741  -1.244  -25.481  85.040 0.0000000000
53694  -4.331  -25.846  84.818 0.0000000000
54752  -2.525  -25.601  84.650 0.0000000000
54760  -4.061  -25.483  83.873 0.0000000000
53707  -4.598  -25.846  84.000 0.0000000000
46702  -5.557  -34.056  78.441 0.0000000000
47713  -5.723  -33.230  78.699 0.0000000000
46717  -5.081  -34.139  77.474 0.0000000000
131921  -4.309  -34.099  76.830 0.0000000000
47737  -2.692  -33.823  76.535 0.0000000000
47723  -2.616  -33.150  77.013 0.0000000000
46731  -2.245  -34.316  76.258 0.0000000000
117371  -2.442  -31.006  101.848 0.0000000000
116475  -2.793  -29.445  101.249 0.0000000000
50399  -2.006  -30.011  101.470 0.0000000000
51328  -1.232  -29.284  101.028 0.0000000000
50398  -0.823  -30.182  101.398 0.0000000000
44470  1.418  -36.298  96.516 0.0000000000
118890  1.222  -35.776  97.035 0.0000000000
44469  1.871  -36.127  95.835 0.0000000000
45498  2.242  -35.457  94.245 0.0000000000
45489  1.941  -35.226  95.420 0.0000000000
125554  2.041  -34.643  94.515 0.0000000000
109970  2.149  -34.691  93.371 0.0000000000
109969  1.630  -33.713  92.956 0.0000000000
111861  2.124  -35.436  92.277 0.0000000000
44505  2.003  -37.001  91.483 0.0000000000
44522  1.693  -36.517  91.121 0.0000000000
44536  1.738  -36.775  90.702 0.0000000000
43402  2.128  -37.532  90.771 0.0000000000
51509  -32.509  -29.489  86.046 0.0000000000
113531  -31.070  -28.920  86.876 0.0000000000
50480  -29.656  -28.696  89.780 0.0000000000
50493  -30.116  -29.359  88.594 0.0000000000
51451  -29.740  -28.390  89.518 0.0000000000
53634  -30.308  -27.408  89.730 0.0000000000
53649  -30.598  -27.312  88.871 0.0000000000
53663  -30.296  -27.864  87.870 0.0000000000
54729  -31.002  -27.047  88.135 0.0000000000
54718  -31.172  -26.675  88.990 0.0000000000
117722  -30.648  -25.058  89.580 0.0000000000
46589  -26.942  -32.306  87.733 0.0000000000
44487  -22.724  -35.266  93.779 0.0000000000
45517  -23.471  -34.853  93.608 0.0000000000
46539  -26.186  -34.169  94.205 0.0000000000
45511  -25.496  -34.147  93.700 0.0000000000
45546  -24.601  -35.044  91.338 0.0000000000
45531  -24.458  -34.560  92.150 0.0000000000
129848  -23.903  -35.110  91.182 0.0000000000
45545  -23.226  -35.079  91.492 0.0000000000
110509  -23.393  -35.157  90.750 0.0000000000
45563  -23.393  -35.062  89.933 0.0000000000
130324  -23.559  -34.839  89.395 0.0000000000
124462  -23.241  -33.817  87.822 0.0000000000
71516  -47.283  -9.048  67.968 0.0000000000
66953  -45.591  -13.383  65.931 0.0000000000
113723  -44.941  -13.279  64.910 0.0000000000
66952  -45.381  -13.408  65.552 0.0000000000
122967  -45.996  -12.107  65.628 0.0000000000
68944  -45.950  -11.407  64.967 0.0000000000
69857  -46.299  -10.619  64.803 0.0000000000
69849  -46.536  -10.346  65.059 0.0000000000
71526  -47.597  -9.910  68.228 0.0000000000
70677  -47.051  -10.238  66.370 0.0000000000
62862  -39.635  -17.137  76.968 0.0000000000
62861  -39.120  -17.354  77.575 0.0000000000
116134  -38.850  -16.695  79.608 0.0000000000
62811  -37.036  -18.197  81.219 0.0000000000
62812  -38.116  -18.114  81.285 0.0000000000
60964  -33.034  -18.626  76.395 0.0000000000
115899  -32.832  -18.838  75.803 0.0000000000
60977  -33.568  -18.373  76.285 0.0000000000
61929  -35.600  -17.798  74.650 0.0000000000
62873  -38.127  -17.323  76.499 0.0000000000
43489  -14.371  -36.079  85.716 0.0000000000
113581  -13.941  -35.608  85.209 0.0000000000
58967  -1.303  -22.416  78.938 0.0000000000
57932  -1.099  -23.718  78.645 0.0000000000
55882  -1.899  -25.174  79.249 0.0000000000
51485  -4.778  -29.019  86.723 0.0000000000
51486  -5.070  -28.787  86.110 0.0000000000
113589  -4.843  -29.472  86.067 0.0000000000
50544  -4.089  -31.174  84.252 0.0000000000
50545  -4.605  -30.213  84.385 0.0000000000
50550  -4.628  -30.655  83.616 0.0000000000
50555  -4.786  -30.964  82.904 0.0000000000
49656  -4.483  -31.627  82.566 0.0000000000
48646  -3.029  -33.370  83.734 0.0000000000
48651  -3.212  -33.538  83.205 0.0000000000
47680  -3.629  -33.712  81.773 0.0000000000
47690  -4.016  -33.803  81.027 0.0000000000
47681  -4.173  -32.943  81.315 0.0000000000
112493  -4.571  -34.114  80.504 0.0000000000
47702  -5.142  -34.007  79.923 0.0000000000
45683  -4.804  -34.872  80.085 0.0000000000
44677  -4.261  -37.287  78.671 0.0000000000
44678  -4.609  -36.370  78.588 0.0000000000
42451  -3.517  -38.313  80.729 0.0000000000
46495  -3.983  -35.024  101.024 0.0000000000
45465  -3.446  -35.417  100.266 0.0000000000
43296  -2.300  -37.033  98.788 0.0000000000
44452  -2.145  -36.332  99.367 0.0000000000
43295  -1.404  -36.547  99.065 0.0000000000
44451  -0.697  -35.863  99.030 0.0000000000
44459  -0.901  -36.670  98.592 0.0000000000
128090  -1.610  -37.572  96.364 0.0000000000
42188  -0.124  -37.813  97.221 0.0000000000
43307  0.447  -37.397  97.374 0.0000000000
43306  0.963  -36.947  97.408 0.0000000000
43317  0.940  -37.622  97.070 0.0000000000
41151  1.692  -39.268  95.036 0.0000000000
42198  2.180  -38.467  94.713 0.0000000000
61823  -31.819  -17.400  82.697 0.0000000000
62789  -32.063  -17.170  83.657 0.0000000000
54756  -29.690  -26.988  85.089 0.0000000000
54765  -29.116  -26.947  84.709 0.0000000000
59903  -27.589  -21.110  82.279 0.0000000000
60899  -28.124  -19.824  81.498 0.0000000000
62798  -30.841  -17.921  82.811 0.0000000000
124683  -31.926  -17.561  81.829 0.0000000000
43408  -16.716  -36.734  90.099 0.0000000000
42269  -16.186  -36.686  89.441 0.0000000000
42293  -15.876  -36.803  88.688 0.0000000000
115256  -20.712  -36.146  92.666 0.0000000000
44512  -19.738  -36.313  92.733 0.0000000000
44495  -19.088  -36.346  93.179 0.0000000000
43376  -19.150  -36.445  91.822 0.0000000000
44545  -20.692  -35.911  90.001 0.0000000000
124001  -20.150  -35.605  89.508 0.0000000000
42297  -18.553  -36.859  89.134 0.0000000000
43423  -18.919  -36.545  89.353 0.0000000000
42273  -18.797  -37.007  89.863 0.0000000000
117387  -18.412  -37.149  90.893 0.0000000000
42296  -18.130  -37.075  89.438 0.0000000000
42271  -17.487  -37.113  90.129 0.0000000000
122936  -17.868  -37.068  88.588 0.0000000000
109861  -17.188  -36.603  87.032 0.0000000000
42332  -16.586  -36.611  87.054 0.0000000000
127325  -15.798  -36.475  86.210 0.0000000000
42367  -16.434  -36.273  86.019 0.0000000000
113929  -16.434  -35.849  83.916 0.0000000000
43504  -16.079  -36.077  84.346 0.0000000000
73358  -49.188  -6.995  61.833 0.0000000000
73371  -48.777  -7.098  61.202 0.0000000000
74378  -50.808  -6.316  58.990 0.0000000000
54711  -2.098  -25.177  87.030 0.0000000000
54723  -2.141  -25.163  86.816 0.0000000000
54734  -2.588  -25.578  86.082 0.0000000000
54724  -2.903  -25.348  87.154 0.0000000000
128976  -2.003  -25.752  90.922 0.0000000000
54697  -2.137  -25.690  90.277 0.0000000000
53626  -3.478  -26.858  89.794 0.0000000000
53625  -3.051  -26.282  89.282 0.0000000000
122482  -3.414  -26.616  88.949 0.0000000000
53640  -3.818  -26.577  88.149 0.0000000000
53641  -4.418  -27.412  88.702 0.0000000000
53656  -4.432  -27.271  87.902 0.0000000000
51438  -4.318  -29.254  89.775 0.0000000000
51439  -4.694  -29.073  88.906 0.0000000000
50500  -3.925  -30.425  88.070 0.0000000000
51469  -4.091  -30.147  87.377 0.0000000000
51420  -3.187  -29.740  90.866 0.0000000000
51436  -2.856  -30.305  90.438 0.0000000000
110432  -1.798  -31.866  88.894 0.0000000000
50498  -2.646  -31.414  88.714 0.0000000000
118742  -2.087  -31.941  86.984 0.0000000000
49621  -1.689  -32.379  86.667 0.0000000000
49619  -0.333  -33.457  87.289 0.0000000000
49628  -0.489  -33.514  86.790 0.0000000000
48628  -0.196  -34.010  86.689 0.0000000000
47652  -0.292  -34.801  86.013 0.0000000000
48627  0.673  -33.675  86.626 0.0000000000
62933  -45.729  -17.528  71.572 0.0000000000
62934  -46.070  -17.415  71.642 0.0000000000
112655  -46.029  -17.720  71.968 0.0000000000
62782  -33.683  -16.853  83.988 0.0000000000
59075  -40.301  -19.796  69.941 0.0000000000
58043  -40.318  -20.247  69.135 0.0000000000
109698  -40.558  -19.908  69.581 0.0000000000
59109  -42.039  -19.907  69.824 0.0000000000
59108  -41.202  -20.014  69.098 0.0000000000
120542  -40.841  -19.970  68.489 0.0000000000
60154  -40.428  -19.942  68.035 0.0000000000
61056  -41.158  -19.626  68.323 0.0000000000
61057  -42.304  -18.857  68.571 0.0000000000
61051  -43.170  -18.859  69.297 0.0000000000
61980  -44.591  -18.370  71.200 0.0000000000
61981  -45.074  -17.633  71.322 0.0000000000
61986  -45.107  -17.236  70.614 0.0000000000
44460  -4.652  -36.732  97.919 0.0000000000
43305  -4.969  -37.168  97.118 0.0000000000
44471  -6.787  -36.103  96.643 0.0000000000
44466  -6.701  -36.270  97.290 0.0000000000
119941  -4.751  -35.510  95.922 0.0000000000
43318  -3.922  -35.807  96.212 0.0000000000
42197  -3.169  -36.122  95.655 0.0000000000
42208  -3.491  -35.922  94.603 0.0000000000
43344  -3.703  -36.796  93.265 0.0000000000
131926  -3.111  -36.938  92.901 0.0000000000
42231  -2.148  -36.984  92.641 0.0000000000
43468  -12.925  -36.493  86.250 0.0000000000
42327  -11.706  -36.726  88.255 0.0000000000
42310  -11.621  -36.851  89.130 0.0000000000
42309  -10.854  -36.638  88.665 0.0000000000
43466  -9.684  -35.599  87.010 0.0000000000
109375  -8.975  -35.824  87.752 0.0000000000
42287  -9.678  -36.911  89.524 0.0000000000
42288  -10.678  -36.867  89.542 0.0000000000
130834  -9.998  -36.992  90.081 0.0000000000
128152  -10.290  -37.084  90.633 0.0000000000
42265  -9.318  -37.231  90.500 0.0000000000
109311  -8.588  -37.018  91.682 0.0000000000
42234  -8.047  -36.612  92.114 0.0000000000
42221  -8.165  -35.867  92.626 0.0000000000
114272  -6.861  -36.558  91.761 0.0000000000
43433  -5.446  -35.887  88.330 0.0000000000
109953  -5.893  -35.638  89.320 0.0000000000
43420  -3.947  -35.689  89.941 0.0000000000
113340  -4.812  -35.654  90.606 0.0000000000
58904  0.203  -22.774  83.950 0.0000000000
120320  -0.728  -21.979  83.753 0.0000000000
59899  -1.287  -21.697  83.180 0.0000000000
58905  -0.950  -22.581  83.473 0.0000000000
55819  -0.744  -24.834  84.608 0.0000000000
55829  -1.532  -24.829  83.897 0.0000000000
56847  -3.068  -24.335  82.039 0.0000000000
55839  -2.447  -24.614  83.064 0.0000000000
56859  -2.885  -24.303  81.173 0.0000000000
109876  -3.333  -25.955  79.973 0.0000000000
54803  -2.869  -25.985  79.523 0.0000000000
54802  -2.395  -25.966  79.022 0.0000000000
131751  -5.431  -28.444  85.128 0.0000000000
53696  -5.391  -27.780  84.886 0.0000000000
119217  -5.800  -27.862  84.105 0.0000000000
123936  -6.355  -28.716  82.183 0.0000000000
52608  -6.063  -27.993  82.597 0.0000000000
52607  -5.977  -28.015  81.685 0.0000000000
110328  -5.435  -27.335  82.187 0.0000000000
52618  -6.040  -28.045  80.732 0.0000000000
49678  -5.799  -31.450  78.443 0.0000000000
49672  -5.929  -31.024  79.293 0.0000000000
114729  -5.636  -30.694  78.520 0.0000000000
51568  -4.583  -29.391  78.518 0.0000000000
51561  -5.396  -29.441  79.029 0.0000000000
51560  -4.871  -28.732  79.042 0.0000000000
52641  -5.511  -27.835  79.382 0.0000000000
53754  -4.752  -27.208  79.466 0.0000000000
52640  -4.413  -28.038  79.081 0.0000000000
51566  -3.299  -29.534  77.822 0.0000000000
52660  -3.467  -28.546  77.261 0.0000000000
53770  -3.431  -27.507  77.918 0.0000000000
52659  -2.772  -28.699  76.765 0.0000000000
53564  -1.659  -28.346  97.138 0.0000000000
46489  -2.316  -34.418  101.022 0.0000000000
47517  -1.523  -33.785  100.958 0.0000000000
48499  -0.934  -32.295  99.350 0.0000000000
128535  -0.261  -32.252  100.490 0.0000000000
49493  0.025  -31.393  100.162 0.0000000000
47531  -0.251  -33.788  97.561 0.0000000000
47535  1.156  -33.587  97.934 0.0000000000
48509  1.161  -31.859  97.820 0.0000000000
116556  0.658  -30.685  97.857 0.0000000000
49496  -0.514  -30.467  98.144 0.0000000000
50408  -0.286  -30.346  97.773 0.0000000000
51346  0.209  -30.261  97.627 0.0000000000
50410  0.966  -29.966  97.699 0.0000000000
51363  0.963  -29.882  95.611 0.0000000000
51356  0.794  -29.928  96.627 0.0000000000
52484  -1.135  -29.751  96.099 0.0000000000
51364  -0.216  -30.682  95.733 0.0000000000
51372  -0.656  -30.824  95.119 0.0000000000
49542  0.032  -32.275  93.981 0.0000000000
111261  -0.505  -31.949  93.449 0.0000000000
50455  -0.653  -32.254  92.353 0.0000000000
49560  -0.350  -32.833  91.614 0.0000000000
109812  0.701  -34.677  91.665 0.0000000000
47582  0.592  -34.045  91.794 0.0000000000
47593  0.213  -34.937  91.143 0.0000000000
48578  0.385  -33.931  90.329 0.0000000000
48591  0.615  -34.093  89.613 0.0000000000
48579  0.415  -33.366  90.009 0.0000000000
48592  0.450  -33.616  89.176 0.0000000000
49597  0.158  -33.320  88.643 0.0000000000
48600  0.692  -34.240  88.812 0.0000000000
45584  1.113  -35.744  87.476 0.0000000000
46602  0.660  -34.410  86.970 0.0000000000
45597  0.978  -35.143  87.047 0.0000000000
45615  0.547  -35.307  86.521 0.0000000000
44582  0.527  -36.347  86.022 0.0000000000
39104  2.155  -41.399  90.833 0.0000000000
39088  2.613  -41.441  91.751 0.0000000000
41181  2.953  -39.925  92.150 0.0000000000
41189  2.615  -39.936  91.362 0.0000000000
41195  2.137  -39.795  90.622 0.0000000000
42281  1.977  -38.828  89.776 0.0000000000
41205  1.787  -39.338  89.360 0.0000000000
42304  1.473  -38.726  88.130 0.0000000000
42322  1.319  -38.702  87.253 0.0000000000
43443  0.999  -37.327  87.782 0.0000000000
42345  0.985  -38.507  86.357 0.0000000000
42363  0.505  -38.335  85.534 0.0000000000
42379  0.161  -38.164  84.999 0.0000000000
43497  0.123  -37.592  84.804 0.0000000000
42398  -0.073  -37.960  84.734 0.0000000000
42399  -0.383  -38.071  84.450 0.0000000000
122200  -30.413  -28.896  94.561 0.0000000000
51370  -30.216  -28.289  94.890 0.0000000000
50432  -29.860  -29.166  95.157 0.0000000000
117537  -28.408  -29.367  94.421 0.0000000000
49559  -29.933  -31.337  91.992 0.0000000000
50464  -30.229  -30.478  91.657 0.0000000000
49551  -30.233  -30.741  92.711 0.0000000000
116857  -30.483  -30.073  93.361 0.0000000000
47589  -28.127  -32.870  92.079 0.0000000000
47590  -28.285  -32.232  91.556 0.0000000000
47581  -28.596  -32.353  92.395 0.0000000000
47563  -27.975  -32.861  94.879 0.0000000000
48547  -28.385  -32.286  94.507 0.0000000000
47580  -28.304  -32.894  93.172 0.0000000000
65806  -47.257  -14.556  70.092 0.0000000000
66900  -47.777  -13.995  70.354 0.0000000000
62959  -44.442  -16.750  68.205 0.0000000000
62974  -43.903  -16.457  67.689 0.0000000000
63930  -44.925  -16.087  68.100 0.0000000000
64860  -45.268  -15.607  67.511 0.0000000000
64861  -45.454  -15.175  67.054 0.0000000000
64850  -45.764  -15.396  67.802 0.0000000000
64851  -46.315  -14.932  68.315 0.0000000000
61848  -34.702  -18.516  80.788 0.0000000000
61849  -35.361  -18.482  81.101 0.0000000000
110524  -34.970  -17.802  82.529 0.0000000000
62792  -35.037  -17.241  83.185 0.0000000000
61859  -31.253  -19.493  80.073 0.0000000000
60910  -31.985  -19.636  79.912 0.0000000000
60924  -32.374  -19.007  79.272 0.0000000000
61868  -33.111  -18.749  79.398 0.0000000000
61869  -33.478  -18.309  78.770 0.0000000000
125813  -0.951  -34.399  84.236 0.0000000000
112228  -0.935  -34.981  83.889 0.0000000000
46646  -1.222  -35.756  83.695 0.0000000000
44617  -1.848  -36.706  82.796 0.0000000000
116282  -1.286  -37.010  83.319 0.0000000000
43533  -1.083  -37.408  83.627 0.0000000000
42217  -1.637  -37.322  92.942 0.0000000000
41176  -1.006  -38.066  92.704 0.0000000000
57845  -31.329  -24.201  88.084 0.0000000000
57844  -31.195  -23.837  87.523 0.0000000000
58875  -28.943  -24.051  87.440 0.0000000000
59869  -28.859  -23.086  88.184 0.0000000000
60851  -28.651  -22.008  88.718 0.0000000000
46525  -18.714  -34.245  95.357 0.0000000000
44572  -20.089  -34.203  87.155 0.0000000000
71550  -47.296  -8.932  64.883 0.0000000000
113757  -48.021  -8.154  64.367 0.0000000000
73292  -48.884  -6.738  66.265 0.0000000000
52506  -2.481  -29.050  93.607 0.0000000000
51382  -1.611  -30.363  93.660 0.0000000000
61916  -42.618  -17.357  74.045 0.0000000000
61917  -43.299  -17.598  74.311 0.0000000000
62892  -42.717  -17.137  74.671 0.0000000000
62904  -38.165  -17.310  74.119 0.0000000000
62914  -38.850  -17.485  73.193 0.0000000000
61950  -40.410  -17.910  72.335 0.0000000000
61933  -41.144  -17.546  73.305 0.0000000000
44473  -7.086  -35.574  95.498 0.0000000000
43328  -7.457  -36.178  94.225 0.0000000000
42268  -14.746  -37.486  89.869 0.0000000000
56901  -1.069  -25.014  77.821 0.0000000000
56912  -0.912  -24.595  77.070 0.0000000000
116394  -1.240  -25.394  76.995 0.0000000000
120507  -2.223  -25.978  85.774 0.0000000000
54742  -1.892  -25.723  85.377 0.0000000000
53693  -3.279  -25.717  85.418 0.0000000000
45735  -4.668  -35.812  77.711 0.0000000000
46716  -4.668  -34.873  77.174 0.0000000000
121450  -4.099  -35.430  76.851 0.0000000000
45751  -3.271  -35.436  76.368 0.0000000000
45750  -2.565  -35.401  76.063 0.0000000000
120248  -3.134  -31.014  101.548 0.0000000000
49489  -1.838  -31.969  101.869 0.0000000000
43322  2.011  -36.907  95.432 0.0000000000
121930  2.292  -36.966  94.673 0.0000000000
111566  2.517  -36.461  93.804 0.0000000000
44488  2.277  -36.431  92.503 0.0000000000
43363  2.130  -36.920  92.065 0.0000000000
43382  2.968  -37.469  91.138 0.0000000000
51418  -31.712  -28.464  90.544 0.0000000000
53624  -32.143  -27.133  90.435 0.0000000000
110690  -31.189  -26.924  90.296 0.0000000000
127026  -30.894  -26.661  90.201 0.0000000000
54708  -30.925  -26.343  89.757 0.0000000000
55771  -30.511  -26.142  90.494 0.0000000000
47614  -27.820  -31.151  88.583 0.0000000000
45533  -25.885  -34.356  92.013 0.0000000000
45520  -25.653  -34.270  92.915 0.0000000000
45547  -25.220  -34.541  91.644 0.0000000000
45554  -25.319  -34.765  90.608 0.0000000000
45564  -24.139  -34.660  89.508 0.0000000000
112362  -24.896  -34.248  88.669 0.0000000000
70653  -48.036  -10.107  69.105 0.0000000000
66946  -46.351  -12.890  66.649 0.0000000000
67971  -45.936  -12.634  66.007 0.0000000000
68924  -46.513  -12.078  66.600 0.0000000000
116331  -46.608  -11.699  66.571 0.0000000000
69837  -46.728  -11.292  66.589 0.0000000000
70689  -46.804  -10.824  66.222 0.0000000000
70662  -47.506  -10.561  68.171 0.0000000000
123957  -37.911  -17.688  77.339 0.0000000000
62851  -38.892  -17.350  78.266 0.0000000000
62825  -38.581  -17.644  80.172 0.0000000000
60965  -34.489  -18.182  76.732 0.0000000000
61898  -35.310  -18.229  77.121 0.0000000000
112525  -35.818  -18.137  77.012 0.0000000000
61906  -36.025  -18.024  76.603 0.0000000000
61915  -36.494  -17.768  75.919 0.0000000000
61907  -36.582  -17.719  76.768 0.0000000000
62872  -37.289  -17.495  76.873 0.0000000000
43537  -14.320  -35.095  83.947 0.0000000000
58953  -1.936  -21.717  79.848 0.0000000000
127997  -1.875  -22.697  80.095 0.0000000000
56874  -2.239  -24.369  80.295 0.0000000000
50525  -4.184  -30.173  85.903 0.0000000000
128916  -2.863  -35.017  82.366 0.0000000000
47679  -3.101  -34.461  82.274 0.0000000000
46661  -3.209  -35.030  82.007 0.0000000000
45670  -3.581  -35.217  81.567 0.0000000000
43574  -3.922  -37.814  79.466 0.0000000000
42470  -3.634  -38.356  79.088 0.0000000000
115439  -3.516  -36.463  98.949 0.0000000000
44449  -2.942  -36.010  99.657 0.0000000000
43297  -3.095  -37.004  98.328 0.0000000000
125878  0.570  -38.733  96.108 0.0000000000
42191  1.031  -38.218  96.353 0.0000000000
41152  1.289  -39.628  95.005 0.0000000000
62780  -31.373  -17.491  84.348 0.0000000000
62763  -30.665  -17.743  84.975 0.0000000000
55824  -28.837  -25.891  85.094 0.0000000000
60877  -28.595  -20.148  84.059 0.0000000000
123552  -28.443  -19.785  83.273 0.0000000000
116135  -28.922  -19.078  82.816 0.0000000000
61822  -29.421  -18.621  83.278 0.0000000000
62788  -30.198  -18.174  83.372 0.0000000000
43392  -16.927  -35.956  90.011 0.0000000000
44486  -21.903  -35.586  93.847 0.0000000000
44485  -21.096  -35.599  93.725 0.0000000000
44497  -21.357  -36.007  93.306 0.0000000000
44527  -20.326  -36.149  91.317 0.0000000000
43471  -19.644  -36.458  87.155 0.0000000000
43452  -19.512  -36.227  88.105 0.0000000000
43451  -19.100  -37.269  87.250 0.0000000000
42318  -18.376  -37.708  87.468 0.0000000000
42317  -17.834  -37.643  87.666 0.0000000000
113119  -17.896  -37.911  86.442 0.0000000000
42354  -17.638  -36.576  86.722 0.0000000000
42368  -17.003  -36.059  86.292 0.0000000000
42385  -16.726  -36.020  85.601 0.0000000000
42386  -16.960  -35.901  85.796 0.0000000000
71583  -46.730  -8.878  60.632 0.0000000000
54698  -2.596  -26.082  90.639 0.0000000000
52535  -4.201  -28.543  90.297 0.0000000000
50475  -2.244  -30.559  90.768 0.0000000000
50497  -1.301  -32.316  88.213 0.0000000000
49613  -1.489  -32.391  87.390 0.0000000000
49611  -0.232  -33.399  87.679 0.0000000000
49618  0.259  -33.688  87.168 0.0000000000
115175  -45.430  -18.822  71.859 0.0000000000
130755  -45.624  -18.299  71.872 0.0000000000
61969  -45.518  -18.829  72.103 0.0000000000
61953  -45.205  -18.617  72.967 0.0000000000
60096  -41.965  -19.730  70.730 0.0000000000
115085  -41.156  -19.840  70.054 0.0000000000
121628  -42.029  -19.924  70.246 0.0000000000
59094  -42.744  -19.695  70.542 0.0000000000
60119  -43.217  -19.510  70.554 0.0000000000
61045  -43.002  -19.416  69.827 0.0000000000
60109  -44.309  -19.398  71.481 0.0000000000
61038  -44.836  -18.973  71.514 0.0000000000
44462  -6.415  -36.152  98.001 0.0000000000
43326  -5.935  -35.564  95.001 0.0000000000
43319  -5.544  -35.512  95.892 0.0000000000
43364  -3.787  -37.031  92.724 0.0000000000
123075  -11.910  -35.927  85.716 0.0000000000
132217  -12.027  -36.399  86.299 0.0000000000
113580  -11.512  -35.876  86.145 0.0000000000
43467  -11.291  -36.056  86.849 0.0000000000
43448  -8.373  -36.813  87.811 0.0000000000
42325  -9.164  -36.354  88.300 0.0000000000
42307  -8.625  -37.084  88.437 0.0000000000
42264  -8.595  -37.410  90.327 0.0000000000
42248  -7.150  -36.536  91.082 0.0000000000
43419  -2.871  -36.406  89.345 0.0000000000
43403  -2.930  -36.196  90.421 0.0000000000
55831  -2.832  -24.872  83.311 0.0000000000
120639  -3.464  -24.593  81.666 0.0000000000
116317  -3.304  -24.882  80.688 0.0000000000
51528  -5.682  -29.695  83.006 0.0000000000
127804  -6.157  -29.357  82.480 0.0000000000
51538  -6.436  -29.473  81.823 0.0000000000
51546  -6.438  -29.512  81.100 0.0000000000
49677  -5.004  -30.896  77.901 0.0000000000
50576  -4.008  -30.133  78.262 0.0000000000
51567  -3.915  -29.492  78.261 0.0000000000
50575  -3.139  -29.970  78.224 0.0000000000
121769  -2.769  -30.124  77.752 0.0000000000
50582  -2.407  -30.247  76.740 0.0000000000
46492  -0.947  -34.570  99.778 0.0000000000
47523  -0.960  -33.839  100.339 0.0000000000
46499  -1.401  -34.195  98.616 0.0000000000
47521  -1.218  -33.314  98.872 0.0000000000
47527  -0.931  -32.824  98.306 0.0000000000
47542  1.881  -33.693  96.171 0.0000000000
47543  1.433  -33.173  96.979 0.0000000000
48518  1.602  -32.069  96.978 0.0000000000
50418  1.135  -29.953  97.039 0.0000000000
49510  1.450  -30.940  96.444 0.0000000000
121514  1.404  -30.659  95.263 0.0000000000
50433  0.763  -30.727  94.006 0.0000000000
49552  0.221  -32.863  92.913 0.0000000000
110745  0.603  -35.840  90.781 0.0000000000
110195  0.222  -35.304  90.359 0.0000000000
46568  0.536  -35.755  90.112 0.0000000000
46578  0.564  -35.228  89.542 0.0000000000
116776  1.014  -34.963  88.925 0.0000000000
120384  0.924  -34.693  88.597 0.0000000000
46586  1.170  -35.190  88.433 0.0000000000
45583  1.228  -35.612  88.094 0.0000000000
120130  2.510  -42.236  90.459 0.0000000000
40142  1.752  -40.530  90.403 0.0000000000
40148  1.457  -40.517  89.726 0.0000000000
40149  1.366  -40.450  89.048 0.0000000000
41246  1.020  -39.457  86.637 0.0000000000
49603  -29.353  -30.608  88.367 0.0000000000
49604  -29.662  -30.204  88.007 0.0000000000
49594  -29.577  -30.314  88.780 0.0000000000
50479  -29.708  -29.541  89.292 0.0000000000
50470  -30.646  -29.731  91.019 0.0000000000
51417  -31.479  -29.224  91.156 0.0000000000
51402  -31.956  -28.320  91.437 0.0000000000
52514  -31.406  -27.176  92.543 0.0000000000
46579  -26.616  -33.365  89.418 0.0000000000
46570  -26.697  -32.994  89.779 0.0000000000
46571  -26.901  -32.383  89.471 0.0000000000
47613  -27.281  -31.825  89.086 0.0000000000
47599  -27.961  -31.899  90.736 0.0000000000
47608  -27.924  -31.662  89.706 0.0000000000
48595  -28.995  -30.859  88.899 0.0000000000
47571  -27.425  -33.404  94.408 0.0000000000
46540  -26.988  -33.989  93.918 0.0000000000
46552  -26.405  -34.219  92.619 0.0000000000
129526  -26.489  -34.206  92.060 0.0000000000
46561  -26.692  -34.194  91.356 0.0000000000
68898  -47.581  -12.260  68.491 0.0000000000
69795  -48.136  -11.575  70.237 0.0000000000
68885  -47.777  -11.933  69.364 0.0000000000
63941  -43.691  -16.150  67.288 0.0000000000
63954  -43.188  -16.201  66.635 0.0000000000
63966  -42.766  -16.233  66.063 0.0000000000
64883  -43.022  -15.203  65.794 0.0000000000
65849  -44.959  -14.498  65.675 0.0000000000
65850  -45.386  -14.176  65.818 0.0000000000
65842  -45.546  -13.967  66.079 0.0000000000
65834  -45.515  -14.518  66.546 0.0000000000
66945  -45.834  -13.626  66.472 0.0000000000
110398  -46.906  -12.793  67.468 0.0000000000
61873  -36.747  -18.350  79.056 0.0000000000
62834  -37.568  -18.348  79.661 0.0000000000
61864  -36.843  -18.332  79.824 0.0000000000
62800  -36.632  -18.083  82.110 0.0000000000
110838  -30.464  -18.714  78.766 0.0000000000
111672  -30.352  -18.675  77.249 0.0000000000
124213  -31.050  -19.096  75.622 0.0000000000
60952  -33.042  -18.513  76.882 0.0000000000
123976  -1.949  -21.422  82.428 0.0000000000
49631  -2.478  -32.078  85.731 0.0000000000
49638  -3.111  -32.307  85.143 0.0000000000
49645  -2.758  -33.090  84.812 0.0000000000
47661  -1.495  -34.415  83.674 0.0000000000
47670  -2.104  -34.649  83.201 0.0000000000
47678  -2.535  -34.996  82.677 0.0000000000
46660  -2.659  -35.407  82.323 0.0000000000
43549  -2.707  -36.996  81.768 0.0000000000
42434  -3.038  -37.808  81.988 0.0000000000
41297  -3.057  -39.732  81.827 0.0000000000
125001  -2.315  -37.303  96.004 0.0000000000
42190  -2.640  -37.514  96.254 0.0000000000
42195  -2.434  -37.469  96.074 0.0000000000
112648  -1.763  -37.228  95.783 0.0000000000
42201  -1.195  -37.442  95.046 0.0000000000
42206  -1.512  -37.140  94.371 0.0000000000
42205  -1.013  -37.809  94.154 0.0000000000
41155  -0.640  -38.282  94.506 0.0000000000
62735  -29.690  -18.189  87.500 0.0000000000
126893  -29.082  -18.930  87.634 0.0000000000
125689  -30.486  -27.105  86.826 0.0000000000
53689  -30.472  -27.124  85.949 0.0000000000
54737  -29.981  -26.999  86.426 0.0000000000
55815  -29.936  -26.267  86.068 0.0000000000
55814  -29.375  -25.712  85.853 0.0000000000
56817  -30.752  -24.825  86.747 0.0000000000
56825  -30.040  -24.930  86.178 0.0000000000
115179  -29.209  -25.033  85.746 0.0000000000
56833  -28.705  -24.700  85.046 0.0000000000
56844  -28.619  -24.306  83.988 0.0000000000
58910  -28.985  -23.382  84.356 0.0000000000
58900  -29.204  -22.784  84.493 0.0000000000
59893  -29.090  -22.448  85.226 0.0000000000
128887  -28.640  -22.888  87.270 0.0000000000
60864  -28.522  -21.997  86.654 0.0000000000
59882  -28.865  -21.687  85.711 0.0000000000
60863  -28.764  -20.789  86.347 0.0000000000
44494  -18.377  -36.142  92.540 0.0000000000
111564  -21.978  -35.462  90.139 0.0000000000
44538  -21.324  -35.858  90.421 0.0000000000
125719  -21.309  -35.558  89.877 0.0000000000
44546  -20.927  -35.115  89.288 0.0000000000
44563  -20.081  -35.573  87.808 0.0000000000
115824  -19.999  -35.546  87.097 0.0000000000
112693  -19.399  -36.198  86.598 0.0000000000
43491  -18.868  -36.471  86.267 0.0000000000
43508  -18.043  -35.266  84.970 0.0000000000
70719  -46.561  -9.068  61.638 0.0000000000
125188  -47.164  -9.061  63.132 0.0000000000
71574  -46.861  -8.818  61.914 0.0000000000
71580  -46.819  -8.831  61.270 0.0000000000
72460  -47.121  -8.475  61.010 0.0000000000
132452  -47.390  -8.115  61.062 0.0000000000
73357  -48.348  -7.453  61.746 0.0000000000
126920  -49.011  -7.159  63.752 0.0000000000
52524  -3.938  -28.792  91.412 0.0000000000
52516  -3.651  -28.614  92.070 0.0000000000
51404  -2.345  -29.862  92.025 0.0000000000
128181  -1.775  -30.446  91.481 0.0000000000
111362  -1.497  -31.401  91.097 0.0000000000
50466  -0.914  -31.832  91.180 0.0000000000
61014  -44.253  -18.969  72.856 0.0000000000
60996  -44.529  -18.586  73.299 0.0000000000
61937  -43.973  -18.001  73.773 0.0000000000
62878  -43.502  -17.255  75.256 0.0000000000
61959  -37.842  -18.291  71.334 0.0000000000
61022  -37.569  -18.851  70.692 0.0000000000
59073  -39.127  -19.982  69.907 0.0000000000
59060  -40.406  -19.639  70.231 0.0000000000
60075  -40.960  -18.875  70.950 0.0000000000
60057  -41.869  -18.882  71.608 0.0000000000
60058  -42.794  -18.979  72.088 0.0000000000
61013  -43.443  -18.783  72.895 0.0000000000
45481  -7.331  -35.262  97.473 0.0000000000
43321  -6.366  -35.682  95.211 0.0000000000
44595  -10.324  -34.784  84.948 0.0000000000
43485  -9.795  -35.289  85.885 0.0000000000
109264  -8.856  -35.545  86.636 0.0000000000
43465  -8.180  -35.737  87.392 0.0000000000
109501  -7.329  -36.487  87.920 0.0000000000
109814  -6.154  -36.030  87.577 0.0000000000
57868  1.410  -24.145  85.167 0.0000000000
57869  1.608  -23.536  84.280 0.0000000000
56828  0.997  -24.522  84.557 0.0000000000
54750  -1.041  -25.371  84.884 0.0000000000
55820  -1.559  -25.306  84.366 0.0000000000
55821  -2.193  -25.396  84.055 0.0000000000
54759  -3.187  -25.210  83.720 0.0000000000
53731  -4.482  -25.756  81.884 0.0000000000
48666  -5.208  -32.659  80.015 0.0000000000
128845  -5.602  -32.714  79.297 0.0000000000
48677  -5.789  -32.353  78.550 0.0000000000
48687  -5.632  -32.723  77.911 0.0000000000
48686  -4.841  -32.584  77.329 0.0000000000
48685  -3.607  -32.444  77.002 0.0000000000
48684  -2.511  -32.425  76.964 0.0000000000
48694  -1.403  -32.804  76.992 0.0000000000
51330  -3.224  -28.882  100.985 0.0000000000
52435  -2.857  -28.364  100.770 0.0000000000
52434  -1.931  -28.652  100.514 0.0000000000
51327  -0.422  -29.346  100.763 0.0000000000
44457  0.754  -36.140  97.452 0.0000000000
46502  -0.603  -34.789  97.235 0.0000000000
45480  0.330  -35.359  97.308 0.0000000000
45485  1.318  -34.970  97.154 0.0000000000
46509  1.680  -34.607  96.424 0.0000000000
47555  1.991  -33.324  94.876 0.0000000000
47564  1.575  -33.116  93.680 0.0000000000
128608  0.997  -33.077  92.733 0.0000000000
46547  0.721  -35.445  91.357 0.0000000000
45524  1.330  -35.663  91.834 0.0000000000
45552  1.054  -36.195  90.566 0.0000000000
115994  1.168  -36.523  89.980 0.0000000000
116150  1.457  -37.167  89.650 0.0000000000
52586  -32.182  -28.446  86.105 0.0000000000
109561  -30.870  -28.153  86.812 0.0000000000
49605  -30.433  -29.912  87.894 0.0000000000
50506  -30.475  -29.857  87.816 0.0000000000
131642  -29.780  -28.063  89.370 0.0000000000
51481  -30.578  -29.501  86.995 0.0000000000
109273  -30.555  -28.503  87.134 0.0000000000
53677  -30.150  -27.956  87.159 0.0000000000
56808  -31.375  -25.422  88.063 0.0000000000
55783  -30.780  -25.702  89.667 0.0000000000
56797  -30.840  -24.950  89.004 0.0000000000
111947  -31.384  -23.924  88.945 0.0000000000
116367  -22.306  -35.428  92.486 0.0000000000
45509  -23.989  -34.412  94.200 0.0000000000
45519  -24.848  -33.900  93.196 0.0000000000
45518  -24.072  -34.172  93.421 0.0000000000
44516  -23.052  -34.968  92.244 0.0000000000
44539  -22.688  -35.245  90.439 0.0000000000
45562  -22.616  -35.169  89.846 0.0000000000
45586  -22.352  -34.395  88.136 0.0000000000
45574  -23.594  -34.506  88.951 0.0000000000
112554  -23.137  -34.370  88.404 0.0000000000
126681  -45.639  -12.805  65.773 0.0000000000
67977  -45.430  -12.417  65.179 0.0000000000
67976  -44.827  -12.424  64.310 0.0000000000
69848  -46.473  -9.905  64.212 0.0000000000
70701  -46.795  -9.657  64.443 0.0000000000
111211  -46.945  -9.703  65.401 0.0000000000
72407  -46.987  -8.719  66.851 0.0000000000
72408  -46.902  -8.035  67.489 0.0000000000
63865  -40.948  -16.624  76.299 0.0000000000
62875  -40.344  -16.900  76.262 0.0000000000
117634  -40.401  -16.564  77.482 0.0000000000
63822  -39.180  -16.734  78.660 0.0000000000
62824  -38.315  -18.133  80.339 0.0000000000
61930  -37.172  -17.330  73.837 0.0000000000
62903  -37.307  -17.476  75.022 0.0000000000
131200  -15.166  -37.160  86.841 0.0000000000
42351  -14.354  -37.292  87.012 0.0000000000
42365  -13.905  -36.437  86.365 0.0000000000
43502  -13.159  -35.369  85.100 0.0000000000
43501  -12.225  -35.442  85.311 0.0000000000
44596  -11.245  -34.593  85.145 0.0000000000
54821  -2.159  -26.150  78.307 0.0000000000
53670  -4.545  -27.493  87.189 0.0000000000
52575  -4.810  -27.943  86.536 0.0000000000
111012  -5.408  -29.474  84.602 0.0000000000
51498  -4.821  -29.831  85.274 0.0000000000
125401  -5.123  -30.355  83.167 0.0000000000
49657  -5.101  -31.209  82.187 0.0000000000
49663  -5.362  -31.442  81.263 0.0000000000
49647  -4.052  -32.161  83.878 0.0000000000
49655  -4.142  -32.216  83.020 0.0000000000
48658  -3.402  -33.673  82.535 0.0000000000
48652  -3.857  -32.990  82.796 0.0000000000
49667  -4.717  -32.182  81.304 0.0000000000
48665  -4.774  -32.613  80.698 0.0000000000
46687  -5.342  -34.511  79.216 0.0000000000
45720  -4.908  -35.655  78.630 0.0000000000
44692  -4.286  -36.782  77.711 0.0000000000
109437  -2.104  -34.898  100.552 0.0000000000
45471  -2.013  -35.775  99.823 0.0000000000
45463  -1.439  -35.168  100.010 0.0000000000
45462  -0.957  -35.199  99.443 0.0000000000
45476  -0.691  -35.551  98.343 0.0000000000
126355  -2.505  -37.992  96.624 0.0000000000
43309  -2.062  -37.635  97.571 0.0000000000
115601  -1.222  -37.321  97.995 0.0000000000
42189  -0.888  -37.774  96.854 0.0000000000
43308  -0.692  -37.452  97.560 0.0000000000
43300  -0.402  -36.973  98.146 0.0000000000
43323  1.486  -37.568  95.824 0.0000000000
118838  2.062  -37.664  95.077 0.0000000000
42204  2.869  -38.463  93.994 0.0000000000
61833  -33.479  -17.518  82.244 0.0000000000
61824  -32.832  -17.275  82.940 0.0000000000
109404  -32.941  -16.963  83.839 0.0000000000
62765  -32.513  -17.310  85.408 0.0000000000
53703  -30.493  -27.108  85.025 0.0000000000
127352  -31.002  -27.494  84.369 0.0000000000
53715  -29.051  -27.332  83.683 0.0000000000
60921  -27.908  -19.427  79.323 0.0000000000
61844  -30.291  -18.824  81.362 0.0000000000
113135  -31.060  -18.963  80.664 0.0000000000
61845  -31.491  -18.125  81.257 0.0000000000
43391  -16.480  -36.316  90.647 0.0000000000
123860  -15.650  -37.236  89.982 0.0000000000
119831  -15.390  -37.487  89.293 0.0000000000
116679  -15.538  -37.576  87.794 0.0000000000
126750  -19.084  -35.008  95.073 0.0000000000
44484  -20.290  -35.770  94.000 0.0000000000
45504  -19.810  -35.389  94.436 0.0000000000
44483  -19.361  -36.101  93.999 0.0000000000
43375  -18.385  -36.434  91.825 0.0000000000
44528  -21.203  -36.027  91.175 0.0000000000
44537  -20.488  -36.053  90.608 0.0000000000
43438  -19.341  -35.966  89.058 0.0000000000
43412  -19.579  -36.292  90.832 0.0000000000
43396  -19.594  -36.323  91.412 0.0000000000
43395  -18.957  -36.826  91.165 0.0000000000
43394  -18.239  -37.035  91.409 0.0000000000
118008  -17.572  -37.741  87.250 0.0000000000
42316  -17.225  -36.843  88.162 0.0000000000
42294  -16.505  -36.399  88.833 0.0000000000
116808  -16.222  -36.819  87.587 0.0000000000
42331  -15.924  -36.922  87.275 0.0000000000
43503  -14.720  -36.011  84.942 0.0000000000
42384  -16.268  -36.203  85.125 0.0000000000
112978  -15.553  -36.181  84.794 0.0000000000
73383  -47.719  -7.422  60.147 0.0000000000
73384  -48.603  -6.886  59.761 0.0000000000
73385  -49.729  -6.519  59.406 0.0000000000
74379  -51.678  -6.132  58.568 0.0000000000
55803  -0.644  -24.928  85.839 0.0000000000
53667  -3.306  -25.701  86.008 0.0000000000
53655  -3.724  -26.041  87.114 0.0000000000
54704  -2.606  -26.019  89.732 0.0000000000
54713  -2.911  -25.628  88.550 0.0000000000
114873  -4.197  -26.635  87.232 0.0000000000
51470  -4.598  -29.251  87.402 0.0000000000
52559  -4.822  -28.141  88.508 0.0000000000
51456  -4.742  -28.912  88.135 0.0000000000
50523  -2.836  -30.937  86.377 0.0000000000
51406  -3.703  -29.363  91.105 0.0000000000
51421  -3.887  -29.452  90.524 0.0000000000
51437  -3.679  -30.028  90.005 0.0000000000
50485  -3.214  -30.766  89.456 0.0000000000
50499  -3.397  -30.919  88.408 0.0000000000
110490  -2.544  -31.375  87.000 0.0000000000
49630  -1.861  -32.419  86.001 0.0000000000
49636  -1.537  -33.162  85.664 0.0000000000
49620  -0.908  -32.850  87.011 0.0000000000
48629  -0.766  -33.556  86.084 0.0000000000
48637  -1.032  -33.597  85.363 0.0000000000
47653  -0.574  -34.571  85.076 0.0000000000
47660  -0.354  -35.251  85.198 0.0000000000
46634  -0.125  -35.748  85.274 0.0000000000
63912  -46.595  -16.403  71.025 0.0000000000
63907  -47.243  -16.363  71.434 0.0000000000
63906  -46.413  -16.839  71.375 0.0000000000
63853  -41.128  -16.427  76.793 0.0000000000
62791  -34.325  -17.240  83.111 0.0000000000
58075  -40.060  -20.888  69.063 0.0000000000
58090  -39.845  -20.434  67.959 0.0000000000
109831  -41.028  -20.026  69.325 0.0000000000
59118  -40.248  -20.502  68.179 0.0000000000
59141  -40.306  -20.356  67.785 0.0000000000
60153  -40.192  -19.967  67.439 0.0000000000
61072  -40.596  -19.474  67.441 0.0000000000
61071  -40.869  -19.032  67.006 0.0000000000
61073  -41.484  -18.944  67.850 0.0000000000
132412  -43.370  -17.601  68.303 0.0000000000
61046  -43.924  -18.638  70.212 0.0000000000
61985  -43.978  -18.039  69.444 0.0000000000
61993  -44.003  -17.512  68.585 0.0000000000
62949  -44.774  -17.349  69.331 0.0000000000
62950  -45.508  -16.934  69.951 0.0000000000
44454  -4.226  -36.234  98.757 0.0000000000
44463  -7.133  -35.564  97.866 0.0000000000
44465  -5.813  -36.990  97.159 0.0000000000
43312  -3.895  -36.266  96.770 0.0000000000
42207  -2.627  -36.351  94.279 0.0000000000
123917  -1.830  -37.198  91.969 0.0000000000
42329  -13.339  -37.560  87.640 0.0000000000
124380  -12.848  -37.875  88.360 0.0000000000
42328  -12.514  -37.070  87.936 0.0000000000
42326  -10.075  -36.283  88.472 0.0000000000
42236  -10.090  -36.715  91.315 0.0000000000
42235  -9.162  -36.857  91.756 0.0000000000
43350  -9.155  -36.321  92.871 0.0000000000
43348  -7.764  -35.656  93.250 0.0000000000
42233  -7.410  -36.597  91.991 0.0000000000
43367  -6.090  -36.611  93.038 0.0000000000
43366  -5.349  -36.906  92.726 0.0000000000
110850  -5.703  -35.792  90.707 0.0000000000
43421  -5.196  -35.554  90.048 0.0000000000
42246  -5.295  -36.609  91.927 0.0000000000
43365  -4.544  -36.999  92.350 0.0000000000
112552  -3.636  -36.882  92.002 0.0000000000
42261  -2.468  -37.100  90.769 0.0000000000
128212  -2.577  -36.899  91.584 0.0000000000
57870  1.261  -23.755  83.779 0.0000000000
57879  0.853  -23.483  83.579 0.0000000000
56839  -1.487  -24.162  83.351 0.0000000000
57892  -1.576  -23.425  82.849 0.0000000000
57906  -1.971  -23.146  81.905 0.0000000000
112209  -2.389  -23.757  81.137 0.0000000000
112801  -2.231  -24.977  79.883 0.0000000000
55866  -2.754  -25.135  80.142 0.0000000000
53769  -2.713  -26.754  78.252 0.0000000000
53682  -4.869  -27.127  85.895 0.0000000000
53695  -4.927  -26.779  85.102 0.0000000000
52598  -5.997  -27.951  83.392 0.0000000000
53709  -5.509  -27.431  83.567 0.0000000000
53708  -4.811  -26.725  83.536 0.0000000000
53721  -4.880  -26.478  82.507 0.0000000000
53732  -4.962  -26.523  81.452 0.0000000000
112133  -5.731  -31.269  80.231 0.0000000000
50570  -6.055  -30.498  79.989 0.0000000000
51553  -6.221  -29.018  80.388 0.0000000000
51552  -6.013  -29.674  79.766 0.0000000000
52630  -6.093  -28.038  79.773 0.0000000000
53741  -5.915  -27.025  79.734 0.0000000000
54779  -5.136  -26.605  80.426 0.0000000000
54789  -4.400  -26.389  80.313 0.0000000000
54804  -4.029  -26.564  79.774 0.0000000000
52639  -4.198  -28.111  78.441 0.0000000000
52638  -3.654  -27.323  78.514 0.0000000000
109094  -2.309  -28.088  76.717 0.0000000000
52671  -1.918  -28.684  76.226 0.0000000000
111784  -1.401  -29.544  75.953 0.0000000000
51587  -1.503  -30.137  76.165 0.0000000000
52472  -1.746  -28.690  96.316 0.0000000000
48497  -2.718  -32.763  101.529 0.0000000000
48495  -0.816  -33.135  100.875 0.0000000000
48500  -0.380  -32.493  100.785 0.0000000000
49488  -0.380  -31.196  101.362 0.0000000000
49487  0.301  -30.831  100.902 0.0000000000
50402  0.167  -29.789  100.804 0.0000000000
50406  -0.150  -29.704  99.882 0.0000000000
115858  0.865  -32.836  98.319 0.0000000000
111589  -0.152  -31.669  97.758 0.0000000000
126372  -0.631  -31.924  98.127 0.0000000000
49497  -0.639  -30.473  99.104 0.0000000000
125526  -0.491  -29.818  99.326 0.0000000000
51342  -0.770  -29.835  98.761 0.0000000000
52452  -0.774  -29.803  97.779 0.0000000000
114497  -1.051  -29.543  97.078 0.0000000000
116818  0.901  -29.877  97.303 0.0000000000
131222  -0.457  -30.194  96.740 0.0000000000
52471  -1.302  -29.392  96.630 0.0000000000
51373  -1.576  -30.322  94.707 0.0000000000
51380  -0.143  -31.139  94.697 0.0000000000
50444  -0.777  -31.281  94.011 0.0000000000
128388  -0.941  -31.861  91.937 0.0000000000
49573  -0.458  -32.270  90.591 0.0000000000
48549  0.498  -32.829  92.814 0.0000000000
48557  0.291  -33.460  92.024 0.0000000000
48558  -0.036  -33.241  91.840 0.0000000000
112434  0.204  -34.490  90.622 0.0000000000
48566  0.160  -33.750  91.085 0.0000000000
49572  -0.088  -32.753  90.450 0.0000000000
49586  -0.105  -32.311  89.893 0.0000000000
49598  -0.054  -32.638  89.097 0.0000000000
49610  0.116  -33.758  87.533 0.0000000000
114910  0.675  -33.554  86.958 0.0000000000
48608  0.484  -34.069  87.820 0.0000000000
48617  0.845  -33.628  86.783 0.0000000000
47635  0.841  -33.495  86.583 0.0000000000
47644  0.321  -34.446  86.735 0.0000000000
130275  0.118  -35.680  85.768 0.0000000000
45629  0.174  -36.050  85.450 0.0000000000
41174  2.921  -39.326  93.588 0.0000000000
41173  3.281  -39.266  92.629 0.0000000000
39073  2.414  -41.578  92.688 0.0000000000
42229  3.495  -38.073  92.037 0.0000000000
42242  3.339  -38.380  91.147 0.0000000000
42259  2.572  -38.304  90.523 0.0000000000
120969  2.389  -39.070  90.184 0.0000000000
109540  1.858  -38.016  90.172 0.0000000000
43429  0.974  -37.089  88.949 0.0000000000
122764  1.492  -39.805  89.011 0.0000000000
42282  1.756  -38.717  88.944 0.0000000000
43430  1.233  -37.801  88.487 0.0000000000
44553  0.851  -36.812  88.310 0.0000000000
44562  0.971  -36.517  87.679 0.0000000000
116421  1.091  -37.070  86.947 0.0000000000
43460  0.813  -37.621  86.054 0.0000000000
128307  0.736  -36.865  86.230 0.0000000000
123087  0.211  -37.168  84.815 0.0000000000
126284  0.049  -37.149  84.586 0.0000000000
44601  -0.331  -37.007  84.303 0.0000000000
43516  -0.653  -37.581  84.133 0.0000000000
42272  -18.287  -37.208  90.320 0.0000000000
42315  -16.337  -36.537  88.128 0.0000000000
42334  -17.849  -38.095  86.850 0.0000000000
43409  -16.912  -37.101  90.530 0.0000000000
43515  -0.359  -37.458  84.368 0.0000000000
44492  -17.469  -35.010  91.704 0.0000000000
44564  -20.469  -34.698  87.805 0.0000000000
44615  -0.251  -36.819  84.399 0.0000000000
44664  -4.420  -36.637  79.373 0.0000000000
45598  0.802  -35.752  86.752 0.0000000000
45616  0.361  -35.844  86.010 0.0000000000
46494  -3.016  -35.001  100.847 0.0000000000
46553  -27.124  -33.995  92.207 0.0000000000
46569  -26.744  -34.136  90.233 0.0000000000
46615  0.275  -35.342  86.239 0.0000000000
46688  -5.507  -33.832  79.248 0.0000000000
47625  0.582  -34.207  87.172 0.0000000000
47634  0.736  -33.627  86.634 0.0000000000
47724  -3.501  -33.738  76.646 0.0000000000
48601  0.347  -33.893  88.113 0.0000000000
48603  -28.995  -30.843  87.978 0.0000000000
48618  0.846  -33.567  86.761 0.0000000000
48636  -0.073  -34.280  86.664 0.0000000000
48659  -3.850  -33.097  82.122 0.0000000000
48695  -1.650  -32.959  77.135 0.0000000000
49520  -28.640  -30.590  94.842 0.0000000000
50425  -29.154  -29.746  95.017 0.0000000000
50426  1.122  -29.955  95.031 0.0000000000
50557  -6.038  -30.039  82.195 0.0000000000
50561  -6.265  -30.134  81.407 0.0000000000
50566  -6.318  -29.980  80.573 0.0000000000
51341  -0.528  -30.073  98.308 0.0000000000
51369  -29.341  -28.788  94.991 0.0000000000
51389  -30.952  -29.177  93.880 0.0000000000
51430  -30.669  -28.935  90.470 0.0000000000
51514  -5.980  -28.454  83.829 0.0000000000
52523  -32.061  -27.396  91.702 0.0000000000
52543  -31.736  -27.839  90.267 0.0000000000
52554  -30.161  -27.687  90.235 0.0000000000
52571  -30.357  -28.796  87.691 0.0000000000
53596  -30.089  -27.112  93.355 0.0000000000
53603  -31.017  -26.621  92.327 0.0000000000
53710  -5.679  -27.603  82.976 0.0000000000
54689  -31.182  -26.427  91.574 0.0000000000
54696  -31.963  -26.016  91.042 0.0000000000
54701  -30.858  -26.363  90.377 0.0000000000
55798  -31.451  -26.320  88.307 0.0000000000
56781  -30.962  -24.498  89.878 0.0000000000
56820  0.812  -24.658  85.546 0.0000000000
57829  -31.544  -23.829  89.560 0.0000000000
58058  -40.112  -20.726  69.126 0.0000000000
58076  -40.333  -20.992  68.837 0.0000000000
58091  -40.565  -20.876  68.108 0.0000000000
59059  -39.586  -19.792  70.062 0.0000000000
59076  -42.839  -19.681  70.838 0.0000000000
59091  -39.549  -20.350  69.493 0.0000000000
59092  -39.907  -20.052  69.544 0.0000000000
59107  -40.429  -20.314  69.111 0.0000000000
59119  -41.155  -20.248  68.886 0.0000000000
59127  -40.139  -20.495  67.864 0.0000000000
59128  -40.985  -20.977  68.121 0.0000000000
60076  -41.935  -19.414  71.222 0.0000000000
60078  -43.917  -19.329  71.744 0.0000000000
60097  -42.934  -19.638  71.128 0.0000000000
60128  -41.874  -19.692  68.870 0.0000000000
60139  -41.081  -20.863  68.059 0.0000000000
60169  -40.134  -19.515  66.813 0.0000000000
61027  -45.269  -19.356  72.192 0.0000000000
61032  -45.028  -19.824  71.685 0.0000000000
61039  -45.224  -19.343  71.753 0.0000000000
61862  -34.100  -18.652  80.481 0.0000000000
61952  -45.016  -18.737  73.026 0.0000000000
61961  -45.451  -18.628  72.361 0.0000000000
61962  -45.751  -18.200  72.068 0.0000000000
61975  -45.347  -18.482  71.675 0.0000000000
62734  -29.230  -18.790  87.000 0.0000000000
62860  -38.503  -17.733  77.860 0.0000000000
62941  -45.625  -17.119  71.112 0.0000000000
63897  -46.620  -16.949  71.644 0.0000000000
63956  -44.802  -15.495  66.951 0.0000000000
64884  -44.720  -14.873  66.142 0.0000000000
67964  -46.277  -12.460  66.354 0.0000000000
68936  -46.364  -11.271  65.431 0.0000000000
70661  -47.265  -10.312  67.442 0.0000000000
71539  -47.079  -9.364  66.072 0.0000000000
71570  -47.241  -8.707  62.517 0.0000000000
72471  -47.270  -8.051  60.568 0.0000000000
109221  -33.981  -17.906  81.567 0.0000000000
110412  -22.999  -34.992  89.335 0.0000000000
111842  -0.745  -32.228  101.278 0.0000000000
112468  -22.496  -35.251  91.689 0.0000000000
112653  -30.960  -26.383  91.092 0.0000000000
113648  -0.545  -31.096  98.188 0.0000000000
113849  0.132  -36.748  84.824 0.0000000000
114183  -5.724  -28.652  84.575 0.0000000000
114292  -0.935  -33.881  99.686 0.0000000000
114716  -48.392  -7.110  60.563 0.0000000000
115326  -48.258  -7.727  62.859 0.0000000000
115486  -1.469  -33.746  97.980 0.0000000000
116412  -28.774  -23.419  85.495 0.0000000000
116979  -31.963  -26.332  90.513 0.0000000000
116982  -44.883  -19.171  72.607 0.0000000000
117577  -45.933  -17.281  71.441 0.0000000000
118173  -24.336  -34.148  92.750 0.0000000000
118384  0.493  -37.015  85.467 0.0000000000
118815  -29.129  -30.200  95.043 0.0000000000
120646  -34.315  -16.904  83.624 0.0000000000
120888  -43.183  -17.408  75.098 0.0000000000
120990  -36.138  -18.063  79.687 0.0000000000
121627  -31.451  -23.534  89.201 0.0000000000
123333  -39.244  -19.508  70.294 0.0000000000
124334  -35.732  -18.177  80.133 0.0000000000
124564  0.011  -30.185  101.255 0.0000000000
124634  -1.084  -31.643  101.710 0.0000000000
125261  -3.712  -38.555  79.756 0.0000000000
125750  -40.905  -19.953  69.899 0.0000000000
125870  -4.213  -36.389  80.136 0.0000000000
126170  -45.940  -14.005  67.079 0.0000000000
126609  -44.398  -15.741  67.372 0.0000000000
128035  -45.041  -19.898  71.804 0.0000000000
128756  -40.408  -20.263  69.062 0.0000000000
129056  -23.874  -35.006  91.885 0.0000000000
129470  -42.469  -19.705  69.866 0.0000000000
129614  -31.009  -26.612  92.894 0.0000000000
129666  0.927  -34.648  87.926 0.0000000000
129731  -40.771  -19.756  69.381 0.0000000000
129923  -1.786  -25.559  91.101 0.0000000000
130078  -45.137  -19.392  72.350 0.0000000000
130175  -31.002  -23.562  88.095 0.0000000000
130591  -5.127  -27.448  85.393 0.0000000000
131155  -41.035  -19.076  70.855 0.0000000000
131323  -30.625  -29.716  88.009 0.0000000000
131421  -0.924  -34.819  99.290 0.0000000000
132006  -0.045  -35.414  97.091 0.0000000000
132013  -29.860  -18.140  84.768 0.0000000000
132037  0.578  -33.370  92.306 0.0000000000
