#!ascii label  , from subject sub-10 vox2ras=TkReg
823
86129  48.786  12.086  49.517 0.0000000000
84733  52.310  9.922  37.969 0.0000000000
89007  54.182  15.403  37.903 0.0000000000
80614  52.691  4.361  33.078 0.0000000000
82330  47.908  6.987  44.363 0.0000000000
88943  58.148  15.075  42.858 0.0000000000
84009  55.625  8.979  32.103 0.0000000000
121442  46.129  10.269  37.728 0.0000000000
86879  55.591  12.824  43.583 0.0000000000
112712  50.629  10.962  43.876 0.0000000000
112648  50.482  5.960  39.812 0.0000000000
88299  49.719  14.384  38.893 0.0000000000
85478  48.960  10.658  33.912 0.0000000000
119059  56.265  12.424  37.046 0.0000000000
87006  52.046  12.272  30.321 0.0000000000
87619  46.778  14.141  38.508 0.0000000000
86866  51.940  12.723  46.916 0.0000000000
85393  49.912  10.868  46.705 0.0000000000
82353  48.911  6.488  41.819 0.0000000000
112726  53.188  15.354  41.048 0.0000000000
88949  51.030  15.977  41.909 0.0000000000
115080  51.497  14.570  38.438 0.0000000000
86946  50.188  12.774  37.249 0.0000000000
129336  51.999  13.439  35.483 0.0000000000
86194  53.753  11.623  40.625 0.0000000000
86923  56.576  12.553  40.557 0.0000000000
86218  54.461  11.490  37.724 0.0000000000
83255  56.434  7.681  30.603 0.0000000000
86278  55.804  11.242  29.912 0.0000000000
83258  52.754  7.784  31.584 0.0000000000
84011  50.275  9.168  32.571 0.0000000000
81566  51.484  5.555  33.641 0.0000000000
132117  50.085  2.675  36.472 0.0000000000
84664  46.162  10.049  48.734 0.0000000000
84674  48.242  9.479  46.839 0.0000000000
88965  55.744  15.181  40.200 0.0000000000
83218  52.612  7.559  35.669 0.0000000000
84753  52.697  9.510  35.040 0.0000000000
82428  54.740  7.212  33.958 0.0000000000
82446  57.860  7.069  31.709 0.0000000000
88243  56.741  15.093  47.340 0.0000000000
87551  53.940  14.498  47.151 0.0000000000
86893  53.300  12.120  43.652 0.0000000000
110930  51.970  10.383  41.146 0.0000000000
84692  48.793  8.869  43.785 0.0000000000
83949  49.954  8.870  40.819 0.0000000000
83968  50.786  8.292  38.711 0.0000000000
81521  52.566  5.687  37.549 0.0000000000
131771  44.468  10.516  50.385 0.0000000000
90240  48.770  17.657  41.393 0.0000000000
88984  47.479  15.581  38.022 0.0000000000
87639  48.119  12.797  37.604 0.0000000000
85463  47.126  10.344  36.277 0.0000000000
84754  46.126  9.322  34.403 0.0000000000
128050  58.156  13.583  43.454 0.0000000000
87612  57.338  13.466  40.708 0.0000000000
89018  57.107  14.823  36.499 0.0000000000
130212  53.960  11.891  33.785 0.0000000000
87683  55.366  13.750  32.282 0.0000000000
88355  53.701  14.491  33.163 0.0000000000
86251  51.205  11.324  32.247 0.0000000000
84013  47.204  9.512  32.170 0.0000000000
87620  46.183  14.084  39.353 0.0000000000
88996  46.503  15.451  37.804 0.0000000000
86132  50.296  12.026  48.251 0.0000000000
129672  49.589  11.453  47.949 0.0000000000
88993  54.077  15.362  38.916 0.0000000000
128581  52.493  15.062  39.034 0.0000000000
131640  52.729  15.122  37.746 0.0000000000
88327  52.120  14.300  36.894 0.0000000000
88326  52.958  14.727  36.125 0.0000000000
118121  52.847  10.510  39.164 0.0000000000
86202  53.939  11.498  39.685 0.0000000000
129046  53.282  10.589  37.847 0.0000000000
82458  54.095  6.457  31.626 0.0000000000
83257  53.901  7.876  30.866 0.0000000000
133968  52.456  6.064  32.765 0.0000000000
82448  52.066  6.614  32.804 0.0000000000
81565  51.931  5.204  33.604 0.0000000000
130405  51.807  3.839  34.381 0.0000000000
79544  52.035  3.593  34.293 0.0000000000
83915  46.219  8.871  47.844 0.0000000000
88945  55.572  15.032  42.556 0.0000000000
88285  56.803  14.531  41.978 0.0000000000
82410  53.278  6.267  35.908 0.0000000000
83217  53.328  7.415  35.117 0.0000000000
82427  55.172  6.487  34.265 0.0000000000
82424  58.245  6.610  33.363 0.0000000000
80610  57.303  4.876  32.627 0.0000000000
81572  57.182  5.417  31.941 0.0000000000
86146  51.629  11.761  45.176 0.0000000000
86870  52.788  12.577  45.651 0.0000000000
86167  52.118  11.577  43.364 0.0000000000
85417  52.247  11.159  41.904 0.0000000000
85418  51.611  11.099  42.456 0.0000000000
83928  47.923  7.944  45.620 0.0000000000
84684  48.467  9.068  45.393 0.0000000000
83157  48.144  7.661  44.068 0.0000000000
82372  49.870  6.076  40.568 0.0000000000
83173  49.345  7.378  41.432 0.0000000000
83180  50.062  7.549  40.283 0.0000000000
83956  50.219  8.391  40.115 0.0000000000
82393  51.012  6.886  38.932 0.0000000000
82401  51.495  6.823  37.718 0.0000000000
126425  51.649  5.670  38.607 0.0000000000
80559  55.108  4.008  38.638 0.0000000000
88969  50.366  15.278  40.561 0.0000000000
89600  49.755  16.616  42.001 0.0000000000
89613  48.853  15.981  40.749 0.0000000000
89614  48.220  16.442  40.060 0.0000000000
88983  48.223  15.301  38.773 0.0000000000
88312  48.194  14.237  37.874 0.0000000000
87627  48.867  13.649  37.863 0.0000000000
86968  50.313  11.767  35.463 0.0000000000
86219  49.034  11.616  36.865 0.0000000000
85470  48.333  10.660  35.081 0.0000000000
85472  46.314  9.809  34.435 0.0000000000
85480  46.700  10.351  33.444 0.0000000000
87566  55.767  13.738  45.066 0.0000000000
87565  56.913  14.006  44.803 0.0000000000
87591  56.594  13.051  43.219 0.0000000000
86938  56.859  12.608  38.577 0.0000000000
86922  57.202  12.820  40.315 0.0000000000
86937  57.377  13.106  38.468 0.0000000000
88307  57.212  14.222  38.075 0.0000000000
87645  56.874  13.575  36.771 0.0000000000
84760  53.694  9.628  33.241 0.0000000000
86242  53.611  11.063  33.953 0.0000000000
84768  54.707  10.469  31.829 0.0000000000
86280  54.037  11.940  29.903 0.0000000000
86994  54.999  12.696  30.742 0.0000000000
87698  54.815  13.375  31.094 0.0000000000
88360  54.692  14.307  32.289 0.0000000000
117125  53.381  13.608  31.407 0.0000000000
124108  52.247  13.269  32.757 0.0000000000
86271  51.470  11.926  30.870 0.0000000000
83239  50.019  7.509  33.355 0.0000000000
118331  49.169  9.199  32.446 0.0000000000
116968  48.908  8.011  33.362 0.0000000000
83229  47.383  8.264  34.015 0.0000000000
122625  58.699  15.219  44.557 0.0000000000
129117  46.368  12.631  39.523 0.0000000000
86212  46.747  11.521  38.670 0.0000000000
87548  52.398  13.875  48.577 0.0000000000
86855  51.421  13.037  48.466 0.0000000000
86136  51.318  12.433  47.236 0.0000000000
85401  50.321  10.943  44.867 0.0000000000
82354  48.396  6.774  42.649 0.0000000000
88957  52.393  15.540  41.552 0.0000000000
88968  51.336  15.369  40.621 0.0000000000
88298  50.806  14.542  39.162 0.0000000000
87626  49.913  13.766  38.206 0.0000000000
87636  51.261  13.814  37.280 0.0000000000
86956  51.317  13.022  35.942 0.0000000000
86967  51.099  11.922  34.358 0.0000000000
86174  54.394  12.054  42.022 0.0000000000
86903  56.229  12.505  42.167 0.0000000000
86193  54.637  12.065  40.291 0.0000000000
86209  55.096  12.012  38.234 0.0000000000
86225  55.384  11.903  36.717 0.0000000000
84030  56.833  8.686  30.815 0.0000000000
84780  56.499  10.003  30.643 0.0000000000
84032  55.649  9.098  30.133 0.0000000000
84795  54.883  9.862  29.839 0.0000000000
85524  52.760  10.854  30.483 0.0000000000
85512  51.745  10.877  31.344 0.0000000000
84023  51.608  9.071  31.808 0.0000000000
82450  51.442  6.719  33.114 0.0000000000
81558  50.704  5.685  33.980 0.0000000000
78577  50.537  2.497  35.804 0.0000000000
85380  47.891  10.906  48.900 0.0000000000
85385  48.276  10.710  48.373 0.0000000000
84669  47.282  9.875  48.003 0.0000000000
83919  47.317  8.718  46.955 0.0000000000
83148  47.627  7.409  45.721 0.0000000000
128404  54.671  15.094  42.233 0.0000000000
111961  54.951  15.235  40.899 0.0000000000
88992  54.959  15.339  38.578 0.0000000000
83979  51.845  8.573  36.594 0.0000000000
124474  52.442  9.845  36.394 0.0000000000
83985  52.525  8.884  35.309 0.0000000000
83991  53.411  8.686  33.826 0.0000000000
83998  55.920  8.248  32.501 0.0000000000
82426  56.599  6.484  33.752 0.0000000000
82437  57.185  7.052  33.009 0.0000000000
84007  57.327  7.868  31.535 0.0000000000
118138  57.452  7.460  30.915 0.0000000000
81574  54.772  4.691  32.414 0.0000000000
80613  53.648  3.987  32.733 0.0000000000
79555  52.464  3.451  34.012 0.0000000000
88252  55.007  14.365  47.004 0.0000000000
87567  54.718  13.579  45.394 0.0000000000
87559  52.728  13.666  46.925 0.0000000000
86869  53.496  12.769  45.271 0.0000000000
86892  54.113  12.246  43.411 0.0000000000
86175  53.622  11.780  42.229 0.0000000000
128609  52.626  10.912  41.294 0.0000000000
85441  52.443  10.317  39.669 0.0000000000
85395  48.922  9.935  46.741 0.0000000000
85398  49.657  10.270  45.357 0.0000000000
85402  49.737  10.217  44.261 0.0000000000
83943  48.777  8.106  42.575 0.0000000000
83942  49.384  8.721  42.166 0.0000000000
84701  49.830  9.717  42.463 0.0000000000
84707  50.468  9.636  41.012 0.0000000000
115702  51.191  9.485  39.827 0.0000000000
84726  51.760  9.493  38.426 0.0000000000
133262  51.403  7.597  37.530 0.0000000000
82400  52.000  6.319  37.125 0.0000000000
81533  53.671  5.709  36.445 0.0000000000
80561  52.924  4.975  38.727 0.0000000000
80573  53.970  5.060  37.790 0.0000000000
86125  46.694  11.463  50.058 0.0000000000
114746  45.788  10.325  49.303 0.0000000000
84661  43.583  9.438  50.496 0.0000000000
131315  49.932  18.452  42.290 0.0000000000
90890  48.299  18.495  40.783 0.0000000000
88995  46.972  15.327  37.709 0.0000000000
86939  47.552  13.009  37.977 0.0000000000
86211  47.330  11.848  38.220 0.0000000000
86947  49.388  12.450  37.330 0.0000000000
86220  48.200  11.397  37.226 0.0000000000
85456  46.905  10.387  37.238 0.0000000000
87588  58.559  14.349  42.781 0.0000000000
86902  57.198  12.844  41.885 0.0000000000
129501  58.078  13.899  42.218 0.0000000000
132737  57.626  14.217  42.052 0.0000000000
88290  56.746  14.429  40.661 0.0000000000
88976  56.286  14.891  39.014 0.0000000000
111991  55.403  15.129  36.841 0.0000000000
85468  53.560  10.904  36.163 0.0000000000
86234  54.114  11.620  35.666 0.0000000000
122428  55.340  12.683  35.265 0.0000000000
86260  54.599  11.413  31.829 0.0000000000
86979  55.167  12.879  32.689 0.0000000000
87655  56.163  13.372  35.417 0.0000000000
88343  56.196  14.635  34.784 0.0000000000
89037  55.355  15.249  34.692 0.0000000000
88335  53.712  15.127  35.500 0.0000000000
87662  52.820  13.855  34.353 0.0000000000
130541  51.323  12.053  33.338 0.0000000000
133266  50.399  10.868  33.074 0.0000000000
85514  50.194  10.170  32.283 0.0000000000
85498  48.465  10.355  31.918 0.0000000000
85489  47.412  10.537  32.225 0.0000000000
84003  46.453  9.544  33.174 0.0000000000
79514  49.362  3.315  37.804 0.0000000000
88314  46.274  15.158  38.162 0.0000000000
89009  46.422  15.982  37.638 0.0000000000
86128  49.434  12.100  49.358 0.0000000000
86133  49.526  11.737  48.661 0.0000000000
86134  48.720  11.478  48.935 0.0000000000
110551  53.171  15.293  38.363 0.0000000000
126246  53.454  15.301  37.351 0.0000000000
89008  52.793  14.991  37.017 0.0000000000
89021  53.589  15.207  36.422 0.0000000000
85447  52.924  10.446  38.374 0.0000000000
81585  53.348  5.811  32.418 0.0000000000
82459  53.085  6.495  32.238 0.0000000000
131564  52.666  5.209  32.843 0.0000000000
81576  52.283  5.154  33.151 0.0000000000
116428  52.053  4.561  34.017 0.0000000000
80604  52.265  3.999  34.008 0.0000000000
88934  58.400  15.122  43.276 0.0000000000
121733  57.460  15.423  42.972 0.0000000000
88281  57.508  14.952  42.473 0.0000000000
81547  54.031  5.940  35.688 0.0000000000
133130  53.965  6.540  35.038 0.0000000000
81546  54.988  5.805  35.158 0.0000000000
80609  58.095  5.129  32.862 0.0000000000
79551  56.913  4.067  33.733 0.0000000000
80601  56.515  4.229  33.220 0.0000000000
86156  51.145  11.348  44.497 0.0000000000
86155  51.883  11.643  44.213 0.0000000000
86168  51.450  11.344  43.611 0.0000000000
128502  51.725  11.346  42.984 0.0000000000
85408  51.067  11.057  43.046 0.0000000000
83147  47.939  7.542  45.000 0.0000000000
83927  48.215  8.241  44.993 0.0000000000
83181  49.752  7.040  40.684 0.0000000000
82371  50.226  6.817  40.095 0.0000000000
82383  50.676  6.796  39.476 0.0000000000
82382  51.051  6.011  39.091 0.0000000000
88981  50.079  14.887  39.766 0.0000000000
88959  49.678  15.676  41.139 0.0000000000
88970  49.427  15.437  40.269 0.0000000000
88971  48.605  15.738  39.761 0.0000000000
88982  49.053  15.014  39.407 0.0000000000
88300  48.623  14.638  38.498 0.0000000000
88311  49.030  14.123  38.175 0.0000000000
86235  49.502  10.958  35.122 0.0000000000
85479  47.687  10.552  33.735 0.0000000000
87582  55.199  13.170  44.418 0.0000000000
87581  56.389  13.362  44.061 0.0000000000
86945  56.401  12.497  37.627 0.0000000000
118246  56.853  12.840  37.897 0.0000000000
87635  57.073  13.350  37.607 0.0000000000
86954  56.310  12.951  36.469 0.0000000000
84759  54.674  9.550  32.465 0.0000000000
131533  54.133  10.057  32.612 0.0000000000
84767  55.489  9.743  31.692 0.0000000000
128568  52.979  12.331  30.172 0.0000000000
87004  53.656  12.547  30.158 0.0000000000
87709  53.382  12.984  30.352 0.0000000000
87699  53.838  13.315  30.878 0.0000000000
87700  52.632  13.189  30.798 0.0000000000
87687  51.738  13.045  31.153 0.0000000000
82430  50.054  6.383  33.915 0.0000000000
83227  49.519  7.197  33.643 0.0000000000
82431  48.999  7.037  34.193 0.0000000000
86932  46.628  13.439  39.183 0.0000000000
86933  46.009  13.191  39.846 0.0000000000
86203  46.236  11.622  39.357 0.0000000000
86940  46.898  12.553  38.822 0.0000000000
87549  51.865  13.371  48.915 0.0000000000
86850  51.241  12.975  49.265 0.0000000000
86138  50.093  11.467  47.392 0.0000000000
86137  50.729  12.053  47.522 0.0000000000
86142  50.795  11.647  46.620 0.0000000000
85397  50.263  10.820  45.916 0.0000000000
117185  53.178  15.350  41.798 0.0000000000
88947  52.656  15.663  42.336 0.0000000000
111222  52.171  15.158  39.859 0.0000000000
88309  51.725  14.774  39.179 0.0000000000
110928  51.100  14.907  39.909 0.0000000000
88310  50.678  14.228  38.428 0.0000000000
88321  51.408  14.295  37.760 0.0000000000
87647  51.673  13.670  36.401 0.0000000000
119556  51.031  12.390  35.438 0.0000000000
86966  51.654  12.705  34.984 0.0000000000
86184  53.670  11.734  41.479 0.0000000000
86183  54.472  12.136  41.201 0.0000000000
86210  54.163  11.508  38.677 0.0000000000
86201  54.836  12.041  39.278 0.0000000000
86217  55.450  11.866  37.339 0.0000000000
122752  54.768  11.549  37.069 0.0000000000
83263  56.837  8.538  30.650 0.0000000000
84031  56.530  9.314  30.280 0.0000000000
133600  56.246  8.592  30.406 0.0000000000
84033  54.411  8.863  30.551 0.0000000000
84021  53.357  8.558  31.029 0.0000000000
84034  53.402  9.642  30.678 0.0000000000
84022  52.501  8.821  31.335 0.0000000000
84782  52.192  9.989  31.322 0.0000000000
83259  52.020  8.132  31.768 0.0000000000
82439  51.689  5.998  33.329 0.0000000000
113281  51.669  7.061  32.811 0.0000000000
82440  51.126  6.334  33.369 0.0000000000
81557  51.117  5.310  34.168 0.0000000000
78591  51.499  2.969  34.632 0.0000000000
79537  51.361  3.641  34.694 0.0000000000
85386  47.100  10.318  48.756 0.0000000000
131328  47.682  10.368  48.412 0.0000000000
84670  46.562  9.630  48.188 0.0000000000
83920  46.703  8.410  47.303 0.0000000000
83925  47.139  8.044  46.817 0.0000000000
82315  47.208  6.973  46.006 0.0000000000
131944  56.145  14.754  41.415 0.0000000000
88955  55.406  14.949  41.541 0.0000000000
112386  55.663  15.062  40.843 0.0000000000
88978  54.977  15.347  39.527 0.0000000000
83978  52.234  8.518  35.875 0.0000000000
129511  53.908  7.274  34.459 0.0000000000
83225  53.367  7.991  34.531 0.0000000000
83237  54.084  7.872  33.798 0.0000000000
83999  54.616  8.657  33.070 0.0000000000
83236  55.294  7.788  33.309 0.0000000000
81555  57.242  6.195  34.315 0.0000000000
118973  58.211  6.596  33.958 0.0000000000
82435  58.046  6.640  32.476 0.0000000000
82436  57.840  6.999  32.797 0.0000000000
82447  57.799  7.292  32.036 0.0000000000
83234  57.520  7.481  32.229 0.0000000000
131431  57.627  7.486  31.751 0.0000000000
83244  57.580  7.519  31.418 0.0000000000
82455  57.719  6.956  31.172 0.0000000000
80611  56.025  4.549  32.534 0.0000000000
81573  56.034  5.363  31.829 0.0000000000
79562  53.780  3.314  33.114 0.0000000000
79554  53.031  3.120  33.675 0.0000000000
88245  54.726  14.904  47.836 0.0000000000
87557  54.285  14.014  46.314 0.0000000000
86860  52.217  13.299  47.295 0.0000000000
87553  52.433  13.977  47.683 0.0000000000
86882  53.042  12.338  44.596 0.0000000000
86881  53.837  12.471  44.268 0.0000000000
86165  53.519  11.884  42.911 0.0000000000
85433  52.577  10.571  40.584 0.0000000000
85434  51.932  10.012  40.222 0.0000000000
85390  48.368  9.912  47.314 0.0000000000
133434  48.759  10.252  47.270 0.0000000000
84688  48.606  8.910  44.584 0.0000000000
84683  49.076  9.642  45.858 0.0000000000
84687  49.068  9.581  44.948 0.0000000000
116090  49.099  9.427  44.204 0.0000000000
83166  48.270  7.522  42.995 0.0000000000
83165  48.760  7.367  42.206 0.0000000000
83950  49.574  8.352  41.467 0.0000000000
129383  49.177  7.962  41.956 0.0000000000
114150  49.886  9.280  41.579 0.0000000000
85419  50.547  10.062  41.737 0.0000000000
83963  50.564  8.335  39.347 0.0000000000
84720  50.630  8.943  39.663 0.0000000000
83962  51.046  9.067  38.999 0.0000000000
83967  51.296  8.678  38.238 0.0000000000
83201  51.375  8.269  37.683 0.0000000000
81511  51.820  5.973  37.941 0.0000000000
81534  52.793  5.925  36.694 0.0000000000
81520  53.388  5.474  37.249 0.0000000000
80549  53.422  4.333  39.144 0.0000000000
121065  54.500  4.483  38.259 0.0000000000
116563  55.228  4.440  38.076 0.0000000000
86126  45.115  11.001  50.471 0.0000000000
85377  45.863  10.819  49.918 0.0000000000
85382  45.028  10.296  49.702 0.0000000000
84660  44.190  9.851  50.022 0.0000000000
130711  49.117  16.911  41.674 0.0000000000
90235  49.623  17.557  42.035 0.0000000000
90889  49.249  18.656  41.601 0.0000000000
91492  48.833  19.235  40.976 0.0000000000
90241  48.104  17.654  40.806 0.0000000000
89622  47.874  15.979  39.063 0.0000000000
133556  47.410  16.262  38.273 0.0000000000
87628  47.961  13.649  37.710 0.0000000000
86949  47.913  12.044  37.715 0.0000000000
87625  50.484  13.434  37.627 0.0000000000
87637  49.682  13.105  37.736 0.0000000000
86227  48.179  10.884  36.352 0.0000000000
86228  47.655  10.774  37.018 0.0000000000
110396  46.360  10.003  36.444 0.0000000000
85464  46.213  9.797  35.587 0.0000000000
88250  57.113  14.719  46.435 0.0000000000
87580  57.653  13.579  44.104 0.0000000000
87564  58.088  14.029  44.699 0.0000000000
87579  58.494  13.846  44.012 0.0000000000
87578  58.593  14.076  43.265 0.0000000000
87589  58.397  13.844  42.823 0.0000000000
86914  56.449  12.548  41.410 0.0000000000
86921  57.431  13.007  40.020 0.0000000000
86912  57.318  13.269  41.060 0.0000000000
87606  57.576  13.800  41.837 0.0000000000
88283  58.167  14.226  42.336 0.0000000000
88289  57.242  14.017  41.308 0.0000000000
124996  56.985  14.392  41.750 0.0000000000
88297  57.198  13.818  40.079 0.0000000000
89004  56.856  14.659  37.222 0.0000000000
88990  56.561  14.668  38.211 0.0000000000
89005  56.045  15.023  37.434 0.0000000000
89019  56.353  15.132  36.434 0.0000000000
85461  52.839  10.364  36.683 0.0000000000
85469  52.839  10.207  35.710 0.0000000000
129848  53.854  11.802  34.638 0.0000000000
86233  54.656  12.306  35.188 0.0000000000
133767  54.265  12.321  34.174 0.0000000000
85510  56.068  10.981  30.053 0.0000000000
85496  55.375  11.231  30.849 0.0000000000
86270  55.689  11.447  30.150 0.0000000000
86993  55.169  13.342  31.613 0.0000000000
86984  55.154  12.845  31.568 0.0000000000
86983  55.380  13.387  32.389 0.0000000000
86978  55.502  13.399  33.513 0.0000000000
87661  55.916  13.753  34.335 0.0000000000
87660  56.379  14.057  34.969 0.0000000000
87672  55.665  13.941  33.163 0.0000000000
131516  54.215  14.507  32.675 0.0000000000
88345  55.128  15.167  33.883 0.0000000000
88346  54.279  15.024  33.849 0.0000000000
89031  54.482  15.306  35.023 0.0000000000
116386  53.907  15.074  34.622 0.0000000000
88336  53.140  14.502  35.087 0.0000000000
88347  53.439  14.548  34.103 0.0000000000
86980  51.277  12.190  31.919 0.0000000000
117562  51.624  12.603  32.784 0.0000000000
86975  51.224  11.744  32.599 0.0000000000
86243  50.865  11.412  33.262 0.0000000000
86252  50.853  11.153  32.648 0.0000000000
84783  51.443  10.018  31.904 0.0000000000
113220  51.129  10.735  31.988 0.0000000000
84769  50.175  9.994  32.253 0.0000000000
84012  48.066  9.321  32.123 0.0000000000
84771  48.298  9.838  31.771 0.0000000000
84772  47.334  10.045  31.666 0.0000000000
85499  47.667  10.418  31.861 0.0000000000
85500  47.019  10.213  31.819 0.0000000000
85501  46.553  10.068  32.173 0.0000000000
84014  46.639  9.684  32.432 0.0000000000
82421  47.632  7.209  35.403 0.0000000000
83220  46.839  7.838  34.905 0.0000000000
115244  50.163  3.749  36.190 0.0000000000
79522  49.883  3.252  36.790 0.0000000000
88302  45.982  14.760  39.056 0.0000000000
126235  46.426  14.634  38.509 0.0000000000
86856  50.811  12.586  48.837 0.0000000000
86857  50.145  12.232  49.146 0.0000000000
88979  54.090  15.371  39.815 0.0000000000
111033  53.146  15.357  40.217 0.0000000000
88980  53.172  15.296  39.355 0.0000000000
88308  52.265  14.934  38.408 0.0000000000
88320  52.122  14.711  37.695 0.0000000000
87646  52.430  14.082  35.853 0.0000000000
85432  53.128  10.929  39.974 0.0000000000
85446  53.433  10.886  39.032 0.0000000000
85454  53.661  10.891  38.142 0.0000000000
85460  53.759  10.862  37.231 0.0000000000
82457  55.537  6.598  31.031 0.0000000000
83256  54.735  7.275  30.900 0.0000000000
115101  53.442  7.131  31.583 0.0000000000
82460  52.526  6.906  32.310 0.0000000000
83246  52.043  7.355  32.310 0.0000000000
81577  52.088  6.000  33.073 0.0000000000
80595  51.817  4.895  34.061 0.0000000000
129294  51.981  4.277  34.196 0.0000000000
79545  51.785  3.412  34.429 0.0000000000
123048  55.619  15.485  43.476 0.0000000000
88944  56.627  15.312  42.807 0.0000000000
88954  56.377  14.764  42.146 0.0000000000
88291  56.277  14.738  41.048 0.0000000000
82418  53.086  6.873  35.557 0.0000000000
131870  54.391  6.871  34.437 0.0000000000
81563  58.557  5.929  33.087 0.0000000000
81571  58.005  5.676  32.342 0.0000000000
80602  55.512  3.858  33.180 0.0000000000
88246  53.731  14.851  47.999 0.0000000000
86871  52.058  12.297  46.001 0.0000000000
86145  52.329  12.086  44.918 0.0000000000
86154  52.566  11.925  43.932 0.0000000000
86166  52.787  11.733  43.113 0.0000000000
86177  52.245  11.451  42.666 0.0000000000
85425  51.418  10.607  41.828 0.0000000000
83923  48.031  8.619  45.834 0.0000000000
84679  48.382  9.271  46.189 0.0000000000
83930  48.412  8.327  44.182 0.0000000000
82364  49.425  6.562  41.123 0.0000000000
83957  49.795  7.937  40.798 0.0000000000
83186  50.384  7.574  39.742 0.0000000000
83194  50.687  7.610  39.068 0.0000000000
83193  51.028  7.580  38.243 0.0000000000
82392  51.328  6.473  38.452 0.0000000000
81510  52.387  5.431  38.303 0.0000000000
80548  54.250  4.009  38.877 0.0000000000
114942  50.598  15.671  41.356 0.0000000000
89599  50.527  16.410  42.210 0.0000000000
89605  49.991  15.994  41.774 0.0000000000
89606  49.258  16.243  41.480 0.0000000000
89607  48.471  16.798  41.046 0.0000000000
88994  47.731  14.856  38.000 0.0000000000
86958  49.815  12.186  36.591 0.0000000000
121560  49.561  11.515  36.064 0.0000000000
127302  48.965  11.106  35.957 0.0000000000
85462  47.534  10.484  35.562 0.0000000000
119969  46.815  10.141  35.282 0.0000000000
85471  47.158  10.346  34.587 0.0000000000
85481  46.295  9.970  33.315 0.0000000000
88259  56.383  14.284  45.755 0.0000000000
133267  57.279  13.373  43.519 0.0000000000
86931  56.712  12.510  39.608 0.0000000000
86930  57.261  12.763  39.498 0.0000000000
132477  57.415  12.886  39.164 0.0000000000
87618  57.509  13.212  39.509 0.0000000000
88306  57.461  13.719  38.847 0.0000000000
87634  57.448  13.713  37.995 0.0000000000
88319  57.274  14.195  37.166 0.0000000000
88325  57.189  14.388  36.178 0.0000000000
84752  52.968  9.506  34.114 0.0000000000
85477  53.106  10.231  34.621 0.0000000000
111354  53.348  10.215  33.751 0.0000000000
85486  53.896  10.624  32.867 0.0000000000
86250  54.208  11.558  32.941 0.0000000000
85532  54.865  11.334  29.621 0.0000000000
119064  55.118  12.004  30.224 0.0000000000
87003  54.641  12.307  30.118 0.0000000000
88359  55.329  14.213  32.635 0.0000000000
88361  54.359  13.870  31.530 0.0000000000
87685  53.671  14.114  32.196 0.0000000000
128936  52.965  13.818  32.726 0.0000000000
87686  52.545  13.419  31.835 0.0000000000
86985  51.404  12.477  31.191 0.0000000000
86261  51.368  11.514  31.641 0.0000000000
83249  50.100  8.239  33.017 0.0000000000
84000  49.041  8.496  32.903 0.0000000000
84001  48.056  8.743  32.774 0.0000000000
84002  47.170  9.013  33.086 0.0000000000
83228  48.513  7.707  33.838 0.0000000000
83219  47.978  7.485  34.567 0.0000000000
87554  51.918  13.524  48.061 0.0000000000
86861  51.672  12.980  47.671 0.0000000000
86862  51.035  12.607  48.013 0.0000000000
86141  51.513  12.241  46.550 0.0000000000
117001  51.407  11.854  45.983 0.0000000000
86147  50.921  11.397  45.504 0.0000000000
82342  48.084  6.921  43.486 0.0000000000
113760  48.345  6.279  43.171 0.0000000000
81466  48.621  5.976  42.540 0.0000000000
81465  49.022  5.532  41.959 0.0000000000
126049  49.386  5.825  41.294 0.0000000000
81479  49.916  5.337  41.031 0.0000000000
80540  50.450  5.074  40.397 0.0000000000
81491  50.957  5.168  39.527 0.0000000000
88948  51.797  15.809  42.133 0.0000000000
88958  51.548  15.666  41.349 0.0000000000
114974  52.271  15.466  40.728 0.0000000000
133276  50.768  13.927  37.906 0.0000000000
87648  50.934  13.221  36.874 0.0000000000
86957  50.583  12.597  36.302 0.0000000000
86244  50.224  10.978  34.009 0.0000000000
86891  54.950  12.410  43.174 0.0000000000
86890  55.899  12.607  42.872 0.0000000000
86904  55.161  12.325  42.484 0.0000000000
86915  55.347  12.344  41.730 0.0000000000
86924  55.520  12.396  40.878 0.0000000000
86192  55.727  12.297  39.920 0.0000000000
86200  55.932  12.261  38.884 0.0000000000
86208  56.066  12.190  37.862 0.0000000000
86216  56.084  12.023  37.144 0.0000000000
116450  56.814  8.898  31.046 0.0000000000
84766  56.406  9.487  31.226 0.0000000000
85509  56.308  10.483  30.234 0.0000000000
84793  56.354  10.164  29.958 0.0000000000
83264  55.227  8.172  30.449 0.0000000000
85531  55.417  10.991  29.598 0.0000000000
85522  54.802  10.808  29.573 0.0000000000
85523  53.856  11.285  29.757 0.0000000000
86281  52.720  11.787  30.217 0.0000000000
85525  51.971  11.431  30.625 0.0000000000
84010  51.070  8.734  32.339 0.0000000000
83247  51.531  7.939  32.213 0.0000000000
83248  50.989  7.776  32.693 0.0000000000
83238  50.829  7.166  33.161 0.0000000000
82441  50.505  6.686  33.511 0.0000000000
80589  50.509  5.116  35.121 0.0000000000
79529  50.698  3.723  35.356 0.0000000000
118315  51.508  4.457  34.419 0.0000000000
79530  50.392  3.132  35.913 0.0000000000
115178  48.123  11.678  49.410 0.0000000000
85391  47.950  10.128  47.869 0.0000000000
84675  47.690  9.468  47.303 0.0000000000
84676  46.947  9.185  47.583 0.0000000000
84680  47.782  9.019  46.509 0.0000000000
83924  47.634  8.134  46.304 0.0000000000
83151  47.740  7.026  45.056 0.0000000000
88946  53.697  15.432  42.498 0.0000000000
88956  54.169  15.190  41.496 0.0000000000
88967  54.100  15.305  40.615 0.0000000000
83973  51.740  9.075  37.424 0.0000000000
123568  52.301  9.830  37.098 0.0000000000
84740  52.093  9.231  36.532 0.0000000000
84746  52.414  9.393  35.819 0.0000000000
83226  52.840  8.176  35.224 0.0000000000
83992  52.843  8.765  34.639 0.0000000000
81556  56.004  5.948  34.432 0.0000000000
82438  55.913  7.073  33.449 0.0000000000
82425  57.766  6.703  33.518 0.0000000000
83235  56.502  7.607  32.740 0.0000000000
83245  56.921  7.983  32.094 0.0000000000
84008  56.619  8.535  31.639 0.0000000000
84020  57.244  8.064  31.162 0.0000000000
83254  57.275  8.038  30.941 0.0000000000
82456  56.939  6.781  30.810 0.0000000000
81582  57.131  6.140  31.303 0.0000000000
81583  56.140  6.069  31.254 0.0000000000
81584  54.745  5.646  31.823 0.0000000000
81575  53.568  4.919  32.601 0.0000000000
80603  52.478  3.789  33.703 0.0000000000
127450  53.066  3.647  33.205 0.0000000000
78597  52.745  2.842  34.040 0.0000000000
88251  56.030  14.505  46.747 0.0000000000
87556  55.278  14.169  46.006 0.0000000000
87547  52.954  14.470  48.243 0.0000000000
87552  53.076  14.361  47.364 0.0000000000
87558  53.410  13.912  46.613 0.0000000000
86865  52.518  12.936  46.557 0.0000000000
86864  53.104  13.206  46.181 0.0000000000
87568  53.834  13.400  45.787 0.0000000000
86868  54.280  12.969  44.835 0.0000000000
86880  54.675  12.630  43.917 0.0000000000
86905  54.287  12.094  42.730 0.0000000000
86176  52.902  11.595  42.402 0.0000000000
86185  53.014  11.436  41.707 0.0000000000
86195  53.112  11.199  40.965 0.0000000000
84725  52.335  10.120  38.790 0.0000000000
85384  48.941  11.121  48.159 0.0000000000
85389  49.239  10.768  47.316 0.0000000000
131991  49.412  10.436  46.746 0.0000000000
85394  49.580  10.269  46.242 0.0000000000
83933  48.489  8.217  43.399 0.0000000000
83932  49.017  8.897  42.934 0.0000000000
84691  49.413  9.612  43.457 0.0000000000
84690  50.201  10.448  43.212 0.0000000000
126604  50.781  10.578  42.427 0.0000000000
133515  51.146  10.134  41.266 0.0000000000
84713  50.519  9.244  40.292 0.0000000000
84712  51.219  9.827  40.626 0.0000000000
84719  51.800  9.769  39.304 0.0000000000
83210  51.579  8.096  37.037 0.0000000000
83209  51.971  7.737  36.309 0.0000000000
82412  51.706  7.172  36.944 0.0000000000
82411  52.384  6.706  36.230 0.0000000000
81532  54.571  5.559  36.153 0.0000000000
81500  52.098  5.094  38.888 0.0000000000
81509  53.183  5.257  38.060 0.0000000000
80560  53.712  4.697  38.532 0.0000000000
80581  54.264  5.329  37.002 0.0000000000
113165  47.332  11.160  49.368 0.0000000000
85381  46.517  10.668  49.358 0.0000000000
110661  45.877  11.352  50.571 0.0000000000
84665  45.342  9.769  48.934 0.0000000000
83911  44.267  8.636  49.179 0.0000000000
91499  47.812  18.792  39.743 0.0000000000
90247  47.862  17.288  40.158 0.0000000000
90896  47.671  18.087  40.131 0.0000000000
90248  47.303  17.742  39.169 0.0000000000
88301  46.814  14.793  37.881 0.0000000000
88313  47.426  14.490  37.910 0.0000000000
87629  47.281  14.035  37.943 0.0000000000
117195  47.095  13.527  38.492 0.0000000000
85448  46.870  10.898  38.083 0.0000000000
87638  48.792  12.941  37.631 0.0000000000
86948  48.624  12.150  37.439 0.0000000000
86221  47.549  11.142  37.656 0.0000000000
85457  46.028  9.947  36.932 0.0000000000
88258  57.552  14.424  45.502 0.0000000000
88256  58.844  14.841  44.895 0.0000000000
88273  58.601  14.459  43.101 0.0000000000
88279  58.508  14.657  42.883 0.0000000000
86889  56.956  12.904  42.532 0.0000000000
87590  57.595  13.380  42.935 0.0000000000
86913  57.165  12.876  41.179 0.0000000000
87599  57.842  13.551  42.358 0.0000000000
87598  58.405  14.175  42.517 0.0000000000
88280  58.326  14.584  42.590 0.0000000000
88284  57.694  14.546  42.303 0.0000000000
129503  56.864  14.378  39.272 0.0000000000
88964  56.291  14.898  39.963 0.0000000000
88991  55.777  15.097  38.344 0.0000000000
89006  55.114  15.258  37.611 0.0000000000
89020  54.450  15.293  36.831 0.0000000000
85455  52.814  10.362  37.557 0.0000000000
114898  53.487  10.955  35.143 0.0000000000
86226  54.436  11.480  36.518 0.0000000000
116472  54.860  11.934  36.082 0.0000000000
86965  55.406  12.298  36.028 0.0000000000
86955  55.943  12.302  36.610 0.0000000000
84781  55.910  10.324  30.965 0.0000000000
86259  55.083  12.129  30.819 0.0000000000
86249  54.664  12.203  32.021 0.0000000000
86241  54.539  12.313  33.216 0.0000000000
86973  54.994  12.850  34.113 0.0000000000
86964  55.812  12.738  35.854 0.0000000000
87654  56.785  13.768  35.821 0.0000000000
88334  56.665  14.519  35.423 0.0000000000
88353  55.464  14.608  33.512 0.0000000000
88344  55.732  14.946  34.297 0.0000000000
89029  55.912  15.232  35.504 0.0000000000
89030  55.069  15.305  35.392 0.0000000000
112634  54.380  15.318  35.841 0.0000000000
87656  52.257  13.215  34.604 0.0000000000
87673  52.900  13.842  33.501 0.0000000000
87663  52.302  13.165  33.685 0.0000000000
86974  51.771  12.554  33.964 0.0000000000
86253  49.470  10.566  32.782 0.0000000000
85513  51.607  11.411  31.127 0.0000000000
86272  51.248  10.788  31.981 0.0000000000
85497  49.884  10.228  32.289 0.0000000000
84770  49.280  9.833  32.065 0.0000000000
84784  48.942  10.275  31.948 0.0000000000
86262  50.878  11.058  32.388 0.0000000000
85487  49.436  10.419  32.329 0.0000000000
85488  48.290  10.563  32.120 0.0000000000
112659  48.062  10.675  32.767 0.0000000000
123549  47.165  10.640  32.826 0.0000000000
85491  46.371  10.036  32.633 0.0000000000
83994  46.156  9.233  34.179 0.0000000000
83993  46.597  8.951  33.752 0.0000000000
83230  46.461  8.592  34.365 0.0000000000
79556  52.312  3.438  34.142 0.0000000000
78590  51.869  3.010  34.402 0.0000000000
80600  57.543  4.550  33.253 0.0000000000
81501  51.461  5.306  39.060 0.0000000000
81564  52.246  4.468  33.636 0.0000000000
81581  57.850  6.345  31.710 0.0000000000
82429  50.856  5.996  33.602 0.0000000000
82449  51.792  6.418  33.105 0.0000000000
83144  47.200  7.506  46.415 0.0000000000
83240  48.030  8.276  33.370 0.0000000000
84024  50.927  9.624  32.322 0.0000000000
84761  46.399  9.966  32.479 0.0000000000
84773  46.668  10.002  31.928 0.0000000000
84785  47.844  10.331  31.774 0.0000000000
84786  47.442  10.307  31.791 0.0000000000
84794  55.666  10.449  29.631 0.0000000000
85490  46.647  10.296  32.502 0.0000000000
85511  56.095  10.756  30.296 0.0000000000
85521  56.021  10.867  29.835 0.0000000000
85530  55.533  11.251  29.707 0.0000000000
86279  55.215  11.682  29.834 0.0000000000
86282  51.770  11.855  30.508 0.0000000000
86901  57.502  13.453  41.846 0.0000000000
86944  56.567  12.898  37.274 0.0000000000
86972  55.630  13.151  34.800 0.0000000000
86995  51.777  12.669  30.617 0.0000000000
87005  52.653  12.706  30.284 0.0000000000
87671  55.931  14.350  34.159 0.0000000000
87674  51.587  12.952  31.839 0.0000000000
87684  55.106  13.839  31.856 0.0000000000
87708  54.304  12.868  30.473 0.0000000000
88266  58.650  14.486  43.887 0.0000000000
88354  54.805  14.785  33.082 0.0000000000
88933  58.569  14.840  43.483 0.0000000000
88966  55.023  15.332  40.315 0.0000000000
88977  55.696  15.178  39.273 0.0000000000
89036  56.162  15.030  35.043 0.0000000000
115750  55.240  15.223  36.116 0.0000000000
115808  56.006  9.802  29.750 0.0000000000
115856  50.982  3.049  35.122 0.0000000000
116831  53.946  10.546  30.014 0.0000000000
119044  56.742  15.009  35.794 0.0000000000
120872  48.565  10.468  47.724 0.0000000000
122183  46.342  9.784  33.301 0.0000000000
123318  56.524  9.677  30.547 0.0000000000
128363  54.636  15.269  34.359 0.0000000000
131154  50.510  15.974  41.847 0.0000000000
131624  50.747  6.869  33.338 0.0000000000
133066  52.574  13.837  35.078 0.0000000000
