#!ascii label  , from subject sub-10 vox2ras=TkReg
759
47167  35.211  -29.940  93.481 0.0000000000
62397  51.425  -15.593  73.342 0.0000000000
66285  59.071  -11.424  72.820 0.0000000000
119140  53.779  -22.004  80.612 0.0000000000
45034  41.523  -32.308  87.474 0.0000000000
44062  39.877  -32.344  92.579 0.0000000000
64291  55.373  -12.420  73.628 0.0000000000
64217  53.317  -12.729  78.452 0.0000000000
133133  50.978  -25.935  82.682 0.0000000000
47211  46.153  -30.445  86.811 0.0000000000
68414  64.752  -8.763  63.095 0.0000000000
65290  61.217  -11.732  67.831 0.0000000000
115204  49.737  -20.890  77.503 0.0000000000
61301  50.249  -16.209  79.934 0.0000000000
46080  37.708  -31.291  90.566 0.0000000000
46039  37.213  -30.789  93.072 0.0000000000
63363  53.060  -14.312  73.172 0.0000000000
65189  54.771  -12.311  75.704 0.0000000000
128994  52.221  -13.262  76.037 0.0000000000
46204  52.165  -30.456  82.439 0.0000000000
45007  43.229  -31.968  89.783 0.0000000000
118193  43.524  -31.300  87.136 0.0000000000
44099  45.402  -32.338  88.650 0.0000000000
127398  63.072  -9.737  62.799 0.0000000000
67418  64.058  -10.928  64.694 0.0000000000
66389  62.373  -10.473  65.031 0.0000000000
64321  58.739  -12.361  70.566 0.0000000000
63403  59.526  -13.265  68.191 0.0000000000
66332  59.878  -11.493  70.012 0.0000000000
65260  61.566  -11.912  69.747 0.0000000000
65236  60.631  -12.127  71.461 0.0000000000
53501  52.327  -24.294  81.501 0.0000000000
54372  50.830  -23.091  80.770 0.0000000000
123931  51.578  -21.077  80.743 0.0000000000
58306  49.658  -18.592  78.757 0.0000000000
58274  51.848  -18.434  81.664 0.0000000000
60293  52.814  -16.684  81.246 0.0000000000
56254  53.552  -20.758  79.851 0.0000000000
46076  40.701  -32.387  90.006 0.0000000000
62419  56.536  -14.613  70.500 0.0000000000
66288  57.320  -11.860  73.314 0.0000000000
67288  56.421  -9.957  75.851 0.0000000000
117285  55.580  -13.007  77.072 0.0000000000
48261  49.271  -29.243  84.693 0.0000000000
48266  51.246  -28.511  84.275 0.0000000000
113432  53.351  -27.334  82.145 0.0000000000
49376  53.439  -26.025  80.502 0.0000000000
52656  53.368  -24.659  78.940 0.0000000000
47240  47.054  -31.087  84.681 0.0000000000
45049  49.125  -31.348  86.148 0.0000000000
67493  65.119  -9.803  61.566 0.0000000000
132905  60.894  -11.929  65.305 0.0000000000
66352  61.997  -11.141  67.043 0.0000000000
63401  61.966  -12.686  68.763 0.0000000000
128930  49.895  -14.818  76.350 0.0000000000
63263  51.609  -13.932  79.301 0.0000000000
61311  53.194  -15.487  79.197 0.0000000000
46027  35.795  -30.812  94.028 0.0000000000
46040  36.337  -30.567  93.359 0.0000000000
44972  36.569  -30.971  93.731 0.0000000000
62396  51.821  -15.140  73.041 0.0000000000
63338  52.987  -13.651  74.807 0.0000000000
62369  51.909  -15.193  74.745 0.0000000000
119047  44.162  -31.940  89.599 0.0000000000
66454  62.214  -10.664  62.838 0.0000000000
66418  62.654  -10.422  64.006 0.0000000000
66441  62.076  -10.770  63.720 0.0000000000
124532  58.611  -11.355  71.461 0.0000000000
65271  59.349  -11.978  70.166 0.0000000000
67339  59.401  -11.349  71.065 0.0000000000
66301  60.468  -11.730  71.324 0.0000000000
120016  52.632  -23.547  81.260 0.0000000000
54364  51.806  -22.466  82.184 0.0000000000
55260  52.451  -21.202  81.742 0.0000000000
57212  52.125  -19.853  81.524 0.0000000000
56239  53.128  -20.618  81.329 0.0000000000
57224  53.128  -19.290  81.051 0.0000000000
55272  53.664  -21.236  80.061 0.0000000000
46078  38.934  -32.326  90.475 0.0000000000
115075  40.118  -32.272  91.538 0.0000000000
132238  41.300  -32.186  90.929 0.0000000000
63373  54.971  -14.080  72.025 0.0000000000
127193  55.795  -14.814  70.748 0.0000000000
63372  55.780  -13.794  71.833 0.0000000000
64311  57.211  -13.060  72.248 0.0000000000
65240  56.206  -12.239  73.448 0.0000000000
66270  56.871  -11.629  74.501 0.0000000000
66271  56.242  -11.817  74.858 0.0000000000
123756  53.490  -12.444  76.975 0.0000000000
66205  54.990  -12.483  76.240 0.0000000000
64215  54.433  -12.781  77.219 0.0000000000
62320  54.809  -13.229  77.246 0.0000000000
63290  54.185  -13.127  78.115 0.0000000000
47225  50.441  -29.818  85.215 0.0000000000
48267  50.618  -28.726  84.389 0.0000000000
47236  51.382  -30.071  83.980 0.0000000000
47254  53.372  -29.536  82.313 0.0000000000
49342  53.359  -27.001  81.297 0.0000000000
123172  44.806  -30.658  87.000 0.0000000000
47220  45.717  -30.351  85.856 0.0000000000
129751  46.676  -29.869  85.992 0.0000000000
47217  48.302  -29.938  86.004 0.0000000000
46152  47.501  -30.948  86.476 0.0000000000
68438  63.293  -9.448  61.335 0.0000000000
67480  65.209  -8.955  62.621 0.0000000000
66367  63.575  -11.249  65.590 0.0000000000
64346  60.040  -12.701  67.763 0.0000000000
63422  59.587  -13.748  66.623 0.0000000000
64353  60.163  -12.842  66.790 0.0000000000
117292  60.623  -12.594  65.837 0.0000000000
65299  61.236  -11.622  66.857 0.0000000000
65311  61.607  -11.050  66.245 0.0000000000
66353  61.746  -11.453  67.778 0.0000000000
64328  61.430  -12.738  70.150 0.0000000000
127572  61.700  -12.220  69.440 0.0000000000
50404  50.619  -26.921  82.468 0.0000000000
114957  50.813  -25.965  81.468 0.0000000000
123375  51.148  -22.101  79.314 0.0000000000
53529  50.816  -23.763  78.862 0.0000000000
60315  49.951  -17.036  79.548 0.0000000000
60329  49.060  -17.503  77.382 0.0000000000
61323  49.497  -16.171  77.855 0.0000000000
61363  49.462  -15.805  76.129 0.0000000000
61340  49.580  -15.470  77.741 0.0000000000
63292  50.471  -14.495  77.377 0.0000000000
62292  51.206  -14.572  79.808 0.0000000000
59300  53.501  -18.106  80.268 0.0000000000
60314  53.503  -16.169  80.098 0.0000000000
59311  53.165  -17.438  79.067 0.0000000000
60342  53.082  -15.954  78.184 0.0000000000
46063  37.729  -30.805  92.118 0.0000000000
44982  39.022  -31.045  92.621 0.0000000000
43071  39.201  -32.900  92.713 0.0000000000
111643  37.614  -32.494  92.676 0.0000000000
63349  54.201  -13.347  73.362 0.0000000000
65207  54.705  -12.233  74.871 0.0000000000
64280  53.830  -12.633  74.447 0.0000000000
117352  53.086  -12.504  75.696 0.0000000000
64245  52.657  -12.552  76.985 0.0000000000
46115  42.616  -31.592  88.449 0.0000000000
118342  42.904  -31.623  87.147 0.0000000000
46114  43.529  -31.065  88.576 0.0000000000
45018  45.011  -30.952  89.121 0.0000000000
45016  46.065  -30.978  88.295 0.0000000000
45031  47.237  -31.865  86.783 0.0000000000
43111  45.823  -33.450  87.332 0.0000000000
67468  63.968  -9.279  63.030 0.0000000000
67445  64.282  -9.830  63.621 0.0000000000
124993  63.770  -9.765  63.376 0.0000000000
67420  63.148  -10.529  65.098 0.0000000000
67403  63.319  -10.853  65.610 0.0000000000
63395  58.157  -14.109  69.940 0.0000000000
63394  58.774  -13.610  69.491 0.0000000000
64329  59.692  -12.349  69.450 0.0000000000
65279  60.711  -11.772  68.878 0.0000000000
66342  61.022  -11.680  68.525 0.0000000000
115019  60.936  -11.484  70.095 0.0000000000
65251  61.217  -12.146  70.904 0.0000000000
52617  51.724  -25.087  81.923 0.0000000000
52627  51.231  -25.540  81.293 0.0000000000
53511  51.628  -23.301  81.419 0.0000000000
54371  50.792  -22.491  81.168 0.0000000000
55274  51.236  -21.425  79.497 0.0000000000
128378  50.115  -19.914  78.179 0.0000000000
57238  50.642  -19.522  79.676 0.0000000000
133018  50.726  -18.103  80.725 0.0000000000
60307  50.901  -16.819  81.158 0.0000000000
61284  51.493  -16.263  81.342 0.0000000000
59277  52.724  -17.533  81.553 0.0000000000
58287  53.398  -18.938  80.415 0.0000000000
57248  53.452  -20.323  79.758 0.0000000000
45021  38.190  -31.964  88.529 0.0000000000
46118  39.755  -32.356  88.767 0.0000000000
46117  40.883  -32.371  88.744 0.0000000000
44997  42.072  -32.008  89.967 0.0000000000
44082  41.987  -32.980  89.675 0.0000000000
63382  57.806  -13.727  70.711 0.0000000000
65252  58.113  -11.609  71.984 0.0000000000
66286  58.331  -11.350  72.652 0.0000000000
67296  57.858  -11.768  74.176 0.0000000000
66236  57.486  -11.713  75.092 0.0000000000
114462  56.889  -11.870  76.420 0.0000000000
110643  55.979  -10.673  75.893 0.0000000000
65169  56.008  -11.276  76.356 0.0000000000
47249  49.174  -29.887  83.255 0.0000000000
48268  49.969  -28.992  84.033 0.0000000000
49315  50.468  -28.156  83.954 0.0000000000
49328  51.501  -26.669  83.600 0.0000000000
47247  52.860  -29.709  82.945 0.0000000000
111376  52.871  -28.347  83.321 0.0000000000
50402  52.398  -26.645  83.299 0.0000000000
51524  53.108  -25.671  82.340 0.0000000000
51540  54.005  -25.304  81.128 0.0000000000
53516  53.806  -24.582  80.028 0.0000000000
53526  53.592  -23.432  79.648 0.0000000000
118668  53.619  -25.492  80.083 0.0000000000
47238  48.582  -29.554  84.875 0.0000000000
47216  49.100  -29.903  86.085 0.0000000000
45068  49.779  -31.734  85.507 0.0000000000
44116  48.440  -32.579  86.121 0.0000000000
44129  49.461  -32.751  85.222 0.0000000000
67500  64.315  -9.620  60.564 0.0000000000
65332  61.566  -11.229  64.292 0.0000000000
66390  61.981  -10.600  65.655 0.0000000000
121100  62.206  -10.806  66.410 0.0000000000
127864  62.550  -11.352  66.737 0.0000000000
66341  61.716  -11.643  68.447 0.0000000000
65278  62.403  -11.878  68.116 0.0000000000
64335  62.589  -12.158  67.381 0.0000000000
52641  51.003  -25.094  79.755 0.0000000000
114409  50.112  -16.338  74.977 0.0000000000
62370  50.985  -15.269  75.187 0.0000000000
63320  51.096  -14.624  75.926 0.0000000000
64233  51.596  -13.301  77.613 0.0000000000
64204  52.473  -13.061  78.930 0.0000000000
62278  52.051  -14.486  80.824 0.0000000000
62290  52.928  -13.740  80.021 0.0000000000
115363  53.012  -13.689  79.425 0.0000000000
62322  53.281  -14.432  78.234 0.0000000000
54383  53.644  -22.176  79.694 0.0000000000
116291  53.572  -21.697  79.427 0.0000000000
46041  35.669  -30.118  93.800 0.0000000000
46028  35.011  -30.614  94.233 0.0000000000
47156  34.933  -29.927  94.111 0.0000000000
47166  35.820  -30.030  93.289 0.0000000000
131477  36.117  -30.586  93.808 0.0000000000
62382  51.854  -15.204  73.815 0.0000000000
129839  61.582  -11.249  63.701 0.0000000000
66304  58.610  -11.276  71.981 0.0000000000
66303  58.912  -11.263  71.245 0.0000000000
67330  59.090  -11.262  71.807 0.0000000000
66302  59.695  -11.588  71.783 0.0000000000
66284  59.513  -11.759  72.440 0.0000000000
53508  53.265  -22.836  81.006 0.0000000000
54362  52.573  -22.706  81.711 0.0000000000
55258  53.319  -22.028  81.477 0.0000000000
55259  53.206  -21.351  81.501 0.0000000000
126923  53.650  -21.369  81.122 0.0000000000
55266  53.596  -20.926  81.062 0.0000000000
54376  53.775  -21.966  80.073 0.0000000000
128274  39.532  -31.368  92.140 0.0000000000
46061  39.625  -32.213  91.412 0.0000000000
44980  40.117  -31.897  92.107 0.0000000000
121618  40.279  -32.955  92.239 0.0000000000
63360  55.422  -13.480  72.564 0.0000000000
64312  56.305  -13.258  72.424 0.0000000000
64301  55.799  -12.773  73.019 0.0000000000
65223  55.806  -12.112  74.137 0.0000000000
65147  53.495  -12.494  77.323 0.0000000000
65146  54.190  -12.604  77.073 0.0000000000
64216  53.920  -12.753  78.023 0.0000000000
63273  53.797  -12.890  78.393 0.0000000000
46166  50.997  -31.088  84.815 0.0000000000
47224  51.027  -30.308  84.707 0.0000000000
46181  51.412  -30.778  84.247 0.0000000000
46154  45.611  -30.475  87.010 0.0000000000
46155  45.335  -30.509  86.342 0.0000000000
47219  46.082  -29.989  86.223 0.0000000000
47230  46.206  -30.116  85.710 0.0000000000
47218  46.724  -29.975  86.234 0.0000000000
46153  46.706  -30.592  86.592 0.0000000000
68425  63.939  -9.324  62.373 0.0000000000
68437  63.869  -9.410  61.380 0.0000000000
68424  64.611  -9.136  62.333 0.0000000000
69415  64.941  -9.050  62.297 0.0000000000
69392  64.966  -8.590  62.916 0.0000000000
64337  60.510  -12.167  68.288 0.0000000000
64345  60.678  -12.197  67.359 0.0000000000
64352  60.772  -12.186  66.579 0.0000000000
64327  61.671  -12.490  69.480 0.0000000000
51528  50.783  -26.368  82.419 0.0000000000
50419  50.534  -26.577  81.765 0.0000000000
55279  50.713  -21.391  78.630 0.0000000000
55280  49.987  -21.513  77.966 0.0000000000
60327  49.916  -16.504  78.726 0.0000000000
61322  49.987  -15.701  78.439 0.0000000000
62306  50.202  -15.009  78.226 0.0000000000
61300  50.797  -15.335  80.228 0.0000000000
58305  53.406  -18.340  79.600 0.0000000000
112699  53.469  -17.274  79.930 0.0000000000
58319  53.048  -18.255  78.709 0.0000000000
46051  37.051  -30.681  92.848 0.0000000000
129811  37.806  -30.805  92.773 0.0000000000
46050  38.482  -30.872  92.449 0.0000000000
46038  37.965  -30.905  92.281 0.0000000000
44971  38.141  -31.851  92.226 0.0000000000
114717  37.199  -31.708  92.740 0.0000000000
62408  53.112  -15.203  72.138 0.0000000000
61412  53.362  -15.737  71.564 0.0000000000
62394  53.445  -14.673  72.546 0.0000000000
62393  54.241  -14.432  72.332 0.0000000000
63362  53.840  -14.017  72.969 0.0000000000
129173  53.778  -13.017  73.831 0.0000000000
116076  53.528  -13.720  73.649 0.0000000000
64282  52.597  -13.227  75.487 0.0000000000
64261  52.554  -12.699  76.155 0.0000000000
124639  53.109  -12.395  76.478 0.0000000000
123765  42.964  -31.399  89.234 0.0000000000
46092  43.544  -31.497  89.474 0.0000000000
44090  44.853  -32.122  89.290 0.0000000000
45005  44.826  -31.436  89.273 0.0000000000
45017  45.473  -31.348  88.898 0.0000000000
46112  45.397  -30.875  88.535 0.0000000000
44098  46.131  -31.668  88.229 0.0000000000
44107  46.323  -32.630  87.495 0.0000000000
66453  62.739  -10.098  62.456 0.0000000000
67482  63.183  -9.616  62.118 0.0000000000
67481  63.449  -9.499  62.781 0.0000000000
67469  63.234  -9.841  63.180 0.0000000000
67447  62.788  -10.397  64.401 0.0000000000
67421  62.673  -10.448  65.080 0.0000000000
67404  62.653  -10.650  65.756 0.0000000000
64331  58.393  -13.200  70.228 0.0000000000
65262  59.426  -11.548  70.418 0.0000000000
65270  59.838  -11.706  69.794 0.0000000000
65280  60.188  -12.144  69.058 0.0000000000
65269  60.252  -11.667  69.518 0.0000000000
66331  60.603  -11.585  69.562 0.0000000000
66317  60.128  -11.456  70.399 0.0000000000
121554  60.937  -11.891  71.124 0.0000000000
115466  61.288  -12.449  70.687 0.0000000000
64308  60.844  -12.513  71.179 0.0000000000
52616  52.139  -24.982  82.097 0.0000000000
53503  51.833  -24.355  81.297 0.0000000000
53502  52.001  -24.300  81.462 0.0000000000
128574  51.630  -22.026  82.219 0.0000000000
54365  51.263  -22.507  81.699 0.0000000000
55268  51.332  -21.807  81.372 0.0000000000
55273  51.261  -21.747  80.466 0.0000000000
56251  51.267  -20.596  80.022 0.0000000000
58256  52.193  -19.075  81.756 0.0000000000
57225  51.777  -19.466  81.340 0.0000000000
59289  50.537  -17.479  80.682 0.0000000000
59279  51.242  -17.699  81.306 0.0000000000
60295  51.582  -17.019  81.465 0.0000000000
58273  52.495  -18.296  81.782 0.0000000000
56250  53.580  -20.579  80.130 0.0000000000
58272  53.257  -18.861  80.857 0.0000000000
57237  53.514  -19.877  80.046 0.0000000000
58304  53.507  -18.923  80.025 0.0000000000
46098  37.444  -31.498  89.796 0.0000000000
46119  37.434  -31.814  89.208 0.0000000000
46097  38.040  -31.740  89.964 0.0000000000
119725  39.750  -32.573  89.934 0.0000000000
46096  39.221  -32.482  89.512 0.0000000000
46095  40.323  -32.390  89.272 0.0000000000
46094  41.149  -32.040  88.939 0.0000000000
46075  41.790  -32.022  89.721 0.0000000000
63383  57.000  -13.971  70.952 0.0000000000
65253  57.549  -12.167  72.532 0.0000000000
64310  57.862  -12.461  71.754 0.0000000000
65238  57.755  -11.677  72.639 0.0000000000
66305  58.186  -11.384  72.203 0.0000000000
66287  57.882  -11.491  72.840 0.0000000000
67321  57.920  -11.482  73.125 0.0000000000
66269  57.543  -11.714  73.673 0.0000000000
67298  56.661  -10.768  75.613 0.0000000000
67297  57.173  -11.377  74.921 0.0000000000
66237  56.839  -10.959  75.500 0.0000000000
65168  56.809  -11.252  76.119 0.0000000000
66257  55.525  -11.791  75.642 0.0000000000
66240  55.570  -11.742  75.783 0.0000000000
65145  55.349  -12.391  76.542 0.0000000000
66219  55.649  -11.530  76.123 0.0000000000
129219  55.839  -11.955  76.666 0.0000000000
64244  56.627  -12.526  76.779 0.0000000000
63289  56.253  -12.825  76.921 0.0000000000
48269  49.278  -29.514  84.166 0.0000000000
48274  50.013  -29.232  83.337 0.0000000000
114426  50.884  -27.961  84.290 0.0000000000
50389  50.879  -27.255  83.869 0.0000000000
49314  51.409  -27.639  84.110 0.0000000000
46193  52.114  -30.320  83.103 0.0000000000
46192  52.762  -29.921  82.536 0.0000000000
48276  53.840  -29.051  82.090 0.0000000000
48273  53.383  -29.162  82.778 0.0000000000
49326  52.972  -27.433  83.047 0.0000000000
119980  52.590  -26.026  82.906 0.0000000000
50401  53.046  -26.561  82.684 0.0000000000
125209  53.356  -26.437  80.781 0.0000000000
50417  53.601  -25.937  81.107 0.0000000000
51553  53.863  -25.466  80.692 0.0000000000
52634  54.050  -24.947  80.674 0.0000000000
51552  53.948  -25.109  80.379 0.0000000000
50439  53.673  -25.585  80.367 0.0000000000
45051  42.604  -31.908  86.619 0.0000000000
46157  43.414  -31.696  86.399 0.0000000000
47241  46.160  -31.249  84.474 0.0000000000
113883  46.737  -31.097  83.729 0.0000000000
110883  47.673  -30.770  83.948 0.0000000000
110624  48.508  -30.156  84.078 0.0000000000
47239  48.038  -30.712  84.961 0.0000000000
46151  48.269  -30.271  86.153 0.0000000000
46150  48.866  -30.519  86.265 0.0000000000
46168  49.544  -30.616  86.053 0.0000000000
43134  49.472  -33.002  84.630 0.0000000000
68436  64.973  -9.217  62.098 0.0000000000
66462  64.936  -10.294  61.470 0.0000000000
114430  64.327  -10.506  63.991 0.0000000000
63404  59.012  -13.844  68.644 0.0000000000
62455  58.686  -14.756  67.557 0.0000000000
63413  59.189  -14.018  67.652 0.0000000000
64365  60.641  -12.611  64.894 0.0000000000
65327  60.957  -11.807  64.556 0.0000000000
65326  61.455  -11.192  65.294 0.0000000000
66369  62.011  -10.758  66.384 0.0000000000
66350  62.653  -10.979  66.341 0.0000000000
66351  62.195  -11.257  67.121 0.0000000000
66330  61.242  -11.650  69.298 0.0000000000
66329  61.682  -11.807  69.106 0.0000000000
113025  62.058  -12.244  68.859 0.0000000000
64336  62.385  -12.392  68.145 0.0000000000
53519  51.402  -24.208  80.459 0.0000000000
52635  51.220  -25.147  80.266 0.0000000000
53523  51.354  -23.994  80.152 0.0000000000
57250  50.100  -19.357  78.873 0.0000000000
60345  48.866  -17.464  77.033 0.0000000000
62351  49.596  -14.998  76.251 0.0000000000
61382  49.729  -16.005  75.573 0.0000000000
62350  49.749  -15.138  75.820 0.0000000000
62371  50.216  -15.564  75.381 0.0000000000
62349  50.270  -14.961  75.696 0.0000000000
63321  50.120  -14.720  76.084 0.0000000000
63276  51.229  -13.713  78.470 0.0000000000
115212  50.969  -13.699  77.850 0.0000000000
64220  51.706  -13.187  78.184 0.0000000000
64219  52.333  -12.817  78.464 0.0000000000
63275  51.927  -13.266  78.871 0.0000000000
61283  52.249  -15.955  81.318 0.0000000000
61299  51.546  -15.267  81.135 0.0000000000
60306  52.833  -15.899  80.998 0.0000000000
125448  53.350  -15.123  79.894 0.0000000000
62277  52.744  -14.460  80.476 0.0000000000
62276  53.193  -14.376  80.031 0.0000000000
63261  52.851  -13.439  79.369 0.0000000000
113067  53.095  -14.409  79.182 0.0000000000
62304  53.416  -13.487  78.640 0.0000000000
61321  53.010  -15.054  78.428 0.0000000000
60343  52.767  -16.728  77.659 0.0000000000
53527  53.549  -23.904  78.772 0.0000000000
54382  53.639  -22.657  79.748 0.0000000000
53538  53.438  -23.826  78.709 0.0000000000
46052  36.164  -30.360  92.805 0.0000000000
61401  52.556  -15.631  72.016 0.0000000000
62395  52.559  -14.965  72.672 0.0000000000
63350  52.960  -14.213  74.140 0.0000000000
62381  52.414  -14.780  73.508 0.0000000000
63339  52.535  -14.406  75.072 0.0000000000
63319  52.066  -14.080  75.806 0.0000000000
44080  43.662  -32.467  89.687 0.0000000000
44091  44.145  -32.721  89.528 0.0000000000
43102  44.554  -32.965  88.826 0.0000000000
66440  62.691  -10.203  63.187 0.0000000000
65264  58.420  -11.894  71.252 0.0000000000
65263  58.941  -11.565  70.789 0.0000000000
66319  59.003  -11.321  70.872 0.0000000000
66318  59.362  -11.482  70.627 0.0000000000
67338  59.996  -11.481  71.108 0.0000000000
66283  60.261  -11.939  71.770 0.0000000000
53509  52.118  -23.416  81.529 0.0000000000
54363  52.059  -22.522  82.276 0.0000000000
117121  52.010  -21.988  82.543 0.0000000000
55261  51.894  -21.478  81.941 0.0000000000
55267  51.964  -20.711  81.266 0.0000000000
56240  52.174  -20.583  81.511 0.0000000000
133087  52.569  -20.370  81.428 0.0000000000
57210  52.917  -19.812  81.297 0.0000000000
58255  52.689  -18.995  81.523 0.0000000000
56244  53.278  -20.095  80.977 0.0000000000
56243  53.631  -20.714  80.377 0.0000000000
128495  38.499  -32.110  90.008 0.0000000000
112736  39.219  -31.293  91.457 0.0000000000
46077  39.616  -32.542  90.731 0.0000000000
46060  40.376  -32.459  90.843 0.0000000000
44998  41.408  -32.188  90.357 0.0000000000
44988  40.989  -32.202  90.923 0.0000000000
62406  54.615  -14.852  71.566 0.0000000000
62405  55.396  -14.454  71.389 0.0000000000
63384  56.062  -14.001  70.993 0.0000000000
63371  56.684  -13.633  71.674 0.0000000000
64300  56.728  -12.568  72.890 0.0000000000
65239  57.050  -12.174  73.102 0.0000000000
65222  56.555  -11.996  73.822 0.0000000000
128117  56.454  -11.268  75.476 0.0000000000
66221  54.161  -12.494  76.499 0.0000000000
66220  55.147  -12.254  76.001 0.0000000000
66206  54.180  -12.524  76.628 0.0000000000
64230  55.394  -12.879  76.882 0.0000000000
64231  54.541  -12.938  77.594 0.0000000000
62321  54.049  -13.797  77.936 0.0000000000
129802  49.536  -29.202  85.015 0.0000000000
48260  50.022  -29.036  84.387 0.0000000000
48259  50.207  -29.283  84.864 0.0000000000
47237  50.944  -29.452  84.477 0.0000000000
124445  51.715  -29.279  83.914 0.0000000000
46217  52.862  -29.884  82.024 0.0000000000
113288  53.431  -28.102  81.686 0.0000000000
49356  53.210  -27.482  81.174 0.0000000000
46156  44.074  -31.056  86.707 0.0000000000
129069  44.622  -30.836  86.286 0.0000000000
46182  44.832  -31.221  84.846 0.0000000000
47231  45.648  -31.074  85.249 0.0000000000
127565  46.432  -31.010  85.221 0.0000000000
47229  47.155  -30.709  85.539 0.0000000000
132332  47.834  -30.628  85.601 0.0000000000
47228  47.516  -30.238  86.195 0.0000000000
125501  47.427  -30.110  86.200 0.0000000000
45050  48.398  -31.118  86.341 0.0000000000
69416  64.102  -9.318  61.106 0.0000000000
119628  65.111  -9.501  62.111 0.0000000000
67402  63.822  -10.948  65.135 0.0000000000
124772  59.674  -13.302  67.391 0.0000000000
125092  59.993  -13.216  66.024 0.0000000000
65312  61.075  -11.693  66.036 0.0000000000
65289  61.743  -11.255  67.006 0.0000000000
120183  61.936  -11.393  67.759 0.0000000000
64320  61.503  -12.256  70.191 0.0000000000
54378  51.097  -22.831  80.122 0.0000000000
53528  51.186  -23.845  79.618 0.0000000000
54384  51.076  -22.844  79.153 0.0000000000
54385  50.504  -22.858  78.386 0.0000000000
59301  49.799  -17.901  79.339 0.0000000000
59302  49.451  -17.998  78.345 0.0000000000
60316  49.671  -17.360  78.587 0.0000000000
60328  49.524  -17.009  77.850 0.0000000000
60356  49.232  -16.799  76.981 0.0000000000
61350  49.308  -16.300  76.666 0.0000000000
61341  49.313  -15.982  77.249 0.0000000000
62324  49.489  -15.370  77.271 0.0000000000
62337  49.831  -15.002  76.874 0.0000000000
63307  50.412  -14.647  76.669 0.0000000000
62323  49.961  -15.002  77.589 0.0000000000
62305  50.938  -14.479  78.774 0.0000000000
59288  53.449  -17.258  80.518 0.0000000000
60292  53.209  -16.497  80.698 0.0000000000
60326  53.202  -16.482  79.209 0.0000000000
116913  52.983  -16.814  78.444 0.0000000000
111010  37.194  -30.950  91.198 0.0000000000
127480  37.989  -30.975  91.286 0.0000000000
46062  38.641  -30.842  91.704 0.0000000000
46049  39.102  -30.897  92.163 0.0000000000
44050  39.159  -31.961  92.768 0.0000000000
43056  38.314  -32.871  92.716 0.0000000000
63361  54.635  -13.768  72.768 0.0000000000
63348  54.941  -12.977  73.122 0.0000000000
65224  55.096  -12.151  74.214 0.0000000000
114803  54.496  -12.576  73.868 0.0000000000
65208  53.839  -12.394  75.288 0.0000000000
64292  53.366  -13.287  74.252 0.0000000000
64281  53.252  -12.892  74.963 0.0000000000
65190  53.815  -12.381  76.069 0.0000000000
65170  53.665  -12.430  76.621 0.0000000000
119220  53.071  -12.422  76.902 0.0000000000
65128  53.116  -12.512  78.034 0.0000000000
45084  51.264  -31.350  84.173 0.0000000000
46138  42.031  -31.939  87.981 0.0000000000
45033  42.209  -31.837  87.232 0.0000000000
131785  42.564  -31.654  87.708 0.0000000000
46137  43.192  -31.358  87.775 0.0000000000
46136  44.097  -30.916  87.688 0.0000000000
45006  44.348  -31.180  89.287 0.0000000000
46113  44.508  -30.854  88.679 0.0000000000
46135  45.093  -30.643  87.852 0.0000000000
46134  45.825  -30.675  87.745 0.0000000000
46133  46.282  -30.844  87.461 0.0000000000
46132  46.712  -31.219  87.063 0.0000000000
45032  46.631  -31.792  87.442 0.0000000000
43120  46.502  -33.501  86.890 0.0000000000
68394  64.932  -8.854  63.416 0.0000000000
67467  64.459  -9.155  63.267 0.0000000000
121742  63.128  -10.199  63.731 0.0000000000
67446  63.341  -10.337  64.164 0.0000000000
67419  63.785  -10.620  64.593 0.0000000000
66349  63.090  -11.244  66.218 0.0000000000
62430  58.468  -14.414  69.125 0.0000000000
64339  59.403  -13.125  69.106 0.0000000000
64330  59.143  -12.823  69.879 0.0000000000
64338  59.916  -12.613  68.650 0.0000000000
66315  61.306  -11.680  69.926 0.0000000000
66316  60.843  -11.596  70.661 0.0000000000
65261  61.338  -11.880  70.524 0.0000000000
122400  51.335  -25.646  82.352 0.0000000000
51527  51.099  -25.899  81.987 0.0000000000
52618  51.469  -25.283  81.566 0.0000000000
53512  51.546  -24.550  80.920 0.0000000000
53518  51.042  -23.237  81.079 0.0000000000
121632  51.255  -22.130  80.060 0.0000000000
56256  50.209  -20.705  77.973 0.0000000000
56255  50.654  -20.419  78.917 0.0000000000
58290  50.088  -18.677  79.550 0.0000000000
123661  51.160  -19.519  80.557 0.0000000000
58289  50.648  -18.737  80.276 0.0000000000
129803  50.205  -18.046  80.154 0.0000000000
60308  50.344  -16.803  80.432 0.0000000000
122562  50.776  -16.022  80.895 0.0000000000
60294  52.176  -16.843  81.467 0.0000000000
59276  53.212  -17.410  81.105 0.0000000000
115725  53.061  -18.312  81.358 0.0000000000
58288  53.369  -18.106  80.830 0.0000000000
45035  40.660  -32.729  87.770 0.0000000000
45019  40.236  -32.463  88.376 0.0000000000
46139  41.296  -32.461  88.271 0.0000000000
46116  41.818  -32.142  88.642 0.0000000000
46093  42.230  -31.880  89.004 0.0000000000
45008  42.722  -31.754  89.712 0.0000000000
44987  41.599  -32.284  90.309 0.0000000000
44996  42.212  -32.120  89.950 0.0000000000
44081  42.711  -32.503  89.576 0.0000000000
64322  58.070  -12.769  70.929 0.0000000000
64323  57.460  -13.289  71.360 0.0000000000
67320  58.809  -11.321  72.629 0.0000000000
66268  58.960  -11.610  73.225 0.0000000000
67306  58.802  -11.469  73.095 0.0000000000
66254  58.581  -11.791  73.607 0.0000000000
66255  58.253  -12.079  74.240 0.0000000000
67309  56.819  -11.377  74.720 0.0000000000
67286  57.281  -11.390  74.958 0.0000000000
65206  55.563  -12.062  74.984 0.0000000000
66256  55.996  -11.315  75.675 0.0000000000
67289  55.914  -10.000  75.893 0.0000000000
66239  55.955  -10.651  75.933 0.0000000000
126364  56.227  -10.228  76.273 0.0000000000
131880  56.560  -11.215  76.366 0.0000000000
47248  49.843  -29.539  82.380 0.0000000000
49330  50.385  -28.205  83.356 0.0000000000
130251  50.551  -27.528  82.731 0.0000000000
49329  50.647  -27.203  83.174 0.0000000000
50403  50.909  -26.425  83.239 0.0000000000
45083  51.525  -30.896  83.684 0.0000000000
47235  52.119  -29.897  83.498 0.0000000000
48265  52.645  -29.212  83.465 0.0000000000
49313  52.047  -28.405  83.902 0.0000000000
49327  52.217  -27.479  83.689 0.0000000000
126074  51.312  -25.908  83.051 0.0000000000
51526  51.753  -25.545  82.576 0.0000000000
51525  52.371  -25.512  82.605 0.0000000000
52615  52.788  -24.928  82.145 0.0000000000
50418  53.425  -26.401  81.800 0.0000000000
51541  53.616  -25.693  81.581 0.0000000000
124364  53.048  -24.375  81.381 0.0000000000
52625  53.821  -24.637  81.051 0.0000000000
126527  53.142  -23.748  80.839 0.0000000000
54370  53.636  -23.067  80.161 0.0000000000
54375  53.673  -22.948  79.896 0.0000000000
53522  53.907  -23.857  80.245 0.0000000000
52647  53.639  -24.221  79.775 0.0000000000
51574  53.610  -25.064  79.721 0.0000000000
50453  53.176  -26.064  79.809 0.0000000000
51575  53.491  -25.533  79.797 0.0000000000
45052  41.811  -32.159  86.459 0.0000000000
45069  43.493  -31.806  85.379 0.0000000000
47250  48.172  -30.194  83.125 0.0000000000
114348  48.254  -30.080  85.535 0.0000000000
47227  48.900  -29.518  85.451 0.0000000000
115401  49.937  -30.038  85.878 0.0000000000
46167  50.239  -30.926  85.402 0.0000000000
45067  50.469  -31.616  84.970 0.0000000000
119247  48.027  -31.864  86.503 0.0000000000
131741  48.661  -31.849  86.266 0.0000000000
131155  48.907  -32.849  85.629 0.0000000000
44115  49.126  -32.253  85.885 0.0000000000
47168  34.394  -29.925  93.666 0.0000000000
66419  62.024  -10.612  64.757 0.0000000000
66368  62.245  -10.572  65.765 0.0000000000
65276  62.744  -11.604  66.692 0.0000000000
65268  62.077  -12.013  69.086 0.0000000000
66340  62.131  -11.611  68.181 0.0000000000
66339  62.400  -11.563  67.385 0.0000000000
65277  62.600  -11.852  67.205 0.0000000000
64344  62.522  -12.728  67.292 0.0000000000
61403  51.062  -16.148  72.831 0.0000000000
52628  51.228  -25.297  80.747 0.0000000000
116207  50.737  -25.715  80.810 0.0000000000
60370  49.360  -16.709  75.613 0.0000000000
61392  50.362  -16.539  74.107 0.0000000000
61391  51.015  -16.193  73.725 0.0000000000
62383  51.361  -15.636  74.238 0.0000000000
63340  51.735  -14.798  75.435 0.0000000000
64263  51.718  -13.846  76.355 0.0000000000
63291  51.045  -14.042  77.200 0.0000000000
64247  51.604  -13.524  77.015 0.0000000000
64262  52.205  -13.115  76.666 0.0000000000
64246  52.186  -12.994  77.393 0.0000000000
65129  52.639  -12.577  78.071 0.0000000000
64218  52.814  -12.682  78.537 0.0000000000
62279  51.493  -14.679  80.560 0.0000000000
62291  51.827  -14.092  80.229 0.0000000000
61297  53.139  -15.361  80.450 0.0000000000
124848  52.131  -13.563  79.620 0.0000000000
63262  52.720  -13.505  79.527 0.0000000000
64203  52.897  -13.078  78.910 0.0000000000
63274  53.135  -13.125  78.849 0.0000000000
61339  53.055  -15.210  77.652 0.0000000000
55271  53.690  -22.033  79.841 0.0000000000
55278  53.637  -21.422  79.922 0.0000000000
53546  53.548  -23.265  78.701 0.0000000000
54391  53.543  -22.463  78.910 0.0000000000
56261  53.529  -20.997  79.742 0.0000000000
44061  40.401  -32.403  92.091 0.0000000000
44981  39.496  -31.630  92.456 0.0000000000
46180  51.657  -30.430  83.657 0.0000000000
47226  49.654  -29.633  85.485 0.0000000000
50429  53.634  -25.748  80.660 0.0000000000
50452  53.467  -25.795  80.090 0.0000000000
51563  53.827  -25.098  80.209 0.0000000000
52626  53.535  -25.064  81.717 0.0000000000
52640  53.985  -24.597  80.110 0.0000000000
52648  53.585  -24.431  79.573 0.0000000000
53510  51.945  -23.210  81.595 0.0000000000
53517  53.657  -24.087  80.131 0.0000000000
53537  53.545  -22.967  79.274 0.0000000000
54369  53.687  -23.774  80.165 0.0000000000
54377  50.862  -22.395  80.647 0.0000000000
55265  53.760  -21.321  80.379 0.0000000000
56245  51.547  -20.255  80.822 0.0000000000
57211  52.350  -19.713  81.517 0.0000000000
57223  53.418  -19.838  80.494 0.0000000000
58275  51.208  -18.632  81.057 0.0000000000
59278  52.052  -17.616  81.708 0.0000000000
59290  50.058  -17.461  80.100 0.0000000000
60344  49.304  -16.850  77.318 0.0000000000
61298  52.408  -15.099  81.086 0.0000000000
61312  50.302  -15.824  79.258 0.0000000000
61351  49.277  -16.656  76.184 0.0000000000
62293  50.665  -15.228  79.048 0.0000000000
62338  49.407  -15.455  76.740 0.0000000000
62384  50.732  -15.979  74.640 0.0000000000
63251  52.414  -13.925  80.191 0.0000000000
63277  50.538  -14.327  78.041 0.0000000000
63306  51.060  -14.351  76.557 0.0000000000
63351  52.385  -14.852  74.275 0.0000000000
64232  52.177  -12.844  77.925 0.0000000000
65127  53.749  -12.651  77.871 0.0000000000
65148  52.960  -12.452  77.464 0.0000000000
65149  52.531  -12.625  77.610 0.0000000000
66218  56.422  -10.700  76.313 0.0000000000
66238  56.744  -10.112  76.183 0.0000000000
66241  54.683  -12.425  76.006 0.0000000000
67287  56.743  -10.443  75.717 0.0000000000
67307  58.388  -11.545  73.298 0.0000000000
67308  57.778  -11.728  74.061 0.0000000000
67319  59.203  -11.404  72.381 0.0000000000
68423  65.110  -8.697  62.827 0.0000000000
112665  52.574  -21.973  82.167 0.0000000000
115564  53.420  -28.298  82.502 0.0000000000
116095  51.453  -15.583  72.822 0.0000000000
116317  56.326  -11.595  76.606 0.0000000000
117557  51.929  -25.957  83.123 0.0000000000
129952  56.050  -12.386  76.887 0.0000000000
130396  46.406  -31.201  87.853 0.0000000000
130426  49.336  -17.585  77.883 0.0000000000
130963  37.932  -31.785  89.284 0.0000000000
131374  55.156  -14.995  70.992 0.0000000000
132091  38.625  -32.070  89.098 0.0000000000
132779  59.459  -11.412  71.430 0.0000000000
132836  43.782  -31.027  89.142 0.0000000000
132908  50.565  -30.424  85.239 0.0000000000
133249  50.824  -22.106  80.957 0.0000000000
133353  42.376  -31.755  89.639 0.0000000000
