#!ascii label  , from subject sub-10 vox2ras=TkReg
785
8213  42.206  -76.006  14.050 0.3000000119
15165  37.806  -65.541  14.911 0.6000000238
18101  38.127  -61.912  15.039 0.6999999881
18925  38.343  -61.007  15.430 0.6999999881
8848  41.890  -75.190  13.917 0.4000000060
11331  39.064  -70.563  15.035 0.4000000060
8852  42.311  -74.208  13.588 0.5000000000
8216  43.176  -74.824  14.175 0.5000000000
15898  37.659  -64.284  14.695 0.6999999881
116812  37.626  -64.899  14.871 0.5000000000
17363  38.723  -62.498  14.376 0.6000000238
17364  37.854  -62.753  14.681 0.6000000238
18100  38.988  -61.688  14.515 0.6999999881
18909  38.409  -60.158  15.493 0.6999999881
8849  41.039  -74.321  14.215 0.5000000000
10669  39.994  -70.739  14.566 0.4000000060
121545  41.670  -74.476  13.859 0.6000000238
12773  38.817  -68.086  15.102 0.4000000060
10101  42.363  -72.704  13.572 0.6000000238
122457  38.376  -67.504  15.159 0.6000000238
14352  38.313  -66.170  14.933 0.6000000238
9449  42.711  -73.361  13.434 0.6000000238
16645  38.382  -63.991  14.387 0.6000000238
17367  38.507  -63.274  14.329 0.6000000238
18931  40.690  -61.199  14.049 0.6999999881
18932  39.819  -61.452  14.155 0.6999999881
18923  39.805  -60.650  14.143 0.6999999881
19804  39.387  -59.521  14.504 0.6999999881
19810  40.565  -60.305  14.057 0.6999999881
20666  40.167  -59.183  14.152 0.6999999881
21614  40.864  -58.740  13.858 0.6999999881
9451  40.809  -73.232  14.432 0.5000000000
10096  40.083  -72.478  14.781 0.5000000000
126048  39.503  -71.664  14.865 0.5000000000
121046  39.493  -68.727  14.941 0.4000000060
10102  41.665  -72.557  13.804 0.5000000000
12772  39.565  -67.926  14.646 0.5000000000
13559  38.949  -66.833  14.905 0.6000000238
10667  42.324  -72.145  13.980 0.6000000238
132551  42.131  -72.207  13.673 0.5000000000
11332  42.321  -69.957  14.535 0.5000000000
15897  38.859  -64.655  14.685 0.6999999881
15167  38.294  -64.717  14.562 0.6999999881
16643  39.188  -62.832  14.356 0.6000000238
18105  40.312  -61.747  14.229 0.6000000238
18106  39.549  -62.090  14.356 0.6000000238
114086  41.312  -60.725  14.143 0.6000000238
19809  41.472  -59.922  14.057 0.6999999881
21615  39.663  -58.080  14.097 0.6999999881
19802  42.226  -59.699  14.113 0.6000000238
21626  40.312  -57.668  13.666 0.6999999881
11330  39.793  -69.727  14.788 0.4000000060
133142  40.967  -72.303  14.230 0.5000000000
12776  40.330  -68.072  14.424 0.5000000000
110618  39.304  -67.499  14.772 0.6000000238
121568  41.400  -70.736  14.144 0.4000000060
14351  38.861  -66.160  14.960 0.6000000238
10671  41.727  -71.723  13.897 0.4000000060
12041  41.843  -68.979  14.330 0.4000000060
11333  42.063  -69.847  14.217 0.4000000060
12771  42.319  -68.448  14.654 0.4000000060
15164  38.582  -65.419  14.814 0.6999999881
133102  38.773  -64.223  14.454 0.6000000238
16639  39.425  -63.023  14.606 0.6000000238
127218  40.943  -61.584  14.409 0.6000000238
17366  39.869  -62.237  14.502 0.6000000238
18930  41.424  -61.146  14.612 0.6000000238
129379  40.118  -56.791  13.652 0.6999999881
21625  41.410  -58.255  13.543 0.6999999881
20676  42.069  -59.139  13.846 0.6000000238
12042  40.668  -68.876  14.482 0.4000000060
13563  40.785  -67.772  14.482 0.4000000060
12775  41.370  -68.250  14.389 0.4000000060
112338  39.004  -65.097  15.214 0.8000000119
12038  42.637  -68.948  14.792 0.5000000000
16640  39.169  -63.942  14.707 0.6000000238
17361  40.617  -61.931  14.653 0.5000000000
17362  40.047  -62.391  14.931 0.6000000238
22498  39.325  -56.971  14.140 0.6999999881
20664  42.531  -59.226  14.338 0.6000000238
19803  41.756  -60.401  14.536 0.6000000238
133080  40.809  -57.410  13.458 0.8000000119
20675  42.660  -59.106  13.797 0.6000000238
13558  40.026  -67.237  14.699 0.6000000238
13557  41.181  -67.596  14.775 0.5000000000
14339  40.950  -67.048  16.325 0.6999999881
13556  42.215  -67.947  14.932 0.4000000060
120861  39.115  -64.503  15.120 0.6999999881
16635  39.591  -63.175  15.166 0.6999999881
18099  40.597  -61.959  15.315 0.6000000238
18922  41.327  -61.166  15.458 0.6000000238
22510  40.182  -55.927  13.866 0.6000000238
129307  41.754  -57.711  13.377 0.6999999881
23373  41.972  -56.803  13.464 0.6999999881
20663  43.085  -58.914  13.986 0.6999999881
20682  43.094  -58.812  13.508 0.6999999881
22508  42.864  -58.051  13.060 0.6999999881
14344  40.430  -66.973  15.382 0.5000000000
14345  39.665  -66.338  15.638 0.6000000238
14350  39.490  -66.540  14.927 0.6000000238
14340  40.220  -66.445  16.522 0.6999999881
14346  39.190  -65.789  15.219 0.6999999881
13549  40.568  -66.802  17.433 0.6999999881
13548  41.465  -67.647  16.240 0.6999999881
16636  39.153  -63.891  15.650 0.6999999881
18087  40.273  -61.961  16.042 0.5000000000
17354  39.929  -62.446  15.687 0.6000000238
24222  40.390  -54.706  14.628 0.5000000000
19793  41.145  -60.573  15.832 0.6000000238
18086  40.745  -61.493  15.741 0.6000000238
24221  41.218  -54.765  14.273 0.6000000238
20665  42.129  -59.734  14.818 0.6000000238
128027  41.701  -60.818  15.151 0.6000000238
23363  42.791  -56.268  13.445 0.6000000238
24220  42.144  -55.003  13.840 0.5000000000
24219  42.719  -54.379  13.791 0.5000000000
21601  42.737  -58.531  14.837 0.6999999881
21600  43.433  -58.371  14.437 0.6999999881
21599  44.248  -58.104  14.163 0.6999999881
22507  43.723  -58.063  12.964 0.6999999881
23372  44.171  -56.613  13.175 0.5000000000
22505  44.980  -57.162  13.414 0.6000000238
15153  39.457  -65.852  16.513 0.6999999881
110892  40.079  -66.075  17.643 0.6999999881
15894  38.919  -64.591  16.184 0.6999999881
17355  39.179  -63.046  16.287 0.6999999881
25116  40.938  -54.104  14.916 0.4000000060
18908  40.599  -60.963  16.261 0.5000000000
25115  42.449  -53.459  14.505 0.4000000060
20652  42.109  -58.789  15.347 0.6000000238
20653  41.479  -59.158  15.850 0.6000000238
24231  43.191  -55.381  13.328 0.5000000000
132514  43.535  -54.707  13.192 0.5000000000
23371  45.170  -56.370  13.052 0.5000000000
24229  45.344  -55.552  12.802 0.4000000060
22486  43.529  -57.574  15.026 0.6000000238
22485  44.787  -57.343  14.434 0.6999999881
22484  45.240  -57.101  14.025 0.6000000238
23351  45.494  -56.302  14.320 0.5000000000
15150  39.309  -65.373  17.589 0.6000000238
15889  38.884  -64.592  17.551 0.6999999881
15154  39.011  -65.263  16.395 0.6999999881
15145  39.734  -65.612  18.716 0.6999999881
133183  39.291  -64.944  18.449 0.6999999881
16630  38.731  -63.661  17.117 0.6000000238
19785  40.049  -60.101  16.588 0.6000000238
18071  39.833  -61.390  16.670 0.5000000000
21592  41.259  -58.040  16.279 0.6000000238
20654  40.661  -59.508  16.357 0.6000000238
25126  44.368  -54.682  12.828 0.4000000060
25113  44.401  -53.798  12.950 0.5000000000
129586  43.916  -53.059  13.915 0.4000000060
22487  42.880  -57.809  15.234 0.6000000238
26052  45.412  -53.746  12.568 0.4000000060
23337  44.407  -56.593  15.265 0.6000000238
116448  45.104  -56.564  14.827 0.5000000000
118438  39.175  -63.554  19.263 0.6999999881
16625  38.774  -63.048  18.307 0.6000000238
17346  38.787  -62.607  17.438 0.6000000238
15880  39.317  -64.223  19.535 0.6999999881
18072  38.946  -61.720  17.511 0.5000000000
112398  39.896  -59.328  17.154 0.6000000238
18893  39.623  -60.627  17.151 0.6000000238
114330  42.052  -57.647  15.840 0.6000000238
23338  43.495  -56.566  15.532 0.6000000238
16623  39.044  -62.805  19.253 0.6999999881
17337  38.807  -62.155  18.548 0.6999999881
18894  39.185  -61.055  17.568 0.6000000238
18882  39.450  -59.720  17.831 0.5000000000
21586  39.773  -57.972  17.384 0.6000000238
22473  41.030  -56.819  16.622 0.6000000238
132293  41.743  -56.736  16.249 0.6000000238
24185  44.613  -55.676  15.677 0.5000000000
10661  41.496  -71.090  16.199 0.5000000000
12030  41.508  -69.218  16.258 0.5000000000
11322  41.098  -70.294  16.649 0.5000000000
134086  41.655  -69.733  15.943 0.5000000000
12760  41.078  -68.494  16.752 0.6999999881
12750  39.906  -68.301  18.502 0.6999999881
12019  40.650  -69.598  17.302 0.5000000000
12749  40.622  -67.724  17.434 0.6999999881
8212  42.871  -75.761  14.230 0.3000000119
18924  39.107  -60.860  14.686 0.6999999881
16641  37.707  -63.537  14.624 0.6000000238
116517  39.056  -60.107  14.776 0.6999999881
21616  38.682  -57.506  14.545 0.6999999881
124614  42.229  -67.933  15.367 0.6000000238
20683  42.625  -58.596  13.454 0.6999999881
23364  41.572  -55.591  13.777 0.6000000238
117295  43.741  -57.309  13.085 0.6999999881
21612  44.046  -58.169  13.329 0.6999999881
111884  41.773  -54.133  14.348 0.5000000000
23362  45.348  -56.502  13.521 0.5000000000
17345  39.432  -62.205  16.646 0.5000000000
124323  38.848  -63.817  18.210 0.6999999881
22472  42.525  -56.775  15.835 0.6000000238
21585  40.577  -58.464  16.702 0.6000000238
18061  38.771  -61.314  18.312 0.5000000000
12731  39.350  -68.508  19.862 0.6000000238
13496  40.485  -67.644  22.693 0.6000000238
14291  40.527  -66.605  23.301 0.4000000060
13507  39.054  -67.883  21.019 0.5000000000
13531  39.506  -67.842  19.269 0.6000000238
12774  37.419  -67.544  15.640 0.5000000000
15116  40.841  -66.025  23.567 0.4000000060
13560  37.945  -66.915  15.186 0.5000000000
114182  36.993  -65.977  15.423 0.5000000000
12721  39.668  -68.474  21.437 0.5000000000
15844  41.272  -64.854  24.163 0.4000000060
14353  37.444  -66.390  15.304 0.5000000000
15166  37.091  -65.317  15.377 0.5000000000
119722  39.632  -67.563  22.372 0.6000000238
13520  39.186  -67.833  20.182 0.5000000000
126657  39.924  -66.896  19.080 0.6000000238
16601  41.866  -63.626  23.949 0.4000000060
116832  42.599  -63.255  23.744 0.4000000060
13481  39.878  -67.068  23.103 0.4000000060
15896  35.922  -65.058  16.712 0.5000000000
13497  38.868  -67.238  21.666 0.5000000000
123098  36.606  -65.016  15.911 0.5000000000
16638  36.017  -63.996  16.997 0.5000000000
13521  38.824  -67.069  20.659 0.6000000238
14327  39.212  -66.426  20.068 0.6000000238
14334  40.190  -66.415  18.470 0.6000000238
17357  36.785  -62.617  16.467 0.5000000000
16631  36.252  -63.042  17.259 0.4000000060
14320  38.613  -66.532  21.328 0.5000000000
14328  38.825  -66.118  20.691 0.6000000238
15142  38.951  -65.168  20.640 0.6000000238
14331  39.774  -66.263  19.327 0.6000000238
15146  39.341  -64.638  20.003 0.6000000238
15879  39.415  -64.857  19.249 0.6000000238
15845  40.406  -64.896  24.279 0.4000000060
17295  41.163  -63.128  24.279 0.4000000060
18088  37.528  -61.331  16.087 0.5000000000
18089  36.865  -61.754  16.757 0.5000000000
17338  35.999  -61.795  18.101 0.4000000060
17356  37.432  -62.247  15.768 0.6000000238
17347  36.408  -62.146  17.517 0.4000000060
14310  38.589  -66.426  22.238 0.6000000238
15876  38.667  -64.661  21.324 0.6000000238
125912  39.154  -64.364  20.589 0.6000000238
17311  41.854  -62.775  23.770 0.4000000060
110809  37.500  -60.308  16.262 0.5000000000
18895  35.965  -60.628  17.404 0.4000000060
18896  34.969  -60.592  17.461 0.4000000060
15100  38.854  -64.989  23.949 0.6000000238
15099  39.619  -65.345  23.958 0.4000000060
15867  38.260  -64.298  22.932 0.6000000238
14292  39.132  -66.486  23.109 0.6000000238
119495  38.271  -64.961  22.231 0.5000000000
116373  38.547  -63.199  21.813 0.6000000238
15874  38.405  -64.055  21.989 0.5000000000
120076  39.353  -63.877  20.116 0.6000000238
17310  42.552  -62.428  23.439 0.4000000060
125413  40.480  -63.462  24.488 0.4000000060
119405  36.393  -60.105  16.744 0.5000000000
18911  35.361  -59.977  16.920 0.5000000000
119259  39.192  -63.865  24.457 0.4000000060
16589  40.028  -64.071  24.526 0.4000000060
16590  38.650  -63.717  24.126 0.5000000000
17318  38.349  -62.711  23.184 0.5000000000
130927  38.401  -62.813  22.423 0.5000000000
17331  38.814  -62.758  21.022 0.6000000238
132309  38.769  -62.354  20.331 0.6000000238
17334  38.871  -62.307  19.571 0.6000000238
132537  41.521  -61.440  23.892 0.4000000060
18025  41.865  -61.987  23.500 0.4000000060
133920  41.925  -61.352  23.396 0.4000000060
18034  42.656  -61.062  22.496 0.4000000060
20677  39.053  -58.422  14.575 0.6000000238
114429  40.874  -61.105  24.320 0.4000000060
18008  41.153  -62.143  24.171 0.4000000060
20655  36.834  -58.689  15.864 0.6000000238
20656  35.909  -58.317  15.768 0.5000000000
19796  34.744  -59.368  16.465 0.4000000060
17297  39.526  -62.455  24.589 0.4000000060
16602  38.369  -63.598  23.522 0.5000000000
17326  38.480  -62.430  21.802 0.5000000000
111306  38.376  -61.885  20.975 0.6000000238
112908  38.513  -61.669  20.012 0.6000000238
19726  42.478  -60.147  22.728 0.4000000060
21602  38.080  -57.822  14.906 0.6000000238
20668  37.674  -58.605  15.482 0.6000000238
20669  36.678  -58.014  15.300 0.5000000000
20657  34.256  -58.777  16.185 0.5000000000
18009  40.219  -61.824  24.584 0.4000000060
17298  38.855  -62.262  24.287 0.4000000060
117230  38.579  -62.916  23.946 0.5000000000
18035  38.351  -61.830  23.021 0.5000000000
18048  38.324  -61.068  20.535 0.5000000000
18846  42.887  -60.543  22.050 0.4000000060
21617  37.866  -57.195  14.771 0.6000000238
21603  37.152  -57.441  15.021 0.5000000000
20670  35.717  -57.769  15.496 0.5000000000
18026  38.509  -61.303  23.514 0.5000000000
18042  38.395  -61.623  22.060 0.4000000060
18854  38.391  -60.483  21.146 0.4000000060
18869  38.444  -60.827  19.618 0.4000000060
119533  38.698  -60.387  19.018 0.6000000238
18883  39.012  -60.522  18.219 0.4000000060
132244  43.065  -59.299  21.586 0.4000000060
117482  41.996  -60.117  23.399 0.4000000060
19710  41.344  -59.641  23.890 0.4000000060
130376  39.559  -56.217  14.076 0.5000000000
22489  36.572  -56.840  15.134 0.5000000000
21605  35.701  -56.973  15.436 0.4000000060
22488  37.404  -56.512  14.828 0.4000000060
127704  38.595  -60.667  23.271 0.5000000000
19727  38.615  -60.145  22.634 0.5000000000
113958  38.490  -59.928  21.744 0.6000000238
18861  38.394  -60.218  20.363 0.4000000060
19766  38.533  -59.910  19.589 0.4000000060
19779  38.907  -59.764  18.796 0.4000000060
20622  38.595  -58.360  20.886 0.5000000000
23366  39.414  -55.506  14.319 0.5000000000
23367  37.992  -55.709  14.578 0.6000000238
24224  38.611  -55.130  14.565 0.4000000060
21570  38.849  -58.298  19.215 0.5000000000
21554  38.912  -57.637  21.397 0.5000000000
19741  38.514  -59.078  21.459 0.5000000000
20631  38.710  -58.397  20.014 0.5000000000
115235  38.612  -59.066  19.405 0.5000000000
19709  41.942  -59.358  23.163 0.4000000060
23339  41.635  -55.919  16.656 0.5000000000
20639  39.474  -58.643  17.842 0.4000000060
21579  39.059  -58.192  18.539 0.5000000000
22451  39.108  -57.141  19.910 0.5000000000
21561  38.885  -57.679  20.463 0.5000000000
24207  40.077  -54.086  15.251 0.4000000060
23329  40.734  -55.860  17.361 0.4000000060
22459  40.248  -56.563  17.552 0.4000000060
119095  40.337  -57.456  17.019 0.5000000000
22466  39.696  -57.159  17.774 0.5000000000
21569  39.129  -57.508  19.059 0.5000000000
127346  39.476  -57.040  18.588 0.5000000000
129868  38.934  -57.783  19.742 0.5000000000
22450  39.442  -56.645  19.294 0.5000000000
111683  39.722  -55.928  19.006 0.4000000060
17365  37.175  -63.077  15.379 0.5000000000
15899  37.079  -64.613  15.323 0.6000000238
19805  38.501  -59.363  15.290 0.6000000238
133774  39.998  -55.210  14.321 0.5000000000
18054  38.713  -61.535  19.161 0.6000000238
110849  38.648  -60.928  18.853 0.4000000060
15895  36.524  -64.312  16.025 0.5000000000
16637  36.626  -63.486  16.179 0.5000000000
18910  36.793  -60.889  16.885 0.4000000060
18074  35.596  -61.225  17.958 0.4000000060
15118  38.385  -65.207  23.188 0.6000000238
17296  40.399  -62.707  24.551 0.4000000060
19794  37.692  -59.390  15.906 0.6000000238
127315  36.112  -58.868  16.108 0.5000000000
18912  34.275  -60.000  16.874 0.5000000000
18897  33.915  -60.737  17.128 0.5000000000
111862  37.538  -58.019  15.110 0.5000000000
123527  35.274  -58.778  16.114 0.5000000000
120075  38.336  -61.175  21.310 0.5000000000
117651  34.981  -58.205  15.919 0.5000000000
18825  38.789  -60.747  23.846 0.5000000000
22499  38.298  -56.625  14.516 0.6000000238
23320  40.090  -55.869  18.176 0.4000000060
7521  47.342  -76.753  19.740 0.3000000119
8771  47.287  -75.833  19.825 0.3000000119
8144  48.154  -76.075  19.875 0.3000000119
124275  46.547  -74.164  21.251 0.3000000119
8755  47.186  -74.849  20.372 0.3000000119
8754  47.514  -74.166  20.530 0.3000000119
9990  46.166  -72.975  21.863 0.3000000119
9370  46.742  -73.412  21.405 0.3000000119
10039  49.989  -73.303  20.642 0.3000000119
9378  48.887  -73.384  20.270 0.3000000119
10014  47.920  -72.373  20.743 0.3000000119
10015  46.837  -72.559  21.364 0.3000000119
111231  49.588  -73.257  20.363 0.3000000119
10619  50.409  -71.795  20.356 0.3000000119
10040  49.018  -72.183  20.433 0.3000000119
10621  47.998  -71.578  20.471 0.4000000060
113831  47.350  -71.157  19.866 0.4000000060
10633  46.498  -71.557  19.754 0.3000000119
11287  50.568  -70.314  18.966 0.3000000119
10630  50.100  -70.970  19.674 0.4000000060
10631  49.023  -70.831  19.533 0.4000000060
11280  48.051  -70.996  20.045 0.4000000060
11286  51.246  -70.187  19.265 0.3000000119
11295  51.915  -69.568  18.458 0.4000000060
10638  46.287  -72.044  18.963 0.3000000119
11296  51.159  -69.812  18.098 0.4000000060
111957  49.826  -70.494  18.844 0.3000000119
11298  49.261  -70.493  18.204 0.4000000060
12007  51.761  -69.409  17.370 0.4000000060
11299  48.509  -71.000  17.818 0.5000000000
11288  48.184  -70.845  19.146 0.4000000060
127236  43.149  -73.369  13.558 0.5000000000
12006  52.456  -69.078  17.863 0.4000000060
10632  47.354  -71.399  18.747 0.4000000060
7570  43.925  -75.690  14.740 0.3000000119
8840  44.027  -74.532  14.752 0.4000000060
9423  46.568  -74.191  16.892 0.3000000119
12767  37.888  -68.236  15.889 0.4000000060
11329  42.573  -69.650  14.909 0.4000000060
11321  41.915  -70.160  15.570 0.4000000060
10668  42.232  -71.444  14.388 0.4000000060
11307  51.046  -69.828  16.905 0.4000000060
11297  50.321  -70.108  17.751 0.3000000119
116650  49.902  -70.542  16.957 0.5000000000
10660  42.226  -70.883  14.976 0.4000000060
10095  42.586  -72.406  14.203 0.4000000060
12014  52.046  -69.123  17.188 0.4000000060
9448  43.388  -74.014  14.074 0.4000000060
10647  48.115  -71.894  17.321 0.4000000060
9443  43.726  -73.954  14.754 0.5000000000
10637  47.005  -72.319  17.989 0.5000000000
8845  45.080  -74.919  14.692 0.4000000060
8210  44.469  -75.298  14.730 0.4000000060
9422  47.604  -73.923  16.515 0.3000000119
8201  45.678  -75.023  14.891 0.4000000060
13561  37.086  -67.035  15.554 0.4000000060
12766  42.142  -68.283  15.675 0.4000000060
11316  50.824  -70.043  16.114 0.4000000060
11308  50.427  -70.335  16.349 0.4000000060
10087  42.176  -72.053  15.106 0.4000000060
126191  43.146  -72.813  13.987 0.5000000000
115772  49.398  -70.945  16.961 0.4000000060
10094  43.416  -73.298  14.716 0.5000000000
12023  50.730  -69.888  15.929 0.4000000060
12024  50.209  -70.168  15.531 0.4000000060
11309  49.815  -71.012  15.900 0.4000000060
10645  49.476  -71.840  15.252 0.5000000000
10646  48.650  -72.509  15.842 0.5000000000
10079  42.190  -72.230  16.222 0.4000000060
10085  43.530  -73.038  15.882 0.5000000000
12763  50.165  -69.479  15.796 0.4000000060
9421  48.228  -73.578  15.871 0.5000000000
9436  44.175  -73.570  15.394 0.4000000060
9434  47.903  -74.202  15.705 0.4000000060
8837  47.547  -74.261  14.796 0.4000000060
8200  46.634  -74.680  14.933 0.4000000060
9441  45.915  -74.073  14.863 0.4000000060
132481  41.824  -71.708  15.911 0.4000000060
10641  41.068  -71.024  17.259 0.3000000119
11318  49.781  -71.241  15.222 0.4000000060
10655  49.451  -71.728  14.905 0.4000000060
10078  42.876  -72.549  16.523 0.4000000060
123277  34.607  -61.333  17.828 0.4000000060
12756  49.136  -68.810  16.580 0.4000000060
12025  49.641  -69.857  15.286 0.4000000060
10656  48.960  -72.408  14.989 0.5000000000
10090  48.262  -73.118  14.976 0.5000000000
10084  44.398  -72.984  16.066 0.4000000060
12026  47.978  -69.396  15.580 0.4000000060
9439  47.971  -73.960  14.875 0.4000000060
10093  45.087  -73.537  15.397 0.4000000060
9440  46.909  -73.890  14.628 0.4000000060
114776  45.405  -72.705  15.787 0.4000000060
12011  40.113  -69.823  18.332 0.4000000060
10652  41.646  -71.674  16.843 0.3000000119
12035  49.187  -70.328  14.926 0.4000000060
11328  48.018  -70.916  14.763 0.4000000060
10651  42.236  -72.054  17.228 0.3000000119
114240  47.411  -69.732  15.341 0.4000000060
12037  47.433  -70.125  15.095 0.4000000060
10666  47.644  -72.007  14.909 0.5000000000
12016  47.096  -69.493  16.345 0.4000000060
10657  46.595  -71.532  15.557 0.4000000060
10083  46.463  -72.395  15.280 0.4000000060
127166  39.831  -69.148  18.657 0.4000000060
11319  47.086  -70.772  15.302 0.4000000060
10043  41.907  -72.601  21.131 0.3000000119
10038  50.464  -72.566  20.713 0.3000000119
10629  50.777  -71.004  19.936 0.3000000119
11285  51.944  -69.983  19.498 0.4000000060
12753  51.811  -68.837  17.052 0.4000000060
12754  50.852  -68.998  16.523 0.4000000060
13545  51.256  -68.279  17.373 0.4000000060
13547  49.632  -68.390  17.208 0.4000000060
10640  41.503  -71.415  17.888 0.3000000119
12757  48.148  -69.056  16.826 0.4000000060
11304  40.510  -70.457  18.524 0.4000000060
10639  42.522  -71.557  18.030 0.4000000060
12759  46.359  -69.343  17.572 0.4000000060
12027  46.762  -69.934  15.605 0.4000000060
11320  46.197  -70.721  16.191 0.4000000060
10658  45.882  -71.914  16.288 0.4000000060
10649  44.118  -71.808  17.262 0.3000000119
10077  43.733  -72.566  16.696 0.4000000060
12028  46.232  -69.905  16.646 0.4000000060
10099  43.297  -73.263  13.849 0.4000000060
12003  39.845  -69.596  19.190 0.4000000060
8131  46.416  -75.039  20.699 0.3000000119
8770  48.102  -75.250  19.986 0.3000000119
10020  41.756  -72.510  22.007 0.3000000119
113235  42.771  -72.602  20.744 0.3000000119
9369  47.752  -73.309  20.757 0.3000000119
110931  50.016  -72.575  20.413 0.3000000119
10609  47.164  -71.830  20.837 0.4000000060
10620  49.592  -71.516  20.199 0.3000000119
133988  48.689  -71.282  20.231 0.4000000060
10628  51.306  -70.820  20.117 0.3000000119
12005  52.878  -68.879  18.575 0.4000000060
11310  49.099  -71.571  16.366 0.4000000060
10075  47.804  -72.921  16.860 0.5000000000
9435  47.272  -74.401  16.132 0.3000000119
10091  47.297  -73.156  14.806 0.4000000060
10659  44.804  -72.298  16.623 0.4000000060
11986  40.942  -69.377  21.293 0.4000000060
11994  40.471  -69.788  20.553 0.4000000060
12705  41.934  -68.144  22.281 0.4000000060
13480  40.721  -67.075  22.986 0.3000000119
12720  40.486  -68.840  21.835 0.5000000000
11987  40.013  -69.157  21.032 0.4000000060
11995  39.681  -69.316  20.046 0.4000000060
15127  47.001  -65.086  22.271 0.3000000119
15138  46.625  -65.695  21.986 0.3000000119
16599  44.424  -63.497  23.989 0.3000000119
15113  43.549  -65.321  23.743 0.3000000119
115135  42.610  -64.104  23.932 0.3000000119
15856  41.898  -64.476  24.076 0.3000000119
15128  46.096  -65.324  22.382 0.3000000119
15111  45.541  -64.890  22.872 0.3000000119
15854  45.040  -64.339  23.558 0.3000000119
129019  47.143  -64.642  22.591 0.3000000119
15865  46.935  -64.189  22.821 0.3000000119
16600  43.374  -63.777  23.903 0.3000000119
121498  43.418  -62.887  23.768 0.3000000119
15853  45.989  -64.220  23.145 0.3000000119
121199  45.046  -62.942  23.840 0.3000000119
117345  47.080  -63.078  23.199 0.3000000119
118276  45.908  -62.815  23.435 0.3000000119
18022  44.993  -61.617  23.325 0.3000000119
117099  46.627  -62.260  23.300 0.3000000119
18021  45.972  -61.437  23.273 0.3000000119
17309  44.283  -62.577  23.739 0.3000000119
18032  43.980  -61.356  22.950 0.3000000119
18033  42.962  -61.453  22.629 0.3000000119
18020  47.426  -61.668  23.307 0.3000000119
18845  44.178  -60.819  22.425 0.3000000119
114046  46.312  -60.546  23.088 0.3000000119
18844  45.247  -60.340  22.613 0.3000000119
18835  45.081  -60.933  23.007 0.3000000119
19724  45.510  -59.926  22.305 0.3000000119
18853  43.337  -60.442  21.557 0.3000000119
119324  43.117  -61.029  22.052 0.3000000119
19739  43.281  -59.776  21.324 0.3000000119
124734  42.449  -59.212  22.423 0.3000000119
20620  43.996  -59.221  20.347 0.3000000119
20610  43.267  -58.837  21.381 0.3000000119
21552  42.972  -58.155  21.776 0.3000000119
14290  41.394  -66.579  23.158 0.3000000119
12706  40.987  -68.277  22.389 0.4000000060
18023  43.392  -62.053  23.236 0.3000000119
11985  41.914  -69.289  21.253 0.5000000000
15866  46.487  -64.680  22.586 0.3000000119
116615  44.047  -64.451  23.792 0.3000000119
15855  42.684  -64.920  24.155 0.3000000119
15114  42.604  -65.680  23.820 0.3000000119
16598  45.478  -63.573  23.627 0.3000000119
16597  46.462  -63.595  23.215 0.3000000119
127577  45.692  -62.047  23.459 0.3000000119
18843  46.083  -59.920  22.754 0.3000000119
19737  45.934  -59.553  21.774 0.3000000119
18834  47.890  -60.935  23.259 0.3000000119
19725  44.345  -60.479  21.965 0.3000000119
11313  43.560  -71.336  17.954 0.3000000119
12009  44.642  -69.478  18.707 0.4000000060
12010  43.748  -69.999  19.084 0.4000000060
11302  42.063  -70.906  18.843 0.3000000119
11990  43.800  -69.222  20.189 0.4000000060
12728  44.417  -68.597  20.235 0.3000000119
11301  43.136  -70.786  18.652 0.4000000060
12000  43.407  -69.719  19.765 0.4000000060
12729  43.654  -68.878  20.790 0.3000000119
11290  42.145  -70.440  19.572 0.3000000119
12001  42.618  -70.027  20.003 0.4000000060
11991  43.128  -69.459  20.425 0.4000000060
11993  41.410  -69.889  20.731 0.3000000119
11992  42.310  -69.723  20.645 0.4000000060
12718  42.404  -68.618  21.657 0.4000000060
11291  41.444  -70.552  19.466 0.3000000119
11282  40.964  -70.341  20.077 0.3000000119
12002  40.203  -70.065  19.748 0.3000000119
11303  41.105  -70.854  18.698 0.3000000119
11284  52.661  -69.637  19.729 0.3000000119
11311  45.535  -70.404  17.175 0.3000000119
11260  53.640  -69.302  23.129 0.3000000119
11272  52.876  -69.937  21.484 0.3000000119
11277  53.261  -69.225  20.047 0.3000000119
11998  52.620  -69.311  18.836 0.3000000119
11300  44.127  -70.413  18.369 0.3000000119
112498  53.366  -68.540  22.675 0.3000000119
116641  53.469  -68.762  20.493 0.3000000119
113518  53.519  -68.587  22.028 0.3000000119
12734  53.167  -68.682  19.136 0.3000000119
12742  52.583  -68.315  18.159 0.3000000119
12018  44.970  -69.964  17.889 0.3000000119
12682  51.565  -68.580  24.300 0.3000000119
12699  52.867  -68.356  22.691 0.3000000119
12693  52.390  -68.504  23.690 0.3000000119
13510  53.215  -68.330  20.296 0.3000000119
12711  53.104  -68.306  21.759 0.3000000119
13525  52.536  -67.783  19.219 0.3000000119
12700  52.058  -68.544  22.628 0.3000000119
12712  52.166  -68.366  21.551 0.3000000119
13511  52.816  -68.030  20.076 0.3000000119
12724  52.543  -68.140  20.794 0.3000000119
13536  51.420  -67.785  18.265 0.3000000119
13546  50.336  -68.273  17.214 0.3000000119
12744  48.902  -68.245  17.805 0.3000000119
11958  50.793  -68.974  24.007 0.3000000119
13526  51.409  -67.583  19.198 0.3000000119
13512  51.983  -67.798  19.934 0.3000000119
13537  50.538  -67.706  18.115 0.3000000119
12008  45.439  -69.333  18.130 0.3000000119
12701  51.110  -68.817  21.892 0.3000000119
11973  50.067  -69.212  23.209 0.3000000119
12725  51.447  -68.049  20.441 0.3000000119
130189  50.646  -67.387  18.887 0.3000000119
12758  47.273  -69.091  17.428 0.3000000119
12747  45.972  -68.762  18.465 0.3000000119
12748  45.282  -68.904  18.745 0.3000000119
10648  45.236  -71.346  16.943 0.3000000119
12713  50.784  -68.307  20.792 0.3000000119
13513  50.774  -67.513  19.894 0.3000000119
13538  49.755  -67.691  18.019 0.3000000119
12745  47.821  -68.464  17.970 0.3000000119
133808  53.350  -68.883  19.673 0.3000000119
11265  53.612  -69.292  22.053 0.3000000119
11271  53.400  -69.267  21.017 0.3000000119
8202  44.677  -75.519  14.977 0.4000000060
8211  43.585  -75.512  14.456 0.3000000119
8824  47.811  -74.288  15.069 0.4000000060
8825  47.263  -74.556  15.418 0.3000000119
8838  47.208  -74.536  14.931 0.4000000060
8839  46.515  -74.849  15.111 0.4000000060
8843  47.008  -74.465  14.780 0.4000000060
8844  46.249  -74.646  14.869 0.4000000060
8846  43.905  -74.895  14.492 0.4000000060
8847  42.564  -74.984  13.966 0.3000000119
8851  42.985  -74.023  13.554 0.5000000000
9442  44.815  -74.333  15.035 0.4000000060
9446  47.246  -74.237  14.683 0.4000000060
9447  46.625  -74.373  14.745 0.4000000060
9450  41.810  -73.508  13.694 0.6000000238
10082  48.438  -73.117  15.327 0.5000000000
10086  42.840  -72.700  15.180 0.5000000000
10092  46.137  -73.268  14.981 0.4000000060
10098  47.659  -73.905  14.719 0.4000000060
10100  42.931  -72.864  13.680 0.4000000060
10103  40.572  -71.601  14.328 0.5000000000
10622  46.770  -71.554  20.499 0.4000000060
10642  40.799  -70.910  18.014 0.3000000119
10650  43.088  -72.142  17.360 0.4000000060
10664  48.937  -71.020  14.717 0.4000000060
10665  48.805  -71.979  14.704 0.5000000000
11278  52.718  -69.858  20.573 0.3000000119
11281  41.795  -70.266  20.137 0.3000000119
11289  42.861  -70.339  19.340 0.4000000060
11292  40.703  -70.467  19.300 0.3000000119
11293  40.205  -70.109  19.033 0.4000000060
11312  44.578  -70.832  17.612 0.3000000119
11314  40.579  -70.421  17.715 0.4000000060
11317  50.230  -70.525  15.663 0.4000000060
11326  49.840  -70.655  15.272 0.4000000060
11327  49.590  -71.121  14.951 0.4000000060
11334  41.017  -69.780  14.352 0.4000000060
11972  51.219  -68.859  23.165 0.3000000119
11979  53.802  -68.872  22.648 0.3000000119
11984  53.682  -68.821  21.592 0.3000000119
11988  39.425  -68.562  20.607 0.5000000000
11997  53.135  -69.073  19.260 0.3000000119
11999  44.176  -69.300  19.566 0.4000000060
12013  52.349  -68.762  17.611 0.4000000060
12015  51.299  -69.474  16.689 0.4000000060
12017  45.698  -69.782  17.496 0.3000000119
12020  40.317  -68.868  17.880 0.6999999881
12029  42.489  -69.042  15.302 0.4000000060
12036  48.159  -70.001  14.878 0.4000000060
12040  42.341  -69.123  14.501 0.5000000000
12707  40.110  -68.188  22.165 0.5000000000
12708  39.429  -67.871  21.719 0.5000000000
12719  41.451  -68.792  21.827 0.4000000060
12730  42.831  -69.109  21.082 0.4000000060
12735  52.910  -68.426  18.599 0.4000000060
12738  44.889  -68.762  19.375 0.3000000119
12739  39.495  -68.849  19.234 0.6000000238
12743  52.102  -68.268  17.716 0.3000000119
12746  46.856  -68.600  18.212 0.3000000119
12755  49.940  -68.763  16.361 0.4000000060
12764  49.378  -69.166  15.715 0.4000000060
12765  42.622  -68.326  15.047 0.6000000238
13495  41.452  -67.455  22.746 0.3000000119
13499  53.083  -68.221  20.880 0.3000000119
13523  53.291  -68.544  19.757 0.3000000119
13524  53.085  -68.138  19.327 0.3000000119
13534  52.802  -67.983  18.676 0.3000000119
13535  52.306  -67.844  18.479 0.3000000119
13541  40.211  -67.244  18.409 0.6999999881
13552  41.528  -67.569  15.449 0.4000000060
13562  41.671  -67.968  14.525 0.4000000060
13564  40.023  -67.651  14.557 0.5000000000
14293  38.588  -65.981  22.980 0.6000000238
15097  41.907  -65.230  24.056 0.3000000119
15098  41.103  -65.411  23.971 0.4000000060
15101  38.470  -64.386  23.758 0.6000000238
15117  39.877  -66.153  23.522 0.4000000060
15130  38.389  -65.674  22.441 0.6000000238
15139  38.467  -65.679  21.529 0.5000000000
15846  39.447  -64.609  24.323 0.4000000060
15847  38.832  -64.331  24.197 0.4000000060
15882  39.176  -64.322  18.763 0.6999999881
16588  41.020  -64.089  24.224 0.4000000060
16614  39.049  -63.680  20.995 0.6000000238
16619  39.256  -63.038  20.133 0.6000000238
16642  37.059  -63.866  15.284 0.6000000238
16644  38.936  -63.647  14.377 0.6000000238
17308  45.045  -62.302  23.614 0.3000000119
18010  39.355  -61.628  24.540 0.4000000060
18011  38.772  -61.465  24.122 0.5000000000
18024  42.428  -61.634  22.994 0.4000000060
18073  36.325  -61.377  17.573 0.4000000060
18076  33.506  -61.523  17.299 0.5000000000
18098  41.173  -61.655  15.003 0.5000000000
18822  40.995  -60.295  24.266 0.4000000060
18836  42.168  -60.892  23.056 0.4000000060
18837  41.622  -60.672  23.843 0.4000000060
18838  38.405  -61.043  22.780 0.5000000000
18847  38.413  -60.731  21.949 0.4000000060
19713  38.910  -60.074  23.415 0.5000000000
19738  45.007  -60.273  21.776 0.3000000119
19740  42.936  -59.757  21.845 0.4000000060
19753  38.450  -59.238  20.373 0.5000000000
19792  41.643  -60.181  15.369 0.6000000238
19795  36.780  -59.415  16.333 0.5000000000
20609  43.800  -58.480  20.946 0.3000000119
20611  42.836  -58.857  21.860 0.3000000119
20621  43.541  -59.583  20.803 0.3000000119
20640  39.021  -58.945  18.617 0.4000000060
20647  40.051  -58.769  17.109 0.6000000238
20667  38.432  -58.547  15.065 0.6000000238
21551  43.463  -57.844  21.470 0.3000000119
21578  39.296  -57.705  18.119 0.5000000000
21604  36.322  -57.461  15.171 0.5000000000
21613  43.547  -58.536  13.661 0.6999999881
21624  43.376  -58.457  13.209 0.6999999881
22460  39.773  -56.495  18.447 0.4000000060
22497  44.668  -57.638  13.692 0.6000000238
22506  44.358  -57.684  13.179 0.6999999881
22509  40.874  -56.733  13.476 0.8000000119
23361  45.804  -55.816  13.580 0.5000000000
23365  40.676  -55.315  14.064 0.6000000238
23370  45.676  -56.013  13.041 0.5000000000
23374  40.977  -55.994  13.650 0.6000000238
24223  39.423  -54.692  14.755 0.4000000060
24230  44.321  -55.566  13.029 0.4000000060
25114  43.472  -53.806  13.682 0.5000000000
113530  42.110  -70.953  14.164 0.5000000000
114125  38.828  -55.997  14.357 0.6000000238
114164  43.061  -57.381  13.238 0.6999999881
117368  38.994  -65.756  23.534 0.6000000238
118722  44.334  -61.963  23.391 0.3000000119
118815  38.982  -63.085  24.383 0.4000000060
119389  48.786  -69.559  15.241 0.4000000060
119794  39.362  -67.066  19.773 0.6000000238
120453  38.444  -59.782  21.015 0.4000000060
120712  39.424  -65.554  19.850 0.6000000238
121074  39.162  -67.025  22.560 0.6000000238
121521  38.507  -62.075  23.748 0.5000000000
122102  53.352  -68.487  21.227 0.3000000119
122280  38.636  -59.388  22.238 0.6000000238
125128  35.790  -59.399  16.456 0.5000000000
125519  48.189  -73.808  15.253 0.4000000060
126329  38.384  -62.280  22.524 0.5000000000
126616  38.329  -63.455  22.673 0.5000000000
127532  45.285  -55.845  15.124 0.5000000000
127633  45.827  -74.590  14.831 0.4000000060
127817  39.739  -63.280  24.588 0.4000000060
128450  52.638  -68.697  18.120 0.4000000060
128948  43.770  -55.836  15.846 0.5000000000
129858  48.659  -69.117  15.861 0.4000000060
130060  47.435  -71.375  20.401 0.4000000060
131764  40.938  -67.223  16.853 0.6999999881
131979  44.203  -57.329  14.860 0.6000000238
132516  43.271  -64.526  23.990 0.3000000119
132845  42.714  -59.931  22.273 0.4000000060
133786  40.366  -65.564  23.863 0.4000000060
