#!ascii label  , from subject sub-10 vox2ras=TkReg
1213
3811  35.144  -83.769  15.445 0.5000000000
8138  25.630  -75.935  21.276 0.6000000238
8139  24.986  -75.388  21.715 0.6000000238
110583  25.414  -74.681  21.029 0.6999999881
120729  24.307  -75.130  21.895 0.6000000238
8780  25.832  -74.224  20.245 0.6999999881
8762  24.478  -74.176  21.057 0.6000000238
5360  29.125  -80.203  23.252 0.5000000000
5370  31.889  -80.018  21.915 0.6000000238
5869  30.884  -79.799  22.890 0.6000000238
5388  33.186  -80.014  20.946 0.5000000000
5389  32.390  -80.179  21.311 0.4000000060
5371  31.230  -80.250  22.237 0.5000000000
5372  30.392  -80.484  22.479 0.6000000238
7404  25.648  -76.835  27.080 0.5000000000
4904  35.051  -81.873  18.490 0.4000000060
7419  25.166  -76.619  26.087 0.5000000000
7405  24.797  -76.980  26.943 0.5000000000
7440  25.720  -76.415  25.273 0.6000000238
7469  25.665  -76.596  23.379 0.6000000238
8137  26.163  -76.368  20.880 0.6000000238
8165  26.664  -75.816  19.403 0.6999999881
8122  25.418  -76.285  22.112 0.6000000238
8152  26.056  -75.510  20.393 0.6999999881
8805  27.107  -74.317  18.819 0.6000000238
8793  26.804  -74.660  19.269 0.6999999881
9420  27.475  -73.823  18.565 0.6000000238
8794  26.237  -73.944  19.712 0.6999999881
123788  27.616  -72.938  18.980 0.6999999881
116248  23.686  -74.534  21.544 0.6000000238
5840  28.433  -79.641  24.763 0.5000000000
5853  29.622  -79.542  23.787 0.6000000238
5867  32.466  -79.532  21.899 0.6000000238
5868  31.761  -79.483  22.510 0.6999999881
5387  34.030  -80.038  20.957 0.4000000060
8048  27.516  -75.867  25.852 0.5000000000
118719  26.078  -76.572  26.615 0.5000000000
113118  35.935  -82.434  16.271 0.5000000000
7439  26.581  -76.196  25.612 0.5000000000
125898  27.195  -76.538  22.528 0.6999999881
7448  26.238  -76.348  24.688 0.6000000238
7512  27.232  -76.888  21.149 0.6999999881
7494  26.566  -76.732  22.541 0.6000000238
7468  26.293  -76.668  23.270 0.6000000238
7513  26.625  -76.760  20.959 0.6999999881
7514  26.151  -76.653  21.741 0.6000000238
7525  26.522  -76.463  20.143 0.6999999881
8792  27.175  -75.532  18.644 0.6000000238
8164  27.153  -76.363  18.759 0.6000000238
8803  28.013  -74.295  17.987 0.6000000238
9419  28.961  -73.705  18.054 0.6000000238
10073  29.247  -73.031  18.681 0.6999999881
10053  24.935  -72.855  20.592 0.6999999881
9375  23.472  -73.477  20.545 0.5000000000
9404  27.002  -73.325  19.045 0.6999999881
133870  26.209  -73.315  19.871 0.6999999881
8781  25.169  -73.457  20.478 0.6000000238
128017  30.611  -78.078  24.357 0.5000000000
5839  30.129  -78.766  24.318 0.5000000000
6353  28.756  -78.842  25.335 0.5000000000
129324  31.935  -78.706  22.886 0.6999999881
5852  30.501  -79.311  23.573 0.6000000238
5866  33.171  -78.946  21.788 0.5000000000
6389  32.487  -78.797  22.372 0.6999999881
5851  31.302  -79.045  23.230 0.6000000238
5386  34.887  -80.031  21.003 0.4000000060
5883  34.379  -79.475  21.330 0.4000000060
5885  32.957  -79.626  21.430 0.5000000000
8060  28.213  -75.717  25.567 0.5000000000
8121  27.822  -76.121  23.036 0.5000000000
8071  27.635  -75.718  24.896 0.5000000000
8072  26.973  -75.988  25.064 0.5000000000
132252  27.462  -76.919  20.531 0.6000000238
7467  27.055  -76.332  23.210 0.5000000000
119014  27.320  -76.839  19.718 0.6999999881
6934  27.973  -76.702  18.092 0.6000000238
7538  27.302  -76.645  18.935 0.6999999881
7524  26.945  -76.820  20.218 0.6999999881
7558  28.794  -76.855  17.107 0.6000000238
7560  27.605  -76.426  18.199 0.6000000238
8820  30.385  -74.675  17.128 0.6999999881
8184  28.235  -76.108  17.624 0.6000000238
8173  27.355  -76.215  18.334 0.6000000238
9417  30.794  -73.242  18.463 0.6000000238
9432  29.690  -74.097  17.582 0.6999999881
9433  28.765  -74.459  17.587 0.6999999881
9402  31.788  -72.991  19.274 0.6000000238
9418  29.935  -73.416  18.233 0.6999999881
10034  24.147  -72.246  20.797 0.6000000238
10072  30.162  -72.869  18.880 0.6999999881
112380  25.872  -72.847  20.418 0.6999999881
9388  24.034  -72.861  20.459 0.6000000238
10063  32.096  -72.638  20.054 0.6999999881
9403  30.964  -72.888  19.126 0.6000000238
10066  29.578  -72.692  19.313 0.8000000119
10067  28.663  -72.668  19.319 0.6999999881
122492  27.849  -72.489  19.778 0.6999999881
9386  26.556  -72.903  19.705 0.6999999881
6363  30.106  -77.992  24.675 0.6000000238
6374  32.404  -77.939  22.896 0.6999999881
6375  31.622  -78.189  23.414 0.6999999881
6376  30.916  -78.526  23.862 0.6000000238
6387  33.954  -78.328  22.082 0.5000000000
6388  33.088  -78.194  22.343 0.6999999881
6403  33.932  -79.004  21.624 0.5000000000
8059  28.808  -75.862  25.142 0.5000000000
7438  28.469  -76.108  25.954 0.5000000000
8070  28.368  -75.687  24.625 0.5000000000
8120  28.664  -76.207  22.022 0.6000000238
7536  28.724  -76.872  19.624 0.6000000238
7511  27.995  -76.727  21.231 0.6999999881
7493  27.743  -76.486  22.087 0.6999999881
6921  28.564  -77.005  18.692 0.6999999881
7523  28.174  -76.901  20.332 0.6999999881
6954  29.356  -77.223  16.892 0.6000000238
6933  28.536  -77.108  17.948 0.6000000238
7537  27.907  -76.938  19.281 0.6999999881
8180  31.925  -75.615  16.887 0.6999999881
8182  30.083  -75.718  16.895 0.6999999881
7557  29.789  -76.869  16.610 0.6999999881
120602  25.111  -72.092  22.109 0.6000000238
134013  32.101  -74.137  17.993 0.6000000238
8819  31.437  -74.528  17.375 0.6999999881
8183  29.179  -76.023  17.297 0.6999999881
10045  33.645  -71.941  19.925 0.6000000238
9401  32.753  -72.970  19.274 0.6000000238
9415  32.235  -73.485  18.563 0.6000000238
9431  30.640  -73.862  17.770 0.6999999881
125914  24.743  -72.158  21.452 0.6000000238
113137  32.879  -72.342  20.018 0.6000000238
9416  31.460  -73.216  18.703 0.6000000238
118206  27.949  -72.398  20.791 0.6999999881
111564  26.945  -72.381  20.963 0.6000000238
118816  26.052  -72.394  21.010 0.6999999881
10033  25.121  -72.420  20.992 0.6000000238
10626  33.954  -71.422  20.494 0.5000000000
10627  33.171  -71.904  20.742 0.6000000238
10047  31.576  -72.409  20.821 0.8000000119
10048  30.637  -72.440  20.708 0.8000000119
125597  29.675  -72.422  20.821 0.8000000119
10050  28.748  -72.406  20.293 0.8000000119
10052  26.484  -72.586  20.428 0.6999999881
10064  31.233  -72.746  19.990 0.8000000119
131904  30.040  -72.513  20.348 0.8000000119
6873  31.110  -77.643  23.978 0.6999999881
6866  30.375  -77.245  24.394 0.6999999881
6352  29.556  -78.389  24.969 0.6000000238
6890  33.076  -77.550  22.718 0.6999999881
6854  29.580  -77.349  25.044 0.6000000238
6889  34.321  -77.482  22.480 0.6000000238
7437  29.144  -76.416  25.254 0.5000000000
129927  29.359  -75.985  24.751 0.5000000000
9932  25.181  -72.671  26.604 0.6000000238
8069  29.076  -75.816  24.371 0.5000000000
9947  25.465  -72.443  25.567 0.5000000000
8119  29.366  -75.789  22.905 0.5000000000
112158  26.150  -72.246  24.964 0.6000000238
113991  29.582  -76.160  20.996 0.6999999881
113296  29.293  -76.883  18.861 0.6999999881
7510  28.835  -76.469  21.181 0.6999999881
9967  25.864  -72.236  23.997 0.6000000238
6942  29.847  -77.494  17.030 0.6999999881
6932  29.252  -77.347  18.041 0.6000000238
8199  31.447  -76.443  16.584 0.6999999881
10005  26.132  -72.239  22.491 0.6000000238
9984  25.552  -72.242  23.022 0.6000000238
8818  32.388  -74.735  17.356 0.6000000238
132552  30.626  -76.378  16.611 0.6999999881
10004  27.100  -72.399  22.368 0.6000000238
9414  34.065  -73.307  18.113 0.6000000238
122754  33.198  -73.514  18.486 0.6000000238
127048  28.065  -72.483  22.284 0.6999999881
10032  26.543  -72.319  21.731 0.6000000238
10006  25.573  -72.213  21.656 0.6000000238
10062  33.420  -72.475  19.453 0.6000000238
10615  31.520  -71.678  21.896 0.6000000238
10001  30.059  -71.946  22.112 0.6000000238
10029  29.452  -72.311  21.589 0.6999999881
10030  28.522  -72.431  21.635 0.6000000238
10602  32.185  -71.506  22.055 0.6000000238
10028  30.339  -72.149  21.491 0.8000000119
10026  31.911  -71.972  21.521 0.6000000238
10027  31.165  -72.043  21.471 0.6999999881
128061  28.874  -72.412  21.042 0.8000000119
6872  31.798  -77.086  23.394 0.6999999881
7464  31.515  -76.084  23.454 0.6999999881
6865  30.994  -76.694  23.887 0.6999999881
7461  33.967  -75.877  22.962 0.6999999881
6871  32.721  -76.974  23.032 0.6999999881
7446  30.346  -76.414  24.128 0.6000000238
7447  29.778  -76.510  24.603 0.6000000238
10560  26.595  -71.609  27.803 0.6000000238
9917  25.813  -72.075  28.007 0.6000000238
9916  26.382  -72.190  27.168 0.6000000238
117098  25.710  -72.522  27.208 0.6000000238
7466  29.851  -75.994  24.064 0.6000000238
9931  26.065  -72.524  26.329 0.5000000000
8150  30.252  -75.871  20.686 0.6999999881
8136  29.539  -75.997  21.918 0.6999999881
9945  27.057  -72.337  25.187 0.4000000060
133052  26.091  -72.408  25.618 0.5000000000
7535  30.100  -76.441  19.132 0.6999999881
9944  27.900  -72.399  25.056 0.5000000000
7550  30.145  -77.100  18.241 0.6000000238
8151  29.618  -76.334  19.907 0.6999999881
9966  26.616  -72.303  24.289 0.6000000238
6953  30.229  -77.258  16.711 0.6999999881
118677  30.691  -77.537  17.060 0.6999999881
9981  28.267  -72.457  23.475 0.6999999881
9982  27.242  -72.385  23.715 0.6000000238
8836  32.836  -75.619  16.788 0.6999999881
8198  32.512  -76.583  16.431 0.6999999881
9980  29.166  -72.186  23.075 0.5000000000
121293  26.840  -72.361  23.012 0.6000000238
9427  34.465  -73.825  17.565 0.6000000238
8817  33.224  -74.720  17.283 0.6000000238
129818  28.449  -72.433  22.793 0.6999999881
9428  33.631  -73.966  17.752 0.6000000238
9429  32.804  -74.129  18.005 0.6000000238
10604  30.514  -71.550  22.625 0.5000000000
10605  29.837  -71.943  22.656 0.6000000238
9400  33.704  -72.935  18.886 0.6000000238
11269  32.931  -71.021  22.471 0.6000000238
10603  31.527  -71.462  22.238 0.5000000000
10002  29.111  -72.307  22.293 0.6999999881
11275  33.432  -70.740  21.919 0.6000000238
7463  32.330  -76.203  23.190 0.6999999881
7465  30.733  -76.016  23.662 0.6000000238
10546  26.771  -71.135  28.263 0.4000000060
10548  25.449  -71.497  28.593 0.5000000000
8092  30.333  -75.759  23.292 0.6000000238
10558  27.990  -71.039  27.316 0.5000000000
9919  23.761  -72.441  27.895 0.6000000238
8134  31.368  -75.299  21.834 0.6999999881
112788  31.012  -75.533  20.929 0.6999999881
8093  29.464  -75.821  23.685 0.6000000238
9929  27.295  -72.069  26.218 0.5000000000
7534  30.984  -76.415  19.034 0.6999999881
10579  28.601  -71.848  25.593 0.4000000060
111206  33.429  -77.450  16.320 0.6999999881
6941  31.823  -77.515  16.967 0.6999999881
7548  32.034  -77.261  18.290 0.6999999881
10590  28.615  -72.139  24.822 0.6000000238
7566  34.181  -77.164  15.669 0.6999999881
7567  33.830  -77.392  15.943 0.6999999881
6952  31.279  -77.243  16.638 0.6999999881
6930  31.455  -77.482  17.607 0.6999999881
114592  29.967  -71.608  24.350 0.5000000000
9964  28.054  -72.448  24.298 0.5000000000
8835  33.665  -75.541  16.646 0.6000000238
8197  33.406  -76.452  16.179 0.6999999881
126130  33.331  -77.002  15.998 0.6999999881
7568  31.866  -77.042  16.410 0.6999999881
9963  29.108  -72.125  24.069 0.5000000000
9413  34.918  -73.165  17.924 0.5000000000
8815  34.949  -74.633  17.128 0.6000000238
8816  34.051  -74.645  17.201 0.6000000238
124852  32.525  -75.331  22.772 0.6999999881
8117  31.877  -75.262  22.621 0.6999999881
11216  26.480  -70.681  28.784 0.4000000060
8746  32.697  -74.987  22.138 0.6999999881
125306  31.282  -75.582  23.253 0.6999999881
11217  25.549  -70.743  29.013 0.4000000060
8747  32.065  -75.025  21.791 0.6999999881
9906  24.224  -71.920  28.460 0.6000000238
8149  31.506  -75.543  20.370 0.8000000119
8761  31.791  -75.137  21.095 0.6999999881
132806  32.429  -76.743  18.992 0.6000000238
8161  31.868  -76.267  19.435 0.6000000238
10552  21.301  -71.878  28.852 0.6000000238
6929  32.438  -77.524  17.576 0.6999999881
7547  32.933  -77.337  18.346 0.6999999881
116829  31.707  -76.752  18.795 0.6000000238
6950  34.171  -77.776  16.084 0.6000000238
7565  34.989  -77.014  15.456 0.6000000238
129424  19.440  -71.366  27.855 0.5000000000
8834  34.492  -75.519  16.582 0.6000000238
8196  34.155  -76.408  15.956 0.6999999881
8814  35.922  -74.528  17.039 0.5000000000
8778  32.625  -74.819  21.218 0.6999999881
11206  26.079  -69.927  29.165 0.4000000060
8148  32.259  -75.267  20.461 0.8000000119
10550  23.818  -71.429  29.004 0.5000000000
7533  33.290  -76.644  19.099 0.8000000119
11209  23.190  -70.599  29.290 0.4000000060
10542  23.838  -70.747  29.285 0.4000000060
122140  32.649  -75.867  19.726 0.6999999881
11219  22.488  -70.517  28.944 0.4000000060
128360  22.560  -71.774  29.176 0.5000000000
6960  35.301  -78.037  15.261 0.6000000238
6939  33.944  -77.714  16.480 0.6000000238
6928  33.589  -77.625  17.350 0.6999999881
11904  22.740  -69.731  28.474 0.4000000060
7579  35.565  -77.745  15.160 0.6000000238
6961  34.670  -77.757  15.598 0.6000000238
11231  20.453  -70.488  27.504 0.4000000060
10553  20.613  -71.924  28.544 0.6000000238
8833  35.489  -75.606  16.386 0.6000000238
8813  36.720  -74.296  16.895 0.5000000000
11880  25.541  -69.466  29.300 0.4000000060
8147  33.109  -75.013  20.403 0.8000000119
11208  23.863  -69.911  29.362 0.4000000060
116175  33.635  -75.629  19.704 0.6999999881
11218  23.149  -70.043  29.132 0.4000000060
116765  33.876  -77.264  18.323 0.6000000238
6428  35.009  -78.253  16.060 0.6000000238
6927  34.504  -77.756  17.447 0.6000000238
11918  22.995  -69.013  27.997 0.4000000060
11230  21.322  -70.290  27.784 0.4000000060
8195  35.487  -76.770  15.500 0.6000000238
11921  20.920  -69.901  26.805 0.4000000060
8832  36.511  -75.170  16.356 0.4000000060
12620  25.514  -68.752  29.338 0.4000000060
12621  24.910  -68.735  29.263 0.4000000060
7546  34.772  -77.172  18.329 0.6999999881
7532  34.207  -76.414  19.066 0.6000000238
11903  23.451  -69.395  28.792 0.4000000060
6948  35.488  -78.211  15.482 0.6000000238
6937  35.592  -78.245  16.251 0.6000000238
11920  21.738  -69.715  27.096 0.4000000060
8209  35.913  -77.156  15.120 0.6000000238
11935  21.336  -69.215  26.062 0.3000000119
8194  36.280  -76.301  15.655 0.4000000060
8831  37.464  -74.542  16.296 0.4000000060
8193  37.196  -75.794  15.544 0.4000000060
12649  24.019  -68.045  28.282 0.4000000060
12650  23.284  -68.275  27.636 0.4000000060
122308  36.385  -77.938  15.147 0.6000000238
7578  36.497  -77.705  15.081 0.6000000238
6958  37.228  -77.515  15.020 0.6000000238
8207  37.936  -76.478  14.853 0.4000000060
8206  38.833  -76.517  14.519 0.5000000000
8842  38.103  -75.262  15.601 0.4000000060
13486  21.448  -67.256  23.194 0.3000000119
129293  38.616  -75.719  15.066 0.4000000060
15055  25.706  -65.856  28.745 0.4000000060
13472  22.954  -67.015  24.177 0.3000000119
15106  19.435  -65.290  24.193 0.4000000060
15808  26.662  -64.729  29.147 0.4000000060
15815  25.667  -64.786  27.923 0.4000000060
14273  24.102  -66.007  24.857 0.3000000119
15079  24.585  -65.793  25.731 0.3000000119
14300  21.793  -66.665  22.839 0.3000000119
14281  22.611  -66.763  23.379 0.3000000119
14301  21.009  -66.650  23.145 0.3000000119
15814  26.313  -64.165  28.383 0.4000000060
15822  25.722  -64.050  27.561 0.4000000060
15078  24.796  -65.489  26.741 0.4000000060
14280  23.117  -66.441  23.763 0.3000000119
14298  22.887  -66.138  23.137 0.3000000119
15833  20.178  -64.100  25.906 0.4000000060
15825  21.679  -64.587  27.284 0.3000000119
16569  22.415  -63.236  27.592 0.3000000119
15123  21.997  -65.784  22.732 0.3000000119
15124  21.250  -65.824  22.924 0.3000000119
16568  25.645  -63.256  27.255 0.4000000060
15829  24.828  -64.765  26.084 0.4000000060
15830  24.284  -65.128  25.079 0.3000000119
15105  23.346  -65.850  23.474 0.3000000119
16585  19.890  -63.613  24.479 0.3000000119
15121  23.177  -65.461  22.970 0.3000000119
16577  21.443  -63.269  25.996 0.3000000119
15135  22.123  -64.825  22.502 0.3000000119
17285  21.555  -62.443  25.633 0.4000000060
16576  22.144  -62.922  26.554 0.3000000119
17292  21.837  -61.776  25.251 0.3000000119
17284  22.280  -62.164  26.243 0.3000000119
117302  25.275  -63.967  26.736 0.4000000060
126398  24.489  -64.326  25.255 0.4000000060
15850  24.226  -64.529  24.191 0.3000000119
119082  20.250  -63.098  24.780 0.4000000060
15120  23.709  -65.126  23.359 0.3000000119
16595  20.253  -63.035  23.930 0.3000000119
16584  20.806  -62.699  25.197 0.4000000060
17304  20.809  -62.550  23.626 0.4000000060
17996  22.644  -61.526  25.849 0.3000000119
16575  25.381  -63.173  26.414 0.4000000060
16583  24.708  -63.699  24.877 0.4000000060
16593  24.690  -63.550  23.643 0.4000000060
15860  24.126  -64.342  23.055 0.4000000060
15134  22.908  -64.872  22.622 0.3000000119
16611  22.290  -63.150  22.166 0.3000000119
16605  21.194  -62.785  22.974 0.3000000119
17317  21.474  -62.166  23.406 0.3000000119
18016  21.767  -61.480  23.707 0.5000000000
17303  21.134  -61.954  24.037 0.4000000060
18006  21.645  -61.480  24.350 0.4000000060
17995  23.366  -61.145  26.525 0.3000000119
16592  25.266  -62.999  24.479 0.4000000060
17302  25.251  -62.785  23.611 0.4000000060
16604  24.419  -63.549  22.459 0.3000000119
17330  23.594  -62.438  21.641 0.3000000119
18040  23.490  -61.380  22.175 0.3000000119
18850  24.045  -60.858  22.047 0.3000000119
15870  23.258  -64.165  22.218 0.3000000119
16617  23.770  -63.272  21.769 0.3000000119
18041  22.757  -61.520  22.689 0.3000000119
18030  23.236  -61.012  22.914 0.3000000119
18831  22.707  -60.300  23.600 0.3000000119
17324  22.468  -62.198  22.431 0.3000000119
18015  22.103  -60.647  23.953 0.3000000119
18005  22.334  -61.137  24.777 0.3000000119
18803  23.738  -60.437  27.339 0.3000000119
112723  26.260  -61.231  27.253 0.3000000119
17987  25.832  -61.785  26.619 0.3000000119
17994  25.915  -61.735  25.610 0.3000000119
18013  26.038  -61.619  23.412 0.3000000119
18038  26.065  -61.689  21.099 0.3000000119
18849  25.660  -60.291  21.169 0.3000000119
17301  25.641  -62.287  24.054 0.3000000119
18029  26.176  -61.737  22.045 0.3000000119
17321  25.263  -62.061  21.065 0.3000000119
18045  25.645  -61.360  20.798 0.3000000119
19732  24.697  -60.209  21.766 0.3000000119
18829  23.716  -59.744  23.558 0.3000000119
132971  22.328  -60.050  23.943 0.3000000119
18820  23.307  -60.148  24.967 0.3000000119
18004  23.053  -60.857  25.355 0.3000000119
18809  23.619  -60.344  26.096 0.3000000119
18789  27.449  -60.393  28.248 0.3000000119
17993  26.258  -61.139  26.126 0.3000000119
18002  26.440  -61.124  25.079 0.3000000119
18028  26.570  -61.011  22.710 0.3000000119
18044  26.305  -61.042  20.988 0.3000000119
19717  24.586  -59.659  22.814 0.3000000119
19703  24.395  -59.192  23.894 0.3000000119
18808  24.005  -59.666  25.740 0.3000000119
19675  23.910  -59.511  27.483 0.3000000119
19744  26.438  -60.450  21.204 0.3000000119
114221  25.491  -59.505  21.834 0.3000000119
122834  24.563  -59.261  24.984 0.3000000119
121360  24.502  -58.855  25.908 0.3000000119
18802  23.935  -59.817  26.723 0.3000000119
19683  24.230  -59.138  26.722 0.3000000119
19730  27.201  -59.733  21.741 0.3000000119
20601  26.584  -58.894  21.826 0.3000000119
19716  25.279  -58.815  23.142 0.3000000119
19715  28.068  -59.252  22.528 0.3000000119
20591  25.834  -58.143  22.947 0.3000000119
19702  24.943  -58.696  24.404 0.3000000119
19693  24.865  -58.647  25.216 0.3000000119
20560  24.425  -58.312  26.662 0.3000000119
21486  24.053  -57.829  27.229 0.3000000119
3801  35.492  -82.903  15.638 0.5000000000
4347  34.567  -82.382  17.619 0.5000000000
9387  25.760  -73.353  20.223 0.6999999881
5401  34.492  -80.510  20.489 0.4000000060
4346  35.627  -82.141  17.460 0.5000000000
8823  27.764  -75.346  17.830 0.6000000238
8094  28.645  -75.760  23.663 0.5000000000
8821  29.425  -74.951  17.205 0.6000000238
8163  30.666  -75.866  19.902 0.8000000119
8135  30.431  -75.710  21.685 0.6999999881
7549  31.163  -77.135  18.244 0.6000000238
9426  35.408  -73.799  17.533 0.5000000000
6951  32.372  -77.287  16.558 0.6999999881
11220  21.015  -71.041  28.432 0.4000000060
125709  36.392  -73.735  17.467 0.5000000000
6959  35.869  -78.094  15.160 0.6000000238
6926  35.261  -77.827  17.384 0.6000000238
6936  36.268  -78.113  16.106 0.6000000238
11934  22.109  -69.144  26.553 0.3000000119
8208  36.921  -76.934  14.991 0.4000000060
7577  37.516  -77.265  14.840 0.4000000060
15060  25.966  -65.029  28.726 0.4000000060
17282  25.596  -62.441  26.056 0.3000000119
18800  26.783  -60.293  27.510 0.3000000119
8171  36.405  -76.127  18.749 0.5000000000
8159  35.423  -75.429  19.636 0.5000000000
8160  34.560  -75.495  19.686 0.6999999881
8791  34.962  -74.776  20.340 0.6999999881
130044  33.110  -74.777  21.656 0.6000000238
129055  35.806  -76.093  19.128 0.5000000000
8172  35.103  -76.288  19.085 0.6000000238
8146  34.040  -74.830  20.368 0.6000000238
8089  33.378  -75.666  22.925 0.6000000238
7462  33.140  -76.216  22.989 0.6000000238
8775  35.470  -74.325  21.035 0.6999999881
8760  34.233  -74.558  21.801 0.6000000238
8115  33.782  -75.197  22.803 0.6000000238
8776  34.547  -74.440  21.148 0.6999999881
8745  33.542  -74.794  22.129 0.6000000238
8116  33.129  -75.254  22.670 0.6000000238
8759  35.186  -74.391  22.029 0.6999999881
8743  34.979  -74.851  22.702 0.6000000238
8114  34.380  -75.178  22.851 0.6000000238
8774  36.368  -74.249  20.730 0.6000000238
7543  37.305  -76.644  17.466 0.5000000000
7545  35.702  -76.884  18.256 0.5000000000
110922  36.186  -74.158  21.549 0.6999999881
8113  35.852  -74.693  22.446 0.6000000238
7491  34.564  -76.547  22.790 0.6000000238
120709  37.931  -76.371  17.302 0.5000000000
7544  36.557  -76.814  17.792 0.5000000000
125399  39.321  -77.347  15.380 0.5000000000
7554  37.684  -77.130  16.438 0.5000000000
6956  39.320  -77.584  14.676 0.4000000060
8124  23.855  -75.369  22.494 0.4000000060
8123  24.715  -75.880  22.391 0.4000000060
8097  24.484  -75.983  23.036 0.4000000060
7496  25.210  -76.382  22.851 0.5000000000
7470  24.957  -76.222  23.548 0.5000000000
7449  25.443  -76.383  24.257 0.5000000000
6823  22.915  -77.710  26.553 0.6000000238
6945  38.638  -77.525  14.979 0.4000000060
127472  24.964  -76.331  25.018 0.5000000000
7420  23.949  -76.868  26.323 0.5000000000
8098  23.636  -75.754  23.212 0.5000000000
8073  24.211  -75.854  23.654 0.5000000000
8074  23.306  -76.045  23.873 0.5000000000
7451  23.624  -76.233  24.587 0.5000000000
7452  22.668  -76.652  24.596 0.5000000000
7450  24.495  -76.033  24.320 0.5000000000
7442  23.299  -76.680  25.406 0.5000000000
7421  22.988  -77.099  26.114 0.5000000000
6957  38.058  -77.415  14.824 0.5000000000
7441  24.210  -76.394  25.294 0.5000000000
6955  39.887  -77.307  14.517 0.4000000060
6963  38.687  -77.421  14.451 0.4000000060
7583  39.658  -77.162  14.289 0.4000000060
9389  22.886  -72.824  20.254 0.5000000000
7453  21.762  -76.953  24.169 0.5000000000
6935  36.988  -77.835  15.689 0.5000000000
7576  38.356  -77.134  14.429 0.4000000060
10035  23.328  -71.802  20.821 0.5000000000
10055  22.601  -72.297  20.347 0.5000000000
10056  21.854  -72.430  20.122 0.5000000000
10054  23.344  -72.309  20.508 0.5000000000
7584  39.064  -77.184  14.213 0.4000000060
10007  24.160  -71.926  21.599 0.5000000000
10009  22.468  -71.675  20.852 0.5000000000
10008  23.323  -71.644  21.554 0.5000000000
119498  22.669  -71.660  21.935 0.5000000000
10036  21.544  -72.037  20.729 0.5000000000
9392  20.980  -73.203  19.589 0.4000000060
9986  23.213  -71.780  22.934 0.5000000000
10010  21.174  -72.244  21.820 0.6000000238
127636  20.745  -72.865  20.283 0.6000000238
9985  24.680  -72.087  22.605 0.5000000000
9969  23.539  -72.062  24.200 0.5000000000
9987  22.234  -71.873  22.924 0.5000000000
131378  21.548  -72.131  22.713 0.6000000238
9366  20.461  -72.784  21.897 0.6000000238
8785  19.478  -73.959  20.305 0.6000000238
8786  19.151  -74.705  20.405 0.5000000000
8155  18.974  -75.613  20.488 0.5000000000
7530  17.951  -77.455  20.738 0.5000000000
118450  25.038  -72.222  23.646 0.5000000000
9968  24.465  -72.206  24.354 0.5000000000
9971  21.627  -72.308  23.688 0.5000000000
9970  22.497  -72.062  24.207 0.6000000238
9367  19.893  -73.312  21.808 0.6000000238
8766  19.417  -73.619  21.079 0.6000000238
8767  19.049  -74.371  20.920 0.6000000238
7517  18.542  -76.052  21.058 0.5000000000
7477  14.127  -76.801  23.365 0.5000000000
6906  16.652  -77.840  21.498 0.5000000000
9948  24.745  -72.297  25.114 0.5000000000
9949  23.903  -72.406  25.181 0.6000000238
9328  22.457  -72.839  25.361 0.6000000238
8720  21.113  -73.608  24.734 0.6000000238
9353  20.023  -73.341  22.981 0.6000000238
8733  20.032  -73.969  23.919 0.6000000238
8751  19.482  -73.927  22.297 0.6000000238
8734  19.496  -74.216  23.431 0.6000000238
119877  18.841  -74.915  21.508 0.6000000238
8129  18.371  -75.539  21.917 0.5000000000
7518  17.886  -76.854  21.269 0.5000000000
118502  17.457  -76.646  21.861 0.5000000000
7500  16.608  -76.845  22.368 0.5000000000
7519  16.109  -77.552  21.981 0.5000000000
7501  15.543  -77.238  22.670 0.5000000000
128114  23.199  -72.673  25.598 0.6000000238
9319  22.861  -73.033  26.272 0.6000000238
8707  20.921  -74.179  25.546 0.6000000238
8708  20.098  -74.580  25.541 0.6000000238
8721  20.428  -74.152  24.703 0.6000000238
129345  18.899  -74.955  23.971 0.6000000238
8722  19.588  -74.602  24.607 0.6000000238
8100  18.180  -75.283  23.450 0.5000000000
8075  18.157  -75.287  24.417 0.5000000000
122289  17.856  -75.735  22.811 0.5000000000
8102  16.381  -76.096  23.802 0.5000000000
8076  16.824  -75.624  24.484 0.6000000238
7475  15.954  -76.668  23.166 0.5000000000
8103  15.410  -76.266  23.797 0.5000000000
8078  14.946  -75.768  24.527 0.5000000000
8065  13.512  -75.509  24.668 0.5000000000
9321  21.392  -74.050  26.409 0.6000000238
8702  20.528  -74.385  26.454 0.6000000238
8709  19.325  -74.819  25.617 0.6000000238
8710  18.620  -75.106  25.218 0.6000000238
8062  16.428  -75.305  25.307 0.6000000238
8063  15.476  -75.268  25.304 0.5000000000
128064  21.053  -74.153  27.309 0.6000000238
8711  17.827  -74.854  26.166 0.6000000238
8712  16.130  -74.884  25.957 0.6000000238
8713  15.090  -74.593  25.777 0.5000000000
9909  21.205  -72.642  28.607 0.6000000238
9285  21.953  -73.052  28.423 0.6000000238
9921  20.277  -73.478  28.061 0.6000000238
8684  19.075  -74.114  27.183 0.6000000238
8705  15.947  -74.277  26.268 0.5000000000
9910  20.462  -72.787  28.377 0.6000000238
9306  18.673  -73.547  27.574 0.6000000238
10562  19.130  -72.046  28.079 0.6000000238
8685  18.158  -74.062  27.309 0.6000000238
10563  18.359  -72.108  27.712 0.6000000238
9934  16.996  -72.035  26.954 0.5000000000
118159  18.666  -71.263  27.495 0.4000000060
8777  33.577  -74.599  21.204 0.6999999881
7556  36.042  -77.713  17.094 0.5000000000
7555  36.803  -77.476  16.747 0.5000000000
7553  38.502  -76.421  16.786 0.5000000000
7564  38.514  -77.146  15.824 0.5000000000
6867  22.005  -77.261  25.011 0.6000000238
9342  21.114  -72.862  24.097 0.6000000238
8128  18.578  -75.080  22.340 0.6000000238
7474  16.959  -76.320  23.086 0.5000000000
8683  20.071  -74.302  27.188 0.6000000238
8703  19.469  -74.562  26.455 0.6000000238
9307  17.854  -73.406  27.490 0.6000000238
9308  16.973  -72.968  27.174 0.6000000238
3306  36.634  -84.236  15.588 0.4000000060
3286  38.482  -84.110  16.676 0.5000000000
3800  38.931  -83.631  15.749 0.5000000000
3808  38.579  -83.628  15.262 0.4000000060
3809  37.328  -83.589  15.384 0.4000000060
4367  37.886  -83.152  15.131 0.4000000060
4368  37.068  -83.139  15.299 0.4000000060
3789  40.003  -83.308  16.630 0.5000000000
3790  39.322  -83.699  16.533 0.5000000000
4364  38.441  -82.880  15.274 0.5000000000
113588  37.440  -82.246  16.072 0.5000000000
126207  36.712  -82.370  15.973 0.4000000060
4358  40.077  -82.870  16.326 0.5000000000
4909  39.849  -82.245  16.597 0.5000000000
4910  39.021  -82.041  16.640 0.5000000000
4344  37.252  -81.882  17.213 0.5000000000
4361  36.531  -82.119  16.823 0.4000000060
4345  36.417  -81.841  17.703 0.4000000060
4357  40.615  -82.341  16.761 0.5000000000
4900  39.254  -81.545  17.283 0.5000000000
4883  39.685  -81.093  17.892 0.5000000000
4901  38.090  -81.669  17.638 0.5000000000
4903  35.955  -81.665  18.423 0.4000000060
6386  34.871  -78.005  21.923 0.4000000060
6402  34.635  -78.793  21.640 0.4000000060
6400  36.136  -78.383  21.667 0.4000000060
5882  35.221  -79.339  21.322 0.4000000060
5385  35.781  -79.880  20.934 0.4000000060
4884  38.593  -81.253  18.385 0.5000000000
5399  36.289  -80.420  20.412 0.4000000060
4867  35.872  -80.912  19.838 0.4000000060
4887  35.460  -81.387  19.219 0.4000000060
5410  39.015  -80.832  19.033 0.4000000060
4885  37.495  -81.338  18.998 0.5000000000
4886  36.412  -81.385  19.168 0.4000000060
4902  36.911  -81.653  18.282 0.4000000060
5881  36.194  -79.137  21.380 0.4000000060
5908  40.250  -80.041  19.134 0.4000000060
4866  36.807  -80.982  19.835 0.4000000060
5397  39.299  -80.226  19.634 0.4000000060
5411  38.156  -80.967  19.302 0.4000000060
113522  37.577  -80.891  19.776 0.4000000060
6888  35.182  -77.204  22.367 0.4000000060
6887  36.130  -77.007  22.327 0.4000000060
6886  36.910  -77.317  22.163 0.4000000060
116801  37.521  -78.661  21.590 0.4000000060
5880  37.200  -79.238  21.359 0.4000000060
5879  38.147  -79.128  21.367 0.4000000060
5384  36.722  -79.842  20.914 0.4000000060
5897  38.671  -79.752  20.604 0.4000000060
5898  37.707  -79.870  20.867 0.4000000060
120098  34.797  -75.553  22.905 0.5000000000
7490  35.412  -76.236  22.705 0.5000000000
114540  35.566  -75.261  22.770 0.6000000238
7489  36.226  -75.945  22.671 0.5000000000
6399  37.379  -77.917  21.783 0.4000000060
6903  38.319  -77.676  21.829 0.4000000060
6398  38.668  -78.400  21.462 0.4000000060
6397  39.429  -78.415  21.325 0.4000000060
126027  37.015  -75.697  22.725 0.4000000060
8742  36.902  -74.352  22.538 0.5000000000
132944  37.677  -75.516  22.882 0.4000000060
7487  38.415  -76.781  22.309 0.4000000060
8088  38.051  -74.904  23.140 0.5000000000
8111  38.472  -75.775  22.775 0.4000000060
7486  39.256  -76.421  22.422 0.4000000060
115492  37.314  -73.796  22.819 0.6000000238
8758  36.356  -74.251  22.099 0.6000000238
8731  38.465  -74.120  23.233 0.5000000000
8730  39.220  -74.154  23.339 0.4000000060
112345  24.211  -72.694  26.907 0.5000000000
9302  22.351  -73.299  27.597 0.5000000000
9908  22.500  -72.436  28.838 0.5000000000
9301  23.213  -73.000  27.175 0.5000000000
9920  22.839  -72.754  28.206 0.5000000000
113850  22.507  -73.400  26.925 0.5000000000
3799  39.422  -83.200  15.944 0.5000000000
4363  39.181  -83.285  15.007 0.5000000000
6385  35.711  -77.830  21.909 0.4000000060
5398  38.243  -80.497  20.044 0.4000000060
114246  36.930  -76.592  22.489 0.4000000060
6885  37.612  -77.143  22.241 0.4000000060
118372  38.010  -78.355  21.602 0.4000000060
8112  36.430  -75.068  22.725 0.5000000000
6884  39.136  -77.256  21.980 0.4000000060
128322  37.289  -74.929  22.867 0.5000000000
8732  37.661  -74.110  22.989 0.6000000238
8087  38.881  -74.884  23.173 0.5000000000
10597  37.008  -72.834  24.425 0.5000000000
8808  43.548  -74.939  17.180 0.3000000119
123135  42.805  -74.740  17.458 0.3000000119
8809  42.130  -74.937  17.139 0.3000000119
8829  42.902  -75.321  16.721 0.3000000119
8828  43.707  -75.557  16.356 0.3000000119
8186  45.508  -75.213  15.345 0.3000000119
8187  44.546  -75.609  15.497 0.3000000119
8798  42.211  -74.325  18.153 0.3000000119
9411  40.904  -73.951  19.160 0.4000000060
8800  40.393  -74.508  18.641 0.4000000060
8797  43.210  -74.350  17.969 0.3000000119
8812  39.856  -75.025  17.974 0.4000000060
8811  40.741  -74.858  17.758 0.4000000060
8179  37.730  -75.897  17.964 0.4000000060
8170  37.090  -76.031  18.298 0.4000000060
8807  44.398  -75.156  16.753 0.3000000119
8175  41.270  -75.414  16.825 0.3000000119
8177  39.291  -75.756  17.218 0.4000000060
8204  42.968  -76.352  14.978 0.3000000119
8190  41.460  -76.365  15.886 0.3000000119
9399  39.743  -73.516  20.190 0.4000000060
9371  39.472  -73.049  20.979 0.4000000060
9384  37.919  -73.694  20.689 0.4000000060
8773  37.140  -74.078  20.370 0.4000000060
9410  41.708  -73.843  18.878 0.4000000060
8787  40.072  -74.082  19.426 0.4000000060
8772  38.236  -74.260  19.794 0.4000000060
8789  37.411  -74.518  19.703 0.4000000060
124080  42.830  -73.851  18.684 0.3000000119
8801  39.546  -74.672  18.877 0.4000000060
8802  38.683  -74.788  19.049 0.4000000060
8158  36.191  -75.397  19.464 0.4000000060
9424  44.133  -74.449  17.626 0.3000000119
8169  38.205  -75.342  18.462 0.4000000060
8157  37.015  -75.287  19.102 0.4000000060
8806  45.294  -74.551  17.090 0.3000000119
8178  38.422  -75.769  17.661 0.4000000060
8192  39.866  -76.147  16.473 0.4000000060
9997  39.391  -72.874  22.356 0.4000000060
10023  38.628  -72.812  22.193 0.4000000060
10022  40.257  -72.645  21.825 0.4000000060
133530  39.854  -72.793  21.364 0.4000000060
123033  39.398  -72.770  21.723 0.4000000060
9373  37.970  -73.245  21.727 0.4000000060
9395  43.251  -73.283  19.316 0.3000000119
9397  41.454  -73.405  19.636 0.4000000060
9406  45.744  -73.677  17.821 0.3000000119
127831  44.674  -73.825  18.139 0.3000000119
8790  36.623  -74.609  19.887 0.4000000060
9423  46.568  -74.191  16.892 0.3000000119
9338  37.909  -72.791  23.940 0.4000000060
9998  38.341  -72.794  23.144 0.4000000060
7575  40.023  -77.472  15.078 0.3000000119
7574  40.716  -77.193  14.810 0.3000000119
121512  41.039  -76.799  15.653 0.3000000119
124003  35.815  -74.703  20.161 0.4000000060
9385  37.107  -73.812  21.304 0.4000000060
9374  37.459  -73.409  22.156 0.4000000060
9349  38.588  -73.353  23.288 0.4000000060
8810  41.506  -74.712  17.652 0.3000000119
8189  42.988  -75.970  15.785 0.3000000119
8203  43.842  -75.902  15.019 0.3000000119
9398  40.603  -73.426  19.936 0.4000000060
8176  40.273  -75.535  17.082 0.4000000060
8168  38.982  -75.180  18.210 0.4000000060
8156  37.867  -74.964  19.134 0.4000000060
8191  40.658  -76.333  16.153 0.4000000060
9382  40.301  -72.873  20.889 0.4000000060
9372  38.702  -73.134  21.292 0.4000000060
9383  38.873  -73.641  20.417 0.4000000060
9409  42.311  -73.425  19.304 0.3000000119
8788  39.208  -74.218  19.654 0.4000000060
9408  43.714  -73.860  18.498 0.3000000119
9381  41.219  -72.892  20.517 0.4000000060
9380  42.046  -72.957  20.181 0.3000000119
9394  44.203  -73.270  19.025 0.3000000119
128041  36.038  -84.976  19.638 0.3000000119
2791  34.899  -85.320  19.569 0.3000000119
118913  36.733  -84.800  19.843 0.3000000119
3260  35.423  -85.087  19.992 0.3000000119
2802  36.307  -84.988  19.065 0.3000000119
2803  35.537  -85.254  19.089 0.3000000119
132699  37.275  -84.547  20.423 0.3000000119
3240  36.775  -84.484  20.771 0.3000000119
112643  36.069  -84.775  20.369 0.3000000119
3259  37.832  -84.427  20.591 0.3000000119
2814  35.881  -85.100  18.341 0.3000000119
3293  37.871  -84.215  16.036 0.3000000119
3224  37.731  -84.176  22.008 0.3000000119
3225  36.910  -84.145  21.723 0.3000000119
3239  38.054  -84.306  21.397 0.3000000119
127545  37.452  -84.349  21.171 0.3000000119
3241  36.117  -84.411  21.161 0.3000000119
3281  37.199  -84.618  18.220 0.3000000119
3280  38.675  -83.955  17.602 0.3000000119
3287  37.448  -84.434  17.206 0.3000000119
3258  38.280  -84.244  20.783 0.3000000119
114536  37.489  -84.588  19.758 0.3000000119
124122  38.250  -84.255  19.842 0.3000000119
3771  38.849  -83.786  19.523 0.3000000119
117242  38.775  -83.856  18.648 0.3000000119
134121  37.907  -84.266  17.723 0.3000000119
3779  39.600  -83.670  17.472 0.3000000119
4898  41.153  -81.662  17.156 0.4000000060
127562  40.483  -82.850  16.830 0.4000000060
3750  31.750  -83.991  21.731 0.3000000119
3228  30.258  -84.810  22.404 0.3000000119
3242  35.252  -84.761  20.875 0.3000000119
3261  34.622  -85.082  20.265 0.3000000119
4295  35.638  -83.133  22.418 0.3000000119
3734  34.601  -83.521  22.119 0.3000000119
3749  32.789  -83.865  21.580 0.3000000119
3246  30.406  -85.187  21.576 0.3000000119
3715  37.204  -83.496  22.864 0.3000000119
130274  35.130  -83.920  21.679 0.3000000119
127607  33.855  -83.981  21.517 0.3000000119
3244  32.212  -84.278  20.896 0.3000000119
3245  31.261  -84.611  21.180 0.3000000119
3226  36.166  -84.070  21.723 0.3000000119
3747  35.523  -84.267  21.464 0.3000000119
115272  33.250  -84.317  20.844 0.3000000119
3263  32.689  -84.763  20.182 0.3000000119
3243  34.271  -84.632  20.922 0.3000000119
3262  33.706  -84.941  20.246 0.3000000119
3273  36.996  -84.810  19.046 0.3000000119
3282  36.498  -84.863  18.409 0.3000000119
3731  37.415  -83.828  22.532 0.3000000119
3272  37.853  -84.339  18.743 0.3000000119
3736  32.306  -83.473  22.302 0.3000000119
3732  36.531  -83.691  22.333 0.3000000119
3748  34.768  -84.246  21.452 0.3000000119
113400  31.691  -84.894  20.316 0.3000000119
3778  40.398  -83.236  17.401 0.3000000119
6897  44.272  -77.119  20.691 0.3000000119
6911  44.046  -77.879  20.326 0.3000000119
6412  42.785  -78.950  19.859 0.3000000119
5893  42.139  -79.451  19.564 0.4000000060
5907  41.104  -80.003  18.871 0.4000000060
5409  40.033  -80.563  18.452 0.3000000119
6898  43.373  -77.322  21.041 0.3000000119
6395  42.184  -78.386  20.914 0.4000000060
6396  41.215  -78.470  21.185 0.4000000060
124510  40.255  -78.442  21.262 0.4000000060
5896  39.599  -79.569  20.189 0.3000000119
6902  39.752  -77.848  21.761 0.4000000060
5878  39.070  -79.044  21.018 0.3000000119
7531  45.839  -77.317  19.914 0.3000000119
6910  45.258  -77.779  20.079 0.3000000119
6411  43.800  -78.629  19.786 0.4000000060
5906  42.754  -79.761  19.142 0.4000000060
124845  42.064  -80.046  18.776 0.3000000119
118007  40.998  -80.473  17.999 0.3000000119
112538  41.853  -80.994  17.217 0.3000000119
7507  45.286  -77.050  20.139 0.3000000119
7508  43.573  -76.522  21.518 0.3000000119
7509  42.726  -76.806  21.800 0.3000000119
6900  41.615  -77.839  21.705 0.4000000060
7482  42.763  -75.858  22.208 0.3000000119
7483  42.120  -76.375  22.212 0.3000000119
6881  41.934  -77.086  22.062 0.4000000060
6901  40.663  -77.860  21.812 0.4000000060
110719  41.796  -75.714  22.567 0.3000000119
130555  40.686  -76.498  22.452 0.4000000060
6883  40.080  -77.028  22.184 0.4000000060
9347  40.273  -73.858  23.259 0.3000000119
8085  40.484  -74.725  23.258 0.4000000060
7485  40.059  -76.129  22.654 0.4000000060
9363  40.643  -73.481  22.863 0.3000000119
8086  39.667  -74.816  23.276 0.4000000060
9348  39.488  -73.675  23.215 0.3000000119
6383  45.114  -78.627  22.369 0.3000000119
5876  44.375  -79.504  21.188 0.3000000119
5381  44.126  -79.613  20.307 0.3000000119
6919  46.402  -77.268  19.882 0.3000000119
6408  46.158  -77.872  20.439 0.3000000119
5891  45.053  -79.012  19.974 0.3000000119
131986  46.887  -76.416  19.633 0.3000000119
6421  45.115  -78.509  20.031 0.3000000119
5903  44.810  -78.770  19.786 0.3000000119
5905  43.458  -79.716  19.443 0.3000000119
127974  43.032  -80.312  18.836 0.3000000119
5418  42.864  -80.599  18.357 0.3000000119
4342  41.790  -81.502  17.382 0.3000000119
4343  41.058  -82.404  17.406 0.3000000119
8145  46.387  -75.979  20.049 0.3000000119
118659  41.840  -74.397  22.998 0.3000000119
8109  40.852  -75.718  22.827 0.3000000119
8741  41.786  -73.849  22.918 0.3000000119
8728  41.132  -74.061  23.129 0.3000000119
9995  41.515  -72.873  22.370 0.3000000119
9996  40.604  -72.941  22.384 0.3000000119
9364  39.880  -73.341  22.769 0.3000000119
6373  44.726  -78.395  23.379 0.3000000119
6382  45.765  -78.159  22.236 0.3000000119
119145  45.633  -78.557  21.663 0.3000000119
5863  45.205  -79.057  21.335 0.3000000119
6896  46.891  -77.627  20.898 0.3000000119
6394  45.816  -78.653  21.116 0.3000000119
3770  40.652  -83.120  18.153 0.3000000119
6372  44.966  -77.779  23.828 0.3000000119
6880  45.687  -77.728  22.931 0.3000000119
7481  47.053  -76.929  22.421 0.3000000119
6879  46.474  -77.533  22.098 0.3000000119
6393  46.153  -78.081  21.390 0.3000000119
6909  47.003  -77.372  20.035 0.3000000119
6870  45.429  -77.279  23.709 0.3000000119
6869  46.070  -77.064  23.068 0.3000000119
6878  47.532  -77.309  21.481 0.3000000119
4899  40.295  -81.632  17.094 0.3000000119
5895  40.465  -79.541  19.876 0.3000000119
6415  39.896  -78.933  20.680 0.4000000060
8110  39.397  -75.585  22.882 0.4000000060
10021  41.051  -72.535  22.115 0.3000000119
114281  44.780  -77.664  20.168 0.3000000119
6912  43.153  -78.128  20.535 0.3000000119
6410  44.679  -78.358  19.885 0.3000000119
6413  41.746  -78.996  20.354 0.4000000060
6414  40.778  -78.998  20.541 0.4000000060
6882  41.065  -77.153  22.161 0.4000000060
7522  46.318  -76.776  19.691 0.3000000119
6920  44.968  -78.102  19.804 0.3000000119
6423  43.406  -79.465  19.470 0.3000000119
6422  44.211  -79.075  19.597 0.3000000119
5914  42.725  -80.337  18.510 0.4000000060
5408  41.744  -80.449  18.027 0.3000000119
7506  45.545  -76.210  20.482 0.3000000119
8133  44.560  -76.280  21.126 0.3000000119
131808  43.775  -75.708  22.014 0.3000000119
7484  41.402  -76.425  22.385 0.4000000060
9362  41.296  -73.371  22.754 0.3000000119
5875  44.900  -79.261  20.481 0.3000000119
5892  44.545  -79.318  19.944 0.3000000119
5407  43.268  -80.285  19.198 0.3000000119
9994  42.355  -72.956  22.257 0.3000000119
3307  35.739  -84.566  15.387 0.4000000060
3733  35.620  -83.740  21.903 0.3000000119
3810  36.261  -83.571  15.404 0.4000000060
4359  39.284  -82.866  15.872 0.5000000000
4360  38.308  -82.160  16.361 0.5000000000
4365  37.354  -82.754  15.519 0.4000000060
4366  38.621  -83.256  14.957 0.5000000000
5359  29.987  -79.984  23.095 0.6000000238
5394  43.790  -79.622  19.709 0.3000000119
5419  42.510  -80.723  17.881 0.3000000119
5420  40.789  -81.037  17.459 0.3000000119
5854  28.757  -79.851  23.948 0.5000000000
5884  33.588  -79.519  21.349 0.5000000000
5894  41.347  -79.503  19.683 0.4000000060
5904  44.324  -79.186  19.701 0.3000000119
6384  36.509  -77.835  21.876 0.4000000060
6401  35.457  -78.575  21.614 0.4000000060
6409  45.417  -78.496  20.349 0.3000000119
6420  45.540  -77.861  20.148 0.3000000119
6429  34.539  -78.040  16.074 0.6000000238
6836  28.098  -76.746  26.422 0.5000000000
6839  23.460  -77.360  26.749 0.5000000000
6855  28.748  -77.140  25.798 0.5000000000
6892  15.105  -77.572  22.532 0.5000000000
6899  42.512  -77.619  21.401 0.4000000060
6907  15.478  -77.752  22.156 0.5000000000
6922  27.846  -76.797  18.509 0.6999999881
6931  29.933  -77.488  17.489 0.6999999881
6938  34.481  -77.956  16.622 0.6000000238
6940  32.915  -77.543  16.831 0.6999999881
6943  29.253  -77.367  17.379 0.6999999881
6944  28.592  -77.030  17.396 0.6000000238
6946  37.782  -77.421  15.320 0.5000000000
6947  36.048  -78.199  15.429 0.6000000238
6949  34.925  -78.097  15.650 0.6000000238
6962  39.281  -77.361  14.333 0.4000000060
6964  38.018  -77.334  14.732 0.4000000060
7443  22.589  -77.007  25.431 0.6000000238
7454  14.475  -76.323  23.822 0.5000000000
7459  46.359  -76.327  23.292 0.3000000119
7488  37.685  -76.281  22.584 0.4000000060
7492  33.638  -76.912  22.858 0.6999999881
7495  25.880  -76.728  22.651 0.6000000238
7499  17.616  -76.240  22.304 0.5000000000
7529  18.590  -76.715  20.437 0.5000000000
7539  26.954  -76.589  19.413 0.6999999881
7551  27.478  -76.492  18.482 0.6999999881
7552  39.229  -76.605  16.249 0.5000000000
7559  28.105  -76.577  17.831 0.6000000238
7563  40.663  -77.101  15.437 0.3000000119
7569  30.814  -77.003  16.400 0.6999999881
7571  43.248  -76.025  14.611 0.3000000119
7580  34.991  -77.658  15.367 0.6000000238
8061  17.453  -75.282  25.177 0.6000000238
8064  14.383  -75.247  25.128 0.5000000000
8077  15.904  -75.717  24.548 0.6000000238
8090  32.776  -75.708  22.960 0.6000000238
8091  32.061  -75.614  23.131 0.6999999881
8095  27.732  -75.772  23.913 0.5000000000
8096  26.829  -76.108  24.109 0.6000000238
8101  17.303  -75.810  23.686 0.5000000000
8118  30.970  -75.511  22.647 0.6999999881
8141  18.766  -75.229  21.111 0.5000000000
8142  18.153  -76.067  21.616 0.5000000000
8154  19.499  -75.338  19.910 0.5000000000
8162  31.392  -75.904  19.738 0.6000000238
8181  30.986  -75.483  16.741 0.6999999881
8185  27.579  -76.133  17.992 0.6000000238
8188  43.752  -75.868  15.567 0.3000000119
8704  18.461  -74.442  26.787 0.6000000238
8729  39.847  -74.226  23.388 0.3000000119
8735  18.912  -74.609  22.840 0.6000000238
8744  34.353  -74.770  22.468 0.6000000238
8752  19.090  -74.439  21.747 0.6000000238
8779  26.380  -74.798  19.809 0.6999999881
8799  41.230  -74.333  18.385 0.4000000060
8804  27.452  -74.893  18.338 0.6000000238
8822  28.523  -75.250  17.476 0.6000000238
8841  38.794  -74.790  15.364 0.4000000060
9286  21.057  -73.559  28.108 0.6000000238
9303  21.879  -73.778  27.076 0.6000000238
9304  20.466  -73.976  27.676 0.6000000238
9305  19.606  -73.695  27.734 0.6000000238
9320  22.143  -73.493  26.280 0.5000000000
9322  17.330  -73.914  27.109 0.5000000000
9323  16.277  -73.563  26.637 0.6000000238
9329  21.651  -73.541  25.500 0.6000000238
9339  37.189  -72.950  24.394 0.5000000000
9340  36.532  -72.661  24.610 0.5000000000
9341  21.728  -72.813  24.641 0.6000000238
9343  20.537  -73.362  23.963 0.6000000238
9350  38.025  -73.415  23.507 0.6000000238
9351  37.403  -73.474  23.428 0.6000000238
9352  20.851  -72.624  23.105 0.6000000238
9361  42.072  -73.420  22.632 0.3000000119
9365  37.179  -73.822  22.506 0.4000000060
9377  20.150  -72.950  20.948 0.6000000238
9393  20.193  -73.365  20.291 0.6000000238
9396  42.691  -72.959  19.878 0.3000000119
9405  26.605  -73.681  19.317 0.6999999881
9430  31.459  -73.691  18.150 0.6000000238
9905  25.025  -71.909  28.385 0.5000000000
9907  23.269  -72.047  28.832 0.5000000000
9911  19.899  -72.003  28.295 0.6000000238
9918  24.881  -72.443  27.699 0.6000000238
9922  19.709  -72.860  28.188 0.6000000238
9923  18.945  -72.894  27.951 0.6000000238
9924  17.660  -72.456  27.440 0.6000000238
9930  26.985  -71.773  27.028 0.6000000238
9933  23.663  -72.767  26.165 0.6000000238
9942  36.628  -72.346  24.824 0.5000000000
9943  36.247  -72.422  24.837 0.5000000000
9946  26.591  -72.342  25.741 0.5000000000
9950  23.117  -72.347  24.938 0.6000000238
9960  37.224  -72.399  24.598 0.5000000000
9961  36.244  -72.372  24.982 0.5000000000
9962  36.250  -72.450  24.766 0.5000000000
9965  27.299  -72.386  24.507 0.6000000238
9975  38.899  -73.054  22.995 0.4000000060
9976  38.218  -72.794  23.478 0.4000000060
9977  37.781  -72.566  23.947 0.4000000060
9978  36.906  -73.160  24.159 0.5000000000
9979  36.430  -72.602  24.600 0.5000000000
9983  26.354  -72.293  23.436 0.6000000238
9999  37.809  -72.841  23.945 0.5000000000
10000  37.464  -73.496  23.341 0.6000000238
10003  27.645  -72.492  22.938 0.6999999881
10011  20.863  -72.505  20.805 0.6000000238
10024  37.977  -72.788  22.721 0.4000000060
10025  37.561  -73.409  23.267 0.5000000000
10031  27.527  -72.416  21.655 0.6000000238
10037  21.207  -72.622  20.043 0.4000000060
10044  41.077  -72.572  21.469 0.3000000119
10046  32.402  -72.284  20.858 0.8000000119
10049  29.502  -72.485  19.980 0.8000000119
10051  27.122  -72.483  20.146 0.6999999881
10065  30.317  -72.678  19.774 0.8000000119
10074  28.251  -73.356  18.534 0.6999999881
10543  23.190  -71.272  29.255 0.5000000000
10547  26.150  -71.363  28.495 0.4000000060
10549  24.645  -71.225  28.919 0.4000000060
10551  21.935  -71.347  29.013 0.6000000238
10559  27.278  -71.203  27.679 0.6000000238
10561  20.094  -71.143  28.069 0.5000000000
10564  17.617  -71.350  27.122 0.5000000000
10580  27.815  -72.180  25.756 0.4000000060
10588  36.565  -72.454  24.758 0.5000000000
10596  37.227  -72.094  24.422 0.5000000000
10616  30.902  -71.630  22.046 0.6000000238
11207  24.636  -70.303  29.273 0.4000000060
11229  22.080  -70.075  28.075 0.4000000060
11232  19.393  -70.678  27.224 0.4000000060
11881  24.834  -69.443  29.307 0.4000000060
11902  24.189  -68.931  29.090 0.4000000060
11919  22.379  -69.439  27.518 0.4000000060
12635  23.599  -68.694  28.387 0.4000000060
12651  22.646  -68.680  27.096 0.4000000060
13485  22.113  -67.103  23.064 0.3000000119
14274  23.614  -66.651  24.728 0.3000000119
14299  22.378  -66.424  22.924 0.3000000119
14302  20.056  -66.514  23.673 0.3000000119
15068  25.237  -65.403  27.540 0.4000000060
15104  23.858  -65.493  24.150 0.3000000119
15122  22.652  -65.638  22.814 0.3000000119
15125  20.420  -65.674  23.411 0.3000000119
15813  27.159  -64.002  28.929 0.4000000060
15823  25.253  -64.743  27.104 0.4000000060
15831  22.014  -63.781  26.895 0.3000000119
15832  21.213  -64.063  26.362 0.3000000119
15838  24.960  -63.812  25.834 0.4000000060
15839  20.568  -63.438  25.598 0.4000000060
15840  19.777  -63.647  25.197 0.4000000060
15841  19.334  -64.213  24.949 0.3000000119
15861  23.512  -64.742  22.732 0.3000000119
15869  23.842  -64.084  22.376 0.3000000119
15872  21.827  -63.846  22.247 0.3000000119
16543  27.961  -64.011  29.203 0.4000000060
16582  25.315  -63.108  25.463 0.4000000060
16594  20.617  -62.476  24.359 0.4000000060
16606  20.667  -63.233  23.192 0.3000000119
16610  22.992  -63.537  21.948 0.3000000119
16612  21.623  -63.122  22.499 0.3000000119
16618  22.992  -62.772  21.787 0.3000000119
17277  22.703  -62.526  27.271 0.3000000119
17291  25.654  -62.396  25.060 0.4000000060
17293  21.114  -62.046  24.760 0.4000000060
17314  25.510  -62.210  21.824 0.3000000119
17316  22.112  -61.791  23.095 0.3000000119
17323  23.117  -61.950  22.013 0.3000000119
17325  21.820  -62.476  22.760 0.3000000119
17328  24.776  -61.614  21.095 0.3000000119
17329  24.348  -62.297  21.486 0.3000000119
18003  26.000  -61.677  24.570 0.3000000119
18014  22.516  -60.236  24.296 0.3000000119
18031  22.422  -61.115  23.344 0.3000000119
18037  26.612  -61.118  21.549 0.3000000119
18039  24.180  -61.280  21.513 0.3000000119
18046  23.840  -61.820  21.513 0.3000000119
18801  26.352  -60.391  26.659 0.3000000119
18819  23.851  -59.672  24.569 0.3000000119
18830  22.816  -59.812  24.023 0.3000000119
18842  23.786  -60.363  22.952 0.3000000119
18848  26.896  -60.438  21.565 0.3000000119
18856  25.852  -60.844  20.792 0.3000000119
18857  24.956  -60.873  20.971 0.3000000119
19729  27.980  -59.145  22.080 0.3000000119
19731  26.372  -59.811  21.418 0.3000000119
20546  24.003  -58.642  27.408 0.3000000119
20578  25.271  -58.139  23.967 0.3000000119
112405  29.257  -79.219  24.572 0.5000000000
112797  39.996  -76.974  15.805 0.4000000060
113052  25.314  -72.228  24.603 0.5000000000
114498  18.737  -74.777  26.110 0.6000000238
114553  25.319  -69.978  29.283 0.4000000060
114616  35.093  -78.128  16.814 0.6000000238
115030  16.945  -77.249  21.656 0.5000000000
115713  21.952  -71.827  21.750 0.5000000000
116390  36.456  -82.808  15.585 0.4000000060
116514  24.553  -72.644  25.894 0.5000000000
116584  21.882  -72.261  29.002 0.6000000238
117631  45.318  -78.163  22.901 0.3000000119
119600  30.653  -77.455  17.680 0.6999999881
119715  26.089  -76.390  26.064 0.5000000000
120150  25.993  -69.196  29.311 0.4000000060
120436  32.892  -77.132  16.250 0.6999999881
120906  36.860  -73.290  24.072 0.5000000000
121075  28.471  -75.996  22.772 0.6000000238
121579  26.909  -76.782  21.844 0.6000000238
121794  16.880  -74.482  26.511 0.6000000238
122429  21.749  -70.653  28.529 0.4000000060
122609  17.712  -74.380  26.899 0.6000000238
123073  24.166  -72.050  23.334 0.5000000000
123435  36.825  -78.549  21.633 0.4000000060
123651  37.217  -80.446  20.364 0.4000000060
124293  41.425  -74.963  23.057 0.3000000119
124535  33.619  -77.719  22.536 0.6000000238
125143  43.034  -80.067  18.942 0.3000000119
125550  39.041  -77.877  21.611 0.4000000060
125874  23.927  -71.858  22.318 0.5000000000
125959  40.095  -75.416  23.058 0.4000000060
126285  23.940  -75.877  24.081 0.5000000000
126694  27.153  -72.738  19.442 0.6999999881
126943  18.298  -72.922  27.706 0.6000000238
127057  21.681  -73.619  27.712 0.6000000238
127286  45.424  -79.206  20.768 0.3000000119
127585  36.849  -73.894  21.897 0.6999999881
127885  28.977  -76.622  20.450 0.6000000238
128711  37.578  -75.498  18.606 0.4000000060
128748  42.260  -73.838  18.748 0.4000000060
128848  45.011  -75.679  21.325 0.3000000119
129057  38.133  -83.510  15.229 0.4000000060
129175  27.395  -75.730  18.182 0.6000000238
129729  22.672  -71.114  29.225 0.4000000060
129793  26.055  -76.567  23.892 0.5000000000
130328  16.921  -75.048  25.940 0.6000000238
130440  34.863  -76.342  15.997 0.6000000238
131703  28.185  -74.812  17.658 0.6000000238
131894  28.056  -75.835  26.193 0.5000000000
131971  23.557  -66.110  24.156 0.3000000119
132601  30.169  -75.736  22.538 0.6999999881
132824  37.645  -74.077  20.104 0.4000000060
132946  26.572  -60.756  27.407 0.3000000119
133464  23.134  -59.980  23.530 0.3000000119
133500  26.697  -72.200  26.478 0.5000000000
133590  37.194  -73.254  23.880 0.5000000000
134041  31.943  -75.719  19.951 0.8000000119
134079  17.587  -75.499  24.253 0.5000000000
