#!ascii label  , from subject sub-08 vox2ras=TkReg
1049
42941  -9.771  -29.403  98.352 0.0000000000
65118  -35.643  -9.012  91.472 0.0000000000
67208  -43.018  -5.265  84.167 0.0000000000
68347  -44.213  -3.195  78.902 0.0000000000
135340  -32.583  -12.739  93.669 0.0000000000
67250  -46.760  -5.362  80.924 0.0000000000
69400  -50.843  -3.428  73.625 0.0000000000
73260  -53.859  0.703  71.614 0.0000000000
138706  -39.681  -9.827  91.113 0.0000000000
63215  -43.146  -8.893  87.439 0.0000000000
66129  -39.825  -6.615  88.118 0.0000000000
43903  -11.087  -28.039  102.797 0.0000000000
132243  -14.557  -23.666  103.185 0.0000000000
51899  -19.318  -21.123  102.952 0.0000000000
131457  -24.666  -20.889  101.387 0.0000000000
54911  -28.186  -18.665  98.417 0.0000000000
57047  -31.941  -15.071  96.594 0.0000000000
125754  -35.445  -11.651  94.864 0.0000000000
124691  -46.684  -10.633  83.713 0.0000000000
75266  -55.173  2.942  69.675 0.0000000000
65099  -37.986  -7.673  92.065 0.0000000000
66072  -39.620  -6.868  90.170 0.0000000000
65129  -37.873  -7.264  90.084 0.0000000000
45737  -12.058  -26.696  101.773 0.0000000000
46621  -13.944  -26.116  104.003 0.0000000000
140860  -27.949  -16.766  96.726 0.0000000000
55921  -30.081  -16.554  97.781 0.0000000000
58065  -29.440  -14.526  96.801 0.0000000000
62180  -34.239  -10.554  91.995 0.0000000000
62115  -33.112  -11.157  95.000 0.0000000000
64099  -35.368  -8.851  93.933 0.0000000000
62153  -37.480  -10.984  92.785 0.0000000000
67135  -44.038  -5.853  86.498 0.0000000000
144492  -45.044  -9.727  85.716 0.0000000000
128631  -46.275  -5.657  85.006 0.0000000000
68330  -44.876  -4.552  79.310 0.0000000000
66253  -48.343  -6.438  79.576 0.0000000000
66289  -46.175  -6.746  78.229 0.0000000000
66303  -44.234  -5.846  76.407 0.0000000000
69394  -52.383  -4.039  75.191 0.0000000000
71321  -50.246  -2.356  76.513 0.0000000000
58086  -30.996  -15.002  94.187 0.0000000000
68354  -41.890  -4.004  76.923 0.0000000000
70416  -53.426  -2.541  72.513 0.0000000000
69417  -54.884  -3.573  71.775 0.0000000000
73326  -55.803  0.936  67.817 0.0000000000
60094  -40.319  -11.551  88.715 0.0000000000
63203  -41.306  -8.972  89.515 0.0000000000
66115  -42.053  -6.327  88.414 0.0000000000
42910  -10.850  -29.314  101.359 0.0000000000
48792  -16.259  -22.915  100.429 0.0000000000
135117  -17.175  -21.702  102.551 0.0000000000
48777  -18.758  -22.597  101.277 0.0000000000
48780  -21.723  -23.004  101.442 0.0000000000
47650  -24.182  -23.933  100.947 0.0000000000
48800  -26.330  -21.960  99.627 0.0000000000
53048  -27.393  -19.973  99.883 0.0000000000
53075  -29.648  -19.537  96.604 0.0000000000
60026  -31.981  -12.474  95.450 0.0000000000
59025  -33.664  -12.919  96.443 0.0000000000
58081  -35.557  -14.960  94.220 0.0000000000
59061  -37.884  -13.521  92.599 0.0000000000
59071  -39.159  -12.857  91.363 0.0000000000
130225  -48.669  -6.853  82.683 0.0000000000
72270  -46.482  -0.243  76.415 0.0000000000
70372  -44.899  -2.279  77.195 0.0000000000
42920  -8.951  -29.538  100.830 0.0000000000
65108  -36.844  -7.968  91.705 0.0000000000
66082  -37.804  -7.089  90.828 0.0000000000
65120  -37.049  -7.857  90.642 0.0000000000
54945  -28.099  -17.153  95.351 0.0000000000
134108  -28.769  -15.544  96.950 0.0000000000
57072  -29.221  -16.151  94.889 0.0000000000
130291  -34.907  -9.222  91.836 0.0000000000
64115  -34.490  -9.089  93.174 0.0000000000
65095  -35.310  -8.618  92.444 0.0000000000
64108  -36.584  -8.506  93.288 0.0000000000
66148  -45.063  -6.199  85.986 0.0000000000
68240  -45.002  -4.693  85.023 0.0000000000
68336  -44.168  -3.727  79.015 0.0000000000
144119  -45.802  -4.861  78.782 0.0000000000
67292  -44.730  -4.383  78.526 0.0000000000
66304  -45.020  -6.641  77.076 0.0000000000
67300  -44.155  -4.592  77.369 0.0000000000
66318  -52.970  -5.339  74.246 0.0000000000
67303  -51.875  -5.011  76.025 0.0000000000
66329  -51.545  -6.413  74.105 0.0000000000
133692  -51.991  -1.199  71.053 0.0000000000
71375  -53.996  -0.744  72.005 0.0000000000
70400  -53.996  -2.915  72.871 0.0000000000
71369  -54.330  -1.381  71.967 0.0000000000
70433  -55.518  -2.929  70.964 0.0000000000
72300  -55.268  -0.335  71.205 0.0000000000
123440  -55.776  2.213  69.175 0.0000000000
61087  -40.260  -11.208  90.218 0.0000000000
61094  -40.804  -10.714  89.287 0.0000000000
62196  -40.673  -9.994  90.048 0.0000000000
67114  -39.923  -6.341  89.308 0.0000000000
66099  -40.587  -6.443  89.297 0.0000000000
142068  -40.740  -6.140  88.447 0.0000000000
67133  -41.905  -5.675  87.768 0.0000000000
66145  -40.939  -6.132  87.239 0.0000000000
122991  -12.235  -28.929  101.994 0.0000000000
43909  -13.000  -27.907  103.032 0.0000000000
47631  -14.183  -24.593  103.344 0.0000000000
51911  -18.379  -20.904  102.742 0.0000000000
50831  -18.234  -21.367  103.030 0.0000000000
49803  -17.479  -22.050  102.427 0.0000000000
49819  -19.160  -22.359  102.120 0.0000000000
48796  -20.356  -23.043  100.868 0.0000000000
49806  -20.267  -22.246  102.684 0.0000000000
139307  -24.920  -22.517  101.332 0.0000000000
48798  -25.315  -23.238  100.139 0.0000000000
49822  -25.870  -22.053  100.109 0.0000000000
54003  -27.399  -18.890  98.353 0.0000000000
53995  -27.293  -19.434  98.979 0.0000000000
144663  -28.042  -19.502  99.165 0.0000000000
50874  -27.755  -20.571  99.564 0.0000000000
51966  -28.963  -20.021  98.981 0.0000000000
51997  -29.279  -20.228  97.063 0.0000000000
54004  -29.645  -18.523  98.084 0.0000000000
55936  -30.911  -15.993  96.969 0.0000000000
136532  -30.967  -17.277  96.378 0.0000000000
55951  -31.714  -15.843  96.547 0.0000000000
55953  -33.512  -16.033  96.084 0.0000000000
59040  -30.955  -13.770  95.078 0.0000000000
60043  -32.209  -12.548  94.478 0.0000000000
62117  -34.351  -10.986  94.910 0.0000000000
61013  -33.557  -11.755  96.064 0.0000000000
60027  -34.606  -12.404  95.647 0.0000000000
58075  -35.133  -14.324  94.940 0.0000000000
139204  -35.649  -13.069  94.370 0.0000000000
60036  -36.510  -12.354  93.824 0.0000000000
62167  -38.641  -10.670  91.879 0.0000000000
131744  -38.876  -12.160  92.011 0.0000000000
61077  -39.536  -11.275  91.103 0.0000000000
60074  -39.621  -12.287  90.132 0.0000000000
144349  -10.365  -27.446  102.765 0.0000000000
43902  -10.259  -28.088  103.168 0.0000000000
133795  -10.055  -28.784  103.265 0.0000000000
62232  -42.391  -10.112  87.461 0.0000000000
62246  -44.096  -10.259  86.248 0.0000000000
62257  -45.795  -10.640  85.091 0.0000000000
67223  -46.914  -5.386  82.663 0.0000000000
68284  -47.084  -4.992  83.396 0.0000000000
68311  -47.754  -5.471  81.978 0.0000000000
64268  -48.028  -8.362  79.587 0.0000000000
122736  -48.480  -8.414  80.830 0.0000000000
69347  -48.981  -2.067  77.066 0.0000000000
72272  -48.175  -0.758  76.454 0.0000000000
71306  -47.569  -1.069  77.836 0.0000000000
72240  -45.747  -0.969  77.907 0.0000000000
132857  -46.215  -1.753  77.771 0.0000000000
69377  -45.137  -3.202  76.046 0.0000000000
75243  -53.023  2.201  70.341 0.0000000000
74310  -54.355  1.776  70.628 0.0000000000
75264  -53.425  3.148  70.232 0.0000000000
77229  -53.803  4.922  69.015 0.0000000000
63175  -38.441  -8.871  91.675 0.0000000000
64129  -39.621  -8.266  90.704 0.0000000000
136330  -39.031  -7.022  90.741 0.0000000000
66097  -38.884  -6.850  90.059 0.0000000000
65140  -38.476  -7.300  89.379 0.0000000000
45715  -11.929  -26.770  102.441 0.0000000000
45711  -13.004  -26.866  103.108 0.0000000000
120708  -14.068  -23.688  103.306 0.0000000000
54916  -28.314  -18.016  97.906 0.0000000000
54917  -29.286  -17.719  97.860 0.0000000000
55934  -28.718  -16.508  97.135 0.0000000000
57045  -29.567  -14.933  97.176 0.0000000000
58057  -30.015  -14.384  96.980 0.0000000000
61063  -33.391  -11.420  93.011 0.0000000000
61049  -32.607  -11.767  94.440 0.0000000000
62150  -33.927  -10.491  93.678 0.0000000000
63151  -34.442  -9.485  94.072 0.0000000000
62133  -35.246  -10.172  94.419 0.0000000000
62135  -36.595  -10.851  93.849 0.0000000000
63165  -36.384  -9.056  93.634 0.0000000000
63174  -37.660  -9.006  92.265 0.0000000000
120697  -11.268  -27.023  101.814 0.0000000000
65151  -43.760  -7.254  86.875 0.0000000000
63228  -44.400  -9.293  86.501 0.0000000000
65153  -44.717  -8.118  86.477 0.0000000000
64199  -45.559  -8.454  85.476 0.0000000000
64211  -46.776  -8.377  84.190 0.0000000000
67263  -45.077  -5.038  79.591 0.0000000000
68332  -47.507  -5.198  80.239 0.0000000000
67264  -46.885  -5.176  79.619 0.0000000000
65240  -47.044  -7.182  78.737 0.0000000000
70385  -51.672  -3.295  75.210 0.0000000000
70384  -50.312  -2.386  75.374 0.0000000000
70366  -51.613  -3.362  76.230 0.0000000000
69367  -50.970  -3.263  77.149 0.0000000000
63193  -35.865  -10.091  90.337 0.0000000000
62181  -34.765  -10.529  91.236 0.0000000000
67210  -44.636  -4.578  83.888 0.0000000000
66251  -44.139  -5.794  79.623 0.0000000000
66267  -43.568  -5.229  79.206 0.0000000000
68346  -42.699  -4.027  78.638 0.0000000000
69344  -42.447  -3.458  78.146 0.0000000000
69402  -52.526  -3.557  73.253 0.0000000000
140995  -53.272  -3.469  73.348 0.0000000000
69403  -53.657  -4.010  73.173 0.0000000000
67350  -53.904  -4.993  72.595 0.0000000000
128197  -55.866  0.649  69.888 0.0000000000
72346  -55.409  -0.645  68.853 0.0000000000
130092  -40.604  -11.214  88.062 0.0000000000
139101  -41.776  -10.100  88.190 0.0000000000
63214  -42.416  -8.857  88.148 0.0000000000
65121  -40.821  -7.498  89.851 0.0000000000
65130  -41.289  -7.446  89.446 0.0000000000
65141  -42.241  -7.285  88.158 0.0000000000
67117  -42.866  -6.022  88.015 0.0000000000
67155  -42.599  -5.575  86.542 0.0000000000
64160  -37.040  -9.272  88.911 0.0000000000
64173  -37.818  -9.001  88.225 0.0000000000
65160  -39.834  -8.035  85.972 0.0000000000
42922  -10.576  -29.489  100.442 0.0000000000
41958  -12.058  -29.475  99.894 0.0000000000
48817  -16.519  -23.376  98.494 0.0000000000
49815  -13.759  -22.537  102.405 0.0000000000
49791  -14.393  -22.156  103.085 0.0000000000
49801  -15.462  -22.273  102.692 0.0000000000
49829  -16.751  -22.438  100.702 0.0000000000
124385  -22.663  -23.622  99.567 0.0000000000
46653  -23.677  -23.732  99.267 0.0000000000
51952  -24.476  -20.415  99.989 0.0000000000
126868  -25.733  -20.211  99.376 0.0000000000
53046  -25.572  -20.591  100.118 0.0000000000
50866  -27.062  -21.544  99.884 0.0000000000
49839  -27.132  -21.350  98.847 0.0000000000
54011  -30.180  -17.969  97.654 0.0000000000
142266  -30.257  -14.936  95.260 0.0000000000
59022  -30.763  -13.972  96.402 0.0000000000
135014  -31.335  -13.677  96.755 0.0000000000
61033  -32.452  -11.715  95.304 0.0000000000
60018  -32.423  -12.422  96.541 0.0000000000
58067  -33.037  -14.343  96.389 0.0000000000
58068  -33.930  -14.524  96.015 0.0000000000
57067  -34.968  -15.465  94.902 0.0000000000
125934  -37.585  -14.240  91.762 0.0000000000
130136  -37.639  -12.329  93.028 0.0000000000
59062  -38.499  -13.226  92.416 0.0000000000
58115  -38.365  -13.677  90.625 0.0000000000
123013  -38.721  -13.197  89.584 0.0000000000
42899  -9.576  -29.232  102.266 0.0000000000
68260  -46.233  -5.077  84.170 0.0000000000
66203  -47.523  -6.019  84.123 0.0000000000
64212  -47.382  -8.466  83.432 0.0000000000
66231  -48.966  -6.741  81.294 0.0000000000
63277  -48.118  -8.754  81.907 0.0000000000
61152  -46.882  -10.998  82.672 0.0000000000
70358  -42.259  -2.623  76.527 0.0000000000
70345  -42.779  -2.087  77.463 0.0000000000
71345  -48.696  -1.750  75.153 0.0000000000
71343  -46.542  -1.109  74.817 0.0000000000
72267  -43.911  -0.980  76.088 0.0000000000
71302  -43.691  -0.966  77.864 0.0000000000
70359  -44.219  -1.969  78.520 0.0000000000
69375  -44.116  -3.481  76.936 0.0000000000
42940  -8.772  -29.326  98.151 0.0000000000
65106  -36.076  -8.700  91.780 0.0000000000
65107  -36.949  -7.958  91.164 0.0000000000
65119  -36.506  -8.624  91.015 0.0000000000
54965  -28.371  -17.867  94.674 0.0000000000
55968  -28.622  -16.463  95.496 0.0000000000
133735  -35.104  -8.866  92.166 0.0000000000
65096  -36.127  -8.405  92.388 0.0000000000
68256  -43.365  -4.549  85.120 0.0000000000
68239  -44.234  -4.453  85.347 0.0000000000
67193  -44.103  -4.224  84.377 0.0000000000
69336  -43.810  -3.245  79.055 0.0000000000
67291  -44.387  -3.891  78.522 0.0000000000
67301  -44.407  -5.046  77.576 0.0000000000
137577  -44.331  -3.523  78.421 0.0000000000
66342  -52.584  -6.645  73.399 0.0000000000
127964  -52.185  -6.212  74.216 0.0000000000
72297  -53.362  0.353  71.460 0.0000000000
72298  -53.984  0.057  71.963 0.0000000000
72291  -54.208  -0.702  71.940 0.0000000000
72292  -54.870  -0.842  71.826 0.0000000000
72299  -54.630  -0.098  71.735 0.0000000000
62183  -39.925  -10.493  90.880 0.0000000000
62195  -40.380  -10.536  90.353 0.0000000000
63194  -40.360  -9.542  90.450 0.0000000000
66114  -39.964  -6.276  88.879 0.0000000000
67115  -40.344  -6.244  88.868 0.0000000000
66130  -40.568  -6.181  88.253 0.0000000000
66144  -40.286  -6.536  87.556 0.0000000000
43908  -10.934  -28.317  102.746 0.0000000000
123514  -12.114  -28.290  102.821 0.0000000000
47632  -14.638  -24.588  103.004 0.0000000000
51912  -19.226  -20.846  102.676 0.0000000000
51897  -18.019  -21.032  102.978 0.0000000000
50832  -18.926  -21.411  103.019 0.0000000000
49793  -18.776  -21.859  103.037 0.0000000000
49805  -19.419  -22.137  102.760 0.0000000000
49820  -20.121  -22.628  102.205 0.0000000000
50856  -24.077  -21.150  101.640 0.0000000000
123107  -24.803  -21.624  101.460 0.0000000000
49821  -25.467  -22.102  100.915 0.0000000000
50857  -25.264  -21.140  101.133 0.0000000000
53996  -27.797  -19.136  98.775 0.0000000000
53997  -28.472  -19.241  98.841 0.0000000000
53056  -28.107  -19.809  99.353 0.0000000000
53057  -28.732  -19.662  98.969 0.0000000000
53062  -29.155  -19.405  98.497 0.0000000000
53998  -29.060  -18.987  98.398 0.0000000000
123327  -31.018  -15.227  96.982 0.0000000000
57055  -32.733  -15.691  96.365 0.0000000000
59050  -32.074  -13.436  94.055 0.0000000000
61022  -34.884  -11.259  95.087 0.0000000000
133746  -34.867  -11.824  95.296 0.0000000000
60028  -35.199  -12.517  94.970 0.0000000000
60035  -35.930  -12.296  94.403 0.0000000000
128096  -36.248  -13.095  93.848 0.0000000000
63176  -39.001  -9.886  91.696 0.0000000000
62182  -39.308  -10.599  91.428 0.0000000000
61078  -40.028  -11.089  90.641 0.0000000000
45710  -10.876  -27.643  102.740 0.0000000000
44838  -10.174  -27.879  103.297 0.0000000000
62220  -42.804  -9.453  87.517 0.0000000000
62233  -43.484  -9.930  86.900 0.0000000000
132531  -43.569  -9.445  87.078 0.0000000000
62258  -46.421  -10.555  84.400 0.0000000000
61134  -45.978  -11.249  84.725 0.0000000000
132535  -46.158  -12.739  84.242 0.0000000000
60141  -46.384  -11.966  83.880 0.0000000000
66229  -46.537  -5.801  81.892 0.0000000000
68310  -47.436  -5.405  82.438 0.0000000000
122318  -47.666  -5.404  81.612 0.0000000000
70396  -49.913  -3.363  73.268 0.0000000000
70363  -48.328  -2.492  77.187 0.0000000000
71307  -48.274  -1.264  77.324 0.0000000000
70348  -47.026  -1.445  77.917 0.0000000000
64127  -38.314  -7.880  91.781 0.0000000000
64128  -38.969  -8.030  91.322 0.0000000000
65109  -38.550  -7.341  91.344 0.0000000000
66096  -37.592  -7.261  90.617 0.0000000000
122045  -38.110  -7.043  90.712 0.0000000000
139619  -38.548  -6.923  90.020 0.0000000000
66113  -39.132  -6.725  89.666 0.0000000000
45724  -11.622  -26.960  102.293 0.0000000000
48765  -13.685  -23.189  102.692 0.0000000000
54944  -27.726  -17.382  96.172 0.0000000000
54931  -27.489  -17.556  97.064 0.0000000000
54922  -27.513  -17.689  97.714 0.0000000000
55933  -27.944  -16.978  97.301 0.0000000000
55919  -28.994  -17.192  97.462 0.0000000000
144138  -28.912  -14.871  96.902 0.0000000000
58055  -29.038  -14.848  97.162 0.0000000000
59017  -29.975  -14.267  96.802 0.0000000000
62164  -33.914  -10.617  92.875 0.0000000000
62163  -33.503  -11.072  93.537 0.0000000000
64105  -34.741  -8.809  93.446 0.0000000000
64097  -34.406  -9.152  93.816 0.0000000000
64098  -34.719  -8.912  93.942 0.0000000000
63139  -34.679  -10.176  94.386 0.0000000000
63153  -35.699  -9.458  94.011 0.0000000000
134251  -35.989  -8.786  93.756 0.0000000000
64117  -37.400  -8.117  92.648 0.0000000000
64118  -37.980  -8.110  92.235 0.0000000000
66132  -43.819  -6.489  86.792 0.0000000000
134741  -44.307  -6.861  86.597 0.0000000000
66166  -45.584  -5.974  85.571 0.0000000000
66149  -45.375  -6.790  85.934 0.0000000000
65174  -46.065  -7.458  85.201 0.0000000000
64200  -46.111  -8.352  84.813 0.0000000000
65175  -46.749  -7.450  84.655 0.0000000000
68331  -45.628  -4.867  79.503 0.0000000000
68338  -46.100  -4.956  79.456 0.0000000000
66268  -45.977  -5.515  78.431 0.0000000000
66269  -46.711  -5.998  78.714 0.0000000000
65252  -47.029  -8.284  78.605 0.0000000000
65250  -45.659  -7.448  77.443 0.0000000000
70377  -52.142  -3.950  75.156 0.0000000000
70376  -51.801  -3.551  75.686 0.0000000000
69381  -51.989  -3.912  75.714 0.0000000000
68356  -49.520  -3.885  76.654 0.0000000000
63184  -34.966  -9.711  91.049 0.0000000000
140023  -41.830  -4.914  76.682 0.0000000000
68345  -42.155  -4.480  77.668 0.0000000000
70432  -52.921  -2.094  71.815 0.0000000000
69437  -52.634  -2.828  72.017 0.0000000000
69416  -52.621  -3.301  72.549 0.0000000000
131763  -53.103  -3.318  72.876 0.0000000000
70399  -52.959  -3.677  73.512 0.0000000000
70417  -53.635  -3.049  72.917 0.0000000000
70401  -54.468  -3.138  72.421 0.0000000000
131581  -54.057  -3.389  72.978 0.0000000000
69404  -54.358  -3.710  72.707 0.0000000000
67341  -53.954  -4.508  72.849 0.0000000000
67351  -54.471  -4.440  72.112 0.0000000000
67360  -54.260  -4.948  71.769 0.0000000000
68408  -54.805  -4.004  71.656 0.0000000000
123944  -55.467  -2.518  70.748 0.0000000000
75245  -54.698  2.451  70.266 0.0000000000
140255  -54.973  1.706  70.446 0.0000000000
75246  -55.317  1.984  69.940 0.0000000000
74343  -55.957  1.376  68.532 0.0000000000
73310  -55.891  0.561  69.033 0.0000000000
61108  -40.125  -11.586  87.967 0.0000000000
62207  -41.006  -9.922  89.567 0.0000000000
62218  -41.341  -10.159  88.816 0.0000000000
62208  -41.444  -9.525  89.096 0.0000000000
62219  -41.985  -9.594  88.334 0.0000000000
63204  -41.752  -8.858  88.895 0.0000000000
65111  -40.129  -7.581  90.265 0.0000000000
129720  -40.331  -6.905  89.930 0.0000000000
66100  -41.255  -6.429  88.879 0.0000000000
66086  -40.884  -6.830  89.526 0.0000000000
66101  -41.476  -6.873  88.898 0.0000000000
65131  -41.655  -7.366  88.791 0.0000000000
134675  -41.968  -6.817  88.445 0.0000000000
66116  -42.602  -6.609  88.083 0.0000000000
67153  -41.691  -5.759  87.134 0.0000000000
42933  -11.325  -29.530  99.802 0.0000000000
42923  -11.498  -29.373  100.612 0.0000000000
42903  -12.764  -28.415  101.871 0.0000000000
45712  -13.762  -26.585  103.587 0.0000000000
45713  -14.081  -26.547  103.957 0.0000000000
46650  -15.418  -24.974  100.118 0.0000000000
48806  -15.812  -23.528  100.166 0.0000000000
48807  -16.236  -23.324  99.463 0.0000000000
50851  -13.914  -21.979  101.875 0.0000000000
50839  -13.946  -21.990  102.650 0.0000000000
119709  -16.278  -21.881  102.385 0.0000000000
49802  -16.164  -22.125  102.232 0.0000000000
49818  -18.088  -22.292  102.032 0.0000000000
49817  -16.956  -22.242  101.785 0.0000000000
49830  -17.659  -22.391  100.999 0.0000000000
48793  -17.381  -22.528  100.000 0.0000000000
48794  -18.379  -22.711  100.282 0.0000000000
48810  -19.123  -23.092  99.542 0.0000000000
48779  -20.708  -23.043  101.656 0.0000000000
144459  -20.921  -22.867  100.252 0.0000000000
139746  -21.693  -23.247  99.973 0.0000000000
47659  -22.194  -23.263  100.408 0.0000000000
130336  -23.807  -23.195  101.320 0.0000000000
48782  -23.075  -23.225  101.225 0.0000000000
143649  -23.633  -23.616  101.057 0.0000000000
47661  -23.645  -23.919  99.885 0.0000000000
121642  -23.986  -24.060  100.262 0.0000000000
47662  -24.492  -24.068  100.246 0.0000000000
142870  -25.480  -22.908  99.825 0.0000000000
47664  -25.326  -23.114  99.651 0.0000000000
48812  -25.704  -22.763  98.906 0.0000000000
47675  -26.281  -22.985  98.030 0.0000000000
48813  -26.268  -22.138  98.899 0.0000000000
53054  -26.983  -19.796  99.660 0.0000000000
53994  -26.585  -19.783  99.111 0.0000000000
53053  -26.160  -20.232  99.649 0.0000000000
53047  -26.652  -20.202  100.017 0.0000000000
51940  -26.364  -20.851  100.216 0.0000000000
51941  -27.224  -20.520  100.046 0.0000000000
51965  -28.206  -20.434  98.958 0.0000000000
50873  -27.352  -21.157  99.648 0.0000000000
144419  -27.558  -20.858  99.068 0.0000000000
49847  -27.139  -21.965  97.815 0.0000000000
51998  -29.563  -20.546  95.799 0.0000000000
54918  -29.931  -17.241  98.017 0.0000000000
54005  -30.049  -17.599  98.047 0.0000000000
58085  -30.417  -15.200  94.681 0.0000000000
139573  -30.764  -14.605  94.597 0.0000000000
60025  -31.408  -13.181  95.264 0.0000000000
60016  -31.409  -13.271  95.894 0.0000000000
59023  -31.413  -13.565  96.503 0.0000000000
62131  -33.127  -11.185  94.747 0.0000000000
61034  -32.648  -11.438  94.929 0.0000000000
62114  -32.685  -11.345  95.135 0.0000000000
60020  -33.989  -12.313  96.144 0.0000000000
60019  -33.233  -12.277  96.479 0.0000000000
59024  -32.307  -12.961  96.886 0.0000000000
124600  -33.366  -13.583  96.442 0.0000000000
131931  -33.945  -13.609  96.090 0.0000000000
131809  -35.188  -15.095  94.833 0.0000000000
57074  -35.290  -15.599  94.315 0.0000000000
59052  -37.409  -13.762  93.034 0.0000000000
58098  -37.994  -13.699  92.189 0.0000000000
62152  -36.911  -10.592  93.223 0.0000000000
61050  -37.109  -11.460  93.316 0.0000000000
61051  -37.910  -11.655  92.709 0.0000000000
60056  -39.039  -12.854  92.075 0.0000000000
59070  -38.830  -13.347  91.900 0.0000000000
59077  -38.864  -13.305  91.059 0.0000000000
59084  -38.792  -13.208  90.260 0.0000000000
59078  -39.174  -12.812  90.581 0.0000000000
60084  -40.045  -11.850  89.466 0.0000000000
60083  -39.570  -12.413  89.487 0.0000000000
60093  -39.721  -12.153  88.745 0.0000000000
121377  -10.306  -29.057  102.835 0.0000000000
121331  -10.340  -29.224  102.015 0.0000000000
42909  -9.805  -29.418  101.223 0.0000000000
63229  -44.797  -9.386  86.024 0.0000000000
62247  -44.565  -10.108  85.970 0.0000000000
124338  -44.907  -10.552  85.623 0.0000000000
66202  -45.422  -5.393  83.321 0.0000000000
68282  -45.711  -4.874  84.048 0.0000000000
67213  -48.085  -5.532  82.712 0.0000000000
67212  -47.437  -5.267  83.486 0.0000000000
66204  -48.168  -6.124  83.213 0.0000000000
65188  -47.942  -7.662  83.420 0.0000000000
65198  -48.433  -7.662  82.889 0.0000000000
67266  -48.327  -5.802  79.853 0.0000000000
68324  -48.363  -5.500  81.005 0.0000000000
144774  -48.782  -6.326  80.645 0.0000000000
128884  -48.419  -8.477  81.329 0.0000000000
128252  -47.547  -9.830  81.854 0.0000000000
61153  -47.189  -10.068  82.555 0.0000000000
61162  -47.287  -10.336  82.218 0.0000000000
71318  -43.073  -1.430  76.903 0.0000000000
120359  -50.837  -2.442  75.927 0.0000000000
71346  -49.457  -1.894  75.724 0.0000000000
72271  -47.305  -0.333  76.466 0.0000000000
144423  -47.596  -0.655  75.771 0.0000000000
72284  -46.890  -0.517  75.616 0.0000000000
71342  -45.658  -1.254  74.706 0.0000000000
72282  -45.157  -0.996  75.478 0.0000000000
72281  -44.275  -1.092  75.296 0.0000000000
72269  -45.534  -0.429  76.514 0.0000000000
71304  -45.099  -1.185  78.064 0.0000000000
72238  -44.154  -0.664  77.614 0.0000000000
71303  -44.348  -0.998  78.202 0.0000000000
70346  -44.033  -1.445  78.378 0.0000000000
70360  -44.574  -1.511  78.392 0.0000000000
69362  -44.437  -2.321  78.085 0.0000000000
65098  -37.558  -7.743  92.206 0.0000000000
66064  -38.003  -7.317  91.617 0.0000000000
66070  -37.445  -7.332  91.124 0.0000000000
66081  -37.454  -7.330  90.886 0.0000000000
65128  -37.148  -7.900  89.964 0.0000000000
55949  -28.057  -16.711  96.010 0.0000000000
57043  -28.398  -16.371  96.902 0.0000000000
55950  -28.549  -16.139  96.409 0.0000000000
57064  -28.999  -15.711  95.829 0.0000000000
58072  -29.189  -15.005  96.323 0.0000000000
63183  -34.542  -9.744  91.834 0.0000000000
63173  -34.349  -9.770  93.107 0.0000000000
144493  -34.717  -9.000  92.502 0.0000000000
64116  -34.845  -8.742  92.795 0.0000000000
65088  -35.363  -8.508  93.096 0.0000000000
64107  -35.793  -8.613  93.534 0.0000000000
65089  -36.345  -8.347  93.027 0.0000000000
65097  -36.991  -7.892  92.370 0.0000000000
67157  -44.192  -5.054  86.001 0.0000000000
66147  -44.517  -6.333  86.393 0.0000000000
67176  -44.804  -4.980  85.556 0.0000000000
67177  -45.450  -5.254  85.238 0.0000000000
68329  -44.348  -4.285  79.152 0.0000000000
68337  -45.546  -4.559  79.150 0.0000000000
67278  -44.804  -4.235  79.080 0.0000000000
67293  -45.331  -4.856  78.488 0.0000000000
66288  -45.504  -6.124  77.805 0.0000000000
66287  -44.873  -5.497  77.670 0.0000000000
68374  -52.831  -4.766  74.470 0.0000000000
68360  -52.160  -4.461  75.664 0.0000000000
67315  -52.745  -5.040  74.821 0.0000000000
66316  -51.898  -5.781  74.693 0.0000000000
71374  -53.025  -1.295  71.425 0.0000000000
71367  -53.780  -1.523  72.072 0.0000000000
141095  -53.818  -2.209  72.472 0.0000000000
71368  -53.880  -1.582  72.015 0.0000000000
71359  -54.000  -2.115  72.280 0.0000000000
70418  -55.019  -2.850  71.647 0.0000000000
69438  -55.435  -3.317  70.985 0.0000000000
131872  -55.206  -2.233  71.354 0.0000000000
71376  -55.283  -1.412  71.124 0.0000000000
72316  -55.502  -0.703  70.397 0.0000000000
76206  -55.065  3.451  69.167 0.0000000000
75279  -55.573  2.977  68.685 0.0000000000
130826  -55.832  2.224  68.315 0.0000000000
74353  -55.547  1.450  67.172 0.0000000000
61093  -40.401  -11.268  89.736 0.0000000000
132129  -40.491  -11.302  89.229 0.0000000000
62206  -40.610  -10.648  89.884 0.0000000000
63195  -40.844  -9.161  89.917 0.0000000000
67088  -39.669  -6.682  89.918 0.0000000000
66085  -40.143  -6.595  89.759 0.0000000000
67101  -40.093  -6.396  89.410 0.0000000000
67102  -40.845  -6.190  88.640 0.0000000000
67116  -41.639  -5.966  88.361 0.0000000000
67132  -41.147  -5.798  88.020 0.0000000000
66146  -41.494  -6.015  86.512 0.0000000000
42900  -11.020  -29.105  102.236 0.0000000000
42911  -11.760  -29.156  101.568 0.0000000000
42901  -11.830  -29.072  102.148 0.0000000000
42902  -12.241  -28.484  102.386 0.0000000000
43912  -12.900  -28.082  102.639 0.0000000000
48791  -15.607  -23.316  100.961 0.0000000000
49792  -18.093  -21.870  102.833 0.0000000000
49804  -18.511  -22.068  102.753 0.0000000000
48795  -19.416  -23.033  100.615 0.0000000000
48778  -19.785  -22.915  101.524 0.0000000000
48767  -21.020  -22.840  102.208 0.0000000000
48783  -24.592  -23.246  101.208 0.0000000000
47651  -24.957  -23.795  100.677 0.0000000000
48784  -25.278  -23.069  100.868 0.0000000000
144411  -25.531  -22.681  100.317 0.0000000000
48785  -25.749  -22.492  99.831 0.0000000000
54010  -26.960  -18.750  97.912 0.0000000000
54002  -27.166  -19.124  98.420 0.0000000000
144097  -27.726  -19.915  99.674 0.0000000000
51942  -27.735  -20.229  99.708 0.0000000000
50881  -28.693  -20.450  98.401 0.0000000000
140997  -29.448  -19.351  97.724 0.0000000000
55935  -30.323  -16.036  97.414 0.0000000000
54923  -30.211  -16.817  97.820 0.0000000000
54924  -30.528  -16.501  97.320 0.0000000000
54933  -31.204  -16.578  96.599 0.0000000000
55969  -33.338  -16.695  95.485 0.0000000000
58087  -31.555  -14.717  93.662 0.0000000000
59048  -30.937  -14.113  94.523 0.0000000000
122488  -31.294  -14.024  94.023 0.0000000000
59049  -31.461  -13.381  94.682 0.0000000000
60034  -31.839  -12.701  95.009 0.0000000000
62116  -33.937  -10.967  95.016 0.0000000000
61020  -33.465  -11.343  95.441 0.0000000000
61021  -34.269  -11.646  95.611 0.0000000000
59032  -34.297  -13.076  95.951 0.0000000000
126089  -34.448  -14.004  95.615 0.0000000000
59033  -34.806  -13.296  95.348 0.0000000000
59041  -35.276  -13.452  94.718 0.0000000000
59042  -35.780  -14.000  94.100 0.0000000000
59051  -36.640  -13.932  93.490 0.0000000000
60045  -37.058  -12.952  93.277 0.0000000000
62166  -38.021  -10.852  92.277 0.0000000000
61064  -38.486  -11.561  92.192 0.0000000000
61065  -38.988  -11.411  91.674 0.0000000000
60057  -39.235  -12.146  91.389 0.0000000000
137184  -39.371  -12.386  90.812 0.0000000000
61086  -39.738  -11.757  90.612 0.0000000000
60075  -40.040  -11.705  90.050 0.0000000000
136372  -10.157  -27.634  103.142 0.0000000000
44844  -9.657  -27.740  103.717 0.0000000000
44837  -9.720  -28.060  103.839 0.0000000000
121234  -10.821  -28.784  102.801 0.0000000000
129820  -45.425  -9.984  85.439 0.0000000000
62249  -45.308  -10.592  85.448 0.0000000000
61123  -45.559  -11.218  85.153 0.0000000000
66216  -46.206  -5.753  82.753 0.0000000000
67211  -46.548  -5.032  83.483 0.0000000000
68299  -46.999  -4.867  83.109 0.0000000000
68300  -47.382  -5.286  82.879 0.0000000000
64261  -48.444  -8.084  79.965 0.0000000000
64262  -48.617  -7.848  80.306 0.0000000000
70349  -49.955  -2.534  77.160 0.0000000000
72273  -48.813  -1.166  76.683 0.0000000000
72243  -48.481  -1.230  77.128 0.0000000000
72242  -47.970  -0.977  77.542 0.0000000000
72259  -46.914  -0.300  77.135 0.0000000000
130612  -46.175  -0.307  77.040 0.0000000000
71305  -46.711  -1.050  77.969 0.0000000000
70347  -46.015  -1.243  78.053 0.0000000000
70361  -45.414  -1.576  77.989 0.0000000000
73278  -53.584  1.044  71.138 0.0000000000
74294  -54.033  1.176  71.245 0.0000000000
74309  -53.698  1.704  70.738 0.0000000000
75244  -53.942  2.542  70.517 0.0000000000
75265  -54.367  3.180  70.191 0.0000000000
76218  -53.679  4.186  69.336 0.0000000000
76205  -54.580  3.611  69.595 0.0000000000
77218  -54.615  4.040  69.047 0.0000000000
132096  -39.316  -9.030  91.223 0.0000000000
63185  -39.891  -9.120  90.720 0.0000000000
65110  -39.266  -7.280  90.758 0.0000000000
137245  -38.480  -7.055  90.995 0.0000000000
66084  -39.175  -6.949  90.375 0.0000000000
67087  -39.255  -6.818  90.080 0.0000000000
66098  -39.561  -6.600  89.697 0.0000000000
139200  -39.641  -6.439  89.370 0.0000000000
66128  -39.242  -6.783  88.828 0.0000000000
134798  -11.981  -27.297  102.633 0.0000000000
43904  -12.227  -27.486  102.700 0.0000000000
45716  -12.832  -26.743  103.000 0.0000000000
47629  -13.794  -25.619  103.656 0.0000000000
47630  -13.960  -24.735  103.430 0.0000000000
51927  -24.144  -20.725  101.135 0.0000000000
54914  -27.087  -18.159  98.125 0.0000000000
133683  -27.626  -17.894  97.982 0.0000000000
54912  -28.847  -18.498  98.249 0.0000000000
55920  -29.722  -16.791  97.763 0.0000000000
57044  -29.011  -15.544  97.207 0.0000000000
57033  -29.343  -16.247  97.346 0.0000000000
57034  -29.870  -15.834  97.463 0.0000000000
57046  -30.199  -15.125  97.103 0.0000000000
58058  -31.038  -14.408  97.056 0.0000000000
60054  -33.021  -12.164  93.188 0.0000000000
60044  -32.604  -12.088  93.889 0.0000000000
61062  -33.020  -11.621  93.717 0.0000000000
62149  -33.054  -11.273  94.068 0.0000000000
63149  -33.912  -10.646  94.165 0.0000000000
63164  -34.330  -9.690  93.750 0.0000000000
63150  -34.265  -9.957  94.025 0.0000000000
63138  -34.231  -10.430  94.306 0.0000000000
62118  -34.933  -10.708  94.783 0.0000000000
61035  -35.471  -10.930  94.733 0.0000000000
61036  -36.314  -11.479  94.199 0.0000000000
62134  -35.949  -10.491  94.226 0.0000000000
62151  -36.318  -10.055  93.684 0.0000000000
130438  -36.724  -9.734  93.188 0.0000000000
63166  -37.009  -8.885  93.078 0.0000000000
62165  -37.273  -10.073  92.455 0.0000000000
132946  -38.196  -9.986  91.929 0.0000000000
45723  -10.615  -27.250  102.290 0.0000000000
136941  -10.954  -27.467  102.642 0.0000000000
64175  -43.369  -8.343  87.170 0.0000000000
63227  -43.895  -9.112  86.983 0.0000000000
64176  -44.096  -8.645  86.857 0.0000000000
64177  -44.573  -8.755  86.473 0.0000000000
64187  -45.074  -8.505  86.090 0.0000000000
65162  -44.855  -6.860  86.329 0.0000000000
65163  -45.055  -7.562  86.270 0.0000000000
63243  -45.221  -9.303  85.675 0.0000000000
63251  -45.722  -9.281  85.151 0.0000000000
63252  -46.311  -9.218  84.507 0.0000000000
129430  -46.530  -9.836  84.245 0.0000000000
67249  -46.003  -5.306  80.074 0.0000000000
68322  -47.439  -5.273  80.863 0.0000000000
68321  -46.612  -5.157  79.988 0.0000000000
67265  -47.722  -5.374  79.725 0.0000000000
66270  -47.971  -5.919  79.305 0.0000000000
67279  -46.328  -5.057  79.033 0.0000000000
67280  -47.222  -5.570  79.248 0.0000000000
66271  -47.993  -6.909  79.206 0.0000000000
65241  -47.644  -7.769  79.052 0.0000000000
139174  -51.572  -3.307  74.290 0.0000000000
69393  -51.018  -2.951  74.778 0.0000000000
119782  -51.131  -2.692  75.874 0.0000000000
70374  -51.050  -2.602  76.560 0.0000000000
69369  -51.904  -3.905  76.033 0.0000000000
69368  -51.464  -3.363  76.613 0.0000000000
136641  -50.697  -2.543  77.020 0.0000000000
69348  -49.868  -2.718  77.193 0.0000000000
69365  -49.125  -3.010  77.172 0.0000000000
64136  -35.607  -9.397  91.022 0.0000000000
64137  -36.322  -9.093  90.659 0.0000000000
64145  -36.352  -9.669  90.148 0.0000000000
135572  -32.976  -12.923  93.040 0.0000000000
61075  -33.890  -11.374  92.282 0.0000000000
61076  -34.463  -11.446  91.505 0.0000000000
66200  -43.287  -5.781  83.663 0.0000000000
67209  -43.680  -4.720  83.945 0.0000000000
66201  -44.219  -5.447  83.449 0.0000000000
66214  -44.692  -6.492  82.983 0.0000000000
66239  -45.982  -6.288  81.492 0.0000000000
66238  -45.665  -6.374  80.811 0.0000000000
67248  -45.436  -5.672  80.171 0.0000000000
138774  -44.710  -5.465  79.720 0.0000000000
67262  -44.250  -4.860  79.451 0.0000000000
67276  -42.979  -4.652  79.015 0.0000000000
67277  -43.732  -4.338  79.177 0.0000000000
68335  -43.385  -3.747  79.103 0.0000000000
136163  -43.122  -3.163  78.967 0.0000000000
69415  -51.735  -3.714  72.477 0.0000000000
69401  -51.727  -3.583  73.448 0.0000000000
70398  -52.120  -3.423  73.797 0.0000000000
70386  -52.236  -3.794  74.507 0.0000000000
70387  -52.527  -3.990  74.195 0.0000000000
70388  -53.401  -3.856  73.291 0.0000000000
69395  -52.809  -4.328  74.099 0.0000000000
67327  -53.078  -4.912  74.179 0.0000000000
66331  -53.290  -5.263  73.794 0.0000000000
66343  -53.146  -6.444  72.801 0.0000000000
69455  -55.382  -3.379  70.821 0.0000000000
73262  -55.135  0.466  71.128 0.0000000000
73279  -55.651  0.236  70.469 0.0000000000
73297  -55.802  0.005  69.767 0.0000000000
74332  -55.844  1.330  69.529 0.0000000000
61100  -40.815  -10.949  88.576 0.0000000000
61101  -41.478  -10.475  88.069 0.0000000000
64138  -40.227  -8.597  90.404 0.0000000000
64139  -40.688  -8.400  90.086 0.0000000000
64148  -41.115  -8.214  89.736 0.0000000000
64149  -41.496  -8.110  89.240 0.0000000000
64163  -41.889  -8.042  88.445 0.0000000000
64164  -42.572  -8.090  87.721 0.0000000000
65142  -42.933  -7.379  87.370 0.0000000000
66131  -43.171  -6.562  87.399 0.0000000000
67134  -43.368  -6.008  87.184 0.0000000000
139182  -42.338  -5.818  88.124 0.0000000000
124745  -42.832  -5.727  87.289 0.0000000000
67156  -43.547  -5.481  86.496 0.0000000000
67192  -42.889  -5.052  84.753 0.0000000000
65127  -36.739  -8.507  90.213 0.0000000000
65138  -37.122  -8.522  89.400 0.0000000000
64161  -37.440  -8.717  88.870 0.0000000000
65139  -37.588  -7.915  89.392 0.0000000000
64162  -38.098  -8.162  88.695 0.0000000000
142326  -38.670  -7.550  88.471 0.0000000000
65149  -39.114  -7.301  87.811 0.0000000000
65150  -39.740  -7.073  87.380 0.0000000000
65161  -40.191  -7.043  86.662 0.0000000000
66199  -42.553  -6.261  83.745 0.0000000000
42931  -9.624  -29.574  99.191 0.0000000000
42932  -10.427  -29.572  99.574 0.0000000000
41967  -11.140  -29.535  99.038 0.0000000000
139262  -13.023  -27.657  103.103 0.0000000000
136845  -13.408  -27.502  102.843 0.0000000000
48756  -13.939  -22.762  103.129 0.0000000000
48757  -14.395  -22.816  103.243 0.0000000000
48758  -15.065  -22.934  103.014 0.0000000000
49816  -15.952  -22.447  101.462 0.0000000000
120129  -16.727  -22.724  99.891 0.0000000000
139478  -20.161  -22.990  100.002 0.0000000000
47648  -22.641  -23.235  100.774 0.0000000000
47660  -23.016  -23.688  100.090 0.0000000000
47663  -24.910  -23.676  100.074 0.0000000000
47673  -24.852  -23.366  99.284 0.0000000000
51938  -23.965  -20.598  100.522 0.0000000000
51939  -24.637  -20.556  100.355 0.0000000000
53061  -25.839  -20.272  98.840 0.0000000000
51953  -25.149  -20.395  99.745 0.0000000000
51928  -24.953  -20.668  100.923 0.0000000000
50858  -25.783  -21.417  100.421 0.0000000000
50865  -26.535  -21.542  100.070 0.0000000000
50867  -27.497  -20.928  99.903 0.0000000000
49838  -26.837  -21.583  99.384 0.0000000000
48814  -26.725  -21.765  98.626 0.0000000000
126011  -29.563  -18.156  98.014 0.0000000000
53068  -29.950  -18.674  97.233 0.0000000000
54932  -30.480  -17.213  97.307 0.0000000000
54019  -30.483  -18.000  96.587 0.0000000000
53076  -30.145  -18.901  96.081 0.0000000000
57073  -29.744  -15.892  94.363 0.0000000000
57065  -29.739  -15.377  95.339 0.0000000000
58073  -29.977  -14.589  95.881 0.0000000000
58080  -30.644  -14.443  95.044 0.0000000000
59039  -30.592  -14.148  95.626 0.0000000000
59030  -30.033  -14.188  96.103 0.0000000000
129661  -30.659  -14.117  96.691 0.0000000000
129292  -31.503  -13.941  96.889 0.0000000000
61048  -32.297  -12.045  94.977 0.0000000000
61012  -32.812  -11.686  95.971 0.0000000000
61011  -32.302  -12.010  95.806 0.0000000000
60017  -31.884  -12.722  96.195 0.0000000000
60010  -31.867  -13.057  96.732 0.0000000000
59018  -31.916  -13.468  96.908 0.0000000000
58059  -32.143  -14.204  96.752 0.0000000000
57056  -33.438  -15.268  96.230 0.0000000000
57057  -34.148  -15.471  95.855 0.0000000000
58074  -34.750  -14.988  95.499 0.0000000000
144736  -36.897  -12.095  93.456 0.0000000000
59053  -37.948  -13.092  92.826 0.0000000000
60046  -38.419  -12.489  92.506 0.0000000000
59091  -38.471  -13.283  88.811 0.0000000000
59085  -39.186  -12.787  89.873 0.0000000000
59092  -39.152  -12.759  89.184 0.0000000000
42908  -8.863  -29.456  101.611 0.0000000000
42921  -9.501  -29.558  100.124 0.0000000000
62234  -44.166  -9.731  86.549 0.0000000000
68281  -44.739  -4.477  84.329 0.0000000000
68259  -45.284  -4.756  84.492 0.0000000000
67178  -46.709  -5.196  84.405 0.0000000000
68261  -46.965  -4.920  83.927 0.0000000000
67194  -47.136  -5.212  84.156 0.0000000000
67179  -47.008  -5.662  84.581 0.0000000000
65187  -47.367  -7.567  84.035 0.0000000000
63260  -46.751  -9.189  83.756 0.0000000000
62266  -46.798  -9.912  83.525 0.0000000000
68323  -47.952  -5.300  81.032 0.0000000000
67224  -48.514  -5.677  81.773 0.0000000000
66218  -49.048  -6.771  82.012 0.0000000000
65211  -48.878  -7.450  81.515 0.0000000000
65210  -48.754  -7.566  82.261 0.0000000000
64219  -47.649  -8.808  82.794 0.0000000000
63269  -47.300  -9.528  82.731 0.0000000000
61144  -46.613  -11.155  83.438 0.0000000000
69374  -41.929  -3.360  76.192 0.0000000000
69360  -42.337  -2.988  77.336 0.0000000000
69345  -42.953  -2.595  78.438 0.0000000000
69346  -43.890  -2.787  78.662 0.0000000000
70397  -50.156  -2.847  74.178 0.0000000000
70383  -49.327  -2.311  74.550 0.0000000000
143250  -48.472  -2.122  74.285 0.0000000000
71331  -48.891  -1.216  76.117 0.0000000000
71358  -47.891  -1.739  74.639 0.0000000000
71357  -47.071  -1.733  74.247 0.0000000000
123962  -43.118  -1.353  74.933 0.0000000000
71329  -43.301  -1.252  75.938 0.0000000000
72257  -44.710  -0.479  77.192 0.0000000000
71319  -43.602  -0.866  76.968 0.0000000000
136527  -43.361  -1.510  77.893 0.0000000000
71301  -43.588  -1.991  78.355 0.0000000000
69361  -44.265  -2.872  78.493 0.0000000000
68355  -43.953  -4.001  77.143 0.0000000000
67310  -44.058  -5.104  76.067 0.0000000000
69376  -44.429  -3.113  76.472 0.0000000000
68369  -44.000  -4.519  75.736 0.0000000000
42912  -12.486  -28.847  101.395 0.0000000000
44839  -11.074  -27.784  102.712 0.0000000000
44845  -13.290  -27.142  103.117 0.0000000000
46644  -24.020  -23.960  99.807 0.0000000000
47649  -23.474  -23.721  100.557 0.0000000000
47657  -15.449  -24.248  100.540 0.0000000000
47672  -24.396  -23.806  99.714 0.0000000000
48797  -21.279  -22.901  100.791 0.0000000000
48799  -25.738  -22.541  99.553 0.0000000000
49794  -19.629  -21.616  103.053 0.0000000000
49831  -26.471  -21.897  99.932 0.0000000000
51898  -18.655  -21.069  102.906 0.0000000000
51929  -25.568  -20.863  100.595 0.0000000000
53055  -27.640  -19.675  99.449 0.0000000000
54915  -27.620  -18.429  98.210 0.0000000000
55918  -28.071  -17.391  97.611 0.0000000000
58056  -29.505  -14.525  96.983 0.0000000000
58060  -32.597  -13.505  96.764 0.0000000000
58064  -28.868  -15.381  96.561 0.0000000000
58066  -32.668  -14.940  96.412 0.0000000000
59031  -30.936  -13.804  95.750 0.0000000000
59130  -46.387  -12.833  83.580 0.0000000000
60117  -45.413  -11.826  85.049 0.0000000000
60130  -45.679  -11.749  84.846 0.0000000000
60131  -46.036  -11.919  84.445 0.0000000000
61019  -32.816  -11.382  95.376 0.0000000000
61122  -45.200  -11.194  85.356 0.0000000000
61135  -46.445  -11.267  84.165 0.0000000000
62132  -33.743  -10.914  94.371 0.0000000000
62248  -44.979  -9.941  85.709 0.0000000000
62278  -46.858  -10.326  83.049 0.0000000000
62292  -47.625  -9.484  82.180 0.0000000000
63152  -34.954  -9.373  94.184 0.0000000000
63242  -44.581  -9.718  86.111 0.0000000000
63261  -47.123  -9.190  83.127 0.0000000000
63306  -47.994  -8.781  79.890 0.0000000000
64106  -35.141  -8.716  93.633 0.0000000000
64126  -34.479  -9.320  92.454 0.0000000000
64231  -48.228  -8.342  82.436 0.0000000000
64232  -48.568  -8.124  81.738 0.0000000000
64253  -48.651  -7.891  80.594 0.0000000000
65090  -37.063  -8.087  92.793 0.0000000000
65152  -44.503  -7.450  86.561 0.0000000000
65164  -45.532  -7.568  85.804 0.0000000000
65228  -48.722  -7.404  80.430 0.0000000000
65233  -48.444  -7.090  79.668 0.0000000000
65234  -48.614  -7.523  80.003 0.0000000000
65242  -48.199  -7.761  79.496 0.0000000000
65290  -51.199  -6.794  73.601 0.0000000000
66063  -37.492  -7.516  91.656 0.0000000000
66071  -37.856  -7.094  91.072 0.0000000000
66083  -38.657  -6.974  90.424 0.0000000000
66167  -45.950  -6.622  85.431 0.0000000000
66168  -46.653  -6.509  84.964 0.0000000000
66186  -47.214  -6.593  84.406 0.0000000000
66187  -47.749  -6.799  83.728 0.0000000000
66217  -48.720  -6.109  82.354 0.0000000000
66230  -48.993  -6.185  81.702 0.0000000000
66240  -48.832  -6.767  80.729 0.0000000000
66254  -48.686  -6.650  80.143 0.0000000000
66317  -52.563  -5.581  74.490 0.0000000000
66330  -52.689  -6.157  74.025 0.0000000000
66344  -53.443  -5.571  73.170 0.0000000000
66354  -53.618  -5.627  72.253 0.0000000000
66366  -53.754  -5.525  71.401 0.0000000000
67158  -45.156  -5.557  85.685 0.0000000000
67236  -47.270  -5.406  81.768 0.0000000000
67237  -48.868  -6.047  81.087 0.0000000000
67251  -48.098  -5.339  80.370 0.0000000000
67252  -48.605  -5.872  80.514 0.0000000000
67302  -51.722  -4.741  76.125 0.0000000000
67313  -51.776  -5.324  75.565 0.0000000000
67314  -52.371  -5.225  75.185 0.0000000000
67316  -52.869  -4.997  74.588 0.0000000000
67340  -53.425  -4.708  73.530 0.0000000000
67361  -54.713  -4.253  71.344 0.0000000000
68241  -45.818  -5.140  84.655 0.0000000000
68257  -43.843  -4.175  84.887 0.0000000000
68258  -44.457  -4.331  84.724 0.0000000000
68283  -46.703  -4.953  83.718 0.0000000000
68285  -47.520  -5.277  83.104 0.0000000000
68301  -47.886  -5.461  82.322 0.0000000000
68312  -48.110  -5.428  81.512 0.0000000000
68357  -50.523  -4.001  76.851 0.0000000000
68359  -51.842  -4.213  76.168 0.0000000000
68361  -52.212  -4.327  75.450 0.0000000000
68386  -53.154  -4.473  73.730 0.0000000000
68397  -53.818  -4.178  73.071 0.0000000000
68398  -54.528  -4.061  72.424 0.0000000000
68422  -55.161  -3.697  71.050 0.0000000000
69349  -50.600  -2.746  77.208 0.0000000000
69350  -51.072  -2.732  77.046 0.0000000000
69366  -50.176  -3.212  77.243 0.0000000000
69382  -52.546  -4.540  74.869 0.0000000000
70364  -50.875  -2.541  76.864 0.0000000000
70365  -51.289  -2.819  76.674 0.0000000000
70375  -51.472  -2.985  76.216 0.0000000000
70395  -47.769  -2.287  73.663 0.0000000000
70443  -55.491  -3.109  70.751 0.0000000000
71308  -49.081  -1.764  76.790 0.0000000000
71309  -50.116  -2.402  76.734 0.0000000000
71320  -49.420  -1.970  76.423 0.0000000000
71330  -48.140  -1.120  75.502 0.0000000000
71332  -49.318  -1.716  76.427 0.0000000000
71344  -47.367  -1.055  75.016 0.0000000000
71347  -49.966  -2.116  75.841 0.0000000000
71370  -54.918  -1.489  71.784 0.0000000000
72239  -44.868  -0.792  77.794 0.0000000000
72241  -47.271  -0.797  77.661 0.0000000000
72244  -48.890  -1.376  76.763 0.0000000000
72256  -44.090  -0.553  76.928 0.0000000000
72258  -45.535  -0.560  77.399 0.0000000000
72260  -47.685  -0.626  77.182 0.0000000000
72261  -48.412  -0.957  77.099 0.0000000000
72268  -44.618  -0.834  76.256 0.0000000000
72280  -43.622  -1.121  75.271 0.0000000000
72283  -46.044  -0.625  75.568 0.0000000000
73261  -54.281  0.613  71.541 0.0000000000
73325  -54.998  0.670  67.398 0.0000000000
74295  -54.732  1.153  70.939 0.0000000000
74311  -55.516  1.071  70.385 0.0000000000
76203  -52.949  3.632  69.408 0.0000000000
76204  -53.912  3.761  69.853 0.0000000000
77217  -54.136  4.200  69.277 0.0000000000
119541  -38.191  -7.011  90.504 0.0000000000
119608  -27.088  -21.119  100.090 0.0000000000
121999  -46.148  -5.787  80.876 0.0000000000
122995  -8.998  -29.376  98.788 0.0000000000
123775  -53.126  1.479  70.671 0.0000000000
125032  -43.516  -4.524  84.532 0.0000000000
125367  -53.122  -5.980  73.696 0.0000000000
126961  -47.986  -8.243  82.984 0.0000000000
128074  -47.997  -1.621  77.524 0.0000000000
128419  -53.856  -2.542  72.651 0.0000000000
129419  -46.044  -9.988  84.874 0.0000000000
129705  -55.634  -0.174  69.070 0.0000000000
130471  -44.677  -5.634  86.038 0.0000000000
130954  -47.790  -8.974  82.385 0.0000000000
131341  -48.266  -7.039  83.232 0.0000000000
131768  -13.201  -26.975  103.174 0.0000000000
131936  -44.253  -8.068  86.754 0.0000000000
132971  -54.574  -2.056  71.898 0.0000000000
133935  -53.662  -0.493  71.778 0.0000000000
134089  -32.931  -12.872  96.784 0.0000000000
134770  -43.662  -7.941  86.962 0.0000000000
135799  -46.405  -0.684  77.543 0.0000000000
136160  -54.343  -2.585  72.255 0.0000000000
136207  -41.353  -5.855  88.203 0.0000000000
137464  -12.365  -28.139  102.715 0.0000000000
137810  -34.338  -9.958  92.446 0.0000000000
138108  -32.536  -11.571  95.462 0.0000000000
138488  -52.326  -5.194  75.451 0.0000000000
139181  -31.460  -14.504  96.857 0.0000000000
139230  -29.374  -15.363  97.308 0.0000000000
139933  -53.583  -5.012  73.260 0.0000000000
140229  -51.509  -5.701  74.985 0.0000000000
140617  -52.568  -4.756  75.067 0.0000000000
141452  -55.893  0.699  68.348 0.0000000000
142224  -47.463  -6.263  78.989 0.0000000000
142274  -41.082  -10.578  88.762 0.0000000000
144111  -44.585  -6.023  76.968 0.0000000000
