#!ascii label  , from subject sub-08 vox2ras=TkReg
354
129922  -22.373  -6.174  9.965 0.0000000000
64915  -19.163  -8.842  13.959 0.0000000000
63032  -26.031  -9.851  10.458 0.0000000000
60878  -22.217  -13.073  14.776 0.0000000000
132205  -18.218  6.080  8.999 0.0000000000
74907  -21.090  2.443  9.633 0.0000000000
71042  -18.887  -2.545  10.339 0.0000000000
57920  -21.196  -15.930  16.801 0.0000000000
62973  -21.036  -11.002  13.946 0.0000000000
61915  -19.277  -11.789  15.533 0.0000000000
77788  -19.294  4.739  9.357 0.0000000000
75836  -17.210  1.861  9.990 0.0000000000
68033  -18.353  -5.693  12.278 0.0000000000
69026  -17.352  -4.296  12.600 0.0000000000
70071  -20.883  -3.791  9.887 0.0000000000
71990  -21.747  -1.780  9.041 0.0000000000
70081  -24.128  -3.925  8.962 0.0000000000
68086  -25.999  -5.504  8.508 0.0000000000
64912  -17.102  -7.457  14.857 0.0000000000
65951  -20.815  -7.338  12.125 0.0000000000
65963  -23.922  -7.646  10.555 0.0000000000
63955  -22.382  -9.960  11.594 0.0000000000
61957  -23.611  -11.583  12.533 0.0000000000
59915  -25.787  -14.075  13.007 0.0000000000
72933  -16.626  -0.595  10.565 0.0000000000
72954  -20.310  -0.063  9.028 0.0000000000
73970  -23.657  0.312  8.613 0.0000000000
59866  -18.791  -13.866  16.999 0.0000000000
58909  -21.568  -14.306  15.497 0.0000000000
62952  -18.839  -10.947  15.461 0.0000000000
60859  -17.565  -11.691  16.748 0.0000000000
76760  -17.042  2.833  10.299 0.0000000000
125420  -16.721  1.655  10.576 0.0000000000
68050  -21.070  -5.952  11.068 0.0000000000
69040  -19.645  -4.666  11.272 0.0000000000
69054  -21.779  -4.893  10.093 0.0000000000
70079  -22.379  -3.650  9.548 0.0000000000
69066  -23.341  -5.118  9.416 0.0000000000
69080  -24.783  -4.361  8.702 0.0000000000
68074  -24.356  -5.956  9.363 0.0000000000
138938  -19.070  -8.274  13.759 0.0000000000
65932  -18.859  -7.279  13.110 0.0000000000
64943  -19.839  -8.256  12.861 0.0000000000
64945  -21.221  -8.721  12.098 0.0000000000
63953  -20.704  -9.194  12.584 0.0000000000
61933  -21.359  -11.552  14.453 0.0000000000
61948  -22.458  -11.568  13.209 0.0000000000
60890  -23.358  -12.552  13.733 0.0000000000
59924  -24.744  -12.786  12.862 0.0000000000
59905  -23.487  -13.392  14.087 0.0000000000
79585  -16.388  7.142  10.264 0.0000000000
80421  -15.895  7.995  10.426 0.0000000000
80436  -17.873  7.538  8.763 0.0000000000
81244  -18.841  8.667  8.114 0.0000000000
129211  -19.656  6.412  8.997 0.0000000000
76795  -20.840  3.382  9.543 0.0000000000
70059  -18.139  -3.318  11.271 0.0000000000
71030  -17.113  -2.283  11.969 0.0000000000
71976  -17.321  -1.213  10.929 0.0000000000
73952  -17.789  -0.076  10.244 0.0000000000
137040  -18.886  -0.817  10.185 0.0000000000
72002  -23.612  -1.720  7.496 0.0000000000
126061  -22.279  -1.231  8.655 0.0000000000
72965  -24.434  -0.444  7.064 0.0000000000
63979  -24.698  -9.179  10.430 0.0000000000
65965  -25.533  -8.331  10.321 0.0000000000
57918  -19.578  -15.484  17.633 0.0000000000
58886  -20.108  -14.861  17.021 0.0000000000
138562  -20.248  -13.897  16.135 0.0000000000
57935  -21.513  -15.546  16.078 0.0000000000
63915  -18.641  -9.522  14.854 0.0000000000
63917  -19.800  -10.108  13.847 0.0000000000
125547  -19.886  -10.710  14.440 0.0000000000
61932  -20.518  -11.286  14.609 0.0000000000
60876  -20.683  -12.779  15.358 0.0000000000
138195  -17.314  5.583  9.582 0.0000000000
78742  -18.708  5.453  9.193 0.0000000000
77779  -18.130  4.436  9.622 0.0000000000
128692  -18.833  3.309  9.396 0.0000000000
75852  -19.497  2.527  9.492 0.0000000000
68019  -17.676  -5.806  12.984 0.0000000000
68032  -17.760  -5.086  12.441 0.0000000000
139472  -19.179  -4.246  11.112 0.0000000000
70069  -19.236  -3.320  10.308 0.0000000000
71050  -19.737  -1.994  9.218 0.0000000000
70077  -20.451  -3.123  9.348 0.0000000000
71057  -22.997  -2.608  8.717 0.0000000000
70098  -24.211  -2.501  7.858 0.0000000000
70099  -25.595  -3.270  7.854 0.0000000000
56887  -21.520  -16.790  17.096 0.0000000000
56898  -21.890  -16.272  16.405 0.0000000000
66928  -18.389  -6.522  12.811 0.0000000000
66958  -20.544  -6.521  11.856 0.0000000000
137287  -21.523  -6.876  11.450 0.0000000000
66967  -22.996  -6.652  10.030 0.0000000000
65953  -22.301  -7.581  11.406 0.0000000000
129503  -23.269  -9.123  10.923 0.0000000000
63970  -24.020  -9.680  10.866 0.0000000000
63003  -21.783  -10.473  12.640 0.0000000000
63005  -23.200  -10.946  12.003 0.0000000000
61968  -25.076  -11.111  11.196 0.0000000000
61959  -26.048  -11.869  11.782 0.0000000000
60907  -26.279  -12.731  12.298 0.0000000000
78744  -20.286  5.635  9.357 0.0000000000
73950  -16.591  -0.138  10.257 0.0000000000
73961  -19.087  0.985  9.499 0.0000000000
73962  -19.921  1.229  9.434 0.0000000000
125551  -21.140  -1.080  8.740 0.0000000000
73964  -21.753  0.411  9.416 0.0000000000
74901  -22.452  1.021  9.415 0.0000000000
66982  -25.165  -6.355  9.370 0.0000000000
66983  -26.656  -6.957  9.101 0.0000000000
60844  -17.602  -12.476  17.225 0.0000000000
129370  -19.040  -12.920  16.212 0.0000000000
59891  -20.418  -13.413  15.780 0.0000000000
59893  -21.980  -13.683  15.179 0.0000000000
57936  -22.333  -15.834  15.783 0.0000000000
57948  -22.906  -15.355  15.121 0.0000000000
58922  -23.516  -14.204  14.227 0.0000000000
75824  -16.139  1.646  11.392 0.0000000000
68060  -21.751  -5.693  10.317 0.0000000000
68059  -21.201  -5.020  10.696 0.0000000000
68061  -22.223  -5.485  9.820 0.0000000000
69065  -22.496  -4.759  9.594 0.0000000000
68072  -22.786  -5.664  9.552 0.0000000000
134536  -24.055  -5.361  9.393 0.0000000000
66980  -23.003  -6.207  9.618 0.0000000000
120892  -18.737  -9.029  14.407 0.0000000000
64914  -18.480  -8.372  14.250 0.0000000000
64928  -19.540  -8.576  13.433 0.0000000000
64929  -20.071  -8.910  13.019 0.0000000000
60888  -22.024  -12.144  14.614 0.0000000000
61934  -22.640  -12.014  13.880 0.0000000000
60889  -22.770  -12.785  14.330 0.0000000000
79587  -17.557  6.332  9.196 0.0000000000
79586  -17.023  7.073  9.615 0.0000000000
79590  -17.559  7.120  9.034 0.0000000000
80437  -18.451  7.854  8.272 0.0000000000
79593  -19.933  6.975  8.638 0.0000000000
132464  -18.825  6.286  8.848 0.0000000000
76796  -21.982  3.251  9.675 0.0000000000
75863  -22.312  2.418  9.702 0.0000000000
71032  -18.225  -2.557  11.012 0.0000000000
71031  -17.611  -2.814  11.598 0.0000000000
71966  -17.620  -1.977  11.322 0.0000000000
71977  -18.313  -1.667  10.672 0.0000000000
72944  -17.402  -0.743  10.548 0.0000000000
71978  -19.136  -1.891  9.763 0.0000000000
72003  -24.240  -1.641  6.807 0.0000000000
72001  -23.613  -1.057  7.581 0.0000000000
63980  -25.525  -9.095  10.413 0.0000000000
64970  -25.533  -8.937  10.410 0.0000000000
63981  -26.490  -9.365  10.474 0.0000000000
130472  -20.832  -16.313  17.303 0.0000000000
56886  -20.191  -16.223  17.664 0.0000000000
57919  -20.478  -15.656  17.187 0.0000000000
57934  -20.844  -15.192  16.558 0.0000000000
62970  -18.524  -10.092  15.539 0.0000000000
62971  -19.239  -10.271  14.762 0.0000000000
61931  -19.648  -11.163  14.995 0.0000000000
60875  -20.148  -11.982  15.164 0.0000000000
61916  -21.066  -12.088  14.910 0.0000000000
140607  -16.551  4.495  10.898 0.0000000000
77778  -17.539  4.726  9.818 0.0000000000
77767  -17.116  4.086  10.384 0.0000000000
139804  -17.598  2.678  9.733 0.0000000000
75837  -17.898  2.159  9.632 0.0000000000
121110  -18.759  2.530  9.465 0.0000000000
69052  -20.468  -4.371  10.586 0.0000000000
69039  -18.718  -4.480  11.484 0.0000000000
69051  -19.528  -4.042  10.594 0.0000000000
70060  -18.804  -3.768  11.007 0.0000000000
70070  -19.968  -3.655  9.830 0.0000000000
70080  -23.345  -4.043  9.402 0.0000000000
70088  -22.909  -3.216  9.138 0.0000000000
70089  -23.669  -3.098  8.675 0.0000000000
71058  -23.515  -2.249  8.046 0.0000000000
143824  -25.040  -2.652  7.784 0.0000000000
70090  -24.704  -3.349  8.387 0.0000000000
69081  -25.492  -4.830  8.379 0.0000000000
68087  -26.835  -5.539  8.429 0.0000000000
55813  -21.478  -17.547  17.550 0.0000000000
55814  -22.343  -17.572  17.225 0.0000000000
65915  -17.487  -6.905  14.125 0.0000000000
141955  -17.248  -6.425  14.041 0.0000000000
65916  -18.144  -7.078  13.544 0.0000000000
65933  -19.579  -7.534  12.772 0.0000000000
66944  -19.218  -6.912  12.613 0.0000000000
66945  -19.998  -7.027  12.387 0.0000000000
65952  -21.503  -7.823  11.912 0.0000000000
64946  -21.896  -9.334  11.803 0.0000000000
64959  -22.059  -8.554  11.665 0.0000000000
63969  -22.533  -9.296  11.310 0.0000000000
126919  -23.001  -9.873  11.120 0.0000000000
62988  -20.690  -10.330  13.525 0.0000000000
62989  -21.441  -10.708  13.262 0.0000000000
62991  -22.741  -11.326  12.591 0.0000000000
63006  -24.271  -11.110  11.848 0.0000000000
61958  -25.160  -11.704  11.659 0.0000000000
60905  -24.487  -12.014  12.343 0.0000000000
59914  -24.990  -13.580  13.281 0.0000000000
60898  -25.630  -13.275  12.669 0.0000000000
60899  -26.566  -13.750  12.677 0.0000000000
78743  -19.425  5.583  9.239 0.0000000000
138887  -19.930  4.964  9.402 0.0000000000
73949  -16.458  -0.019  10.628 0.0000000000
72942  -16.118  -0.483  10.048 0.0000000000
130963  -19.000  0.165  9.828 0.0000000000
73960  -18.175  0.753  10.006 0.0000000000
132237  -19.772  0.404  9.277 0.0000000000
71989  -20.886  -1.781  9.094 0.0000000000
71988  -20.223  -1.401  8.972 0.0000000000
72961  -23.073  -0.628  8.560 0.0000000000
72956  -21.960  -0.477  8.931 0.0000000000
73969  -22.675  0.282  9.035 0.0000000000
74909  -23.270  1.119  9.057 0.0000000000
74910  -24.182  1.176  8.514 0.0000000000
66968  -23.772  -6.965  10.208 0.0000000000
66969  -24.400  -6.720  9.704 0.0000000000
65964  -24.520  -7.475  10.238 0.0000000000
65979  -25.978  -7.659  9.744 0.0000000000
59865  -17.970  -13.462  17.382 0.0000000000
59882  -18.447  -13.127  16.739 0.0000000000
60860  -18.302  -12.372  16.444 0.0000000000
59883  -19.137  -13.496  16.520 0.0000000000
58908  -20.826  -14.109  15.795 0.0000000000
59892  -21.156  -13.560  15.444 0.0000000000
58910  -23.145  -14.720  14.540 0.0000000000
62951  -18.130  -10.668  16.118 0.0000000000
61914  -18.360  -11.569  16.061 0.0000000000
61895  -18.928  -12.291  15.930 0.0000000000
76759  -16.468  3.594  10.950 0.0000000000
75835  -16.326  2.582  11.144 0.0000000000
66957  -20.241  -5.863  11.588 0.0000000000
68049  -19.004  -5.260  11.745 0.0000000000
69041  -20.462  -5.156  11.231 0.0000000000
69053  -21.290  -4.421  10.301 0.0000000000
69064  -21.754  -4.096  9.871 0.0000000000
69067  -24.116  -4.657  9.315 0.0000000000
69068  -24.756  -5.106  9.208 0.0000000000
68075  -25.289  -5.599  9.027 0.0000000000
64913  -17.579  -8.224  14.881 0.0000000000
65902  -17.920  -7.616  14.211 0.0000000000
121379  -18.658  -7.738  13.710 0.0000000000
64927  -19.313  -7.911  13.324 0.0000000000
65934  -20.224  -7.843  12.435 0.0000000000
65935  -20.801  -8.100  12.176 0.0000000000
64944  -20.450  -8.530  12.484 0.0000000000
140179  -21.357  -9.392  12.294 0.0000000000
61947  -21.843  -11.463  13.707 0.0000000000
61949  -23.110  -11.885  13.181 0.0000000000
60897  -23.920  -12.293  13.081 0.0000000000
59913  -24.154  -13.075  13.554 0.0000000000
79578  -15.993  7.181  11.171 0.0000000000
80431  -17.158  7.763  9.385 0.0000000000
79594  -20.767  7.132  8.855 0.0000000000
138710  -20.024  3.976  9.322 0.0000000000
77789  -20.738  4.810  9.416 0.0000000000
121276  -21.219  4.044  9.432 0.0000000000
131497  -16.724  -1.888  12.371 0.0000000000
71965  -16.922  -1.327  11.434 0.0000000000
72943  -16.351  -0.633  10.348 0.0000000000
124699  -16.324  -0.372  10.125 0.0000000000
72953  -19.737  -0.522  9.247 0.0000000000
130397  -22.804  -1.916  8.532 0.0000000000
71995  -23.114  -1.386  8.236 0.0000000000
72962  -23.825  -0.306  7.938 0.0000000000
64968  -24.486  -8.378  10.472 0.0000000000
125134  -25.111  -8.106  10.338 0.0000000000
64969  -25.394  -8.882  10.358 0.0000000000
65966  -26.006  -8.513  10.370 0.0000000000
58885  -19.223  -14.603  17.308 0.0000000000
58895  -19.691  -14.082  16.639 0.0000000000
58896  -20.500  -14.478  16.332 0.0000000000
58897  -21.164  -14.824  15.881 0.0000000000
63916  -19.195  -9.522  14.188 0.0000000000
63935  -19.658  -9.292  13.581 0.0000000000
62972  -20.340  -10.666  14.052 0.0000000000
60877  -21.526  -12.894  15.078 0.0000000000
132500  -15.999  6.208  11.517 0.0000000000
131801  -16.339  6.257  10.696 0.0000000000
78738  -16.855  6.262  9.848 0.0000000000
78739  -17.966  5.315  9.297 0.0000000000
77787  -18.676  4.633  9.420 0.0000000000
76779  -17.745  3.661  9.822 0.0000000000
76780  -18.528  3.837  9.576 0.0000000000
76794  -19.172  3.936  9.380 0.0000000000
76781  -19.371  3.235  9.381 0.0000000000
75853  -20.112  2.950  9.526 0.0000000000
121728  -20.084  2.088  9.576 0.0000000000
69027  -17.925  -4.443  11.923 0.0000000000
127170  -18.306  -5.016  11.957 0.0000000000
130735  -18.186  -3.946  11.480 0.0000000000
70068  -18.638  -3.111  10.759 0.0000000000
71043  -19.623  -2.767  9.501 0.0000000000
71051  -20.261  -2.306  9.125 0.0000000000
71052  -21.161  -2.454  9.329 0.0000000000
70078  -21.449  -3.282  9.578 0.0000000000
71053  -22.239  -2.635  9.285 0.0000000000
71063  -23.893  -2.065  7.221 0.0000000000
71064  -24.778  -2.083  7.032 0.0000000000
71065  -25.785  -2.537  7.272 0.0000000000
129261  -25.294  -4.057  8.167 0.0000000000
63020  -26.592  -10.462  10.788 0.0000000000
66927  -17.640  -6.436  13.528 0.0000000000
68034  -19.402  -6.177  12.098 0.0000000000
66966  -21.803  -6.311  10.618 0.0000000000
66959  -22.360  -6.807  10.687 0.0000000000
65954  -23.162  -7.405  10.812 0.0000000000
64960  -22.863  -8.341  11.261 0.0000000000
64967  -23.619  -8.299  10.822 0.0000000000
63978  -23.963  -8.951  10.619 0.0000000000
63971  -25.038  -9.814  10.506 0.0000000000
63936  -20.337  -9.611  13.215 0.0000000000
63937  -21.197  -9.888  12.862 0.0000000000
63954  -21.833  -9.947  12.193 0.0000000000
62990  -22.073  -11.087  12.848 0.0000000000
63004  -22.361  -10.645  12.128 0.0000000000
63956  -22.848  -10.394  11.592 0.0000000000
63017  -23.660  -10.381  11.452 0.0000000000
63018  -24.584  -10.466  11.069 0.0000000000
63019  -25.532  -10.574  10.742 0.0000000000
61969  -25.839  -11.213  11.154 0.0000000000
61970  -26.757  -11.066  11.482 0.0000000000
60906  -25.365  -12.431  12.227 0.0000000000
74885  -16.478  0.667  10.697 0.0000000000
74886  -16.844  0.845  10.274 0.0000000000
73951  -17.043  0.310  10.142 0.0000000000
74899  -18.421  1.586  9.658 0.0000000000
74900  -19.281  1.824  9.543 0.0000000000
125243  -20.709  1.549  9.582 0.0000000000
71987  -19.566  -1.324  9.454 0.0000000000
138956  -20.453  -0.676  8.900 0.0000000000
72955  -21.025  -0.242  9.056 0.0000000000
73963  -20.769  0.640  9.445 0.0000000000
74908  -21.720  1.448  9.631 0.0000000000
120460  -22.754  1.833  9.365 0.0000000000
66981  -23.605  -6.397  9.635 0.0000000000
137737  -25.747  -6.060  8.910 0.0000000000
65978  -25.225  -7.364  9.791 0.0000000000
135746  -25.844  -6.784  9.113 0.0000000000
66993  -26.397  -6.167  8.739 0.0000000000
59884  -19.737  -13.410  16.177 0.0000000000
60861  -19.756  -12.676  15.722 0.0000000000
57947  -21.894  -15.109  15.474 0.0000000000
124463  -22.358  -14.499  15.068 0.0000000000
59904  -22.768  -13.799  14.609 0.0000000000
68073  -23.484  -5.867  9.440 0.0000000000
74887  -17.519  1.269  10.014 0.0000000000
75851  -18.197  3.010  9.453 0.0000000000
78720  -15.781  5.694  12.208 0.0000000000
79591  -18.182  6.931  8.638 0.0000000000
80430  -16.376  7.759  9.882 0.0000000000
137298  -19.758  -5.411  11.610 0.0000000000
