#!ascii label  , from subject sub-08 vox2ras=TkReg
1380
23867  -28.269  -51.628  22.481 0.5000000000
23858  -28.088  -51.545  23.142 0.4000000060
24824  -28.576  -50.864  23.714 0.6000000238
24833  -28.517  -50.839  22.852 0.6000000238
24850  -29.596  -50.143  21.875 0.6000000238
25878  -29.871  -49.337  21.376 0.6000000238
120383  -28.869  -50.085  23.358 0.6999999881
25865  -29.207  -49.344  22.969 0.6999999881
130803  -29.073  -50.101  22.588 0.6999999881
26862  -29.646  -48.592  21.295 0.6999999881
133816  -30.113  -48.857  20.868 0.5000000000
26863  -29.981  -48.250  20.651 0.6999999881
134432  -30.306  -49.918  21.401 0.5000000000
22806  -23.818  -52.210  29.095 0.5000000000
24825  -29.150  -50.269  24.288 0.6999999881
25872  -29.402  -49.180  22.091 0.6999999881
26848  -29.199  -47.944  22.801 0.6999999881
26857  -29.330  -48.251  21.970 0.6999999881
138318  -29.276  -48.669  22.640 0.6999999881
27765  -29.414  -47.458  21.966 0.6999999881
25831  -30.483  -49.535  27.134 0.6999999881
128184  -30.315  -49.453  26.404 0.6999999881
25859  -29.473  -49.419  24.031 0.6999999881
24826  -29.675  -49.843  24.852 0.6999999881
23793  -23.868  -52.179  28.183 0.6000000238
22819  -22.054  -52.371  28.186 0.4000000060
26841  -29.401  -48.648  23.418 0.6999999881
27772  -29.598  -47.797  21.185 0.6999999881
27773  -30.012  -47.430  20.620 0.6999999881
28655  -29.717  -46.810  21.279 0.6999999881
27780  -30.781  -47.563  20.407 0.6000000238
26788  -30.298  -48.778  28.275 0.6999999881
25818  -30.439  -49.526  27.942 0.6999999881
25847  -30.120  -48.939  25.879 0.6999999881
26807  -30.261  -48.699  26.810 0.6999999881
126371  -30.379  -48.164  27.667 0.6999999881
24763  -24.656  -50.759  29.141 0.6000000238
26818  -30.234  -48.178  26.138 0.6999999881
26842  -29.790  -48.544  24.308 0.6999999881
26831  -30.097  -48.364  25.227 0.6999999881
126576  -30.345  -47.973  26.862 0.6999999881
22834  -22.436  -52.384  27.476 0.5000000000
27757  -29.520  -47.242  22.721 0.6999999881
138235  -29.442  -47.598  23.168 0.6999999881
27728  -30.602  -47.499  26.361 0.6999999881
22818  -20.966  -52.273  27.939 0.4000000060
26849  -29.533  -47.915  23.617 0.6999999881
27739  -30.365  -47.626  25.540 0.6999999881
130834  -19.974  -52.521  27.324 0.4000000060
127946  -30.454  -46.956  25.105 0.6999999881
28624  -30.763  -46.324  25.581 0.6999999881
28649  -29.535  -46.661  22.059 0.6999999881
28641  -30.337  -46.326  23.726 0.6999999881
28633  -30.555  -46.223  24.681 0.6999999881
28656  -29.988  -46.582  20.890 0.6999999881
29511  -29.917  -45.685  23.026 0.6999999881
28665  -31.219  -46.249  20.700 0.6000000238
29528  -30.046  -45.068  20.821 0.6999999881
29527  -29.777  -45.706  21.217 0.6999999881
31348  -32.707  -43.952  21.296 0.5000000000
140174  -32.534  -44.526  20.962 0.5000000000
28659  -34.064  -46.179  20.984 0.4000000060
29531  -33.783  -45.327  20.951 0.5000000000
27708  -30.706  -47.445  28.256 0.6999999881
25800  -25.353  -49.169  28.842 0.6000000238
27750  -30.119  -47.654  24.522 0.6999999881
28616  -31.003  -46.636  26.494 0.6999999881
127322  -29.485  -45.866  22.186 0.6999999881
27758  -30.000  -47.159  23.545 0.6999999881
29520  -29.589  -46.024  21.667 0.6999999881
29510  -29.137  -45.019  22.281 0.6999999881
32244  -30.907  -43.069  21.262 0.6999999881
28657  -30.325  -45.957  20.879 0.6999999881
141211  -30.803  -44.654  20.861 0.6999999881
31347  -31.820  -43.618  21.520 0.6999999881
27673  -27.782  -47.887  30.176 0.6999999881
27674  -28.590  -47.746  30.282 0.6999999881
28569  -29.463  -46.558  30.082 0.8000000119
28584  -30.234  -46.478  29.495 0.8000000119
27672  -26.925  -48.003  29.974 0.6000000238
129648  -28.041  -47.128  30.450 0.6000000238
139286  -28.243  -46.655  30.449 0.6000000238
27691  -30.002  -47.294  29.735 0.8000000119
121446  -27.286  -47.184  30.106 0.6000000238
27690  -26.434  -47.288  29.473 0.6000000238
27709  -30.998  -46.760  28.076 0.6999999881
25780  -25.884  -49.140  29.631 0.6000000238
26761  -26.194  -48.268  29.554 0.6000000238
25799  -24.828  -49.911  28.484 0.6000000238
28606  -31.083  -46.491  27.373 0.6999999881
23808  -23.792  -51.878  27.538 0.5000000000
23809  -24.065  -51.242  27.658 0.6000000238
132807  -29.283  -45.238  21.676 0.6999999881
28640  -29.862  -46.509  22.863 0.6999999881
31345  -29.993  -43.345  20.893 0.8000000119
30446  -29.953  -44.208  20.744 0.6999999881
29501  -30.544  -45.502  24.023 0.6999999881
30445  -29.634  -44.675  21.160 0.6999999881
30437  -29.254  -44.338  21.689 0.6999999881
30448  -33.482  -44.422  20.991 0.5000000000
30449  -34.408  -44.714  20.925 0.5000000000
125002  -34.340  -44.058  21.103 0.5000000000
30455  -35.037  -44.946  20.693 0.4000000060
28567  -27.735  -46.386  30.327 0.6000000238
29443  -29.223  -45.763  30.024 0.8000000119
29458  -29.857  -45.754  29.739 0.8999999762
29459  -30.408  -45.650  29.242 0.8000000119
125389  -30.766  -45.526  28.688 0.8000000119
27689  -25.830  -47.854  28.880 0.6000000238
26787  -25.472  -48.435  28.303 0.6000000238
29470  -31.056  -45.857  27.977 0.8000000119
24786  -23.699  -51.295  27.188 0.6000000238
25817  -24.574  -49.885  27.515 0.6000000238
26786  -24.998  -49.113  27.868 0.6000000238
29475  -31.284  -45.075  27.482 0.6999999881
124474  -22.175  -52.365  26.499 0.5000000000
131643  -30.998  -44.964  25.888 0.6999999881
29484  -31.198  -45.048  26.625 0.6999999881
23823  -22.987  -51.711  26.721 0.5000000000
29492  -30.796  -45.391  25.171 0.6999999881
32254  -30.023  -42.653  20.995 0.8000000119
30429  -29.336  -43.994  22.427 0.6999999881
30430  -29.914  -44.642  23.367 0.6999999881
31344  -29.637  -43.503  21.234 0.6999999881
29441  -27.938  -45.538  30.198 0.6999999881
30368  -28.039  -44.744  29.898 0.6999999881
29442  -28.687  -45.278  29.994 0.6999999881
124347  -29.452  -45.070  29.794 0.8000000119
28566  -26.953  -46.435  29.798 0.6999999881
30369  -28.920  -44.336  29.771 0.8000000119
30385  -30.294  -44.113  29.325 0.8000000119
28583  -26.382  -46.366  29.058 0.6000000238
30396  -30.614  -44.785  28.978 0.8000000119
28582  -25.811  -46.983  28.598 0.6000000238
29471  -31.069  -44.983  28.311 0.6999999881
24787  -24.064  -50.564  27.202 0.6000000238
26805  -24.714  -49.043  26.895 0.6000000238
30410  -31.279  -44.362  27.020 0.8000000119
31301  -31.427  -43.674  27.407 0.6999999881
24796  -23.393  -50.828  26.551 0.6000000238
32216  -31.454  -42.958  26.869 0.8000000119
123204  -21.647  -52.446  25.496 0.4000000060
132163  -30.677  -44.739  24.385 0.6999999881
30417  -30.823  -44.343  25.294 0.6999999881
31308  -30.957  -43.767  25.805 0.6999999881
22830  -18.872  -52.713  26.464 0.4000000060
30423  -30.401  -43.908  24.274 0.6999999881
131298  -29.515  -42.580  21.056 0.8000000119
134190  -31.731  -42.378  21.891 0.8000000119
139789  -32.016  -43.043  21.918 0.6999999881
31338  -32.774  -43.269  21.921 0.5000000000
31350  -34.788  -43.402  21.187 0.5000000000
31349  -33.794  -43.522  21.517 0.5000000000
30456  -35.588  -44.750  20.303 0.4000000060
30367  -27.466  -45.085  29.920 0.6000000238
30370  -29.779  -44.268  29.629 0.8000000119
31271  -30.125  -43.512  29.617 0.8000000119
29457  -26.764  -45.689  29.446 0.6999999881
30386  -30.729  -43.870  28.885 0.8000000119
28597  -26.013  -46.249  28.224 0.6000000238
31286  -30.633  -43.364  29.331 0.8000000119
118773  -25.698  -46.829  27.793 0.6000000238
31297  -31.310  -43.626  28.332 0.8000000119
25830  -24.269  -49.734  26.688 0.6000000238
31309  -31.208  -43.687  26.520 0.8999999762
31316  -30.601  -43.457  25.137 0.8000000119
31317  -30.974  -42.998  25.901 0.8000000119
23822  -22.185  -51.988  25.591 0.5000000000
33124  -29.953  -41.458  23.892 0.8000000119
122195  -21.623  -52.122  24.946 0.4000000060
33151  -30.164  -41.412  21.210 0.8000000119
32252  -29.146  -42.426  21.298 0.8000000119
32242  -28.775  -42.372  21.903 0.8000000119
31332  -29.519  -42.793  23.283 0.6999999881
32243  -30.602  -42.186  21.312 0.8000000119
31337  -29.281  -43.261  21.747 0.8000000119
128020  -29.734  -43.549  23.362 0.6999999881
33136  -31.364  -41.529  21.822 0.8000000119
33135  -28.719  -41.732  21.389 0.8000000119
128839  -33.423  -42.087  22.257 0.6000000238
32245  -32.722  -42.568  22.192 0.6000000238
32256  -34.420  -42.713  21.565 0.5000000000
30384  -27.141  -44.327  29.634 0.6000000238
31270  -29.504  -43.544  29.710 0.6999999881
29469  -26.365  -45.589  28.669 0.6000000238
32178  -29.957  -42.874  29.783 0.6999999881
135032  -30.456  -42.920  29.612 0.6999999881
132863  -26.651  -44.918  29.179 0.6000000238
31283  -26.952  -43.414  29.221 0.6000000238
119242  -26.206  -45.567  27.602 0.6000000238
31287  -31.115  -43.261  28.976 0.8000000119
27718  -25.742  -47.345  26.976 0.6000000238
141522  -25.983  -46.294  27.488 0.6000000238
32191  -31.035  -42.643  29.320 0.6999999881
25846  -24.335  -49.011  25.981 0.5000000000
32207  -31.847  -42.984  27.811 0.8000000119
25829  -23.799  -49.554  25.836 0.3000000119
32223  -31.285  -42.181  26.365 0.8000000119
130218  -30.555  -42.757  25.078 0.8000000119
32222  -30.808  -42.143  25.456 0.8000000119
34139  -29.391  -40.858  23.410 0.8000000119
32253  -29.060  -41.833  20.915 0.8000000119
31331  -29.244  -43.025  22.525 0.8000000119
32235  -29.705  -42.175  23.569 0.8000000119
31324  -30.073  -42.974  24.220 0.6999999881
33152  -34.158  -41.994  21.946 0.6000000238
137575  -35.522  -42.526  20.338 0.3000000119
31284  -27.477  -43.515  29.569 0.6000000238
32176  -28.600  -42.775  29.734 0.6999999881
32177  -29.247  -42.817  29.778 0.6999999881
131562  -29.674  -42.169  29.806 0.6999999881
29500  -24.828  -45.152  23.772 0.5000000000
119119  -26.400  -44.777  28.303 0.6000000238
138810  -26.568  -44.078  28.938 0.6000000238
132973  -30.941  -41.914  29.426 0.6999999881
27727  -25.541  -47.665  25.968 0.5000000000
118774  -26.133  -46.180  26.678 0.5000000000
140566  -24.239  -48.474  24.996 0.3000000119
26817  -24.871  -48.358  26.022 0.5000000000
129986  -31.433  -41.979  28.871 0.8000000119
33099  -31.670  -41.157  27.574 0.8000000119
121760  -31.773  -42.134  27.348 0.8000000119
33116  -30.642  -41.442  24.841 0.8999999762
34123  -31.514  -40.783  26.068 0.8999999762
33110  -31.621  -41.407  26.675 0.8000000119
24795  -22.642  -51.034  25.761 0.4000000060
32229  -30.379  -42.136  24.474 0.8999999762
33117  -31.112  -41.460  25.802 0.8999999762
34164  -29.728  -40.793  21.260 0.8000000119
33150  -29.273  -41.374  20.990 0.8000000119
32234  -28.913  -42.262  22.726 0.8000000119
34148  -30.904  -40.713  21.672 0.8000000119
34149  -32.102  -40.791  22.205 0.6999999881
33138  -33.700  -41.383  22.246 0.6000000238
33163  -35.021  -41.098  20.722 0.6000000238
32257  -35.053  -42.622  20.942 0.6000000238
32188  -27.441  -42.814  29.441 0.6000000238
32189  -28.061  -42.400  29.678 0.6000000238
33061  -28.840  -42.064  29.772 0.6999999881
33062  -29.408  -41.531  29.838 0.6999999881
135926  -26.402  -43.959  27.979 0.6000000238
33063  -29.984  -41.490  29.841 0.8000000119
119301  -26.118  -46.131  25.639 0.6000000238
118780  -26.257  -45.337  26.424 0.5000000000
33078  -30.470  -41.412  29.610 0.6999999881
34083  -31.018  -40.574  28.987 0.8000000119
27738  -25.685  -47.260  24.786 0.4000000060
33092  -31.302  -41.160  28.510 0.6999999881
143147  -23.835  -48.991  25.200 0.4000000060
126333  -31.683  -41.700  28.109 0.8000000119
34122  -31.061  -40.838  25.132 0.8000000119
34114  -31.927  -40.629  26.879 0.8000000119
133020  -29.775  -40.139  23.802 0.8000000119
33149  -28.971  -41.271  21.166 0.8000000119
134392  -28.958  -40.416  22.053 0.8000000119
33130  -29.029  -41.554  23.031 0.6999999881
34138  -28.788  -40.987  22.498 0.8000000119
33129  -28.566  -41.650  22.196 0.8000000119
138908  -29.218  -40.944  21.248 0.8000000119
131616  -33.393  -40.061  22.375 0.6999999881
34151  -33.870  -40.656  22.210 0.6999999881
35132  -34.932  -39.293  20.599 0.6000000238
35133  -35.189  -39.713  20.157 0.6000000238
35141  -35.483  -39.774  19.297 0.6000000238
31296  -26.593  -43.258  28.508 0.6000000238
34060  -28.800  -41.190  29.852 0.8000000119
118782  -24.584  -43.253  24.104 0.5000000000
118781  -26.187  -43.835  27.116 0.5000000000
34082  -30.537  -40.656  29.591 0.8000000119
33079  -30.925  -41.284  29.203 0.6999999881
118783  -25.796  -45.203  25.181 0.5000000000
119197  -26.331  -44.622  27.266 0.5000000000
34062  -30.156  -40.868  29.873 0.8000000119
35022  -30.884  -39.783  29.507 0.8000000119
34093  -31.497  -40.581  28.277 0.8000000119
35036  -31.943  -39.895  28.156 0.8000000119
34101  -31.890  -40.443  27.606 0.8000000119
132760  -31.441  -40.253  25.487 0.8000000119
35067  -30.725  -40.008  24.724 0.8000000119
35056  -31.889  -40.029  26.245 0.8000000119
34163  -29.101  -40.565  21.669 0.8000000119
134421  -29.200  -40.271  22.814 0.8000000119
35119  -30.336  -39.992  21.502 0.8000000119
138300  -29.479  -40.221  21.535 0.8000000119
132736  -32.661  -40.204  22.413 0.6999999881
35102  -31.779  -39.884  22.113 0.6999999881
34165  -34.222  -40.028  21.944 0.6999999881
36066  -32.416  -38.876  22.179 0.6999999881
35103  -32.793  -39.629  22.414 0.6999999881
35104  -33.603  -39.173  22.223 0.6999999881
35121  -34.488  -39.213  21.407 0.6999999881
34081  -27.467  -40.283  29.346 0.8000000119
129497  -27.475  -42.009  29.393 0.6000000238
121521  -27.508  -41.185  29.391 0.6000000238
34059  -28.098  -40.794  29.775 0.8000000119
35066  -23.803  -38.896  24.287 0.6000000238
33115  -24.048  -40.837  24.081 0.5000000000
32202  -26.418  -42.553  28.087 0.6000000238
123989  -26.584  -41.920  28.373 0.6000000238
34061  -29.590  -40.782  30.039 0.8000000119
127670  -22.446  -40.297  25.977 0.6000000238
35054  -23.279  -38.591  24.817 0.6000000238
133114  -24.182  -38.927  24.635 0.6000000238
33109  -25.220  -40.979  26.475 0.5000000000
32206  -25.926  -42.639  27.339 0.5000000000
124886  -23.757  -38.424  28.331 0.5000000000
35032  -23.206  -38.895  26.667 0.5000000000
35042  -22.902  -38.511  25.434 0.6000000238
32215  -24.742  -42.583  25.065 0.5000000000
136889  -25.481  -42.045  26.827 0.5000000000
35002  -30.203  -40.130  30.154 0.8000000119
35023  -31.552  -39.189  28.838 0.8000000119
35990  -23.465  -38.032  26.877 0.5000000000
119113  -25.773  -43.570  26.506 0.5000000000
35018  -23.972  -39.502  29.231 0.4000000060
119502  -25.953  -44.328  26.112 0.5000000000
136926  -32.073  -39.176  26.445 0.8000000119
35045  -32.176  -39.785  27.230 0.8000000119
36005  -32.098  -39.117  27.973 0.6999999881
35079  -30.170  -39.414  23.985 0.8000000119
35068  -31.547  -39.407  25.459 0.8000000119
36041  -31.354  -38.568  24.929 0.8000000119
35118  -29.625  -39.209  21.440 0.8999999762
35117  -29.283  -39.682  21.795 0.8999999762
35088  -29.141  -39.620  22.250 0.8000000119
35101  -29.199  -39.606  21.917 1.0000000000
143877  -29.126  -39.065  22.530 0.8000000119
36065  -30.900  -39.113  21.502 0.8000000119
36982  -31.443  -38.251  21.665 0.6999999881
140633  -26.857  -40.075  28.764 0.8000000119
34999  -28.117  -40.103  29.837 0.8000000119
35000  -28.577  -39.506  30.076 0.8000000119
36027  -23.670  -37.957  24.741 0.6000000238
34092  -26.376  -40.289  28.224 0.6000000238
34080  -26.952  -40.787  28.861 0.6000000238
131425  -28.768  -40.391  30.090 0.8000000119
35959  -29.433  -39.186  30.223 0.8000000119
36001  -23.179  -37.794  25.541 0.5000000000
133438  -24.704  -38.743  25.353 0.6000000238
34091  -25.780  -40.599  27.516 0.6000000238
144642  -29.909  -39.634  30.287 0.8000000119
35960  -30.327  -39.164  30.085 0.8000000119
126281  -31.089  -38.774  29.590 0.6999999881
36002  -23.895  -36.925  25.250 0.5000000000
141207  -25.260  -39.759  26.429 0.6000000238
33091  -26.455  -41.179  28.285 0.6000000238
35973  -24.035  -37.710  28.748 0.4000000060
35991  -24.003  -37.249  27.155 0.4000000060
36919  -24.856  -36.307  25.522 0.4000000060
36908  -24.557  -36.633  27.817 0.4000000060
36918  -24.725  -36.359  25.992 0.4000000060
36003  -25.353  -36.761  25.680 0.4000000060
37758  -25.165  -35.916  26.697 0.4000000060
37765  -25.671  -35.863  26.485 0.5000000000
142042  -32.203  -38.951  27.226 0.6999999881
37746  -24.955  -35.837  28.011 0.3000000119
36920  -25.506  -36.131  25.912 0.5000000000
35080  -30.879  -39.213  24.670 0.8000000119
36028  -31.957  -38.536  25.827 0.8000000119
36018  -32.285  -38.321  26.771 0.8000000119
36029  -32.245  -37.874  26.092 0.8000000119
36077  -28.931  -38.673  21.583 1.0000000000
36064  -28.823  -38.740  21.885 0.8000000119
36050  -28.895  -38.488  22.497 0.8000000119
35089  -29.404  -39.565  23.146 0.8000000119
36040  -30.563  -38.667  24.066 0.8000000119
36956  -29.881  -38.149  23.370 0.8000000119
142803  -28.507  -38.192  21.521 0.8000000119
36051  -29.634  -38.899  23.266 0.8000000119
36983  -32.587  -37.881  21.939 0.6999999881
36079  -33.354  -38.325  22.107 0.6999999881
37000  -33.533  -37.570  21.722 0.6999999881
35120  -34.146  -38.321  21.655 0.6999999881
36088  -34.747  -38.439  20.621 0.6999999881
36089  -35.156  -39.042  19.825 0.6000000238
37012  -34.617  -37.559  19.907 0.6999999881
37845  -33.508  -36.701  21.192 0.6999999881
36100  -35.267  -38.830  18.822 0.6000000238
36099  -34.926  -38.369  19.540 0.6000000238
35020  -27.744  -39.495  29.560 0.8000000119
130316  -24.123  -37.951  24.699 0.5000000000
35035  -26.462  -39.434  28.219 0.8000000119
35974  -27.381  -38.699  29.135 0.8000000119
35019  -27.057  -39.424  28.930 0.8000000119
36016  -23.777  -37.356  24.785 0.5000000000
35055  -24.883  -37.713  25.347 0.6000000238
35043  -25.586  -38.140  26.461 0.5000000000
35992  -26.681  -38.422  28.149 0.6999999881
35034  -25.783  -39.436  27.329 0.6999999881
35977  -29.619  -38.412  30.077 0.6999999881
35979  -31.265  -37.915  29.563 0.6999999881
140573  -31.547  -38.371  29.169 0.6999999881
36911  -31.821  -37.618  28.999 0.6999999881
36899  -32.215  -36.988  28.493 0.6999999881
38573  -25.884  -35.593  27.113 0.5000000000
128417  -32.495  -37.178  27.693 0.6999999881
37759  -25.484  -35.532  27.248 0.4000000060
36944  -31.837  -37.822  25.306 0.8000000119
36933  -32.512  -37.415  26.752 0.6999999881
36957  -31.095  -37.776  24.192 0.8000000119
132294  -31.665  -36.003  24.560 0.6999999881
36966  -28.306  -37.985  21.648 0.8000000119
136154  -30.218  -37.445  23.486 0.8000000119
133566  -29.467  -37.997  21.036 0.8999999762
133829  -30.101  -38.455  21.259 0.8999999762
36078  -28.994  -38.337  21.122 0.8999999762
36996  -28.269  -37.904  21.294 0.8000000119
143763  -27.895  -37.635  21.277 0.8000000119
37831  -27.845  -37.461  21.463 0.8000000119
36998  -30.666  -37.696  21.439 0.8999999762
119768  -29.659  -37.303  21.190 0.8000000119
137639  -31.798  -37.490  21.749 0.8000000119
138609  -35.604  -40.571  19.349 0.4000000060
36999  -32.554  -36.910  21.711 0.8000000119
37001  -34.302  -37.521  21.060 0.6999999881
37034  -34.877  -37.405  18.013 0.5000000000
35975  -27.805  -38.114  29.475 0.6999999881
35021  -27.994  -38.874  29.721 0.8000000119
35993  -27.168  -37.718  28.585 0.6999999881
138329  -28.993  -37.821  30.012 0.6999999881
36910  -27.010  -36.659  27.964 0.6000000238
36895  -28.302  -37.600  29.739 0.6999999881
35978  -30.522  -38.218  29.863 0.6999999881
36898  -31.381  -37.049  29.466 0.6999999881
37760  -26.678  -35.855  27.639 0.5000000000
39294  -26.279  -34.565  28.086 0.4000000060
39284  -25.952  -33.868  28.659 0.3000000119
39295  -26.999  -34.492  28.248 0.5000000000
37789  -31.776  -36.977  24.910 0.6999999881
36945  -32.326  -37.212  25.825 0.6999999881
37767  -32.747  -36.621  27.111 0.6999999881
38568  -26.362  -35.241  27.581 0.4000000060
37777  -32.670  -36.750  26.327 0.6999999881
131807  -30.990  -36.835  23.999 0.6999999881
36981  -28.791  -37.707  22.609 0.8000000119
37812  -28.286  -36.798  22.320 0.8000000119
36997  -28.488  -37.772  21.026 0.8000000119
37843  -30.441  -36.169  21.470 0.8000000119
126934  -31.276  -36.885  21.628 0.8999999762
136614  -31.850  -36.203  21.619 0.8000000119
37844  -32.614  -35.988  21.401 0.8000000119
131805  -34.601  -37.141  18.949 0.6999999881
37023  -34.779  -37.991  18.807 0.6000000238
38629  -33.159  -35.855  20.995 0.6999999881
37858  -33.674  -36.295  20.354 0.6999999881
39387  -32.610  -34.963  20.062 0.6999999881
123250  -27.788  -35.623  29.114 0.6000000238
37749  -28.318  -36.260  29.453 0.6000000238
124987  -28.088  -36.886  29.487 0.6999999881
36896  -28.876  -37.025  29.816 0.6999999881
126250  -29.773  -37.606  29.899 0.6999999881
120448  -29.873  -36.773  29.758 0.6999999881
37751  -30.761  -36.453  29.666 0.6999999881
36897  -30.658  -37.355  29.746 0.6999999881
37748  -27.462  -36.242  28.831 0.6000000238
39293  -25.653  -34.536  28.391 0.3000000119
38569  -27.114  -35.343  28.298 0.5000000000
38560  -28.635  -35.461  29.487 0.6000000238
142217  -31.868  -36.790  29.063 0.6999999881
38559  -27.731  -34.865  28.931 0.6000000238
37753  -32.280  -36.199  28.807 0.6999999881
37761  -32.594  -36.393  27.998 0.6999999881
38581  -32.959  -36.075  26.448 0.6999999881
40881  -27.001  -32.483  28.956 0.3000000119
139977  -32.494  -36.310  25.577 0.6999999881
36967  -29.873  -36.827  23.277 0.8000000119
37813  -29.809  -36.000  23.286 0.8000000119
37801  -30.767  -36.170  23.778 0.6999999881
38600  -31.015  -35.346  23.827 0.6999999881
38590  -32.483  -35.399  25.188 0.6999999881
37830  -27.136  -36.977  21.252 0.8000000119
37842  -28.092  -37.035  20.934 0.8000000119
122247  -27.638  -37.383  21.169 0.8000000119
39358  -26.744  -35.378  21.332 0.8000000119
39359  -26.789  -35.536  21.500 0.8000000119
40113  -26.509  -34.713  21.784 0.8000000119
40112  -26.633  -33.716  21.965 0.8000000119
37879  -34.629  -36.558  18.419 0.6000000238
135445  -34.214  -36.676  19.599 0.6999999881
38628  -32.468  -35.181  21.089 0.8000000119
38636  -33.195  -35.554  20.112 0.6000000238
126111  -31.909  -34.194  18.687 0.6999999881
39398  -32.183  -34.583  19.136 0.6000000238
136346  -33.635  -35.543  19.247 0.6000000238
38562  -30.840  -35.539  29.637 0.6999999881
38563  -31.574  -35.141  29.443 0.6999999881
37752  -31.635  -36.087  29.396 0.6999999881
40042  -27.423  -33.835  28.495 0.4000000060
39285  -27.763  -34.148  28.658 0.4000000060
39287  -29.485  -34.306  29.586 0.5000000000
122570  -30.882  -34.709  29.608 0.6999999881
38564  -32.321  -35.342  29.079 0.6999999881
39286  -28.569  -34.418  29.219 0.5000000000
40035  -29.022  -33.666  29.262 0.5000000000
142160  -32.731  -35.093  28.709 0.6999999881
119770  -32.785  -35.536  28.343 0.6999999881
40033  -27.437  -33.211  28.654 0.3000000119
141509  -28.078  -33.038  28.705 0.4000000060
38575  -33.261  -34.992  27.714 0.6999999881
131055  -27.358  -31.846  29.154 0.3000000119
38582  -33.234  -35.181  26.680 0.6999999881
141413  -33.376  -34.585  26.449 0.6999999881
130360  -28.633  -35.687  22.682 0.8000000119
127814  -31.650  -34.459  24.131 0.6999999881
140614  -31.926  -35.153  24.501 0.6999999881
124988  -33.487  -34.020  26.199 0.6999999881
40917  -33.047  -32.830  25.009 0.6999999881
37841  -27.097  -36.958  21.037 0.8000000119
38620  -27.177  -36.185  21.705 0.8000000119
40091  -32.264  -33.510  24.443 0.6999999881
40926  -32.242  -32.462  24.431 0.6999999881
38625  -27.164  -36.353  20.977 0.8000000119
37829  -27.087  -36.287  21.214 0.8000000119
120554  -27.371  -35.050  22.364 0.8000000119
39344  -29.271  -34.739  23.082 0.8000000119
126444  -31.175  -33.699  23.748 0.8000000119
40937  -28.363  -33.170  22.864 0.8000000119
40102  -30.539  -33.067  23.410 0.8000000119
38626  -28.978  -35.789  21.148 0.8000000119
39370  -28.098  -35.134  21.135 0.8000000119
40100  -27.095  -33.920  22.530 0.8000000119
40938  -29.672  -32.632  23.102 0.8000000119
135575  -30.712  -35.299  21.415 0.8000000119
39383  -27.144  -34.492  20.769 0.8000000119
40950  -27.639  -33.062  22.566 0.8000000119
40951  -28.765  -32.541  22.852 0.8000000119
39371  -30.031  -34.911  21.045 0.8000000119
138619  -27.077  -32.932  21.521 0.8000000119
39385  -30.717  -34.294  20.691 0.8000000119
38655  -34.664  -35.781  18.235 0.5000000000
40131  -29.862  -33.580  20.155 0.8000000119
37869  -34.149  -36.053  18.911 0.6000000238
39400  -34.141  -35.087  18.692 0.6000000238
39399  -33.228  -34.894  19.199 0.6000000238
123361  -29.301  -34.980  29.682 0.6999999881
38561  -29.828  -35.802  29.665 0.6999999881
120793  -30.105  -34.927  29.717 0.6999999881
39289  -31.446  -34.466  29.433 0.6999999881
136433  -29.718  -33.725  29.624 0.5000000000
127937  -30.973  -33.961  29.572 0.6999999881
40883  -28.685  -32.894  29.016 0.4000000060
133726  -32.663  -34.671  28.871 0.6999999881
38570  -33.054  -34.808  28.392 0.6999999881
40882  -27.927  -32.419  28.917 0.3000000119
129493  -28.752  -32.018  29.300 0.3000000119
129673  -29.354  -32.426  29.466 0.5000000000
40044  -33.165  -33.591  28.431 0.6999999881
39299  -33.471  -34.237  28.074 0.6999999881
41786  -28.074  -31.373  29.256 0.3000000119
40047  -33.549  -33.367  27.641 0.6999999881
42738  -27.706  -30.568  29.383 0.3000000119
40900  -33.373  -32.275  26.573 0.6999999881
39345  -30.620  -34.540  23.526 0.8000000119
127012  -33.260  -33.806  25.220 0.6999999881
41833  -32.705  -31.969  24.910 0.6999999881
40090  -31.458  -32.798  23.953 0.8000000119
41855  -30.963  -31.713  23.644 0.8000000119
41854  -29.896  -31.939  23.214 0.8000000119
39384  -29.078  -34.293  20.719 0.8000000119
40122  -26.622  -34.450  21.315 0.8000000119
40949  -27.399  -32.577  22.069 0.8000000119
42819  -28.894  -31.268  21.890 0.8000000119
41863  -29.896  -31.393  22.784 0.8000000119
124842  -28.101  -33.686  20.089 0.8000000119
40121  -26.874  -33.526  21.134 0.8000000119
41871  -27.409  -31.999  21.293 0.8000000119
121871  -30.222  -30.756  21.988 0.8000000119
39397  -31.283  -33.963  19.410 0.8000000119
39288  -30.255  -34.176  29.692 0.6000000238
129444  -29.543  -33.086  29.564 0.5000000000
122536  -32.011  -33.321  29.198 0.6999999881
129426  -30.278  -32.453  29.735 0.6000000238
40037  -31.257  -33.100  29.614 0.6999999881
40043  -32.568  -33.064  28.815 0.6999999881
41787  -29.089  -31.173  29.104 0.3000000119
40884  -32.014  -32.598  29.319 0.6999999881
42756  -26.951  -30.173  29.378 0.3000000119
43740  -29.157  -29.593  29.357 0.3000000119
44684  -26.715  -28.635  28.655 0.3000000119
44685  -27.564  -28.505  28.751 0.3000000119
43756  -28.054  -29.101  29.087 0.3000000119
44678  -28.818  -28.968  29.232 0.3000000119
44699  -26.224  -28.001  28.141 0.3000000119
40074  -33.495  -33.079  25.974 0.6999999881
40918  -33.159  -32.169  25.671 0.6999999881
40925  -31.544  -31.998  24.022 0.8000000119
41864  -30.864  -31.330  23.432 0.8000000119
42820  -30.998  -30.811  22.956 0.8000000119
40130  -27.210  -33.830  20.527 0.8000000119
40129  -27.482  -32.902  20.359 0.8000000119
40964  -27.273  -32.471  20.893 0.8000000119
41872  -27.946  -31.128  20.838 0.8000000119
41862  -27.869  -31.745  21.805 0.8000000119
41878  -27.629  -31.599  20.476 0.8000000119
129304  -30.425  -33.270  19.358 0.8000000119
40975  -31.298  -33.432  18.733 0.6000000238
40036  -30.337  -33.408  29.771 0.6000000238
128768  -31.337  -32.069  29.675 0.6000000238
42740  -29.514  -30.404  29.221 0.4000000060
133511  -31.406  -31.195  29.389 0.6000000238
41790  -32.140  -31.719  29.273 0.6999999881
40886  -32.569  -32.334  28.894 0.6999999881
42742  -31.134  -30.465  29.312 0.4000000060
41801  -32.781  -31.721  28.579 0.6999999881
40887  -33.096  -32.605  28.281 0.6999999881
135182  -29.220  -28.419  28.821 0.3000000119
43758  -31.644  -29.899  29.081 0.4000000060
41800  -32.392  -31.064  28.803 0.6000000238
42766  -33.463  -30.842  27.650 0.6999999881
126622  -33.527  -32.923  26.893 0.6999999881
41817  -33.371  -31.510  26.250 0.6999999881
42775  -33.627  -30.802  26.820 0.6999999881
41834  -33.109  -31.408  25.365 0.6999999881
40939  -30.716  -32.274  23.570 0.8000000119
119660  -31.733  -31.316  23.994 0.8000000119
123108  -28.478  -32.017  22.632 0.8000000119
42821  -31.852  -30.241  23.129 0.8000000119
40973  -28.751  -32.138  19.373 0.8000000119
40971  -27.724  -31.462  19.880 0.8000000119
129884  -28.416  -30.390  19.948 0.8000000119
41879  -27.839  -30.911  19.900 0.8000000119
40140  -32.767  -34.308  18.608 0.6000000238
40974  -30.165  -32.682  19.106 0.8000000119
40982  -31.960  -32.737  18.478 0.6000000238
40981  -30.962  -32.416  18.548 0.6999999881
41789  -30.518  -31.526  29.451 0.6000000238
43741  -29.986  -29.620  29.380 0.3000000119
137883  -29.594  -28.911  29.311 0.3000000119
43742  -30.820  -29.716  29.259 0.3000000119
43757  -31.306  -29.123  28.976 0.3000000119
42765  -33.344  -30.112  28.042 0.6999999881
45568  -28.339  -27.052  27.968 0.3000000119
123305  -29.718  -27.802  28.355 0.3000000119
43772  -32.772  -29.397  28.165 0.4000000060
123780  -33.686  -30.064  27.300 0.6999999881
46477  -27.861  -26.370  27.211 0.3000000119
42789  -33.460  -30.044  25.537 0.6000000238
42800  -32.480  -30.665  24.259 0.8000000119
41840  -33.117  -30.729  25.021 0.6999999881
134532  -33.419  -29.342  25.186 0.6000000238
42801  -33.176  -30.084  24.720 0.6999999881
42814  -31.681  -30.790  23.649 0.8000000119
131165  -32.284  -30.311  23.720 0.8000000119
43813  -32.883  -29.983  24.043 0.6999999881
43814  -33.245  -29.487  24.469 0.6999999881
43826  -32.557  -29.736  23.397 0.6999999881
43827  -33.151  -29.242  23.846 0.6999999881
43833  -31.282  -30.131  22.248 0.8000000119
44765  -32.871  -28.989  23.053 0.6999999881
40137  -27.964  -33.049  19.758 0.8000000119
40972  -27.830  -32.095  19.715 0.8000000119
42828  -29.199  -30.551  20.946 0.8000000119
139605  -31.617  -29.362  21.427 0.8000000119
41885  -27.970  -31.192  19.517 0.8000000119
42829  -30.544  -30.096  21.075 0.8000000119
40138  -29.101  -33.071  19.461 0.8000000119
42836  -29.431  -29.838  20.116 0.8000000119
41887  -30.005  -31.754  18.922 0.6999999881
40139  -32.291  -33.702  18.428 0.6000000238
40147  -33.086  -32.677  18.524 0.6000000238
140553  -30.807  -31.489  18.536 0.6999999881
42758  -32.494  -30.196  28.615 0.5000000000
42759  -33.030  -30.933  28.276 0.5000000000
44679  -29.911  -28.381  28.978 0.3000000119
44688  -31.713  -28.596  28.553 0.4000000060
45569  -30.573  -27.331  28.140 0.3000000119
43773  -33.333  -29.360  27.536 0.5000000000
46479  -30.108  -26.632  27.703 0.3000000119
45570  -31.546  -27.240  27.967 0.3000000119
44703  -33.309  -28.637  27.103 0.6000000238
43785  -33.643  -29.320  26.855 0.6000000238
47472  -29.493  -25.990  27.346 0.3000000119
127028  -32.263  -27.322  27.652 0.3000000119
46499  -28.642  -25.849  26.851 0.3000000119
43801  -33.630  -29.305  26.038 0.6000000238
46498  -27.861  -25.767  26.173 0.3000000119
44778  -31.335  -28.679  20.678 0.8000000119
44779  -32.152  -28.411  21.298 0.6999999881
43840  -32.567  -28.775  22.143 0.6999999881
43851  -30.401  -29.214  20.273 0.8000000119
42841  -28.596  -30.399  19.530 0.8000000119
43849  -29.047  -29.727  19.255 0.6999999881
43850  -29.435  -29.307  19.516 0.8000000119
44789  -30.529  -28.376  19.828 0.6000000238
41901  -34.188  -31.906  18.612 0.6000000238
41886  -29.058  -30.999  19.295 0.6999999881
41897  -30.038  -30.683  18.667 0.6999999881
136715  -29.070  -30.170  18.996 0.6999999881
41899  -31.725  -31.661  18.498 0.6999999881
41900  -32.836  -31.747  18.586 0.6999999881
44818  -30.403  -27.789  17.152 0.5000000000
45684  -31.812  -27.820  17.540 0.5000000000
45572  -33.364  -28.044  26.735 0.6000000238
44719  -33.557  -28.608  26.437 0.6000000238
45590  -33.685  -27.879  26.155 0.6000000238
45608  -33.809  -27.750  25.328 0.6000000238
44756  -33.457  -28.619  24.655 0.6999999881
45631  -33.754  -27.618  24.376 0.6999999881
44766  -33.366  -28.349  23.668 0.6999999881
141769  -26.142  -25.831  24.063 0.3000000119
44772  -33.184  -28.186  22.740 0.6999999881
45644  -33.614  -27.388  23.352 0.6999999881
44788  -29.581  -28.744  19.302 0.6999999881
45650  -32.907  -27.966  21.910 0.6000000238
42854  -29.098  -29.649  18.965 0.6999999881
144715  -29.139  -28.963  19.027 0.6999999881
44798  -29.475  -28.106  18.849 0.6000000238
43869  -29.317  -29.150  18.386 0.6999999881
41898  -31.221  -30.771  18.331 0.6999999881
42856  -30.456  -29.973  18.086 0.6999999881
42857  -31.664  -30.002  18.082 0.6999999881
43872  -32.033  -29.237  18.012 0.6000000238
45589  -33.330  -27.262  26.705 0.4000000060
120865  -33.924  -27.067  25.950 0.5000000000
125634  -34.040  -26.779  25.060 0.6000000238
47551  -26.455  -25.414  23.558 0.3000000119
47533  -26.827  -25.606  24.112 0.3000000119
136734  -33.322  -27.513  22.474 0.6000000238
45656  -32.443  -27.578  21.168 0.6000000238
43859  -29.200  -29.026  18.712 0.6999999881
44790  -31.553  -27.965  20.462 0.6000000238
44797  -29.227  -28.548  18.493 0.6999999881
43870  -29.711  -29.213  17.873 0.6999999881
43873  -34.313  -29.947  17.437 0.5000000000
42842  -32.993  -30.061  17.865 0.6000000238
42858  -33.578  -30.895  18.195 0.6000000238
43871  -30.620  -29.268  17.755 0.6000000238
124518  -32.282  -28.634  17.896 0.5000000000
136227  -33.420  -29.360  17.745 0.5000000000
127198  -32.909  -25.900  26.559 0.4000000060
46501  -33.453  -26.464  26.348 0.4000000060
47496  -32.669  -25.110  26.426 0.4000000060
47494  -30.706  -25.165  27.038 0.4000000060
47552  -27.182  -25.188  23.729 0.3000000119
48653  -27.806  -24.863  24.122 0.3000000119
48631  -28.819  -24.787  25.132 0.3000000119
126455  -33.957  -26.836  24.153 0.6000000238
49692  -26.829  -23.929  23.023 0.3000000119
46566  -33.495  -26.795  22.616 0.6000000238
46573  -32.702  -26.762  21.106 0.5000000000
46582  -31.276  -26.758  19.578 0.6000000238
45668  -31.838  -27.156  20.362 0.6000000238
45667  -30.556  -27.525  19.379 0.6000000238
44808  -29.252  -28.530  17.904 0.6999999881
45676  -29.284  -27.529  18.335 0.6000000238
44809  -29.655  -28.572  17.459 0.6999999881
44810  -30.841  -28.457  17.514 0.5000000000
45691  -30.739  -27.203  17.054 0.5000000000
47495  -31.705  -24.964  26.980 0.4000000060
47497  -33.424  -25.753  26.049 0.4000000060
140832  -33.828  -26.369  25.760 0.5000000000
48612  -32.009  -24.398  26.323 0.4000000060
139624  -33.750  -25.838  25.276 0.4000000060
48671  -27.378  -24.466  23.506 0.3000000119
48672  -28.060  -24.103  23.876 0.3000000119
48655  -29.073  -24.021  25.037 0.4000000060
47553  -33.687  -25.461  23.691 0.4000000060
49694  -28.174  -23.201  23.871 0.3000000119
49649  -29.871  -23.759  25.270 0.4000000060
47567  -33.494  -25.894  22.775 0.5000000000
46559  -33.748  -26.399  23.498 0.6000000238
46574  -33.227  -26.344  21.889 0.5000000000
124952  -32.831  -25.912  21.156 0.5000000000
47576  -32.866  -24.996  21.243 0.5000000000
46592  -29.755  -26.659  18.444 0.6000000238
45689  -28.959  -27.594  17.213 0.6000000238
46600  -28.660  -26.378  17.375 0.6000000238
44816  -29.056  -28.121  17.305 0.5000000000
44817  -29.403  -28.066  17.061 0.5000000000
45690  -29.337  -27.395  16.889 0.5000000000
46605  -31.293  -26.452  17.120 0.5000000000
133999  -31.988  -27.005  17.628 0.5000000000
47517  -33.319  -25.063  25.629 0.4000000060
48635  -32.800  -24.385  25.856 0.4000000060
48636  -33.239  -24.456  25.228 0.4000000060
47536  -33.580  -25.066  24.669 0.4000000060
49693  -27.530  -23.572  23.405 0.3000000119
50711  -26.926  -22.861  23.014 0.3000000119
47586  -32.302  -25.560  20.407 0.5000000000
46593  -31.447  -26.036  19.467 0.6000000238
139350  -32.351  -24.866  20.456 0.5000000000
47596  -30.636  -25.592  18.468 0.5000000000
47597  -31.760  -25.196  19.616 0.5000000000
45683  -28.908  -27.192  17.478 0.6000000238
47604  -28.957  -25.867  17.739 0.6000000238
47603  -28.525  -25.704  17.083 0.6000000238
46604  -29.702  -26.623  16.647 0.5000000000
46601  -32.918  -26.320  17.893 0.5000000000
46599  -28.650  -26.689  17.017 0.5000000000
52950  -25.647  -20.272  21.924 0.3000000119
143780  -26.956  -20.477  22.643 0.4000000060
52928  -27.542  -20.354  23.075 0.4000000060
48726  -29.283  -25.039  17.711 0.5000000000
53870  -25.325  -19.610  21.711 0.4000000060
134453  -28.718  -24.979  17.006 0.5000000000
49759  -30.471  -23.461  18.141 0.5000000000
49748  -31.580  -23.705  19.092 0.5000000000
47610  -28.949  -25.156  16.429 0.5000000000
46603  -29.078  -25.843  16.521 0.5000000000
47605  -32.017  -25.559  17.315 0.5000000000
47612  -30.365  -25.874  16.254 0.6000000238
48734  -31.119  -25.045  16.254 0.5000000000
142357  -32.117  -24.943  17.305 0.4000000060
52952  -27.025  -19.817  22.344 0.4000000060
52929  -28.369  -19.928  23.379 0.4000000060
48732  -29.372  -24.311  16.483 0.5000000000
48739  -29.716  -24.434  15.874 0.5000000000
49773  -29.916  -23.356  15.742 0.5000000000
49768  -29.738  -23.307  16.295 0.5000000000
47611  -29.791  -25.203  15.903 0.5000000000
48727  -32.207  -24.403  17.133 0.4000000060
48733  -30.528  -24.371  15.746 0.5000000000
49769  -31.482  -24.180  16.247 0.5000000000
53849  -27.933  -19.495  22.689 0.4000000060
54778  -25.967  -18.944  21.517 0.4000000060
49758  -29.881  -23.445  17.111 0.5000000000
120947  -31.145  -22.698  18.982 0.4000000060
49774  -30.458  -23.460  15.582 0.4000000060
50811  -31.036  -22.742  15.125 0.4000000060
49775  -31.335  -23.313  15.641 0.5000000000
49760  -32.381  -23.460  16.770 0.3000000119
130777  -30.270  -21.910  17.648 0.4000000060
49780  -30.583  -22.646  15.214 0.4000000060
50812  -31.623  -22.270  14.980 0.5000000000
50803  -32.197  -22.487  15.899 0.4000000060
51880  -32.252  -21.554  14.974 0.4000000060
50817  -30.727  -21.996  14.824 0.4000000060
51862  -33.419  -21.899  18.201 0.4000000060
50818  -31.179  -22.103  14.755 0.4000000060
136544  -32.602  -20.749  15.193 0.4000000060
52998  -31.369  -19.696  15.641 0.4000000060
53000  -33.006  -20.319  16.255 0.4000000060
51872  -33.031  -21.383  17.275 0.4000000060
52989  -33.295  -20.675  17.941 0.4000000060
51853  -33.722  -21.560  19.016 0.4000000060
53007  -31.667  -20.187  14.880 0.4000000060
133182  -32.270  -20.651  14.589 0.3000000119
52999  -32.673  -19.781  15.005 0.4000000060
53941  -32.172  -18.896  15.277 0.4000000060
53934  -31.761  -18.533  16.048 0.4000000060
53935  -33.021  -18.939  15.680 0.3000000119
52982  -33.642  -20.609  19.152 0.4000000060
53008  -32.258  -19.792  14.704 0.3000000119
120456  -33.281  -19.453  16.840 0.5000000000
53942  -32.640  -18.843  15.238 0.4000000060
136872  -32.875  -18.184  15.731 0.4000000060
27692  -30.587  -47.245  29.072 0.6999999881
24775  -24.400  -50.686  28.045 0.6000000238
130017  -28.573  -46.147  30.304 0.6999999881
29440  -27.020  -45.136  29.695 0.6000000238
31268  -28.069  -43.927  29.703 0.6000000238
31269  -28.750  -43.429  29.730 0.6999999881
27737  -24.708  -47.284  23.694 0.4000000060
33060  -28.087  -41.603  29.718 0.6000000238
122329  -31.356  -40.020  28.777 0.8000000119
36017  -24.379  -36.980  25.070 0.5000000000
36004  -26.052  -37.601  26.901 0.6000000238
40038  -31.702  -33.893  29.300 0.6999999881
41839  -32.567  -31.279  24.620 0.6999999881
138284  -33.461  -30.762  25.902 0.6000000238
43759  -32.079  -29.315  28.678 0.5000000000
128191  -32.672  -27.077  27.255 0.4000000060
45657  -33.133  -27.183  21.818 0.6000000238
48656  -33.380  -24.101  24.565 0.4000000060
50802  -29.970  -22.578  15.871 0.4000000060
24841  -28.871  -50.891  22.279 0.5000000000
23848  -28.962  -50.998  24.606 0.6999999881
26864  -30.717  -48.754  20.593 0.5000000000
22807  -24.392  -52.135  29.528 0.5000000000
28664  -30.496  -46.811  20.623 0.6999999881
27719  -30.784  -47.324  27.298 0.6999999881
131277  -30.313  -46.858  24.329 0.6999999881
29529  -31.015  -45.419  20.829 0.6999999881
120495  -32.821  -45.095  20.732 0.5000000000
30447  -31.730  -44.274  21.137 0.6000000238
32255  -33.619  -42.720  22.029 0.5000000000
26760  -25.706  -48.560  29.113 0.6000000238
29483  -31.003  -45.694  26.129 0.6999999881
31346  -30.695  -43.899  20.882 0.6999999881
28598  -30.729  -46.347  28.769 0.8000000119
29474  -31.160  -45.803  27.013 0.6999999881
30450  -35.106  -44.162  20.777 0.4000000060
29444  -30.129  -44.958  29.510 0.8000000119
27707  -25.578  -47.603  27.976 0.6000000238
26806  -25.235  -48.191  27.168 0.6000000238
125875  -27.280  -45.703  29.985 0.6999999881
30397  -30.918  -44.295  28.466 0.6999999881
144241  -23.756  -50.158  26.451 0.5000000000
140206  -25.986  -46.731  26.987 0.6000000238
140978  -31.801  -42.334  28.186 0.8000000119
33137  -32.614  -41.664  22.289 0.6999999881
32265  -34.715  -41.903  21.220 0.6000000238
34147  -28.656  -41.096  21.739 0.8000000119
33153  -34.457  -41.028  21.674 0.6000000238
32274  -35.843  -41.946  19.829 0.4000000060
141157  -24.269  -46.461  22.934 0.3000000119
121835  -26.156  -46.952  25.918 0.5000000000
26816  -24.827  -47.812  24.863 0.5000000000
26830  -23.866  -47.988  23.744 0.4000000060
34131  -30.222  -40.780  24.327 0.8999999762
32187  -26.911  -42.490  28.893 0.6000000238
31300  -26.287  -43.257  27.697 0.5000000000
28615  -26.028  -46.773  24.911 0.4000000060
33077  -26.993  -41.594  28.898 0.6000000238
118792  -24.055  -42.979  23.399 0.5000000000
118787  -25.098  -44.279  24.724 0.5000000000
119051  -25.260  -43.499  25.524 0.5000000000
34112  -24.136  -39.768  24.286 0.5000000000
33108  -24.419  -40.817  25.151 0.6000000238
32214  -24.375  -41.640  24.518 0.5000000000
34113  -24.654  -39.797  25.336 0.6000000238
33098  -25.951  -41.738  27.636 0.5000000000
34100  -22.817  -39.792  26.528 0.6000000238
130054  -22.772  -39.470  25.234 0.6000000238
127886  -24.953  -41.843  25.817 0.5000000000
119146  -25.424  -42.813  26.392 0.5000000000
35994  -31.913  -38.401  28.509 0.6999999881
36006  -32.214  -38.388  27.699 0.6999999881
132984  -25.303  -38.744  26.112 0.6000000238
35044  -26.142  -38.674  27.462 0.6000000238
37764  -25.248  -36.048  25.853 0.4000000060
141195  -25.962  -36.585  26.330 0.5000000000
35995  -32.182  -37.738  28.171 0.6999999881
37766  -26.112  -35.730  27.026 0.5000000000
130540  -26.179  -36.177  26.812 0.5000000000
35976  -28.626  -38.502  29.999 0.6999999881
38567  -25.803  -35.063  27.631 0.4000000060
36894  -27.623  -37.209  29.114 0.6000000238
36909  -26.543  -37.132  27.407 0.6000000238
38574  -32.987  -35.823  27.403 0.6999999881
40041  -26.794  -33.825  28.361 0.3000000119
38627  -31.709  -35.495  21.464 0.8000000119
141712  -33.722  -36.051  19.601 0.6000000238
39386  -31.834  -34.554  20.524 0.8000000119
37750  -29.110  -36.270  29.642 0.6999999881
40034  -28.164  -33.594  28.746 0.4000000060
38591  -32.935  -35.572  25.899 0.6999999881
38611  -29.926  -35.242  23.369 0.8000000119
39332  -32.569  -34.522  24.817 0.6999999881
39372  -31.392  -34.854  21.238 0.8000000119
39296  -33.059  -34.256  28.586 0.6999999881
121542  -27.142  -31.103  29.370 0.3000000119
39316  -33.108  -34.756  25.744 0.6999999881
39308  -33.556  -34.294  27.125 0.6999999881
40101  -28.677  -34.014  22.906 0.8000000119
131120  -30.105  -33.873  23.222 0.8000000119
144231  -29.577  -33.326  23.061 0.8000000119
39290  -32.073  -34.584  29.227 0.6999999881
134284  -32.514  -33.907  28.969 0.6999999881
41788  -29.633  -31.748  29.349 0.5000000000
44686  -28.405  -28.451  28.768 0.3000000119
142519  -30.644  -30.933  29.286 0.6000000238
42757  -31.859  -30.647  29.121 0.6000000238
139449  -31.969  -31.125  29.182 0.6000000238
41802  -33.252  -31.679  27.958 0.6999999881
40890  -33.388  -32.402  27.460 0.6999999881
41805  -33.427  -31.599  27.157 0.6999999881
126228  -33.689  -30.042  26.439 0.6000000238
43834  -32.173  -29.550  22.568 0.8000000119
140046  -30.459  -28.854  29.173 0.3000000119
42741  -30.338  -30.412  29.263 0.5000000000
46478  -28.818  -26.491  27.520 0.3000000119
46460  -29.807  -27.177  27.914 0.3000000119
44702  -32.787  -28.679  27.711 0.5000000000
44738  -33.619  -28.567  25.654 0.6000000238
45554  -31.284  -27.920  28.432 0.3000000119
141598  -29.475  -26.715  27.687 0.3000000119
123466  -29.258  -25.469  26.553 0.3000000119
42855  -29.681  -29.839  18.483 0.6999999881
46500  -32.776  -26.478  26.936 0.4000000060
45675  -28.991  -27.945  17.775 0.6000000238
130679  -33.135  -28.301  18.183 0.4000000060
47475  -32.229  -25.726  27.051 0.4000000060
48632  -29.474  -24.497  25.582 0.4000000060
48654  -28.444  -24.500  24.528 0.3000000119
46583  -32.163  -26.365  20.348 0.5000000000
46543  -33.851  -26.063  24.396 0.4000000060
49670  -28.655  -23.666  24.382 0.4000000060
47577  -33.276  -25.461  21.993 0.5000000000
48673  -33.638  -24.510  23.837 0.4000000060
132466  -33.308  -24.739  22.062 0.4000000060
52951  -26.361  -20.579  22.311 0.3000000119
48725  -29.504  -24.361  17.368 0.5000000000
51885  -31.344  -21.517  14.666 0.4000000060
51870  -30.900  -20.853  15.408 0.4000000060
54848  -32.430  -18.091  15.961 0.4000000060
129111  -33.709  -19.832  19.513 0.3000000119
20119  -28.586  -55.541  28.680 0.5000000000
20124  -28.801  -55.722  27.703 0.5000000000
20080  -26.700  -55.113  31.100 0.4000000060
20097  -27.920  -55.043  30.259 0.5000000000
20110  -27.722  -55.806  29.900 0.5000000000
20976  -28.925  -54.811  29.048 0.5000000000
20977  -29.396  -54.337  28.395 0.6000000238
20981  -29.489  -54.050  27.455 0.6000000238
20958  -27.925  -54.327  30.545 0.5000000000
21867  -27.843  -53.630  30.748 0.5000000000
20959  -28.629  -54.403  29.901 0.5000000000
138412  -29.528  -53.316  29.150 0.5000000000
21843  -27.239  -53.323  30.995 0.5000000000
131632  -29.722  -52.610  28.677 0.6000000238
22835  -29.853  -52.622  27.687 0.6000000238
21893  -29.746  -53.461  28.202 0.6000000238
22842  -29.666  -52.404  26.635 0.6000000238
123394  -29.549  -51.714  25.873 0.6000000238
23824  -29.960  -51.543  26.733 0.6000000238
21913  -29.175  -52.483  25.539 0.6000000238
23839  -29.039  -51.779  24.952 0.6000000238
134232  -29.516  -51.201  25.290 0.6000000238
21868  -28.425  -53.129  30.553 0.5000000000
21881  -29.044  -53.389  29.960 0.5000000000
22770  -26.545  -52.814  30.929 0.5000000000
22790  -28.192  -52.455  30.777 0.5000000000
23810  -29.760  -51.939  28.158 0.6000000238
120894  -26.089  -52.076  30.648 0.5000000000
139344  -26.888  -52.153  30.882 0.5000000000
23825  -30.312  -50.860  26.900 0.6000000238
24797  -30.002  -50.863  26.015 0.6000000238
22791  -28.951  -52.460  30.376 0.5000000000
22808  -29.476  -52.415  29.688 0.5000000000
128334  -27.626  -51.878  30.870 0.5000000000
23768  -28.597  -51.598  30.691 0.5000000000
23769  -29.305  -51.742  30.255 0.5000000000
23781  -29.660  -51.339  29.618 0.5000000000
23796  -29.952  -51.344  28.640 0.6000000238
23766  -26.810  -51.450  30.726 0.5000000000
23767  -27.692  -51.018  30.813 0.5000000000
23811  -30.154  -51.290  27.649 0.6000000238
137835  -25.439  -51.799  30.307 0.5000000000
23765  -25.922  -51.252  30.392 0.5000000000
24798  -30.443  -50.184  26.590 0.6000000238
24813  -29.660  -50.527  25.107 0.6000000238
130044  -28.455  -50.720  30.688 0.5000000000
128041  -29.543  -49.740  29.564 0.5000000000
24765  -29.827  -49.920  29.065 0.6000000238
25801  -30.128  -49.380  28.670 0.6000000238
24748  -27.814  -50.136  30.668 0.5000000000
24776  -29.942  -50.647  28.953 0.6000000238
132698  -30.263  -50.112  28.398 0.6000000238
23780  -25.058  -51.317  29.935 0.5000000000
23779  -24.509  -51.666  29.279 0.5000000000
24814  -30.133  -49.884  25.665 0.6000000238
25860  -29.920  -49.182  24.989 0.6000000238
25762  -28.815  -49.237  30.119 0.5000000000
24749  -28.639  -50.031  30.453 0.5000000000
127345  -29.233  -49.925  30.029 0.5000000000
25782  -29.814  -49.248  29.300 0.6000000238
24747  -26.668  -50.392  30.466 0.5000000000
24746  -25.515  -50.543  29.966 0.5000000000
25759  -26.467  -49.534  30.135 0.6000000238
26740  -29.203  -48.399  30.053 0.6000000238
26762  -29.829  -48.582  29.626 0.5000000000
127042  -30.249  -47.986  29.412 0.6000000238
25760  -27.228  -49.477  30.358 0.6000000238
25761  -28.057  -49.334  30.412 0.6000000238
128099  -30.173  -48.684  29.041 0.6000000238
25779  -25.299  -49.881  29.377 0.5000000000
26737  -26.681  -48.840  29.995 0.6000000238
23794  -24.244  -51.595  28.339 0.4000000060
26738  -27.507  -48.665  30.190 0.6000000238
26739  -28.342  -48.538  30.189 0.6000000238
27675  -29.347  -47.499  30.172 0.6000000238
141066  -29.810  -47.966  29.871 0.5000000000
34172  -34.917  -40.101  21.038 0.5000000000
131519  -32.174  -31.774  24.370 0.6000000238
40148  -33.398  -33.595  18.417 0.5000000000
121147  -32.382  -30.794  18.248 0.5000000000
53926  -33.452  -19.426  18.101 0.4000000060
139922  -33.907  -19.112  19.747 0.3000000119
53876  -34.078  -18.913  20.797 0.3000000119
19245  -25.335  -56.120  31.138 0.4000000060
19262  -27.035  -56.246  30.243 0.5000000000
19281  -28.103  -56.093  29.145 0.5000000000
20985  -29.032  -53.903  25.946 0.5000000000
127033  -25.906  -55.037  31.225 0.4000000060
20986  -29.379  -53.791  26.686 0.6000000238
21906  -29.341  -53.191  26.192 0.6000000238
20941  -25.360  -54.459  31.099 0.4000000060
21841  -25.700  -53.752  30.879 0.5000000000
21864  -24.748  -52.937  30.438 0.5000000000
128442  -25.838  -52.738  30.673 0.5000000000
143892  -24.321  -52.744  30.295 0.3000000119
132923  -22.389  -52.155  29.211 0.4000000060
32266  -35.224  -41.880  20.467 0.4000000060
33164  -35.434  -41.190  19.874 0.4000000060
34173  -35.270  -40.409  20.052 0.4000000060
133512  -29.938  -31.054  29.017 0.5000000000
39409  -33.772  -34.311  18.561 0.5000000000
133647  -33.975  -32.859  18.436 0.5000000000
53875  -34.093  -18.445  19.658 0.3000000119
122218  -34.315  -17.080  20.340 0.3000000119
20078  -25.089  -55.383  31.267 0.4000000060
134455  -30.252  -50.761  28.247 0.6000000238
25758  -25.950  -49.890  29.951 0.6000000238
23764  -24.853  -51.938  29.995 0.4000000060
20125  -29.194  -54.855  27.533 0.6000000238
20095  -26.579  -55.917  30.900 0.4000000060
142473  -29.563  -53.818  28.789 0.6000000238
138449  -28.424  -53.789  30.385 0.5000000000
20942  -26.247  -54.393  31.053 0.5000000000
24764  -29.600  -50.410  29.647 0.5000000000
24750  -29.216  -50.840  30.337 0.5000000000
143228  -33.783  -19.018  18.763 0.4000000060
21905  -28.731  -53.211  25.318 0.4000000060
122758  -28.317  -52.501  24.549 0.4000000060
21840  -24.801  -53.670  30.828 0.4000000060
118797  -23.547  -43.602  23.423 0.4000000060
118796  -24.048  -43.921  23.215 0.3000000119
118784  -24.296  -44.070  23.611 0.4000000060
118776  -25.458  -46.055  24.510 0.4000000060
119236  -23.495  -41.390  23.750 0.4000000060
118795  -24.006  -41.885  23.526 0.4000000060
33089  -23.285  -41.585  27.513 0.4000000060
33107  -22.276  -40.991  26.052 0.4000000060
118798  -22.754  -41.376  24.270 0.4000000060
34130  -23.534  -40.599  23.907 0.4000000060
33076  -24.361  -42.012  29.200 0.3000000119
125231  -23.854  -41.903  28.358 0.3000000119
135081  -24.481  -41.363  29.548 0.4000000060
34111  -22.545  -40.365  25.183 0.4000000060
33090  -23.905  -41.165  28.709 0.4000000060
34089  -23.284  -40.742  27.720 0.5000000000
34090  -23.619  -40.210  28.509 0.4000000060
44689  -32.310  -28.792  28.249 0.3000000119
45555  -32.150  -28.022  28.048 0.3000000119
45571  -32.856  -27.861  27.314 0.3000000119
126238  -30.396  -24.187  18.165 0.4000000060
47474  -31.334  -25.719  27.406 0.3000000119
135436  -31.198  -24.693  18.697 0.4000000060
48611  -31.001  -24.553  26.427 0.3000000119
48718  -32.069  -24.376  19.877 0.4000000060
50789  -29.991  -22.575  16.870 0.4000000060
48634  -31.379  -24.045  25.783 0.3000000119
144106  -32.223  -23.973  25.773 0.3000000119
48633  -30.372  -24.220  25.787 0.3000000119
49651  -31.891  -23.521  25.404 0.3000000119
49650  -30.888  -23.666  25.256 0.3000000119
49674  -32.395  -23.088  24.909 0.3000000119
49675  -33.054  -23.334  24.491 0.3000000119
49671  -29.441  -23.300  24.715 0.3000000119
130420  -33.534  -24.898  22.884 0.3000000119
50688  -28.883  -22.783  24.357 0.3000000119
143598  -28.369  -22.310  23.820 0.3000000119
48700  -33.435  -24.153  22.510 0.3000000119
142173  -27.974  -21.962  23.385 0.3000000119
48699  -33.088  -24.200  21.706 0.3000000119
49725  -32.777  -23.543  21.372 0.3000000119
119744  -32.460  -22.810  21.068 0.3000000119
48709  -32.629  -24.255  20.846 0.3000000119
49739  -32.337  -23.570  20.352 0.3000000119
128051  -26.731  -19.242  21.807 0.3000000119
53893  -25.057  -19.097  21.169 0.3000000119
50790  -30.362  -22.616  17.971 0.3000000119
51860  -30.311  -21.636  16.434 0.3000000119
49672  -30.444  -23.179  24.799 0.3000000119
49673  -31.447  -23.095  24.922 0.3000000119
49695  -33.434  -23.615  23.789 0.3000000119
48689  -33.570  -24.121  23.230 0.3000000119
50689  -31.025  -22.419  24.702 0.3000000119
50690  -32.015  -22.355  24.740 0.3000000119
50692  -33.102  -22.945  23.942 0.3000000119
50715  -33.267  -22.890  23.363 0.3000000119
49712  -33.451  -23.508  22.973 0.3000000119
50713  -29.060  -21.845  24.335 0.3000000119
51783  -29.872  -21.366  24.413 0.3000000119
51762  -31.516  -21.682  24.424 0.3000000119
50712  -27.370  -22.020  23.102 0.3000000119
51782  -28.477  -21.386  23.739 0.3000000119
49726  -33.231  -23.512  22.190 0.3000000119
50735  -32.945  -22.862  21.901 0.3000000119
52913  -28.185  -20.665  23.481 0.3000000119
141078  -27.551  -18.977  21.836 0.3000000119
53872  -28.432  -18.783  22.320 0.3000000119
50770  -31.888  -22.767  20.058 0.3000000119
50769  -31.352  -21.905  19.917 0.3000000119
121782  -30.703  -21.715  18.765 0.3000000119
51861  -30.591  -21.073  17.649 0.3000000119
140362  -30.809  -20.593  16.457 0.3000000119
50691  -32.733  -22.596  24.390 0.3000000119
50714  -32.975  -22.275  23.728 0.3000000119
51763  -32.410  -21.828  24.193 0.3000000119
52914  -28.878  -20.527  23.709 0.3000000119
52915  -29.824  -20.498  23.851 0.3000000119
50752  -32.651  -22.140  21.719 0.3000000119
53850  -28.785  -19.197  23.012 0.3000000119
51839  -32.057  -21.980  20.886 0.3000000119
54780  -28.161  -18.223  21.760 0.3000000119
51786  -32.644  -21.509  23.280 0.3000000119
52916  -30.633  -20.264  23.555 0.3000000119
139882  -32.211  -20.803  23.132 0.3000000119
51787  -33.091  -22.226  23.008 0.3000000119
138060  -33.257  -22.868  22.644 0.3000000119
52930  -31.992  -20.412  22.590 0.3000000119
142662  -32.996  -22.351  22.350 0.3000000119
53836  -29.269  -19.792  23.378 0.3000000119
53837  -30.106  -19.738  23.294 0.3000000119
54781  -28.971  -18.002  22.333 0.3000000119
54764  -29.685  -18.016  22.637 0.3000000119
136256  -31.808  -21.061  20.571 0.3000000119
55757  -28.657  -17.531  21.710 0.3000000119
142044  -31.318  -21.145  19.585 0.3000000119
51852  -31.058  -20.577  18.652 0.3000000119
52917  -31.472  -20.422  23.321 0.3000000119
52918  -32.466  -20.983  22.480 0.3000000119
53851  -29.674  -18.933  22.940 0.3000000119
53838  -30.889  -19.849  23.021 0.3000000119
143724  -31.460  -20.040  22.679 0.3000000119
51822  -32.377  -21.231  21.623 0.3000000119
54765  -30.370  -18.309  22.566 0.3000000119
136182  -32.090  -20.578  21.229 0.3000000119
55775  -28.315  -17.087  21.142 0.3000000119
56822  -29.025  -16.994  21.469 0.3000000119
55758  -29.543  -17.350  22.046 0.3000000119
55743  -30.295  -17.558  22.235 0.3000000119
53895  -31.854  -20.175  20.622 0.3000000119
52967  -31.512  -20.219  19.648 0.3000000119
52981  -31.333  -19.618  18.460 0.3000000119
52988  -31.150  -19.735  17.190 0.3000000119
52931  -32.165  -20.526  21.875 0.3000000119
53853  -31.245  -19.503  22.426 0.3000000119
53854  -31.725  -19.986  22.054 0.3000000119
54766  -31.059  -18.732  22.260 0.3000000119
53873  -31.502  -19.257  21.628 0.3000000119
53874  -31.900  -20.014  21.355 0.3000000119
56823  -29.704  -16.684  21.444 0.3000000119
138097  -30.210  -17.008  21.776 0.3000000119
54782  -30.913  -17.930  22.036 0.3000000119
128415  -31.573  -19.596  20.060 0.3000000119
53911  -31.361  -19.073  19.069 0.3000000119
137496  -32.682  -17.707  16.149 0.3000000119
54833  -32.247  -17.708  16.352 0.3000000119
56840  -28.856  -16.409  20.877 0.3000000119
140385  -31.279  -18.438  21.652 0.3000000119
53894  -31.646  -19.450  20.767 0.3000000119
56824  -30.572  -16.498  21.145 0.3000000119
55759  -30.864  -17.192  21.437 0.3000000119
131886  -31.446  -18.584  20.838 0.3000000119
133376  -31.491  -18.713  19.907 0.3000000119
128498  -31.774  -17.937  18.544 0.3000000119
54816  -32.016  -17.237  17.043 0.3000000119
53925  -31.664  -18.446  17.464 0.3000000119
57880  -29.155  -15.588  20.376 0.3000000119
56841  -29.871  -16.054  20.867 0.3000000119
56842  -30.665  -15.911  20.680 0.3000000119
56825  -31.236  -16.648  20.780 0.3000000119
55776  -31.619  -17.033  20.492 0.3000000119
134356  -31.343  -17.808  21.100 0.3000000119
54800  -31.735  -17.652  19.764 0.3000000119
56857  -32.040  -16.106  18.574 0.3000000119
55788  -31.855  -16.650  19.043 0.3000000119
55789  -32.365  -16.631  17.504 0.3000000119
125415  -31.981  -17.006  17.929 0.3000000119
54834  -32.594  -17.370  16.378 0.3000000119
124405  -33.253  -18.221  16.411 0.3000000119
54849  -32.868  -17.710  16.109 0.3000000119
53912  -33.494  -18.213  17.601 0.3000000119
57881  -30.179  -15.417  20.375 0.3000000119
57867  -31.197  -16.108  20.513 0.3000000119
56843  -31.663  -16.366  20.009 0.3000000119
55803  -32.487  -16.974  16.787 0.3000000119
54817  -33.494  -17.436  17.358 0.3000000119
57882  -31.073  -15.511  20.196 0.3000000119
23847  -28.438  -51.663  24.061 0.4000000060
32201  -24.045  -42.726  28.803 0.3000000119
34119  -22.713  -40.644  24.511 0.4000000060
33123  -23.838  -41.073  23.813 0.4000000060
33097  -22.680  -40.855  26.755 0.4000000060
35033  -23.502  -39.225  27.962 0.4000000060
130461  -23.277  -39.855  27.549 0.4000000060
49652  -32.826  -23.785  25.231 0.3000000119
51781  -27.745  -21.272  23.294 0.3000000119
53871  -26.169  -19.710  21.946 0.3000000119
54779  -26.809  -18.715  21.469 0.3000000119
32200  -23.588  -42.499  27.879 0.4000000060
118785  -23.358  -43.159  27.176 0.4000000060
118791  -22.603  -41.779  26.025 0.4000000060
33106  -22.374  -41.138  25.188 0.4000000060
131846  -24.649  -42.056  30.251 0.3000000119
51760  -29.918  -22.425  24.576 0.3000000119
51761  -30.654  -21.735  24.538 0.3000000119
141076  -29.167  -21.066  24.190 0.3000000119
54799  -27.322  -18.094  21.267 0.3000000119
54798  -26.446  -18.322  20.957 0.3000000119
51785  -31.928  -21.105  23.826 0.3000000119
51784  -30.865  -20.936  24.099 0.3000000119
54763  -29.132  -18.529  22.753 0.3000000119
50734  -32.758  -21.725  22.412 0.3000000119
141425  -27.985  -17.638  21.362 0.3000000119
53852  -30.514  -19.202  22.751 0.3000000119
54835  -33.125  -17.401  16.461 0.3000000119
57883  -31.625  -15.758  19.632 0.3000000119
31282  -24.199  -43.638  29.328 0.4000000060
22831  -19.716  -52.901  26.334 0.3000000119
131222  -19.228  -52.737  26.993 0.3000000119
22839  -19.452  -52.848  25.833 0.3000000119
22833  -21.624  -52.548  27.030 0.3000000119
34058  -24.641  -41.031  30.330 0.3000000119
34079  -24.282  -40.548  29.412 0.3000000119
126733  -24.529  -40.110  30.237 0.3000000119
118790  -22.791  -43.111  24.476 0.3000000119
119218  -22.992  -42.597  26.328 0.3000000119
134139  -22.784  -42.487  25.405 0.3000000119
32205  -23.150  -42.179  26.955 0.3000000119
119056  -23.605  -42.425  23.525 0.3000000119
118775  -22.771  -42.261  24.390 0.3000000119
119431  -23.497  -43.952  27.823 0.3000000119
119518  -22.940  -43.418  25.867 0.3000000119
31356  -35.416  -43.263  20.561 0.3000000119
19261  -26.286  -56.578  30.495 0.5000000000
20079  -25.959  -55.667  31.190 0.4000000060
20096  -27.274  -55.508  30.618 0.4000000060
20111  -28.335  -55.293  29.514 0.5000000000
20120  -29.002  -55.072  28.273 0.5000000000
20131  -29.192  -54.461  26.694 0.6000000238
20943  -27.149  -54.197  30.932 0.5000000000
20969  -29.316  -54.062  29.286 0.5000000000
21842  -26.500  -53.632  30.962 0.5000000000
21865  -25.382  -53.141  30.621 0.5000000000
21866  -25.978  -53.219  30.808 0.5000000000
22787  -24.591  -52.452  30.108 0.3000000119
22788  -25.284  -52.445  30.383 0.5000000000
22789  -27.402  -52.609  30.944 0.5000000000
22820  -23.039  -52.290  28.441 0.5000000000
22832  -20.653  -52.715  26.574 0.3000000119
22840  -20.339  -52.946  25.719 0.3000000119
22841  -21.252  -52.726  25.940 0.4000000060
23778  -24.261  -52.016  28.820 0.5000000000
23792  -23.113  -52.174  27.462 0.5000000000
23795  -29.704  -51.925  28.991 0.5000000000
23821  -20.985  -52.531  25.043 0.4000000060
24788  -30.504  -50.351  27.547 0.6999999881
24812  -23.071  -50.118  25.587 0.3000000119
25781  -29.385  -49.183  29.758 0.5000000000
26869  -30.466  -48.071  20.389 0.6000000238
28568  -28.713  -46.959  30.427 0.6999999881
28623  -25.288  -46.753  23.938 0.4000000060
29491  -24.858  -46.058  23.399 0.5000000000
29532  -34.610  -45.516  20.870 0.4000000060
30402  -31.305  -44.345  27.869 0.6999999881
30409  -31.104  -44.361  26.188 0.6999999881
31285  -28.056  -43.145  29.673 0.6000000238
32190  -30.396  -42.209  29.681 0.6999999881
32203  -31.584  -42.826  28.658 0.8000000119
34120  -23.272  -39.874  24.387 0.4000000060
34121  -23.837  -40.092  23.903 0.5000000000
34129  -23.003  -40.704  24.057 0.4000000060
34150  -33.090  -40.788  22.383 0.6999999881
35001  -29.463  -39.948  30.312 0.8000000119
36015  -23.358  -37.672  24.973 0.5000000000
37846  -34.161  -36.925  20.495 0.6999999881
40057  -33.592  -33.530  26.776 0.6999999881
50810  -30.293  -22.504  15.346 0.4000000060
51869  -30.447  -21.848  15.282 0.4000000060
51871  -32.618  -21.504  16.196 0.4000000060
51879  -31.120  -21.223  14.785 0.4000000060
51886  -31.773  -21.448  14.612 0.4000000060
53015  -31.805  -20.786  14.532 0.4000000060
53943  -32.722  -18.154  15.830 0.3000000119
118788  -24.340  -42.233  23.692 0.5000000000
118794  -22.610  -41.801  25.094 0.3000000119
118799  -23.145  -42.050  23.866 0.4000000060
119381  -25.939  -43.249  27.061 0.5000000000
120758  -22.736  -41.458  26.675 0.3000000119
121541  -27.423  -54.852  30.767 0.4000000060
122352  -29.624  -41.988  20.896 0.8000000119
124055  -30.462  -48.069  28.670 0.6000000238
124440  -29.678  -53.270  27.148 0.6000000238
124953  -32.368  -37.819  27.430 0.6999999881
126750  -30.744  -47.048  25.812 0.6999999881
129177  -30.323  -48.915  27.566 0.6999999881
129450  -23.004  -42.861  23.696 0.3000000119
130385  -31.841  -44.914  20.797 0.6000000238
133115  -19.313  -52.471  28.010 0.4000000060
133973  -27.836  -53.026  30.865 0.5000000000
138031  -29.879  -51.974  27.351 0.6000000238
139943  -23.558  -41.374  28.114 0.3000000119
140402  -27.612  -32.058  20.228 0.8000000119
140484  -24.068  -41.529  23.711 0.5000000000
143137  -34.393  -36.615  18.954 0.6999999881
143640  -30.842  -46.956  28.595 0.6999999881
