#!ascii label  , from subject sub-08 vox2ras=TkReg
1947
139436  -6.847  -76.174  22.942 0.5000000000
4087  -6.233  -79.801  21.875 0.5000000000
3682  -7.069  -80.430  22.447 0.5000000000
3673  -6.956  -81.333  23.135 0.5000000000
6086  -7.959  -74.859  24.122 0.5000000000
5535  -7.255  -75.635  23.175 0.5000000000
6682  -8.347  -74.693  22.637 0.5000000000
6100  -7.808  -75.389  22.370 0.5000000000
6115  -8.962  -75.678  21.346 0.6000000238
5546  -6.736  -76.784  22.129 0.5000000000
3245  -6.565  -82.348  23.365 0.5000000000
4099  -6.581  -78.903  21.724 0.5000000000
3246  -7.021  -81.917  24.025 0.5000000000
4088  -7.226  -79.567  21.945 0.6000000238
3666  -7.581  -81.313  24.291 0.6000000238
4089  -8.049  -79.306  22.239 0.6000000238
138725  -7.452  -80.730  23.394 0.6000000238
3234  -7.471  -82.109  24.453 0.6999999881
4518  -8.797  -79.035  22.844 0.6999999881
3667  -8.128  -80.815  24.739 0.6999999881
4504  -8.919  -79.380  24.331 0.6999999881
121133  -8.443  -80.142  24.546 0.6999999881
3657  -8.721  -80.577  25.073 0.6999999881
6673  -9.083  -74.207  23.212 0.5000000000
6683  -9.215  -74.642  22.198 0.6000000238
6674  -9.946  -74.055  22.827 0.6000000238
6700  -10.513  -75.068  21.131 0.6000000238
5055  -7.710  -77.036  21.810 0.5000000000
2781  -7.369  -82.840  24.313 0.5000000000
2356  -7.322  -83.461  24.058 0.5000000000
2797  -8.979  -82.163  22.801 0.6999999881
2782  -8.084  -82.772  24.103 0.6999999881
2789  -8.859  -82.167  23.864 0.6999999881
4531  -7.463  -78.686  21.653 0.6000000238
4532  -8.415  -78.346  21.785 0.6999999881
136825  -9.247  -81.239  24.842 0.6999999881
4533  -9.200  -78.221  22.404 0.6999999881
4519  -9.414  -78.636  23.678 0.6999999881
3225  -9.634  -80.777  25.114 0.6999999881
4505  -9.588  -78.879  24.855 0.6999999881
4069  -9.334  -79.505  25.190 0.6999999881
4059  -9.173  -80.031  25.281 0.6999999881
3660  -10.778  -80.131  25.500 0.6999999881
4492  -9.862  -79.118  25.644 0.6999999881
4052  -10.844  -79.017  26.375 0.6999999881
4061  -10.422  -79.666  25.900 0.6999999881
4053  -11.596  -79.058  26.614 0.6999999881
7258  -9.968  -73.875  23.868 0.5000000000
7282  -10.972  -73.904  22.404 0.6000000238
7283  -12.118  -73.682  21.901 0.6000000238
6685  -11.184  -74.489  21.332 0.6000000238
7302  -13.049  -74.247  21.124 0.6000000238
6116  -9.927  -75.633  21.182 0.6000000238
6720  -11.978  -74.996  20.505 0.6000000238
5563  -9.216  -76.232  21.226 0.6000000238
3259  -9.485  -81.391  21.947 0.6999999881
5057  -9.261  -76.902  21.379 0.6999999881
130398  -9.602  -81.650  23.211 0.6999999881
3269  -10.091  -80.594  21.584 0.6999999881
5058  -9.871  -76.864  21.496 0.6999999881
3260  -10.246  -81.035  22.635 0.6999999881
4100  -11.256  -79.339  20.925 0.6999999881
5042  -9.610  -77.520  21.920 0.6999999881
5043  -10.346  -77.231  22.353 0.6999999881
3247  -9.432  -81.552  24.231 0.6999999881
3248  -10.218  -81.169  23.664 0.6999999881
3683  -10.763  -80.382  22.208 0.6999999881
3691  -11.216  -79.752  21.847 0.6999999881
5028  -10.033  -78.076  22.957 0.6999999881
5029  -10.739  -77.679  23.564 0.6999999881
125375  -10.758  -80.781  24.146 0.6999999881
3676  -11.743  -80.078  23.229 0.6999999881
4506  -10.206  -78.515  25.399 0.6999999881
3669  -11.194  -80.406  24.720 0.6999999881
138210  -11.494  -80.454  23.885 0.6999999881
4982  -11.003  -78.404  26.512 0.6999999881
4062  -11.145  -79.582  26.047 0.6999999881
3670  -11.923  -80.078  24.372 0.6999999881
4480  -11.504  -78.439  26.818 0.6999999881
4070  -12.326  -79.696  25.012 0.6999999881
4481  -12.169  -78.564  27.046 0.6999999881
127298  -11.385  -73.241  24.298 0.5000000000
7272  -12.457  -73.065  23.055 0.6000000238
7284  -12.901  -73.140  21.992 0.6000000238
7948  -12.739  -72.433  23.139 0.5000000000
7974  -14.204  -72.687  21.187 0.6000000238
8589  -11.452  -71.612  25.019 0.5000000000
7947  -11.966  -72.705  23.990 0.5000000000
7285  -13.687  -73.443  21.215 0.6000000238
7975  -15.280  -73.041  20.779 0.6000000238
137752  -13.984  -74.356  20.788 0.6000000238
7303  -14.576  -73.773  20.755 0.6000000238
5578  -11.418  -75.562  20.863 0.6000000238
121831  -9.855  -76.284  21.147 0.6999999881
6117  -12.473  -75.769  20.846 0.6999999881
5548  -10.608  -76.406  21.618 0.6999999881
5565  -11.364  -75.930  21.230 0.6999999881
4106  -11.877  -78.838  20.856 0.6999999881
5030  -11.122  -76.885  22.783 0.6999999881
5536  -11.846  -76.553  23.168 0.6999999881
4101  -11.705  -79.272  21.597 0.6999999881
4555  -12.189  -78.749  20.225 0.6999999881
121893  -12.050  -76.791  24.168 0.6999999881
4091  -12.310  -79.413  22.965 0.6999999881
4102  -12.503  -78.516  20.829 0.6999999881
4110  -11.905  -79.165  19.770 0.6999999881
5524  -11.686  -77.135  25.291 0.6000000238
4080  -12.796  -79.159  23.670 0.6999999881
4103  -12.468  -78.926  21.907 0.6999999881
4546  -13.307  -78.307  21.267 0.6999999881
4556  -12.959  -78.481  20.336 0.6999999881
4561  -12.641  -78.851  19.878 0.6999999881
4999  -11.175  -77.819  26.189 0.6999999881
4079  -12.453  -79.613  24.264 0.6999999881
4507  -13.487  -78.711  24.106 0.6000000238
4534  -13.910  -78.396  22.792 0.6999999881
4468  -12.149  -78.061  27.259 0.6000000238
4063  -11.980  -79.500  25.893 0.6999999881
4064  -12.760  -79.290  25.598 0.6999999881
4071  -12.924  -79.241  24.618 0.6999999881
4522  -14.085  -78.311  23.535 0.6000000238
4469  -12.929  -78.173  27.483 0.6000000238
4482  -12.816  -78.714  26.979 0.6000000238
4493  -13.509  -78.851  25.132 0.6000000238
4508  -14.311  -78.326  24.559 0.5000000000
4523  -14.881  -77.878  23.741 0.5000000000
128481  -13.583  -78.568  26.959 0.6000000238
4495  -15.033  -78.115  25.972 0.5000000000
4494  -14.172  -78.503  25.822 0.5000000000
8624  -13.813  -71.636  21.888 0.6000000238
8623  -13.168  -71.155  22.496 0.6000000238
8631  -15.243  -71.140  21.155 0.5000000000
9255  -15.668  -70.325  21.091 0.6999999881
8590  -11.873  -71.713  24.109 0.5000000000
9240  -12.049  -70.777  22.562 0.6000000238
9251  -12.385  -70.178  22.327 0.6000000238
8607  -10.627  -71.245  23.775 0.6000000238
8608  -11.358  -71.326  24.027 0.6000000238
7963  -16.454  -72.240  21.308 0.4000000060
9239  -10.671  -70.832  22.922 0.6000000238
7305  -16.085  -73.834  20.910 0.5000000000
6705  -15.449  -74.482  20.903 0.6000000238
6119  -14.225  -75.280  20.942 0.6000000238
5550  -12.342  -76.107  22.267 0.6999999881
6104  -13.733  -75.732  21.449 0.6000000238
5537  -12.663  -76.282  23.500 0.6999999881
5525  -12.550  -76.600  24.756 0.6000000238
5526  -13.202  -76.220  24.270 0.6000000238
5498  -11.837  -77.358  26.447 0.6000000238
119334  -14.055  -78.255  22.045 0.6000000238
4547  -14.150  -78.093  21.214 0.6000000238
4557  -13.849  -78.216  20.440 0.6999999881
125469  -13.628  -78.639  19.953 0.6999999881
4118  -13.925  -78.933  19.776 0.6999999881
4984  -12.273  -77.605  27.153 0.6000000238
4535  -14.524  -78.000  22.806 0.6000000238
4112  -13.073  -79.354  19.734 0.6999999881
4470  -13.915  -78.104  27.628 0.6000000238
4509  -15.081  -77.871  24.560 0.4000000060
4536  -15.434  -77.457  22.851 0.4000000060
5044  -14.798  -77.732  21.793 0.6000000238
5072  -14.652  -78.242  20.008 0.6000000238
4119  -14.314  -79.255  19.657 0.6000000238
4471  -14.702  -77.823  27.497 0.5000000000
4985  -15.834  -77.392  26.601 0.5000000000
5000  -15.541  -77.686  26.055 0.5000000000
5016  -15.476  -77.626  25.233 0.5000000000
5045  -15.532  -77.298  21.875 0.4000000060
5060  -15.391  -77.504  20.987 0.6000000238
129532  -15.092  -69.353  21.686 0.6000000238
8625  -14.332  -70.887  21.725 0.6000000238
9258  -17.067  -69.755  21.301 0.6000000238
9250  -11.193  -70.130  22.280 0.6000000238
138102  -12.367  -69.191  22.248 0.5000000000
10519  -13.062  -68.045  22.575 0.6000000238
11121  -11.651  -68.013  22.922 0.6000000238
9256  -16.186  -70.890  21.128 0.6000000238
9238  -9.530  -70.457  22.376 0.6999999881
144578  -10.302  -68.385  22.368 0.6000000238
11116  -11.309  -67.493  23.373 0.6000000238
7951  -16.615  -72.406  21.825 0.5000000000
8626  -16.541  -71.553  21.636 0.6000000238
9237  -8.054  -70.254  22.870 0.6000000238
11111  -9.603  -67.701  23.427 0.6999999881
7286  -16.307  -73.878  21.727 0.5000000000
10508  -8.442  -68.599  23.146 0.6999999881
6676  -15.685  -74.461  22.274 0.6000000238
135480  -8.015  -68.041  23.968 0.6000000238
143729  -13.934  -75.799  22.347 0.6000000238
6105  -14.598  -75.413  21.699 0.6000000238
126435  -14.919  -75.036  23.795 0.6000000238
6087  -13.851  -75.884  24.358 0.6000000238
5514  -13.269  -76.262  25.299 0.6000000238
5500  -13.037  -76.512  26.427 0.6000000238
5474  -14.552  -76.251  28.407 0.6000000238
124930  -13.321  -77.168  27.944 0.6000000238
5475  -15.334  -76.343  28.444 0.6000000238
132175  -14.884  -77.384  27.947 0.6000000238
5073  -15.385  -77.850  20.036 0.6000000238
4562  -15.591  -78.213  19.460 0.6000000238
121364  -15.015  -78.788  19.613 0.6000000238
4967  -15.421  -77.452  27.382 0.5000000000
5001  -16.006  -77.273  25.788 0.5000000000
126831  -16.086  -77.137  25.041 0.5000000000
4120  -15.849  -79.156  18.816 0.6000000238
5061  -16.083  -77.158  21.288 0.4000000060
133091  -16.045  -77.613  19.492 0.6000000238
5079  -16.498  -77.600  19.231 0.6000000238
9859  -15.144  -68.426  22.097 0.6000000238
11125  -15.456  -67.574  22.285 0.5000000000
11129  -16.030  -68.356  21.692 0.6000000238
125713  -18.331  -67.644  21.614 0.5000000000
9858  -14.117  -69.341  22.136 0.6000000238
11770  -14.983  -66.955  22.792 0.6000000238
134087  -16.423  -69.069  21.126 0.5000000000
10525  -17.793  -68.449  21.497 0.5000000000
9860  -17.528  -69.430  21.659 0.5000000000
11123  -13.558  -67.533  22.909 0.5000000000
11124  -14.506  -67.610  22.627 0.6000000238
11117  -12.394  -67.539  23.335 0.5000000000
9254  -17.199  -70.007  21.691 0.6000000238
131725  -9.177  -67.879  24.211 0.6999999881
10501  -11.160  -67.398  23.713 0.6000000238
10488  -11.102  -68.024  25.204 0.6000000238
7273  -15.885  -73.643  23.041 0.5000000000
10464  -8.244  -68.298  26.051 0.5000000000
10487  -9.841  -67.890  25.178 0.6999999881
6667  -15.412  -74.465  23.541 0.5000000000
6088  -14.497  -75.376  24.532 0.5000000000
6079  -14.051  -75.782  25.348 0.6000000238
6619  -14.209  -75.435  28.152 0.6000000238
6064  -13.544  -76.136  27.072 0.5000000000
6039  -14.525  -75.492  28.449 0.6000000238
6038  -14.034  -76.096  28.244 0.6000000238
5489  -16.708  -76.172  27.489 0.5000000000
5567  -17.461  -76.728  21.026 0.5000000000
5587  -16.704  -77.219  19.425 0.5000000000
143860  -16.894  -77.566  19.024 0.6000000238
4566  -16.449  -78.692  18.524 0.6000000238
11771  -15.871  -66.633  22.572 0.6000000238
11772  -17.030  -66.247  22.254 0.6000000238
11766  -15.140  -65.970  23.063 0.6000000238
10526  -18.754  -68.186  21.879 0.5000000000
11118  -13.864  -66.978  23.414 0.6000000238
11761  -14.125  -66.181  23.882 0.6999999881
9852  -17.794  -69.252  22.955 0.6000000238
11107  -12.031  -67.739  24.709 0.6000000238
11112  -12.473  -67.363  23.802 0.6000000238
9241  -16.724  -70.570  23.049 0.6000000238
10466  -10.582  -68.459  26.122 0.6000000238
10489  -12.727  -67.842  25.817 0.6000000238
7950  -16.312  -72.383  22.630 0.5000000000
6666  -15.096  -74.689  24.809 0.5000000000
10443  -8.982  -68.644  26.888 0.5000000000
10444  -10.071  -68.582  26.939 0.6000000238
142591  -14.480  -75.066  26.151 0.5000000000
120474  -14.455  -74.069  28.307 0.6000000238
6054  -13.963  -75.457  27.234 0.5000000000
6027  -15.681  -74.988  29.000 0.5000000000
6041  -15.988  -75.697  28.692 0.5000000000
5588  -17.621  -77.149  19.089 0.6000000238
5595  -17.941  -77.248  18.999 0.6000000238
12470  -16.571  -64.591  22.873 0.6000000238
12481  -17.327  -65.239  22.504 0.5000000000
11773  -18.078  -65.963  22.234 0.5000000000
134539  -15.004  -64.052  23.156 0.6999999881
11127  -19.313  -67.118  22.233 0.5000000000
12462  -14.217  -65.056  24.153 0.6999999881
12467  -14.484  -65.379  23.679 0.6000000238
10522  -19.781  -67.763  22.648 0.5000000000
127356  -13.570  -66.689  24.347 0.6000000238
10521  -19.090  -68.464  22.448 0.5000000000
9851  -16.996  -69.759  23.469 0.6000000238
11095  -13.226  -67.318  26.539 0.6999999881
9229  -16.396  -70.170  24.088 0.6000000238
10468  -12.527  -68.087  26.876 0.6000000238
8611  -15.916  -71.958  23.714 0.6000000238
10425  -11.277  -68.834  27.959 0.6999999881
10445  -11.097  -68.785  27.035 0.6999999881
7261  -15.559  -73.795  24.455 0.5000000000
7938  -15.755  -72.886  24.123 0.5000000000
9803  -9.638  -68.853  27.709 0.6000000238
7249  -15.240  -73.904  25.625 0.5000000000
129787  -10.033  -69.117  29.200 0.5000000000
7234  -14.793  -73.967  26.639 0.6000000238
6659  -14.789  -74.621  25.941 0.5000000000
9768  -9.263  -69.419  29.407 0.6000000238
6646  -14.357  -74.798  26.841 0.5000000000
6620  -14.495  -74.795  28.391 0.6000000238
6610  -15.892  -74.167  29.179 0.5000000000
13171  -16.039  -63.707  23.117 0.6999999881
13172  -16.734  -64.155  23.204 0.5000000000
12471  -18.187  -64.806  22.870 0.5000000000
13159  -14.139  -63.127  23.875 0.8000000119
13905  -15.214  -62.650  23.421 0.6999999881
11767  -19.000  -66.389  22.902 0.5000000000
11768  -19.971  -66.985  23.067 0.5000000000
12457  -13.049  -64.149  25.057 0.6999999881
133937  -13.958  -64.091  24.133 0.6999999881
12463  -14.492  -64.286  23.605 0.8000000119
11756  -13.780  -65.768  24.811 0.6999999881
130451  -20.384  -67.666  24.224 0.5000000000
11750  -13.105  -65.988  26.550 0.6999999881
12449  -13.496  -65.438  25.609 0.6999999881
10512  -18.124  -68.776  23.782 0.6000000238
10505  -19.851  -68.309  23.789 0.5000000000
11712  -12.490  -66.699  28.387 0.6000000238
144186  -12.881  -66.737  27.811 0.6000000238
9228  -15.880  -70.454  24.782 0.6000000238
10427  -12.429  -68.053  28.818 0.6999999881
10447  -12.423  -68.075  27.873 0.6999999881
121016  -15.676  -72.193  25.009 0.6000000238
8591  -15.714  -71.272  24.794 0.6000000238
139337  -11.657  -69.010  29.677 0.6000000238
132670  -15.271  -72.349  26.004 0.6000000238
7214  -14.399  -73.415  28.062 0.6000000238
9750  -9.658  -69.757  30.467 0.6000000238
7184  -14.925  -74.083  29.211 0.5000000000
14662  -14.478  -61.453  23.886 0.6000000238
140239  -15.827  -62.658  23.718 0.5000000000
130718  -16.445  -63.313  23.905 0.5000000000
11758  -19.352  -66.573  24.411 0.5000000000
13154  -13.280  -63.319  24.294 0.8000000119
11759  -20.147  -66.983  24.897 0.5000000000
12448  -12.799  -65.037  25.878 0.6999999881
10503  -17.763  -68.681  24.673 0.6000000238
11618  -9.125  -66.071  33.703 0.6000000238
11733  -12.197  -66.174  27.750 0.8000000119
11636  -9.881  -66.527  33.676 0.6000000238
11697  -12.184  -66.872  29.179 0.6999999881
11732  -11.085  -66.243  27.811 0.8000000119
9841  -16.182  -69.759  24.885 0.6000000238
10333  -9.106  -68.503  33.171 0.6000000238
11065  -12.048  -67.447  29.909 0.6000000238
8575  -15.411  -71.548  25.762 0.6000000238
8560  -14.816  -71.639  27.262 0.6000000238
10363  -10.715  -68.532  32.224 0.6000000238
9751  -10.601  -69.486  30.998 0.6000000238
10386  -11.667  -68.426  30.785 0.6000000238
7890  -14.358  -72.582  28.009 0.6000000238
8546  -14.387  -71.679  28.099 0.6000000238
9769  -10.369  -69.486  29.981 0.5000000000
127398  -14.790  -73.423  29.331 0.5000000000
7186  -15.803  -73.263  29.455 0.5000000000
7854  -15.218  -72.812  29.785 0.5000000000
13873  -15.439  -62.247  24.845 0.5000000000
13143  -15.963  -63.161  25.234 0.5000000000
13885  -12.934  -60.926  23.952 0.6000000238
15436  -13.968  -60.493  24.022 0.5000000000
13153  -12.316  -63.068  24.554 0.8000000119
13871  -12.325  -62.039  24.636 0.6999999881
13142  -11.983  -63.910  25.120 0.8000000119
12447  -11.778  -64.964  25.756 0.8000000119
10504  -18.891  -68.544  24.215 0.6000000238
11110  -20.423  -67.606  25.142 0.5000000000
13014  -9.434  -64.449  34.289 0.6000000238
12429  -11.549  -65.661  26.812 0.8000000119
127938  -19.294  -68.575  25.915 0.5000000000
13029  -10.418  -64.476  33.359 0.6999999881
12308  -9.222  -65.256  33.934 0.6000000238
11710  -10.740  -66.388  28.797 0.8000000119
9831  -16.158  -69.574  25.640 0.6000000238
10490  -16.648  -69.136  25.860 0.6000000238
133684  -18.213  -68.575  26.051 0.6000000238
12341  -10.645  -66.116  33.029 0.6000000238
126049  -15.347  -70.464  27.114 0.6000000238
9219  -15.560  -70.725  25.593 0.6000000238
127807  -16.425  -69.380  27.053 0.6000000238
11023  -10.678  -67.861  32.797 0.6000000238
11685  -11.306  -67.020  30.456 0.6000000238
11696  -11.511  -66.762  29.565 0.5000000000
125027  -14.628  -70.926  28.429 0.6000000238
10364  -11.113  -68.566  31.444 0.6000000238
7853  -14.633  -72.578  29.446 0.6000000238
8501  -14.825  -71.165  30.103 0.6000000238
7838  -15.700  -72.006  30.277 0.5000000000
7839  -16.559  -71.812  30.288 0.5000000000
7855  -16.098  -72.488  29.859 0.5000000000
7857  -17.937  -71.714  29.495 0.5000000000
15418  -13.121  -60.492  24.494 0.6000000238
13152  -11.573  -63.028  25.043 0.6999999881
14466  -8.350  -62.266  35.468 0.6000000238
14467  -9.035  -62.755  35.006 0.6000000238
132586  -10.666  -65.070  25.636 0.8000000119
130941  -20.314  -68.341  25.927 0.5000000000
134590  -10.352  -62.911  34.462 0.6000000238
12446  -9.633  -65.297  25.679 0.8000000119
10451  -20.540  -68.786  27.401 0.5000000000
132441  -10.476  -63.931  33.763 0.6999999881
12427  -9.005  -65.673  27.292 0.8000000119
144666  -17.739  -68.819  27.254 0.6000000238
10471  -18.612  -68.692  26.800 0.6000000238
13043  -10.432  -64.494  32.694 0.8000000119
11709  -9.760  -65.898  29.072 0.6999999881
135294  -15.834  -69.839  27.244 0.6000000238
10428  -16.944  -68.827  28.292 0.6000000238
130658  -10.452  -65.461  32.285 0.6999999881
12369  -10.432  -65.997  31.426 0.6999999881
11694  -9.988  -65.794  29.973 0.6000000238
9195  -15.211  -70.344  27.918 0.6000000238
10412  -16.693  -68.867  29.903 0.6000000238
11042  -10.842  -67.811  31.973 0.6000000238
9771  -15.502  -69.654  29.408 0.5000000000
8502  -15.462  -71.348  30.489 0.5000000000
14641  -12.247  -62.000  24.848 0.6000000238
14608  -12.651  -61.861  26.328 0.5000000000
15259  -7.656  -61.588  36.505 0.6000000238
13857  -10.423  -63.096  25.522 0.6999999881
15269  -7.876  -62.110  35.991 0.6000000238
138381  -10.634  -63.125  25.506 0.6999999881
13151  -9.478  -63.336  24.753 0.6000000238
14468  -9.652  -62.281  35.054 0.6000000238
138398  -9.336  -61.182  35.670 0.6000000238
12456  -9.576  -64.388  24.853 0.6000000238
12455  -8.818  -65.038  24.822 0.6999999881
14488  -10.583  -62.465  33.373 0.8000000119
12445  -8.862  -65.557  26.046 0.6999999881
13140  -7.301  -64.885  25.271 0.6000000238
13760  -10.561  -63.042  32.942 0.8000000119
12403  -8.372  -65.552  27.929 0.8000000119
121166  -6.511  -64.869  27.556 0.6999999881
13061  -9.681  -64.535  31.273 0.6999999881
12353  -10.086  -65.154  31.213 0.6999999881
12367  -8.816  -65.196  29.977 0.6000000238
13108  -7.876  -65.372  28.698 0.8000000119
15248  -6.260  -61.526  37.381 0.6000000238
16079  -8.040  -60.786  36.621 0.6000000238
16087  -9.712  -60.484  35.275 0.6999999881
13148  -6.100  -63.546  24.973 0.6000000238
15281  -10.357  -61.564  34.429 0.6999999881
15293  -9.911  -61.020  33.515 0.6999999881
13126  -6.797  -65.032  26.280 0.6999999881
13824  -5.793  -63.923  27.613 0.6000000238
14507  -10.254  -62.296  32.893 0.8000000119
14505  -8.512  -62.302  32.199 0.6000000238
13782  -8.544  -63.504  31.442 0.5000000000
13106  -6.609  -64.475  28.657 0.6999999881
14584  -5.625  -62.756  27.969 0.6999999881
14603  -5.102  -62.847  26.777 0.6000000238
13759  -9.977  -63.021  32.443 0.8000000119
13794  -7.345  -63.565  30.400 0.6000000238
13808  -7.517  -64.311  30.184 0.6000000238
16070  -5.847  -61.123  37.783 0.6000000238
16852  -6.235  -60.438  37.465 0.6000000238
16863  -8.606  -59.828  36.091 0.6999999881
16853  -7.145  -60.538  37.178 0.6000000238
121876  -9.288  -59.876  35.560 0.6999999881
16875  -9.595  -59.601  34.935 0.6999999881
16102  -9.762  -60.330  33.799 0.6999999881
16117  -9.073  -60.014  33.325 0.6000000238
13851  -5.392  -63.226  25.229 0.6000000238
15312  -8.562  -61.412  32.493 0.6000000238
14531  -7.538  -62.349  31.136 0.6000000238
15415  -4.730  -61.795  25.493 0.5000000000
14583  -4.602  -61.889  27.012 0.6000000238
15401  -4.257  -61.099  26.301 0.5000000000
132768  -5.086  -59.770  26.796 0.5000000000
15369  -4.621  -61.270  28.796 0.6000000238
16187  -4.075  -60.496  27.035 0.5000000000
16850  -4.405  -60.086  38.024 0.6000000238
16851  -5.340  -60.450  37.750 0.6000000238
16862  -7.704  -59.732  36.604 0.6999999881
16861  -6.571  -59.484  36.856 0.6999999881
16873  -8.228  -58.949  35.956 0.6999999881
16874  -9.073  -59.167  35.428 0.6999999881
17677  -8.889  -58.227  34.305 0.6000000238
16887  -9.009  -59.129  33.161 0.5000000000
16902  -8.454  -59.286  32.380 0.6999999881
18452  -8.207  -57.831  31.734 0.6000000238
16136  -8.004  -60.622  32.302 0.6000000238
16135  -7.300  -60.524  31.505 0.6000000238
16947  -6.347  -59.990  30.873 0.6000000238
15352  -5.490  -61.364  29.822 0.6000000238
16171  -4.591  -60.781  29.344 0.5000000000
16975  -4.120  -58.636  29.076 0.5000000000
16976  -4.531  -58.944  28.295 0.5000000000
18359  -5.124  -57.281  40.689 0.6999999881
18375  -5.414  -57.350  39.888 0.6999999881
19125  -6.056  -56.341  40.299 0.6999999881
17653  -4.443  -58.901  37.906 0.6000000238
133266  -4.808  -57.851  38.986 0.6999999881
19165  -6.492  -56.688  39.019 0.6999999881
19166  -7.349  -56.358  39.010 0.6999999881
19167  -7.887  -56.283  38.420 0.6000000238
17654  -4.903  -58.673  37.237 0.6999999881
18389  -4.794  -57.390  37.560 0.6999999881
19163  -4.977  -57.188  37.993 0.6999999881
19180  -5.943  -56.639  38.224 0.6999999881
17659  -5.556  -58.645  36.659 0.6999999881
18400  -4.882  -57.761  36.627 0.6999999881
19179  -5.165  -56.489  37.648 0.6999999881
17676  -8.208  -57.803  34.868 0.6999999881
18425  -8.469  -57.501  33.984 0.6000000238
17682  -9.003  -58.208  33.420 0.6000000238
18451  -7.122  -57.432  31.435 0.6000000238
19235  -6.173  -56.298  31.665 0.6000000238
16924  -7.287  -59.430  31.257 0.6000000238
17711  -7.321  -58.410  31.142 0.6000000238
18450  -5.947  -57.148  31.217 0.6000000238
17724  -4.720  -58.685  30.655 0.5000000000
18460  -4.510  -57.601  30.517 0.6000000238
19250  -5.344  -56.817  30.477 0.6000000238
16946  -5.100  -59.593  30.358 0.5000000000
17732  -3.904  -58.084  29.602 0.5000000000
19265  -5.132  -57.118  29.877 0.5000000000
19951  -5.365  -56.358  40.757 0.6999999881
19145  -6.910  -56.295  39.479 0.6999999881
144719  -7.906  -56.059  38.940 0.6000000238
19986  -8.441  -55.845  38.562 0.6000000238
120337  -8.634  -56.048  37.685 0.6000000238
130014  -8.803  -55.319  36.078 0.4000000060
20000  -5.671  -56.131  37.563 0.6000000238
20001  -6.710  -55.982  37.487 0.5000000000
120346  -7.804  -55.934  37.223 0.5000000000
20894  -8.996  -54.653  35.356 0.4000000060
21792  -9.073  -53.974  34.443 0.5000000000
17660  -6.262  -58.543  36.236 0.6999999881
140001  -4.928  -56.854  36.079 0.8000000119
19998  -4.801  -55.873  36.698 0.6999999881
20869  -6.543  -54.894  36.432 0.5000000000
20882  -6.881  -54.358  35.865 0.4000000060
21781  -8.216  -54.072  34.928 0.4000000060
21802  -8.718  -53.020  33.870 0.4000000060
18411  -6.048  -56.945  35.709 0.8000000119
19202  -5.324  -56.188  35.465 0.8000000119
19191  -4.753  -56.259  36.492 0.8000000119
19200  -4.798  -55.778  36.355 0.8000000119
20868  -5.478  -54.841  35.808 0.6000000238
21779  -6.099  -53.389  35.373 0.5000000000
22704  -6.643  -52.703  34.889 0.4000000060
21791  -7.863  -53.086  34.480 0.4000000060
122831  -7.564  -57.543  35.356 0.6999999881
18417  -7.665  -56.932  34.733 0.8000000119
19215  -7.072  -56.231  34.170 0.6999999881
19214  -6.575  -55.635  33.630 0.5000000000
22703  -5.692  -52.367  34.969 0.5000000000
128005  -7.039  -52.140  34.269 0.4000000060
22733  -7.924  -51.970  33.690 0.4000000060
18424  -7.937  -56.765  33.565 0.6000000238
19236  -6.864  -56.481  31.950 0.5000000000
19224  -6.017  -55.601  32.102 0.5000000000
19223  -5.640  -55.618  31.786 0.6000000238
18448  -5.124  -57.119  30.768 0.6000000238
20086  -5.656  -56.171  30.959 0.6000000238
19969  -5.875  -55.703  40.309 0.6000000238
131185  -6.257  -55.233  39.856 0.5000000000
20842  -7.877  -54.764  38.875 0.5000000000
20843  -8.603  -55.159  38.695 0.4000000060
19987  -9.129  -55.436  38.263 0.5000000000
20016  -9.379  -55.764  36.995 0.5000000000
20026  -9.727  -55.327  35.888 0.5000000000
20895  -9.924  -54.890  34.946 0.5000000000
21793  -10.191  -54.315  34.193 0.5000000000
123355  -11.379  -53.901  33.411 0.5000000000
21803  -9.651  -53.363  33.793 0.5000000000
22749  -12.048  -52.902  32.185 0.5000000000
19210  -5.202  -55.679  35.362 0.6999999881
119364  -5.459  -54.169  35.192 0.6000000238
20893  -5.147  -53.372  34.535 0.5000000000
132766  -5.668  -53.797  35.263 0.5000000000
22746  -9.809  -52.032  33.064 0.5000000000
22764  -10.690  -51.809  32.294 0.5000000000
18416  -6.623  -56.431  35.083 0.8000000119
20038  -5.982  -55.723  34.637 0.6999999881
20045  -5.950  -54.974  33.986 0.6000000238
22702  -5.256  -52.209  34.855 0.5000000000
23697  -5.869  -51.795  34.040 0.4000000060
22732  -6.663  -51.292  33.583 0.5000000000
23714  -9.233  -51.487  32.950 0.4000000060
23730  -9.826  -51.293  32.509 0.5000000000
20056  -5.998  -54.800  33.111 0.5000000000
20905  -5.246  -53.779  33.241 0.5000000000
21789  -4.795  -52.851  34.159 0.6000000238
23696  -5.463  -51.900  34.027 0.5000000000
121898  -6.420  -50.913  32.819 0.5000000000
23728  -6.989  -50.575  32.590 0.5000000000
20055  -5.447  -55.062  32.112 0.5000000000
21831  -5.503  -53.645  32.395 0.5000000000
22744  -4.928  -52.692  33.530 0.5000000000
140093  -5.673  -51.621  32.916 0.5000000000
21830  -5.442  -54.635  32.006 0.6000000238
21832  -6.031  -53.405  31.801 0.6000000238
21719  -6.177  -54.318  39.338 0.5000000000
21737  -6.655  -53.663  38.934 0.5000000000
21738  -7.467  -53.701  38.622 0.5000000000
21757  -8.762  -53.731  38.024 0.4000000060
20859  -9.670  -54.924  37.914 0.4000000060
21736  -5.923  -53.215  39.114 0.5000000000
22664  -7.621  -52.752  38.286 0.4000000060
20860  -10.068  -55.076  37.501 0.5000000000
20884  -10.404  -55.306  36.483 0.6000000238
20885  -11.516  -54.805  35.583 0.5000000000
20908  -11.083  -54.427  34.013 0.5000000000
20909  -11.912  -54.377  33.931 0.4000000060
21820  -12.611  -53.640  32.703 0.4000000060
22750  -13.098  -53.179  32.107 0.4000000060
22679  -7.911  -52.183  37.760 0.4000000060
22680  -8.341  -52.889  37.897 0.4000000060
127370  -9.126  -53.040  37.504 0.4000000060
21759  -10.122  -54.470  37.416 0.5000000000
130450  -11.258  -54.703  36.576 0.5000000000
20872  -11.944  -54.325  36.235 0.5000000000
133600  -10.495  -53.090  36.980 0.4000000060
127305  -11.279  -52.992  36.680 0.4000000060
22695  -11.985  -53.229  36.280 0.5000000000
21782  -12.825  -53.720  35.480 0.4000000060
20898  -12.570  -54.251  34.675 0.4000000060
21806  -13.014  -54.042  33.382 0.4000000060
21822  -14.357  -53.385  33.243 0.4000000060
23651  -7.584  -51.452  37.553 0.4000000060
23652  -8.353  -51.688  37.372 0.4000000060
23653  -9.065  -52.080  37.212 0.4000000060
24657  -8.561  -50.303  36.615 0.4000000060
24658  -9.524  -50.789  36.526 0.4000000060
22694  -10.390  -52.306  36.651 0.4000000060
23671  -10.927  -52.011  36.092 0.4000000060
22705  -11.804  -52.474  35.974 0.5000000000
22706  -12.608  -53.013  35.744 0.5000000000
21783  -13.341  -53.160  35.141 0.4000000060
21807  -13.743  -53.692  33.738 0.4000000060
23682  -11.390  -51.589  35.428 0.4000000060
23684  -13.181  -51.916  34.812 0.4000000060
23698  -13.961  -51.857  34.593 0.4000000060
131745  -13.978  -52.996  34.749 0.4000000060
22736  -14.990  -52.737  33.587 0.4000000060
24641  -7.594  -50.277  36.891 0.4000000060
25658  -8.498  -49.604  36.024 0.3000000119
24659  -10.117  -50.560  35.919 0.3000000119
23681  -10.669  -51.138  35.594 0.4000000060
26675  -9.241  -48.861  34.839 0.4000000060
25684  -8.819  -49.268  35.400 0.3000000119
25660  -10.098  -49.924  35.432 0.3000000119
24673  -10.579  -50.505  35.357 0.4000000060
138559  -12.602  -49.577  34.373 0.5000000000
24690  -13.347  -50.992  34.480 0.4000000060
24691  -14.315  -51.122  34.377 0.4000000060
24692  -15.184  -51.236  34.219 0.4000000060
23716  -16.359  -51.687  33.265 0.3000000119
26685  -12.374  -48.894  34.275 0.5000000000
26686  -13.071  -49.192  33.999 0.5000000000
125050  -13.917  -50.377  34.370 0.4000000060
25696  -14.750  -50.328  34.410 0.4000000060
24699  -15.814  -50.344  34.300 0.3000000119
25683  -7.889  -49.030  35.527 0.4000000060
26682  -8.811  -48.188  34.345 0.4000000060
123180  -9.790  -48.269  34.534 0.4000000060
26683  -10.751  -48.436  34.555 0.5000000000
25693  -11.123  -49.181  34.951 0.5000000000
27619  -9.380  -47.492  34.122 0.4000000060
27621  -11.315  -47.888  34.056 0.5000000000
26697  -12.602  -47.785  33.575 0.5000000000
144407  -13.184  -48.028  33.659 0.4000000060
26699  -14.389  -48.653  33.778 0.4000000060
126787  -16.050  -49.370  34.158 0.3000000119
27633  -12.494  -47.094  33.257 0.3000000119
27634  -13.194  -47.443  33.415 0.3000000119
133429  -13.824  -47.900  33.623 0.3000000119
26674  -8.382  -48.621  34.855 0.4000000060
28517  -10.057  -46.702  33.859 0.3000000119
28527  -10.854  -46.376  33.599 0.4000000060
27636  -15.667  -47.747  33.485 0.3000000119
28516  -8.936  -46.610  33.884 0.3000000119
29394  -10.151  -45.230  33.356 0.3000000119
121443  -13.560  -70.705  22.235 0.6000000238
130643  -13.536  -69.899  22.196 0.5000000000
140731  -5.903  -62.703  28.983 0.6000000238
14548  -6.674  -62.009  30.363 0.6000000238
3681  -6.417  -80.743  22.227 0.5000000000
4077  -7.673  -80.059  22.879 0.6000000238
5562  -8.522  -76.376  21.546 0.5000000000
4078  -8.278  -79.738  23.511 0.6999999881
3235  -8.182  -81.414  24.778 0.6999999881
3224  -8.906  -81.061  25.122 0.6999999881
4520  -10.119  -78.274  24.307 0.6999999881
3659  -10.028  -80.260  25.502 0.6999999881
4060  -9.760  -79.737  25.572 0.6999999881
6118  -13.253  -75.543  20.928 0.5000000000
3675  -11.016  -80.678  23.182 0.6999999881
5015  -11.438  -77.211  24.021 0.6999999881
5014  -10.841  -77.832  25.028 0.6999999881
143638  -11.873  -80.147  23.792 0.6999999881
4983  -11.513  -77.957  26.964 0.6999999881
8630  -14.690  -71.903  21.164 0.6000000238
138391  -12.848  -78.924  22.838 0.6999999881
5513  -12.388  -76.735  25.883 0.6000000238
4965  -13.488  -77.579  27.908 0.6000000238
9856  -10.431  -69.379  22.049 0.6999999881
5486  -13.005  -76.981  27.309 0.6000000238
5059  -14.687  -77.920  20.674 0.6000000238
136442  -14.586  -78.630  19.792 0.6000000238
4966  -14.175  -77.493  28.115 0.5000000000
132304  -16.419  -76.915  26.353 0.5000000000
5074  -16.022  -77.360  20.222 0.5000000000
143557  -11.717  -68.622  22.313 0.6000000238
9850  -8.909  -69.162  22.448 0.6999999881
8612  -16.435  -71.522  22.577 0.6000000238
143069  -13.582  -76.010  26.080 0.5000000000
131736  -13.554  -76.570  27.948 0.5000000000
4951  -14.637  -76.924  28.326 0.6000000238
4950  -13.884  -76.909  28.239 0.5000000000
5487  -15.460  -76.967  28.005 0.5000000000
4565  -15.819  -78.680  19.070 0.6000000238
5080  -17.142  -77.280  19.083 0.6000000238
5581  -17.500  -76.933  19.930 0.5000000000
11109  -13.587  -66.530  25.320 0.6000000238
132786  -19.797  -68.345  24.886 0.5000000000
121292  -9.552  -67.194  33.731 0.6000000238
9734  -9.751  -69.775  31.289 0.6000000238
133195  -14.480  -73.173  28.772 0.6000000238
11011  -10.388  -67.315  33.391 0.6000000238
130560  -9.550  -65.709  26.737 0.8000000119
11657  -10.894  -67.005  32.848 0.6000000238
9805  -15.729  -69.603  28.307 0.6000000238
11684  -10.525  -66.358  30.821 0.6000000238
9159  -15.010  -70.380  29.876 0.6000000238
12443  -7.594  -65.293  26.233 0.8000000119
10429  -17.823  -68.671  28.342 0.6000000238
12384  -9.389  -65.499  29.729 0.6000000238
12368  -9.775  -65.425  30.457 0.6999999881
13796  -8.887  -64.289  31.050 0.6000000238
131123  -7.693  -61.252  31.976 0.6000000238
13806  -6.245  -63.530  28.852 0.6999999881
15334  -7.160  -61.462  31.224 0.6000000238
16170  -4.148  -60.392  28.222 0.5000000000
18435  -7.872  -56.857  32.317 0.5000000000
16153  -5.519  -60.577  30.230 0.6000000238
17739  -4.631  -58.039  28.837 0.5000000000
18374  -4.637  -57.886  40.092 0.6999999881
119362  -4.388  -58.304  38.372 0.6000000238
19164  -5.608  -56.992  38.515 0.6999999881
18399  -4.794  -56.994  36.820 0.8000000119
20013  -5.683  -55.359  36.719 0.6000000238
133542  -6.900  -55.220  39.529 0.6000000238
20870  -7.699  -55.201  36.473 0.5000000000
20014  -6.860  -55.456  36.965 0.5000000000
127273  -8.736  -50.632  32.439 0.5000000000
20841  -7.105  -54.471  39.098 0.5000000000
21818  -10.906  -53.137  33.072 0.5000000000
20037  -5.467  -54.965  34.949 0.6000000238
124756  -5.331  -54.236  34.412 0.6000000238
22761  -5.602  -52.563  32.442 0.5000000000
22663  -6.697  -52.687  38.691 0.5000000000
20897  -11.699  -54.579  34.719 0.5000000000
21771  -10.894  -53.920  37.102 0.6000000238
129386  -7.354  -50.806  37.324 0.4000000060
129133  -8.068  -50.942  37.137 0.4000000060
23669  -9.663  -51.694  36.814 0.4000000060
25659  -9.344  -49.943  35.944 0.3000000119
23670  -10.220  -51.384  36.312 0.4000000060
23683  -12.372  -52.020  35.276 0.5000000000
22707  -13.709  -52.586  34.838 0.4000000060
24674  -10.967  -50.888  34.947 0.4000000060
24676  -12.582  -51.310  34.718 0.4000000060
23700  -15.197  -52.078  34.025 0.4000000060
23715  -15.663  -52.077  33.494 0.4000000060
136949  -10.166  -49.164  34.971 0.3000000119
25686  -10.789  -50.008  35.181 0.5000000000
24688  -11.479  -50.326  34.902 0.4000000060
140723  -13.209  -49.982  34.328 0.5000000000
24689  -12.397  -50.396  34.610 0.4000000060
132365  -15.892  -51.322  33.874 0.4000000060
26698  -13.528  -48.637  33.763 0.5000000000
25695  -13.968  -49.515  34.062 0.4000000060
25709  -15.071  -49.453  34.199 0.4000000060
27620  -10.400  -47.613  34.184 0.5000000000
27631  -11.046  -47.088  33.767 0.5000000000
27632  -11.868  -47.478  33.530 0.4000000060
27635  -14.714  -47.776  33.592 0.4000000060
28528  -11.695  -46.547  33.310 0.4000000060
28526  -9.576  -45.901  33.644 0.3000000119
29395  -11.043  -45.627  33.265 0.3000000119
29396  -11.883  -45.699  33.082 0.3000000119
140557  -15.598  -83.573  19.018 0.5000000000
2410  -16.382  -83.461  19.344 0.5000000000
2412  -18.214  -83.213  19.959 0.5000000000
130677  -17.251  -83.545  20.496 0.5000000000
2403  -18.852  -83.264  20.787 0.5000000000
134097  -17.653  -83.603  21.176 0.5000000000
2393  -19.074  -83.297  21.710 0.6000000238
2409  -14.744  -83.585  19.631 0.5000000000
128319  -15.549  -83.625  20.079 0.5000000000
2401  -15.799  -83.388  21.015 0.5000000000
2390  -16.290  -83.188  21.871 0.5000000000
2372  -18.886  -83.021  23.029 0.6000000238
2381  -16.700  -83.039  22.568 0.6000000238
139297  -17.643  -83.374  22.694 0.6000000238
2419  -14.069  -83.435  19.014 0.4000000060
3289  -10.945  -81.219  18.673 0.4000000060
3290  -11.467  -80.790  18.487 0.4000000060
3294  -12.189  -81.425  17.610 0.5000000000
3295  -12.705  -81.646  17.592 0.5000000000
2846  -13.544  -81.948  16.909 0.5000000000
2824  -12.478  -81.573  18.532 0.5000000000
3291  -12.230  -81.011  18.083 0.5000000000
2834  -13.586  -82.860  18.184 0.5000000000
2418  -13.240  -82.992  19.374 0.5000000000
2790  -18.502  -82.548  23.371 0.6000000238
2783  -18.897  -82.014  24.035 0.6000000238
2398  -13.443  -82.806  20.060 0.5000000000
2399  -14.123  -83.032  20.317 0.5000000000
3277  -14.170  -82.158  20.388 0.5000000000
3250  -18.336  -81.974  23.580 0.6000000238
2810  -14.695  -82.800  20.688 0.5000000000
3271  -16.257  -82.414  21.790 0.6000000238
2799  -17.051  -82.803  22.956 0.6000000238
132661  -18.388  -81.347  23.966 0.6000000238
3273  -17.675  -81.618  22.513 0.6000000238
119573  -18.165  -81.508  23.277 0.6000000238
3678  -18.388  -80.868  23.748 0.6999999881
3685  -18.423  -80.846  22.733 0.6000000238
4093  -18.788  -80.251  23.277 0.6999999881
3275  -9.492  -80.917  20.052 0.6000000238
3695  -10.361  -80.485  19.996 0.6000000238
3696  -10.932  -79.823  20.247 0.6000000238
3712  -10.759  -80.857  19.273 0.5000000000
3713  -11.352  -80.519  19.045 0.5000000000
4109  -11.437  -79.672  19.791 0.6000000238
3718  -11.953  -80.728  18.092 0.5000000000
3714  -11.767  -80.396  18.858 0.5000000000
3703  -12.122  -79.970  19.292 0.5000000000
2825  -12.711  -82.121  19.567 0.5000000000
3704  -12.717  -80.199  19.632 0.5000000000
3276  -13.324  -82.140  20.190 0.5000000000
3227  -19.407  -80.943  25.592 0.6999999881
3226  -18.616  -81.086  25.194 0.6000000238
3663  -18.847  -80.448  25.734 0.8000000119
3278  -15.038  -82.178  20.658 0.5000000000
3287  -15.378  -81.540  20.367 0.5000000000
3279  -15.757  -81.902  21.069 0.6000000238
3671  -18.383  -80.946  24.567 0.6999999881
3662  -18.553  -80.413  25.097 0.6999999881
3272  -16.941  -82.078  22.118 0.6000000238
4082  -19.172  -79.577  23.665 0.6999999881
3692  -17.479  -81.315  21.462 0.6000000238
3693  -18.246  -80.871  21.739 0.6000000238
4104  -19.796  -80.049  21.454 0.6999999881
4094  -19.516  -79.735  22.634 0.6999999881
4524  -20.037  -79.057  23.022 0.6000000238
3268  -8.942  -81.316  20.807 0.5000000000
3689  -10.152  -80.368  20.587 0.6000000238
4554  -11.548  -79.144  20.173 0.6000000238
4111  -12.345  -79.326  19.669 0.6000000238
128131  -13.351  -80.594  19.885 0.5000000000
3705  -13.754  -79.745  19.644 0.6000000238
3285  -13.649  -81.369  20.198 0.5000000000
3706  -14.485  -80.418  19.669 0.5000000000
4065  -18.952  -79.686  25.656 0.5000000000
4055  -19.224  -79.282  26.995 0.6000000238
3286  -14.632  -81.424  20.213 0.6000000238
3697  -16.301  -81.159  20.043 0.5000000000
3698  -17.362  -80.990  20.345 0.5000000000
4081  -18.573  -80.289  24.243 0.6999999881
4072  -18.899  -79.600  24.693 0.6000000238
3699  -18.238  -80.760  20.624 0.5000000000
4525  -20.466  -78.303  23.375 0.6000000238
3710  -18.997  -80.235  19.802 0.5000000000
4107  -19.762  -80.036  20.129 0.6000000238
4537  -20.681  -78.455  22.351 0.5000000000
4549  -21.363  -78.141  20.313 0.5000000000
5049  -21.700  -77.028  22.416 0.5000000000
141723  -9.570  -80.818  20.937 0.6000000238
2809  -8.728  -82.040  21.704 0.4000000060
127715  -15.302  -79.031  19.344 0.5000000000
127055  -19.225  -79.321  26.342 0.6000000238
135376  -15.749  -79.801  18.852 0.5000000000
132214  -19.424  -78.868  25.957 0.5000000000
3708  -17.270  -80.428  19.322 0.5000000000
126074  -19.496  -78.867  25.070 0.5000000000
4496  -19.865  -78.389  25.550 0.5000000000
4986  -19.833  -78.185  26.258 0.5000000000
4123  -18.669  -79.505  18.336 0.5000000000
127489  -20.332  -78.203  24.215 0.5000000000
5033  -20.890  -77.639  23.794 0.5000000000
4114  -19.642  -79.698  19.015 0.6000000238
4125  -20.234  -79.178  18.529 0.6000000238
5048  -21.062  -77.650  22.827 0.5000000000
5034  -21.492  -77.022  23.407 0.6000000238
4563  -20.883  -79.048  18.348 0.6000000238
142170  -21.673  -77.797  19.713 0.5000000000
2788  -8.427  -82.925  23.376 0.4000000060
3716  -16.704  -79.568  18.370 0.5000000000
121932  -21.106  -77.541  26.037 0.5000000000
4122  -17.670  -79.442  18.117 0.5000000000
4128  -18.409  -79.054  17.981 0.5000000000
5020  -21.382  -77.163  24.326 0.5000000000
5004  -21.956  -77.369  25.737 0.5000000000
4989  -22.450  -77.766  26.521 0.5000000000
4972  -23.099  -78.193  27.774 0.5000000000
4958  -24.709  -77.661  28.433 0.5000000000
4567  -19.752  -78.525  18.292 0.6000000238
4568  -20.721  -78.912  18.084 0.6000000238
5541  -22.047  -76.678  24.009 0.5000000000
4564  -21.219  -78.525  18.224 0.6000000238
137211  -23.851  -76.715  23.339 0.5000000000
5081  -21.774  -77.618  18.414 0.5000000000
122192  -23.089  -77.400  19.064 0.5000000000
5589  -18.629  -77.008  18.967 0.5000000000
5517  -22.559  -77.121  25.271 0.5000000000
5005  -22.928  -77.605  25.912 0.5000000000
4990  -23.377  -78.050  26.855 0.5000000000
135810  -24.006  -78.252  27.661 0.5000000000
5596  -18.851  -77.002  18.849 0.5000000000
5597  -19.719  -76.758  18.460 0.6000000238
5531  -22.688  -76.762  24.588 0.5000000000
5518  -23.316  -77.183  25.192 0.5000000000
142754  -24.979  -78.333  27.300 0.5000000000
4974  -25.440  -77.813  27.931 0.5000000000
5490  -25.829  -77.090  27.766 0.5000000000
5091  -21.562  -77.576  18.317 0.5000000000
5532  -23.551  -76.859  24.337 0.5000000000
5035  -24.391  -77.184  23.938 0.5000000000
5583  -19.087  -76.394  19.617 0.5000000000
4486  -25.557  -78.350  26.165 0.5000000000
4991  -24.893  -78.274  26.627 0.5000000000
4975  -26.108  -77.857  27.358 0.5000000000
6067  -26.780  -76.198  26.773 0.4000000060
128467  -26.301  -78.172  26.832 0.4000000060
7248  -11.477  -72.669  25.780 0.4000000060
12307  -8.844  -65.329  33.887 0.5000000000
14465  -7.305  -62.464  35.134 0.5000000000
14475  -7.988  -62.831  34.823 0.5000000000
125543  -6.370  -62.237  36.089 0.5000000000
15268  -7.121  -62.213  35.997 0.5000000000
13012  -8.283  -64.301  34.146 0.5000000000
18358  -4.206  -57.580  40.668 0.5000000000
19123  -4.471  -56.718  40.950 0.5000000000
20824  -5.327  -54.734  39.776 0.5000000000
5094  -17.584  -77.836  18.592 0.5000000000
4127  -17.672  -78.823  17.912 0.5000000000
2371  -17.943  -83.111  23.124 0.6000000238
3270  -15.567  -82.635  21.298 0.6000000238
3249  -17.626  -82.244  23.095 0.6000000238
3280  -16.619  -81.624  21.236 0.6000000238
3686  -19.096  -80.284  22.415 0.6999999881
3702  -10.898  -80.307  19.701 0.6000000238
3707  -15.496  -80.843  19.520 0.5000000000
3700  -19.052  -80.445  20.965 0.6000000238
4095  -20.279  -79.279  21.967 0.6000000238
4105  -20.486  -79.411  21.024 0.6000000238
121085  -19.415  -80.281  26.329 0.6999999881
133457  -16.447  -80.345  18.934 0.5000000000
3709  -18.161  -80.399  19.527 0.5000000000
4115  -20.263  -79.447  19.276 0.6000000238
4558  -20.810  -78.993  19.881 0.6000000238
4548  -20.897  -78.738  21.239 0.5000000000
122564  -22.257  -76.650  23.055 0.5000000000
5019  -20.767  -77.732  24.656 0.5000000000
5003  -21.265  -77.428  25.178 0.5000000000
141218  -19.986  -79.056  18.402 0.5000000000
132885  -22.139  -77.541  19.206 0.5000000000
5095  -18.219  -77.960  18.413 0.5000000000
5090  -20.211  -77.773  18.254 0.5000000000
5089  -19.084  -77.590  18.479 0.5000000000
123044  -23.984  -77.770  26.037 0.5000000000
5021  -24.167  -77.385  24.946 0.5000000000
5006  -24.852  -77.894  25.586 0.5000000000
5491  -26.513  -77.035  27.087 0.5000000000
5007  -25.588  -78.121  25.103 0.4000000060
5503  -27.224  -76.928  26.505 0.4000000060
128129  -20.093  -79.672  31.252 0.5000000000
4442  -19.767  -78.411  30.141 0.6000000238
4952  -20.067  -77.534  29.112 0.6000000238
4457  -19.329  -78.711  29.634 0.6000000238
3631  -19.674  -80.405  29.573 0.4000000060
4953  -20.985  -77.548  29.088 0.4000000060
4969  -20.423  -77.562  27.457 0.4000000060
126006  -20.637  -77.470  28.336 0.5000000000
128529  -19.227  -78.134  28.799 0.6000000238
4968  -19.670  -77.974  27.205 0.5000000000
4987  -20.390  -77.747  26.560 0.4000000060
136989  -18.962  -79.393  28.335 0.5000000000
4485  -19.393  -78.665  26.712 0.5000000000
3645  -19.259  -79.974  28.044 0.6000000238
3664  -20.211  -80.574  26.224 0.6000000238
3228  -20.933  -80.831  25.540 0.6000000238
3240  -20.138  -81.412  24.941 0.6000000238
2784  -19.706  -81.956  24.259 0.6000000238
3251  -20.886  -81.753  24.176 0.6000000238
2791  -19.541  -82.506  23.483 0.5000000000
2384  -19.956  -82.842  22.534 0.5000000000
2394  -20.004  -82.914  21.631 0.4000000060
2404  -19.724  -82.922  20.964 0.5000000000
6057  -26.133  -75.929  27.355 0.3000000119
2411  -17.364  -83.183  19.485 0.4000000060
138237  -19.986  -68.816  28.278 0.4000000060
126562  -19.374  -68.620  28.984 0.4000000060
120891  -17.181  -68.632  29.082 0.5000000000
20101  -6.480  -56.263  30.129 0.5000000000
20088  -6.162  -55.801  30.575 0.5000000000
20090  -8.052  -55.310  30.282 0.5000000000
20952  -7.594  -54.330  30.478 0.4000000060
22778  -7.013  -52.411  31.255 0.4000000060
20964  -11.230  -54.848  29.527 0.4000000060
22763  -6.898  -51.304  31.492 0.4000000060
22780  -7.755  -51.325  30.610 0.4000000060
21854  -8.372  -52.548  30.290 0.4000000060
125306  -6.804  -50.662  32.237 0.4000000060
23756  -7.650  -50.241  31.099 0.4000000060
22799  -11.371  -52.566  29.282 0.4000000060
24725  -7.898  -49.770  31.300 0.4000000060
24738  -9.089  -49.557  30.461 0.4000000060
22814  -11.698  -51.095  28.738 0.4000000060
24716  -8.060  -49.838  31.626 0.4000000060
25738  -9.234  -49.328  30.375 0.4000000060
23744  -9.157  -50.156  31.721 0.4000000060
24727  -9.658  -49.430  31.000 0.4000000060
22766  -12.439  -52.148  31.567 0.3000000119
22752  -15.387  -52.587  32.839 0.3000000119
22768  -14.722  -52.649  31.963 0.3000000119
122631  -13.156  -51.722  31.239 0.3000000119
23748  -14.008  -51.803  31.276 0.3000000119
20955  -10.455  -54.700  30.077 0.4000000060
21855  -9.994  -53.737  30.227 0.4000000060
138954  -8.114  -53.476  30.488 0.4000000060
20953  -8.593  -54.417  30.357 0.4000000060
131521  -9.294  -52.685  30.027 0.4000000060
22797  -9.508  -51.617  29.773 0.4000000060
124235  -12.173  -52.406  28.737 0.4000000060
22798  -10.444  -51.593  29.520 0.4000000060
23775  -9.721  -50.575  29.530 0.4000000060
23758  -8.892  -50.350  30.117 0.4000000060
4449  -30.500  -78.666  30.016 0.3000000119
4935  -30.126  -78.263  29.731 0.3000000119
4026  -29.839  -79.375  30.120 0.4000000060
4448  -29.678  -79.089  29.776 0.3000000119
4934  -29.180  -78.482  29.792 0.4000000060
3620  -28.065  -80.029  30.512 0.3000000119
4446  -28.247  -79.431  30.165 0.3000000119
4933  -28.292  -78.638  30.112 0.4000000060
129400  -27.263  -80.540  31.282 0.3000000119
4015  -27.856  -79.997  30.552 0.3000000119
4436  -27.463  -78.924  30.822 0.3000000119
3605  -26.825  -80.356  31.237 0.3000000119
4013  -26.184  -79.741  31.694 0.3000000119
3604  -25.889  -80.742  31.830 0.3000000119
4000  -25.026  -79.631  31.955 0.3000000119
3159  -24.978  -81.530  32.242 0.3000000119
3591  -24.660  -80.460  32.173 0.3000000119
129562  -23.708  -80.297  32.566 0.3000000119
2722  -24.423  -83.247  32.580 0.3000000119
119488  -25.014  -81.877  32.332 0.3000000119
3158  -23.910  -81.904  32.607 0.3000000119
135380  -23.279  -81.151  32.802 0.3000000119
3590  -22.833  -80.248  32.788 0.3000000119
2707  -23.789  -82.823  32.476 0.4000000060
4924  -28.452  -77.669  30.268 0.3000000119
3608  -29.048  -79.888  30.537 0.4000000060
4923  -27.548  -77.805  30.804 0.4000000060
3607  -28.266  -80.189  30.772 0.3000000119
4435  -26.385  -78.805  31.566 0.4000000060
119977  -26.644  -81.110  31.706 0.3000000119
4421  -25.325  -78.684  31.998 0.4000000060
131835  -23.615  -78.774  32.377 0.4000000060
3174  -25.743  -81.755  31.943 0.3000000119
3997  -22.388  -79.417  32.579 0.4000000060
2296  -24.956  -83.048  32.772 0.3000000119
2297  -26.050  -82.938  32.826 0.4000000060
3996  -21.535  -79.478  32.527 0.4000000060
144509  -21.744  -80.845  32.709 0.3000000119
2288  -25.051  -83.492  32.795 0.3000000119
5459  -29.404  -77.506  29.964 0.3000000119
134219  -28.629  -76.837  30.447 0.3000000119
5451  -29.491  -76.395  30.450 0.3000000119
5450  -27.658  -76.745  30.831 0.3000000119
3592  -28.872  -80.109  32.695 0.4000000060
4922  -26.616  -77.915  31.403 0.3000000119
122937  -26.705  -77.004  31.233 0.3000000119
3177  -28.045  -80.778  31.446 0.3000000119
125567  -28.548  -80.336  31.445 0.4000000060
126327  -25.579  -77.836  31.914 0.4000000060
4921  -24.667  -77.011  31.897 0.3000000119
142763  -24.657  -77.756  32.249 0.4000000060
4909  -23.750  -76.966  31.754 0.4000000060
3175  -26.643  -81.216  31.784 0.3000000119
142916  -27.243  -81.756  33.204 0.3000000119
4419  -23.622  -78.131  32.283 0.4000000060
4434  -23.377  -77.809  32.017 0.4000000060
2724  -26.348  -81.864  32.177 0.3000000119
2698  -26.974  -82.800  34.535 0.3000000119
4445  -21.819  -78.419  30.963 0.4000000060
4931  -22.104  -78.277  30.306 0.5000000000
2709  -26.376  -82.469  32.788 0.3000000119
4012  -21.243  -79.024  32.104 0.4000000060
4444  -20.917  -78.483  30.973 0.4000000060
4943  -20.657  -77.774  29.742 0.5000000000
1867  -24.376  -84.258  32.491 0.3000000119
128146  -28.281  -75.975  30.808 0.3000000119
3147  -28.326  -80.494  33.493 0.4000000060
5447  -24.411  -76.469  31.199 0.4000000060
5457  -23.875  -76.566  30.953 0.4000000060
3146  -27.716  -81.251  33.547 0.4000000060
4920  -23.165  -77.689  31.366 0.4000000060
4932  -22.965  -77.785  30.493 0.5000000000
135401  -22.536  -78.157  29.137 0.4000000060
133472  -27.291  -81.999  34.233 0.3000000119
4944  -22.351  -78.158  29.714 0.4000000060
2681  -27.106  -82.903  35.380 0.3000000119
4954  -21.323  -77.646  28.508 0.4000000060
4971  -22.053  -77.878  27.221 0.4000000060
2282  -26.370  -83.365  34.090 0.3000000119
127113  -25.692  -83.764  33.546 0.3000000119
1858  -25.180  -84.285  34.050 0.3000000119
5449  -26.596  -76.139  30.885 0.3000000119
5448  -25.542  -76.402  31.089 0.3000000119
5458  -24.370  -76.184  30.615 0.3000000119
3132  -27.906  -80.843  34.250 0.4000000060
127887  -24.120  -76.417  30.118 0.5000000000
4956  -23.278  -78.090  28.918 0.4000000060
3120  -27.418  -81.857  35.242 0.4000000060
4955  -22.150  -78.052  28.319 0.4000000060
2661  -26.474  -82.786  36.237 0.3000000119
2662  -27.061  -82.644  35.954 0.3000000119
2262  -26.777  -83.213  35.608 0.3000000119
2268  -26.128  -83.787  35.412 0.3000000119
1420  -23.950  -85.511  34.906 0.3000000119
1846  -25.223  -84.488  35.205 0.3000000119
6010  -25.857  -75.667  30.519 0.3000000119
6019  -24.728  -75.797  30.064 0.4000000060
122693  -24.193  -76.691  29.451 0.4000000060
2660  -25.399  -82.928  36.418 0.3000000119
2659  -24.413  -82.520  36.459 0.3000000119
131459  -25.214  -83.765  36.320 0.3000000119
127755  -24.391  -83.571  36.587 0.3000000119
2260  -24.692  -84.675  35.832 0.3000000119
2658  -23.462  -82.566  36.331 0.3000000119
2669  -22.612  -83.032  36.094 0.3000000119
124679  -23.446  -83.800  36.541 0.3000000119
1816  -23.381  -84.712  36.454 0.3000000119
2245  -23.993  -84.407  36.650 0.3000000119
6623  -25.533  -74.923  28.940 0.3000000119
5477  -24.572  -76.674  28.924 0.4000000060
137564  -21.951  -83.383  35.821 0.3000000119
2258  -21.230  -83.234  35.408 0.3000000119
7191  -26.451  -73.806  29.909 0.3000000119
6612  -26.027  -74.366  29.359 0.3000000119
6044  -25.741  -75.144  28.128 0.3000000119
7192  -26.829  -73.287  29.622 0.3000000119
143091  -26.010  -74.504  28.693 0.3000000119
6624  -26.462  -74.470  28.190 0.3000000119
20951  -6.218  -54.918  30.850 0.5000000000
23746  -11.524  -50.977  31.485 0.5000000000
24728  -10.785  -49.824  31.204 0.4000000060
21853  -7.355  -53.413  30.931 0.4000000060
3653  -20.257  -80.403  26.912 0.6000000238
4038  -18.925  -78.723  28.167 0.5000000000
4988  -21.102  -77.542  26.887 0.4000000060
129935  -24.063  -78.089  28.329 0.4000000060
4957  -24.101  -77.492  29.036 0.4000000060
5478  -25.143  -76.868  28.330 0.4000000060
20102  -7.524  -56.212  30.114 0.5000000000
20091  -9.175  -55.411  30.224 0.4000000060
21876  -11.436  -53.797  29.365 0.4000000060
3621  -28.395  -79.908  30.379 0.3000000119
131737  -25.922  -81.525  31.998 0.3000000119
2723  -25.182  -82.674  32.653 0.3000000119
3593  -29.220  -79.892  31.629 0.4000000060
4417  -21.988  -78.862  32.193 0.4000000060
3161  -28.131  -80.775  32.423 0.4000000060
3160  -27.433  -81.324  32.321 0.3000000119
2710  -27.151  -81.837  32.666 0.3000000119
2269  -26.740  -83.450  35.041 0.3000000119
4945  -23.074  -77.771  29.713 0.4000000060
124160  -26.040  -83.972  34.617 0.3000000119
6028  -24.572  -76.012  29.446 0.4000000060
138819  -26.752  -82.238  36.213 0.3000000119
1834  -24.304  -85.111  35.440 0.3000000119
6029  -25.125  -75.363  29.451 0.3000000119
2259  -22.616  -84.050  36.164 0.3000000119
2800  -20.799  -82.424  22.845 0.5000000000
3262  -22.410  -81.835  22.807 0.5000000000
3252  -21.956  -81.736  23.808 0.5000000000
3646  -20.048  -80.539  27.679 0.4000000060
5590  -19.574  -76.443  18.743 0.4000000060
4024  -19.610  -79.183  30.385 0.5000000000
3618  -20.110  -80.691  31.084 0.3000000119
3172  -21.470  -81.900  31.815 0.3000000119
3587  -20.742  -79.576  32.128 0.4000000060
3157  -22.928  -82.040  32.591 0.3000000119
131495  -22.422  -81.062  32.854 0.3000000119
3119  -27.168  -81.875  35.805 0.3000000119
3552  -27.454  -80.932  35.218 0.3000000119
3563  -27.606  -81.195  34.815 0.3000000119
4016  -29.865  -79.501  31.062 0.3000000119
3961  -27.079  -79.999  35.360 0.3000000119
3553  -27.868  -80.429  34.619 0.3000000119
3564  -28.350  -80.091  34.136 0.3000000119
3579  -28.849  -79.862  33.657 0.3000000119
142655  -29.246  -79.720  33.293 0.3000000119
123770  -29.437  -79.419  33.755 0.3000000119
3962  -27.686  -79.895  34.896 0.3000000119
3975  -28.249  -79.588  34.494 0.3000000119
3976  -28.858  -79.431  34.160 0.3000000119
4394  -28.680  -78.835  34.491 0.3000000119
3988  -29.717  -79.454  32.665 0.3000000119
4001  -30.458  -78.974  31.760 0.3000000119
3974  -27.856  -78.894  34.683 0.3000000119
3989  -30.379  -78.830  32.912 0.3000000119
4406  -30.072  -79.003  33.779 0.3000000119
2413  -19.178  -82.761  19.744 0.3000000119
3638  -19.878  -80.625  28.584 0.5000000000
3654  -21.362  -80.728  26.458 0.4000000060
3241  -21.462  -81.281  24.720 0.5000000000
3171  -20.785  -81.253  31.463 0.3000000119
22816  -13.481  -52.332  28.143 0.3000000119
22815  -12.533  -51.713  28.412 0.3000000119
25749  -10.587  -48.478  30.141 0.3000000119
2812  -21.169  -82.364  21.622 0.4000000060
2802  -22.755  -81.875  21.816 0.4000000060
1518  -22.338  -85.498  26.178 0.4000000060
2351  -23.728  -83.629  25.371 0.4000000060
2778  -23.870  -82.819  25.428 0.4000000060
3221  -23.242  -81.977  26.274 0.4000000060
3220  -22.431  -81.355  26.339 0.4000000060
2785  -23.809  -82.328  24.225 0.4000000060
3242  -22.543  -81.708  24.503 0.4000000060
3230  -22.795  -81.654  25.527 0.4000000060
1109  -20.851  -85.286  27.570 0.3000000119
134787  -21.884  -84.442  26.586 0.4000000060
2336  -23.100  -82.566  26.560 0.4000000060
3253  -22.863  -81.930  23.509 0.4000000060
1519  -23.031  -84.770  25.590 0.4000000060
2779  -23.958  -82.867  24.701 0.4000000060
1506  -21.687  -85.541  26.858 0.3000000119
1941  -22.531  -84.083  26.121 0.4000000060
2345  -23.559  -83.005  25.983 0.4000000060
3243  -23.538  -82.029  24.846 0.4000000060
2775  -23.519  -82.375  26.101 0.4000000060
143399  -22.742  -81.768  26.777 0.4000000060
1495  -20.258  -85.283  28.508 0.3000000119
1928  -21.345  -84.202  27.355 0.3000000119
1929  -22.176  -83.383  27.063 0.3000000119
2327  -21.829  -83.436  27.873 0.3000000119
3213  -22.169  -82.106  28.006 0.3000000119
3212  -21.747  -81.705  28.585 0.3000000119
2774  -23.010  -82.232  26.708 0.3000000119
3211  -20.719  -81.239  29.231 0.3000000119
3632  -20.179  -80.926  30.230 0.3000000119
3217  -21.941  -81.365  27.743 0.3000000119
3639  -20.909  -81.156  28.162 0.3000000119
3647  -21.235  -80.744  27.326 0.3000000119
123325  -15.499  -80.678  34.933 0.3000000119
3955  -16.002  -79.971  34.802 0.3000000119
3541  -23.514  -80.649  36.245 0.3000000119
4370  -17.503  -78.338  35.369 0.3000000119
4389  -18.056  -78.242  34.668 0.3000000119
4391  -19.517  -78.325  34.338 0.3000000119
130026  -20.353  -78.924  34.616 0.3000000119
3957  -21.023  -78.670  35.127 0.3000000119
3958  -21.616  -79.177  35.518 0.3000000119
3959  -22.120  -79.646  35.811 0.3000000119
3946  -23.027  -79.727  36.098 0.3000000119
4881  -18.872  -77.577  34.678 0.3000000119
4882  -19.767  -77.638  34.621 0.3000000119
4869  -20.456  -77.454  34.960 0.3000000119
4371  -20.969  -77.968  35.150 0.3000000119
4372  -21.670  -78.228  35.626 0.3000000119
2767  -22.574  -82.436  27.372 0.3000000119
3560  -16.332  -80.057  34.210 0.3000000119
4404  -18.956  -78.951  34.030 0.3000000119
131146  -17.340  -79.354  34.282 0.3000000119
3970  -16.705  -79.478  34.654 0.3000000119
3971  -18.047  -78.940  34.180 0.3000000119
4390  -18.629  -78.336  34.301 0.3000000119
5420  -19.730  -77.051  34.904 0.3000000119
1419  -23.634  -85.487  35.570 0.3000000119
1817  -24.005  -84.984  36.139 0.3000000119
1831  -21.695  -84.242  35.804 0.3000000119
1845  -24.552  -84.924  34.519 0.3000000119
1857  -24.546  -84.612  33.298 0.3000000119
1942  -23.284  -83.783  25.707 0.4000000060
2246  -24.642  -84.360  36.359 0.3000000119
2247  -26.118  -83.437  36.031 0.3000000119
2248  -26.848  -83.027  35.950 0.3000000119
2261  -25.368  -84.154  35.901 0.3000000119
2344  -23.002  -83.130  26.393 0.4000000060
2352  -23.923  -83.553  24.976 0.4000000060
2366  -7.715  -83.589  23.587 0.5000000000
2370  -17.697  -82.718  23.154 0.6000000238
2382  -17.219  -83.132  22.939 0.6000000238
2383  -18.450  -83.327  22.539 0.6000000238
2389  -15.562  -83.026  21.253 0.6000000238
2391  -17.016  -83.453  22.292 0.6000000238
2392  -18.085  -83.565  21.935 0.6000000238
2400  -14.836  -83.278  20.479 0.5000000000
2402  -16.646  -83.512  21.330 0.5000000000
2408  -13.978  -83.289  19.924 0.5000000000
2670  -27.223  -82.513  35.569 0.3000000119
2682  -27.337  -82.358  35.098 0.4000000060
2699  -26.874  -82.286  33.473 0.3000000119
2708  -24.525  -82.456  32.556 0.3000000119
2792  -21.461  -81.946  23.253 0.6000000238
2793  -23.487  -82.409  23.672 0.4000000060
2798  -16.666  -82.730  22.510 0.6000000238
2803  -23.210  -82.139  21.757 0.4000000060
2811  -16.207  -82.929  21.978 0.5000000000
2817  -13.926  -82.646  20.347 0.5000000000
2833  -12.826  -82.320  18.590 0.5000000000
3113  -26.393  -81.465  36.165 0.3000000119
3131  -27.535  -81.619  34.667 0.4000000060
3156  -21.940  -81.664  32.574 0.3000000119
3176  -27.006  -81.229  31.761 0.3000000119
3229  -21.914  -80.954  25.729 0.4000000060
3231  -23.766  -82.120  25.642 0.4000000060
3233  -6.868  -82.732  24.131 0.5000000000
3236  -8.605  -81.744  24.585 0.6999999881
3237  -9.957  -81.037  24.542 0.6999999881
3238  -18.616  -81.478  24.434 0.6999999881
3239  -19.071  -81.578  24.869 0.6000000238
3254  -23.415  -82.196  23.466 0.4000000060
3261  -17.095  -82.389  22.793 0.6000000238
3263  -23.056  -82.058  22.611 0.4000000060
3283  -12.313  -80.812  19.003 0.5000000000
3284  -12.865  -81.276  19.882 0.5000000000
3293  -11.512  -81.448  17.951 0.5000000000
3588  -21.216  -81.086  32.188 0.3000000119
3589  -21.972  -80.201  32.868 0.3000000119
3603  -20.533  -80.441  31.864 0.4000000060
3606  -27.779  -80.237  30.791 0.3000000119
3617  -19.672  -80.055  30.450 0.5000000000
3619  -27.733  -80.337  30.758 0.3000000119
3637  -19.236  -79.855  28.878 0.5000000000
3648  -22.174  -81.120  27.051 0.3000000119
3652  -19.380  -79.880  27.183 0.6000000238
3658  -9.355  -80.402  25.283 0.6999999881
3661  -11.577  -79.956  25.291 0.6999999881
3668  -10.394  -80.586  24.959 0.6999999881
3674  -7.899  -80.474  24.021 0.6999999881
3677  -12.203  -79.784  23.710 0.6999999881
3684  -11.350  -80.167  22.593 0.6999999881
3690  -10.659  -79.942  21.206 0.6999999881
3694  -18.959  -80.531  21.889 0.6999999881
3715  -14.970  -79.484  19.411 0.5000000000
3717  -18.030  -79.981  18.613 0.5000000000
3987  -19.416  -79.716  34.072 0.3000000119
3998  -23.256  -79.428  32.532 0.4000000060
3999  -24.079  -79.473  32.367 0.3000000119
4014  -27.063  -79.680  31.189 0.3000000119
4025  -28.478  -79.822  30.187 0.3000000119
4032  -19.298  -79.524  29.708 0.4000000060
4039  -19.004  -79.046  28.951 0.5000000000
4046  -18.989  -79.323  27.699 0.5000000000
4051  -10.232  -79.257  25.979 0.6999999881
4054  -12.400  -79.087  26.518 0.6999999881
4068  -8.859  -79.905  25.018 0.6999999881
4090  -11.811  -79.630  22.393 0.6999999881
4092  -13.364  -78.603  22.357 0.6999999881
4108  -20.287  -79.652  20.384 0.6000000238
4113  -18.881  -79.875  18.813 0.6000000238
4116  -11.309  -80.213  19.499 0.5000000000
4117  -11.732  -79.878  19.504 0.6000000238
4121  -16.925  -79.047  17.964 0.5000000000
4124  -19.506  -79.374  18.549 0.6000000238
4126  -17.203  -78.397  18.305 0.5000000000
4129  -19.246  -79.087  18.273 0.5000000000
4388  -16.960  -79.013  35.240 0.3000000119
4392  -20.360  -78.131  34.733 0.3000000119
4418  -22.971  -78.650  32.200 0.4000000060
4420  -24.258  -78.445  32.365 0.4000000060
4431  -20.707  -78.975  31.565 0.4000000060
4432  -21.508  -78.685  31.636 0.4000000060
4433  -22.533  -78.367  31.638 0.4000000060
4443  -20.158  -78.769  30.830 0.5000000000
4447  -28.859  -79.311  29.858 0.3000000119
4472  -19.155  -78.615  27.456 0.5000000000
4479  -10.439  -78.811  26.105 0.6999999881
4483  -14.486  -78.272  26.818 0.6000000238
4484  -15.228  -77.866  26.727 0.5000000000
4487  -26.178  -78.358  26.332 0.5000000000
4510  -19.700  -78.824  24.074 0.5000000000
4511  -20.162  -78.249  24.921 0.5000000000
4521  -13.410  -78.671  23.219 0.6999999881
4544  -6.790  -78.100  21.696 0.5000000000
4545  -7.656  -77.861  21.613 0.6000000238
4559  -21.278  -78.177  18.893 0.5000000000
4569  -17.740  -78.270  18.241 0.5000000000
4570  -18.173  -78.519  18.112 0.5000000000
4571  -18.821  -78.470  18.290 0.5000000000
4910  -23.972  -77.521  32.287 0.4000000060
4928  -19.596  -78.038  29.558 0.6000000238
4929  -20.400  -78.162  30.332 0.6000000238
4930  -21.181  -78.151  30.332 0.5000000000
4946  -23.700  -77.240  29.652 0.5000000000
4964  -12.892  -77.643  27.552 0.6000000238
4970  -21.254  -77.591  27.766 0.4000000060
4973  -24.822  -78.180  27.812 0.5000000000
4992  -25.603  -78.223  27.191 0.5000000000
4998  -10.695  -78.275  25.935 0.6999999881
5002  -20.483  -77.868  25.580 0.5000000000
5022  -25.016  -77.635  24.494 0.5000000000
5041  -8.995  -77.659  21.656 0.6999999881
5056  -8.539  -77.265  21.584 0.6999999881
5062  -16.776  -76.882  21.631 0.4000000060
5085  -16.400  -78.102  19.044 0.6000000238
5086  -16.983  -77.977  18.778 0.6000000238
5087  -17.431  -77.427  18.935 0.5000000000
5088  -18.138  -77.373  18.773 0.5000000000
5467  -23.546  -77.087  30.381 0.4000000060
5488  -16.088  -76.333  28.088 0.5000000000
5499  -12.494  -77.063  26.691 0.6000000238
5501  -16.162  -76.896  27.293 0.5000000000
5530  -21.953  -77.005  24.847 0.5000000000
5534  -6.352  -76.591  22.699 0.5000000000
5538  -13.537  -75.941  23.356 0.6000000238
5542  -22.911  -76.537  23.707 0.5000000000
5547  -7.138  -76.178  22.606 0.5000000000
5549  -11.484  -76.189  22.066 0.6999999881
5561  -7.719  -76.249  22.053 0.5000000000
5564  -10.659  -75.783  21.108 0.6999999881
5566  -12.133  -76.068  21.231 0.6999999881
5579  -11.981  -75.867  20.918 0.6999999881
5580  -16.753  -77.058  20.556 0.5000000000
6009  -24.958  -75.901  30.572 0.3000000119
6040  -15.180  -75.617  28.679 0.5000000000
6043  -25.070  -75.749  28.695 0.4000000060
6053  -13.881  -75.803  27.834 0.5000000000
6056  -25.457  -76.054  27.974 0.4000000060
6058  -26.886  -75.430  26.978 0.3000000119
6065  -14.093  -75.525  26.315 0.5000000000
6080  -14.550  -75.211  25.519 0.5000000000
6085  -7.516  -75.231  23.820 0.5000000000
6093  -7.713  -74.869  23.247 0.5000000000
6094  -13.208  -75.977  22.311 0.6999999881
6095  -14.346  -75.502  23.254 0.6000000238
6101  -8.597  -75.176  21.756 0.6000000238
6102  -9.492  -75.185  21.401 0.6000000238
6103  -12.912  -76.059  21.283 0.6999999881
6114  -8.332  -75.729  21.745 0.6000000238
6128  -10.949  -75.312  20.981 0.6000000238
6129  -11.996  -75.411  20.663 0.6999999881
6130  -12.604  -75.267  20.650 0.5000000000
6608  -14.930  -74.783  28.865 0.5000000000
6609  -15.317  -74.373  29.159 0.5000000000
6611  -25.679  -74.867  29.571 0.3000000119
6632  -14.231  -74.929  27.819 0.6000000238
6663  -8.561  -74.674  24.432 0.5000000000
6672  -8.422  -74.566  23.628 0.5000000000
6675  -15.087  -75.024  22.696 0.6000000238
6684  -10.194  -74.615  21.812 0.6000000238
6686  -15.312  -74.974  21.617 0.6000000238
6687  -15.736  -74.501  21.253 0.6000000238
6701  -12.021  -74.588  20.851 0.6000000238
6702  -12.584  -74.899  20.653 0.6000000238
6703  -13.524  -75.002  20.689 0.5000000000
6704  -15.127  -75.049  20.938 0.6000000238
6719  -11.329  -74.873  20.840 0.6000000238
7185  -15.244  -73.716  29.392 0.5000000000
7200  -14.660  -74.046  28.885 0.6000000238
7250  -15.532  -73.061  25.313 0.6000000238
7259  -10.787  -73.627  24.400 0.5000000000
7260  -11.638  -72.639  24.961 0.4000000060
7270  -10.812  -73.655  23.540 0.5000000000
7271  -11.717  -73.326  23.309 0.6000000238
7304  -15.319  -74.065  20.754 0.6000000238
7837  -14.929  -71.981  30.077 0.5000000000
7856  -17.031  -72.048  29.603 0.5000000000
7869  -14.296  -72.216  28.844 0.6000000238
7912  -14.839  -72.399  27.025 0.6000000238
7926  -11.623  -72.002  25.550 0.5000000000
7927  -15.045  -73.144  26.335 0.6000000238
7936  -11.797  -72.056  24.682 0.5000000000
7937  -12.144  -72.113  23.903 0.5000000000
7949  -13.358  -72.445  21.926 0.6000000238
7962  -16.516  -73.121  21.391 0.5000000000
7976  -16.239  -72.764  20.910 0.4000000060
8487  -16.020  -70.827  30.929 0.5000000000
8516  -14.538  -71.757  29.500 0.6000000238
8530  -14.377  -71.505  28.855 0.6000000238
8561  -15.130  -71.791  26.536 0.6000000238
8588  -10.152  -71.403  24.338 0.6000000238
8592  -16.100  -70.974  23.838 0.6000000238
8606  -9.559  -71.156  23.146 0.6000000238
8609  -12.637  -71.675  23.296 0.6000000238
8610  -13.210  -71.823  22.617 0.6000000238
8632  -16.102  -71.690  21.007 0.4000000060
8633  -16.344  -71.454  21.373 0.6000000238
9113  -9.230  -69.890  31.916 0.6000000238
9143  -15.433  -70.639  30.532 0.5000000000
9180  -14.598  -70.970  29.315 0.6000000238
9181  -14.990  -70.246  28.878 0.6000000238
9194  -14.840  -70.981  27.552 0.6000000238
9207  -15.219  -71.021  26.584 0.6000000238
9242  -17.190  -69.952  22.452 0.6000000238
9248  -8.781  -70.038  22.313 0.6000000238
9249  -10.337  -70.237  22.213 0.6000000238
9252  -14.695  -70.174  21.604 0.6000000238
9253  -16.803  -70.726  21.999 0.6000000238
9257  -16.562  -70.627  21.477 0.6000000238
9723  -10.344  -69.031  32.426 0.6000000238
9735  -10.809  -69.101  31.709 0.6000000238
9736  -11.396  -69.027  30.964 0.6000000238
9770  -11.285  -69.231  30.272 0.5000000000
9772  -16.015  -69.295  29.912 0.5000000000
9790  -10.440  -68.944  28.506 0.5000000000
9791  -11.447  -68.910  28.889 0.6999999881
9792  -16.199  -68.920  28.988 0.6000000238
9804  -10.539  -68.816  27.630 0.6000000238
9806  -16.239  -69.381  27.628 0.6000000238
9817  -8.076  -68.748  26.794 0.5000000000
9818  -16.234  -69.501  26.443 0.6000000238
9830  -15.660  -70.132  26.275 0.6000000238
9842  -16.696  -69.553  24.341 0.6000000238
9843  -17.333  -69.139  24.064 0.6000000238
9849  -8.214  -69.455  22.794 0.6000000238
9853  -18.318  -68.898  22.432 0.5000000000
9855  -9.526  -69.751  22.073 0.6999999881
9857  -11.454  -69.358  22.139 0.6000000238
9861  -18.165  -68.899  21.949 0.5000000000
9862  -16.035  -69.599  21.055 0.5000000000
9863  -17.137  -69.142  21.206 0.5000000000
9864  -17.713  -69.027  21.567 0.5000000000
10335  -10.291  -68.085  33.153 0.6000000238
10351  -10.427  -68.486  32.780 0.6000000238
10387  -12.117  -68.133  30.345 0.6000000238
10410  -11.969  -68.746  30.225 0.6000000238
10411  -12.355  -68.105  29.718 0.6000000238
10413  -17.588  -68.618  29.925 0.5000000000
10426  -11.991  -68.650  28.374 0.6999999881
10430  -19.037  -68.733  28.228 0.4000000060
10446  -11.882  -68.622  27.386 0.6999999881
10448  -16.938  -69.043  27.425 0.6000000238
10449  -18.323  -68.744  27.644 0.6000000238
10450  -19.431  -68.793  27.431 0.6000000238
10465  -9.416  -68.351  26.062 0.6000000238
10467  -11.726  -68.422  26.274 0.6000000238
10469  -16.857  -69.082  26.527 0.6000000238
10470  -17.568  -68.803  26.629 0.6000000238
10472  -19.936  -68.663  26.702 0.5000000000
10473  -20.773  -68.511  26.870 0.5000000000
10486  -8.696  -68.074  25.101 0.6000000238
10491  -17.398  -68.723  25.707 0.6000000238
10492  -18.524  -68.521  25.228 0.6000000238
10493  -20.425  -67.991  25.071 0.5000000000
10499  -8.829  -68.087  23.464 0.6999999881
10500  -10.282  -67.496  24.141 0.6999999881
10502  -16.787  -69.105  25.023 0.6000000238
10506  -20.354  -68.182  23.536 0.5000000000
10509  -9.172  -68.288  22.858 0.6999999881
10510  -9.919  -67.866  22.808 0.6999999881
10511  -10.703  -67.830  22.904 0.6000000238
10513  -18.996  -68.681  23.107 0.5000000000
10514  -19.930  -68.195  23.054 0.5000000000
10515  -20.364  -67.757  22.862 0.5000000000
10516  -9.642  -68.756  22.286 0.6999999881
10517  -11.009  -68.542  22.348 0.6000000238
10518  -12.364  -68.327  22.507 0.6000000238
10520  -14.050  -68.403  22.362 0.6000000238
10523  -20.229  -67.316  22.991 0.5000000000
10524  -16.940  -68.414  21.412 0.5000000000
10527  -19.415  -67.509  22.254 0.5000000000
11009  -8.859  -67.668  33.425 0.6000000238
11010  -9.743  -67.952  33.417 0.6000000238
11043  -11.302  -68.030  31.225 0.6000000238
11057  -11.133  -67.336  31.281 0.6000000238
11058  -11.685  -67.772  30.698 0.6000000238
11073  -12.457  -67.317  29.137 0.6999999881
11080  -12.729  -67.242  28.351 0.6999999881
11081  -13.178  -66.628  27.064 0.6999999881
11096  -13.538  -66.417  26.128 0.6999999881
11097  -20.649  -68.025  26.082 0.5000000000
11108  -13.088  -67.232  24.942 0.6000000238
11113  -13.355  -67.147  23.605 0.6999999881
11114  -20.355  -67.420  23.481 0.5000000000
11115  -10.449  -67.410  23.350 0.6999999881
11119  -14.364  -66.897  23.132 0.6000000238
11120  -20.330  -67.316  23.185 0.5000000000
11122  -12.612  -67.732  22.928 0.6000000238
11126  -17.770  -66.956  21.771 0.5000000000
11128  -19.868  -67.277  22.698 0.5000000000
11130  -16.636  -67.445  21.952 0.6000000238
11131  -18.976  -67.465  21.889 0.5000000000
11619  -9.599  -65.782  33.670 0.6000000238
11635  -8.911  -66.867  33.750 0.6000000238
11637  -10.470  -66.578  33.322 0.6000000238
11695  -10.553  -66.386  29.816 0.6000000238
11711  -11.905  -66.462  28.695 0.6999999881
11734  -12.754  -66.388  27.434 0.6000000238
11760  -20.415  -67.327  25.222 0.5000000000
11762  -19.164  -66.447  23.529 0.5000000000
11763  -20.001  -66.761  24.011 0.5000000000
11764  -20.339  -67.368  24.205 0.5000000000
11765  -14.459  -66.097  23.421 0.6000000238
11769  -20.343  -67.312  23.302 0.5000000000
11774  -18.814  -66.504  22.391 0.5000000000
11775  -19.678  -66.968  22.658 0.5000000000
11776  -20.214  -67.238  22.987 0.5000000000
11777  -18.602  -66.927  21.911 0.5000000000
12309  -9.668  -65.113  33.798 0.6000000238
12325  -10.126  -65.803  33.459 0.6000000238
12383  -8.747  -65.437  29.069 0.6000000238
12402  -7.478  -65.406  27.440 0.6999999881
12404  -9.165  -65.660  28.263 0.6999999881
12405  -9.922  -66.106  27.805 0.8000000119
12426  -8.211  -65.608  26.754 0.8000000119
12428  -10.403  -65.689  26.793 0.8000000119
12430  -12.444  -65.807  26.761 0.6999999881
12444  -8.131  -65.254  25.518 0.6999999881
12454  -8.162  -64.508  24.820 0.6999999881
12458  -13.644  -64.640  24.671 0.6999999881
12466  -18.566  -65.371  23.093 0.5000000000
12468  -14.842  -65.071  23.359 0.6000000238
12469  -15.594  -64.527  23.007 0.6000000238
12472  -18.432  -65.528  22.721 0.5000000000
12480  -16.258  -65.522  22.749 0.6000000238
12482  -18.038  -65.070  22.559 0.5000000000
13013  -8.886  -64.771  34.225 0.5000000000
13015  -10.042  -64.459  33.969 0.6999999881
13028  -8.475  -64.970  33.892 0.5000000000
13062  -10.200  -64.533  31.951 0.6999999881
13075  -8.166  -64.840  30.348 0.6000000238
13076  -9.183  -64.907  30.617 0.6999999881
13090  -7.434  -64.875  29.445 0.8000000119
13107  -7.061  -65.157  28.452 0.6999999881
13125  -6.043  -64.386  26.491 0.6999999881
13138  -5.853  -63.652  25.049 0.6000000238
13139  -6.480  -64.210  25.436 0.6999999881
13141  -10.717  -63.861  25.169 0.6999999881
13160  -14.832  -63.212  23.349 0.6999999881
13161  -16.908  -64.068  23.567 0.5000000000
13170  -15.402  -63.428  23.170 0.6999999881
13173  -17.445  -64.519  23.206 0.5000000000
13185  -17.455  -64.667  22.805 0.5000000000
13727  -7.707  -63.442  34.171 0.5000000000
13728  -8.566  -63.568  34.669 0.6000000238
13729  -9.353  -63.641  34.672 0.6000000238
13730  -10.070  -63.680  34.380 0.6999999881
13745  -10.681  -63.152  33.742 0.6999999881
13783  -9.653  -63.784  31.768 0.6999999881
13784  -10.396  -63.749  32.471 0.8000000119
13795  -7.954  -64.049  30.851 0.6000000238
13807  -6.849  -64.056  29.642 0.6999999881
13837  -5.506  -63.552  26.291 0.6000000238
13852  -5.817  -63.878  25.619 0.6000000238
13867  -6.427  -63.227  25.044 0.6000000238
13870  -11.514  -62.553  25.263 0.6999999881
13872  -12.789  -62.198  24.367 0.6999999881
13874  -15.979  -62.727  24.327 0.5000000000
13886  -13.578  -61.990  24.037 0.6000000238
13887  -14.594  -62.029  23.792 0.6000000238
13888  -15.225  -62.205  23.710 0.5000000000
13906  -15.684  -62.897  23.440 0.6999999881
14476  -10.158  -62.284  34.730 0.6000000238
14477  -10.642  -62.318  34.096 0.8000000119
14506  -9.383  -62.266  32.528 0.8000000119
14532  -8.132  -62.754  31.754 0.6000000238
14533  -8.964  -62.990  32.104 0.6000000238
14549  -7.787  -63.181  31.059 0.6000000238
14562  -5.748  -62.072  29.433 0.6000000238
14563  -6.639  -62.954  29.789 0.6999999881
14602  -4.477  -62.062  25.940 0.6000000238
14619  -4.925  -62.470  25.280 0.5000000000
14623  -11.500  -62.537  25.241 0.6999999881
14624  -12.666  -61.224  25.059 0.5000000000
14639  -5.343  -62.841  24.898 0.6000000238
14642  -12.777  -60.905  24.269 0.6000000238
14643  -13.322  -60.302  23.993 0.6000000238
14644  -14.543  -61.407  24.539 0.5000000000
14661  -13.825  -60.761  23.806 0.6000000238
15249  -7.128  -61.249  37.109 0.6000000238
15258  -6.772  -61.865  36.778 0.5000000000
15270  -8.551  -61.505  36.071 0.6000000238
15271  -9.175  -61.895  35.448 0.6000000238
15280  -9.888  -61.493  35.146 0.6000000238
15294  -10.356  -61.689  33.552 0.6999999881
15313  -9.727  -61.546  32.941 0.6999999881
15335  -7.851  -61.970  31.890 0.6000000238
15353  -6.323  -61.247  30.529 0.6000000238
15386  -4.020  -61.070  27.479 0.5000000000
15387  -5.243  -61.954  28.282 0.6000000238
15416  -5.450  -61.798  25.209 0.5000000000
15419  -13.705  -60.568  24.692 0.5000000000
15435  -5.282  -62.381  24.981 0.5000000000
16071  -6.579  -61.064  37.494 0.6000000238
16086  -8.986  -60.599  35.975 0.6999999881
16093  -9.947  -60.211  34.495 0.6999999881
16094  -10.182  -60.888  34.080 0.6999999881
16118  -9.176  -60.814  33.196 0.6000000238
16152  -4.462  -59.968  29.407 0.5000000000
16154  -6.552  -60.784  30.916 0.6000000238
16860  -5.569  -59.560  37.255 0.6999999881
16882  -9.253  -58.910  34.616 0.6999999881
16883  -9.530  -59.491  34.048 0.5000000000
16923  -6.175  -59.054  30.927 0.6000000238
16925  -7.922  -59.821  31.970 0.6000000238
16945  -4.056  -58.926  29.817 0.5000000000
17661  -7.163  -58.801  36.162 0.6999999881
17669  -6.703  -57.893  35.831 0.6999999881
17670  -7.759  -58.230  35.584 0.6999999881
17671  -8.585  -58.486  35.126 0.6999999881
17683  -9.225  -58.757  33.902 0.6000000238
17692  -8.703  -58.447  32.437 0.6000000238
17710  -6.038  -58.090  30.942 0.6000000238
17712  -8.090  -58.864  31.686 0.6000000238
17722  -4.076  -57.675  30.068 0.5000000000
17723  -4.104  -58.149  30.352 0.5000000000
18376  -5.946  -57.044  39.419 0.6999999881
18383  -5.345  -57.414  38.921 0.6999999881
18390  -4.654  -57.883  37.428 0.6999999881
18401  -5.576  -57.830  36.073 0.8000000119
18436  -8.607  -57.488  32.844 0.5000000000
18449  -5.240  -57.039  30.935 0.6000000238
18461  -4.847  -57.837  30.803 0.6000000238
18474  -4.359  -57.504  29.557 0.5000000000
18475  -5.299  -57.412  29.227 0.5000000000
19124  -5.692  -56.883  40.463 0.6999999881
19143  -5.983  -56.846  40.042 0.6999999881
19144  -6.414  -56.552  39.786 0.6999999881
19178  -4.833  -56.423  37.094 0.6999999881
19181  -6.860  -56.419  38.283 0.6999999881
19201  -4.799  -56.020  35.896 0.8000000119
19225  -6.561  -55.760  32.526 0.5000000000
19226  -7.295  -56.092  33.056 0.5000000000
19233  -5.632  -56.385  31.209 0.6000000238
19234  -5.627  -56.292  31.287 0.6000000238
19249  -4.648  -57.314  30.245 0.6000000238
19968  -4.949  -55.436  40.371 0.5000000000
19970  -6.591  -55.916  39.878 0.6999999881
19999  -4.969  -55.854  37.033 0.6999999881
20002  -7.656  -56.244  37.835 0.5000000000
20003  -9.563  -55.538  37.616 0.5000000000
20004  -10.031  -55.458  37.070 0.5000000000
20012  -4.987  -55.477  36.491 0.8000000119
20015  -8.691  -55.788  36.796 0.4000000060
20025  -5.148  -55.304  35.815 0.8000000119
20027  -9.787  -55.530  36.574 0.5000000000
20057  -6.327  -55.217  33.049 0.5000000000
20069  -5.701  -55.590  31.706 0.6000000238
20087  -5.743  -56.237  30.720 0.6000000238
20089  -6.940  -55.289  30.444 0.5000000000
20100  -5.789  -56.553  30.201 0.6000000238
20825  -8.020  -55.562  38.972 0.5000000000
20844  -9.116  -54.681  38.308 0.4000000060
20871  -10.564  -54.846  37.166 0.5000000000
20881  -5.940  -54.444  35.852 0.5000000000
20883  -8.008  -54.529  35.679 0.5000000000
20886  -12.254  -54.312  35.557 0.5000000000
20896  -10.848  -54.939  34.712 0.5000000000
20899  -13.183  -54.030  34.179 0.4000000060
20906  -5.018  -53.607  33.789 0.6000000238
20907  -5.504  -54.377  33.642 0.6000000238
20910  -12.583  -54.231  33.854 0.4000000060
20916  -5.570  -54.481  32.555 0.5000000000
20917  -5.548  -54.375  32.972 0.5000000000
20928  -5.376  -54.841  32.008 0.5000000000
20929  -5.584  -55.307  31.608 0.6000000238
20930  -5.769  -54.511  31.470 0.6000000238
20950  -5.888  -55.485  30.784 0.6000000238
20954  -9.610  -54.566  30.336 0.4000000060
21739  -8.330  -54.256  38.446 0.4000000060
21758  -9.484  -54.106  37.739 0.4000000060
21772  -11.695  -53.808  36.597 0.5000000000
21773  -12.311  -53.748  36.104 0.4000000060
21778  -5.498  -52.835  34.972 0.5000000000
21780  -7.252  -53.750  35.175 0.4000000060
21790  -5.124  -52.659  34.684 0.5000000000
21794  -13.196  -53.759  34.885 0.4000000060
21801  -4.782  -53.102  33.719 0.6000000238
21804  -10.557  -53.673  33.622 0.5000000000
21805  -12.206  -54.072  33.279 0.4000000060
21816  -5.477  -54.188  32.643 0.5000000000
21817  -5.113  -53.336  33.211 0.5000000000
21819  -11.708  -53.446  32.797 0.5000000000
21821  -13.547  -53.715  32.816 0.4000000060
21851  -6.267  -54.121  31.163 0.5000000000
21852  -6.658  -53.329  31.368 0.6000000238
21875  -10.368  -52.849  29.732 0.4000000060
22665  -8.096  -53.438  38.243 0.4000000060
22681  -9.769  -52.623  37.044 0.4000000060
22682  -9.978  -53.552  37.276 0.4000000060
22715  -5.027  -52.229  34.473 0.5000000000
22716  -5.428  -51.942  34.671 0.4000000060
22717  -6.125  -51.933  34.484 0.4000000060
22718  -14.312  -52.531  34.551 0.4000000060
22719  -14.773  -52.530  34.204 0.4000000060
22730  -4.757  -52.621  33.975 0.6000000238
22731  -5.100  -52.209  33.774 0.5000000000
22734  -9.162  -52.278  33.425 0.4000000060
22735  -10.128  -52.781  33.350 0.5000000000
22745  -5.258  -52.082  33.043 0.5000000000
22747  -10.449  -52.304  32.796 0.5000000000
22748  -11.184  -52.648  32.463 0.5000000000
22751  -14.805  -53.053  32.761 0.3000000119
22760  -5.153  -52.810  32.975 0.5000000000
22762  -6.286  -52.166  31.847 0.5000000000
22765  -11.370  -51.952  31.916 0.5000000000
22767  -13.634  -52.596  31.655 0.3000000119
22779  -7.304  -51.648  31.038 0.4000000060
22781  -8.574  -51.521  30.072 0.4000000060
23699  -14.672  -51.928  34.358 0.4000000060
23711  -5.559  -51.694  33.309 0.5000000000
23712  -5.963  -51.408  33.395 0.5000000000
23713  -8.409  -51.184  33.099 0.5000000000
23726  -5.869  -51.706  32.558 0.5000000000
23727  -6.135  -51.263  32.756 0.5000000000
23729  -7.759  -50.366  32.434 0.5000000000
23742  -6.533  -51.091  32.133 0.4000000060
23743  -7.300  -50.438  31.630 0.4000000060
23745  -10.469  -50.685  31.880 0.4000000060
23757  -8.155  -50.562  30.562 0.4000000060
23776  -10.420  -50.703  29.403 0.4000000060
23777  -10.801  -50.333  29.253 0.4000000060
23790  -12.060  -50.650  28.460 0.4000000060
24642  -8.897  -51.220  36.978 0.4000000060
24656  -7.783  -49.626  36.334 0.3000000119
24675  -11.739  -51.136  34.814 0.4000000060
24715  -7.422  -50.134  31.686 0.5000000000
24726  -8.566  -49.580  30.964 0.4000000060
24736  -7.762  -49.958  31.389 0.4000000060
24737  -8.209  -49.835  31.089 0.4000000060
24739  -10.324  -49.016  30.618 0.4000000060
25685  -9.542  -49.432  35.308 0.3000000119
25694  -11.886  -49.484  34.755 0.5000000000
25748  -9.817  -48.784  30.154 0.3000000119
26684  -11.627  -48.642  34.490 0.5000000000
26696  -12.110  -48.181  33.937 0.5000000000
26731  -10.923  -48.243  29.845 0.3000000119
119754  -10.117  -69.476  31.847 0.6000000238
120177  -14.439  -74.060  27.558 0.6000000238
120728  -8.936  -64.209  34.548 0.6000000238
120735  -19.762  -77.668  28.100 0.5000000000
120798  -22.504  -81.860  27.289 0.3000000119
121077  -17.420  -78.880  34.722 0.3000000119
121171  -19.241  -78.100  27.915 0.5000000000
121262  -24.353  -78.234  27.123 0.5000000000
121612  -13.453  -81.937  17.370 0.5000000000
121802  -14.608  -73.250  27.303 0.6000000238
121917  -27.266  -80.645  31.352 0.3000000119
122200  -20.206  -68.087  24.187 0.5000000000
122526  -16.503  -73.141  22.195 0.5000000000
122556  -13.221  -78.911  26.225 0.6000000238
122714  -14.121  -53.310  32.309 0.4000000060
122729  -20.974  -78.042  18.306 0.5000000000
123114  -10.383  -65.218  33.103 0.6000000238
123906  -19.099  -79.843  26.364 0.6999999881
124053  -16.405  -70.138  21.053 0.6000000238
124143  -21.464  -77.969  29.690 0.4000000060
124187  -4.326  -59.387  28.721 0.5000000000
124377  -14.709  -74.727  20.752 0.6000000238
124542  -25.904  -82.189  32.326 0.4000000060
125031  -10.869  -66.865  31.838 0.6999999881
125059  -5.415  -53.292  34.894 0.5000000000
125106  -7.502  -50.860  33.160 0.5000000000
125142  -23.367  -82.079  24.072 0.4000000060
125427  -10.641  -55.214  35.619 0.5000000000
125586  -11.207  -51.367  29.221 0.4000000060
125640  -26.844  -77.864  26.595 0.4000000060
125943  -7.640  -52.500  30.751 0.4000000060
126005  -18.244  -68.569  29.082 0.5000000000
126359  -12.087  -68.693  29.323 0.6000000238
127169  -6.686  -76.237  23.351 0.5000000000
127462  -20.033  -68.889  27.842 0.4000000060
127468  -16.446  -83.579  20.370 0.5000000000
127541  -11.216  -73.328  25.097 0.4000000060
127635  -23.896  -82.393  24.988 0.4000000060
127679  -13.434  -67.148  25.790 0.6000000238
127966  -22.721  -82.779  27.057 0.3000000119
128310  -10.313  -45.972  33.548 0.3000000119
128568  -10.615  -63.758  33.090 0.8000000119
128825  -9.031  -53.581  30.273 0.4000000060
129029  -17.515  -68.816  27.791 0.6000000238
129217  -22.573  -78.151  30.959 0.4000000060
129267  -7.905  -82.215  24.598 0.5000000000
129307  -12.017  -80.518  18.603 0.5000000000
129336  -29.080  -79.632  30.040 0.3000000119
129656  -8.825  -70.601  22.616 0.6999999881
129744  -16.341  -79.202  18.415 0.5000000000
130199  -7.619  -48.396  34.887 0.4000000060
130234  -14.860  -78.139  25.210 0.5000000000
130381  -6.776  -54.252  30.830 0.5000000000
130465  -4.455  -60.392  26.549 0.5000000000
130681  -11.845  -71.147  23.315 0.6000000238
131376  -5.510  -55.060  32.250 0.5000000000
131388  -7.366  -50.862  31.177 0.4000000060
131503  -10.024  -64.993  33.521 0.6999999881
131773  -17.702  -69.413  22.123 0.6000000238
131899  -10.931  -69.166  29.441 0.6000000238
132110  -21.769  -77.983  29.054 0.4000000060
132580  -16.052  -72.793  23.126 0.5000000000
132762  -10.795  -53.991  30.061 0.4000000060
133517  -10.155  -60.868  34.732 0.6999999881
133615  -13.113  -67.402  23.242 0.5000000000
133771  -9.839  -62.971  34.834 0.6000000238
133779  -7.222  -62.810  30.579 0.6000000238
133813  -21.693  -77.567  26.455 0.5000000000
133943  -8.557  -52.356  37.543 0.4000000060
134057  -9.962  -50.064  29.262 0.4000000060
134516  -21.929  -81.082  25.143 0.5000000000
134589  -12.916  -67.337  27.472 0.6000000238
134681  -4.912  -59.561  37.622 0.6999999881
134733  -16.631  -69.588  21.055 0.6000000238
134751  -22.797  -77.439  18.236 0.5000000000
134834  -7.374  -55.858  39.323 0.6000000238
134860  -13.209  -68.820  22.343 0.6000000238
135092  -26.523  -82.836  33.574 0.3000000119
135138  -23.494  -84.325  25.297 0.4000000060
135257  -15.297  -62.028  24.023 0.5000000000
135426  -8.136  -65.283  29.609 0.8000000119
135754  -8.461  -59.956  32.692 0.6999999881
136105  -14.382  -53.119  34.198 0.4000000060
136399  -16.742  -76.502  26.826 0.5000000000
136585  -11.325  -49.732  34.998 0.4000000060
136726  -7.071  -56.993  35.464 0.8000000119
136895  -8.590  -60.565  32.820 0.6000000238
137310  -10.748  -66.347  32.363 0.6000000238
137347  -13.075  -78.998  19.786 0.6999999881
137623  -5.663  -63.224  24.898 0.6000000238
137820  -20.449  -82.190  23.676 0.6000000238
138099  -16.382  -69.119  28.138 0.6000000238
138631  -5.291  -56.905  30.673 0.6000000238
138632  -7.525  -55.241  39.243 0.5000000000
138748  -13.688  -53.454  34.563 0.4000000060
138842  -12.816  -48.445  33.850 0.4000000060
139253  -19.265  -83.158  22.322 0.4000000060
139333  -27.077  -82.874  35.710 0.3000000119
139540  -5.031  -62.788  25.845 0.6000000238
139893  -11.556  -75.203  20.689 0.6000000238
139995  -9.318  -55.585  36.470 0.5000000000
139997  -21.168  -80.254  32.574 0.3000000119
140160  -15.793  -70.084  25.422 0.6000000238
140424  -20.040  -77.865  29.830 0.6000000238
140555  -18.267  -76.873  19.515 0.5000000000
140793  -17.230  -79.943  18.561 0.5000000000
140885  -16.249  -63.360  23.465 0.6999999881
140897  -25.822  -77.199  31.539 0.3000000119
141495  -8.908  -76.659  21.411 0.6999999881
141572  -14.501  -72.056  27.627 0.6000000238
141650  -4.734  -57.698  38.126 0.6999999881
141814  -22.740  -78.069  27.060 0.5000000000
142019  -16.376  -83.113  18.394 0.5000000000
142084  -11.185  -70.534  22.530 0.6000000238
142097  -15.795  -71.006  21.072 0.5000000000
142109  -15.513  -72.113  20.895 0.6000000238
142162  -11.123  -67.633  24.408 0.6000000238
142220  -16.194  -73.540  29.153 0.5000000000
142228  -18.127  -82.803  19.207 0.4000000060
142659  -15.759  -69.001  21.421 0.5000000000
142670  -17.537  -67.799  21.552 0.5000000000
142758  -8.581  -66.335  33.484 0.6000000238
142903  -11.952  -68.107  25.515 0.6000000238
142962  -15.525  -51.678  33.930 0.4000000060
143104  -19.938  -78.529  24.560 0.5000000000
143241  -9.348  -66.702  33.755 0.6000000238
143471  -10.462  -81.387  19.038 0.4000000060
143710  -13.070  -52.586  35.178 0.4000000060
144242  -23.472  -77.128  31.061 0.4000000060
144317  -13.675  -66.045  25.545 0.6000000238
144759  -24.113  -81.076  32.497 0.3000000119
144786  -25.013  -84.081  33.100 0.3000000119
