#!ascii label  , from subject sub-08 vox2ras=TkReg
1964
9716  -32.257  -69.266  33.633 0.1000000015
9715  -31.514  -69.594  33.169 0.1000000015
9121  -29.788  -70.758  32.846 0.1000000015
9122  -30.337  -70.154  32.606 0.1000000015
9136  -30.219  -69.986  31.760 0.1000000015
9743  -31.157  -69.821  31.330 0.1000000015
8510  -30.004  -70.689  30.219 0.1000000015
9164  -31.746  -70.480  29.587 0.1000000015
9165  -32.596  -70.410  29.332 0.1000000015
144084  -31.314  -70.841  29.190 0.1000000015
8521  -31.318  -71.236  28.577 0.1000000015
8535  -32.012  -71.474  27.995 0.1000000015
141260  -31.341  -71.644  27.930 0.1000000015
8536  -32.874  -71.411  28.137 0.1000000015
7879  -35.189  -72.694  28.218 0.1000000015
8548  -31.841  -72.069  27.512 0.1000000015
7898  -33.552  -72.778  27.335 0.1000000015
8549  -32.715  -72.034  27.599 0.1000000015
11004  -32.917  -67.935  33.922 0.1000000015
10343  -31.935  -68.937  33.174 0.1000000015
10344  -32.465  -68.501  33.450 0.1000000015
9731  -31.605  -69.117  32.654 0.1000000015
11028  -32.876  -67.909  32.377 0.1000000015
139428  -31.845  -68.851  32.053 0.1000000015
125915  -31.349  -69.368  32.032 0.1000000015
10373  -32.450  -68.503  31.792 0.1000000015
9757  -31.802  -69.736  30.688 0.1000000015
9759  -33.384  -69.274  30.356 0.1000000015
9779  -32.989  -69.845  29.788 0.1000000015
9186  -33.122  -70.832  28.672 0.1000000015
11070  -39.849  -68.265  29.654 0.1000000015
9798  -39.183  -70.658  28.908 0.1000000015
9189  -39.138  -71.267  29.279 0.1000000015
8525  -38.722  -71.819  29.168 0.1000000015
7881  -36.884  -72.927  28.390 0.1000000015
124732  -36.701  -72.613  28.969 0.1000000015
8539  -35.722  -72.304  28.848 0.1000000015
8538  -34.699  -71.652  28.533 0.1000000015
8551  -34.309  -72.238  27.993 0.1000000015
8550  -33.540  -72.043  27.797 0.1000000015
10994  -34.423  -67.610  35.485 0.1000000015
11625  -34.647  -66.749  34.528 0.2000000030
11624  -33.888  -67.089  34.179 0.2000000030
10993  -33.871  -67.861  34.989 0.1000000015
11642  -34.457  -66.839  33.652 0.1000000015
11641  -33.783  -67.093  33.442 0.1000000015
11005  -33.533  -67.573  34.391 0.1000000015
129622  -34.219  -67.089  32.784 0.1000000015
11029  -33.338  -67.375  32.940 0.1000000015
16186  -45.712  -61.214  28.630 0.1000000015
14559  -46.123  -62.797  30.196 0.1000000015
11049  -34.395  -67.522  32.042 0.1000000015
10375  -34.057  -67.963  31.495 0.1000000015
10398  -32.786  -68.765  31.021 0.1000000015
13820  -46.039  -63.279  29.850 0.1000000015
13085  -45.651  -63.579  30.471 0.1000000015
13071  -45.293  -63.669  31.439 0.1000000015
12380  -43.400  -65.299  31.721 0.1000000015
12363  -43.389  -65.925  32.679 0.1000000015
11690  -42.481  -66.036  31.613 0.1000000015
10400  -34.682  -68.444  30.865 0.1000000015
9760  -34.382  -69.169  30.290 0.1000000015
9166  -33.449  -70.383  29.243 0.1000000015
13083  -44.120  -64.636  31.625 0.1000000015
141026  -42.781  -65.333  30.482 0.1000000015
11062  -41.147  -68.059  31.675 0.1000000015
10405  -41.143  -69.461  31.210 0.1000000015
9745  -40.362  -70.180  31.203 0.1000000015
9764  -39.502  -70.363  30.648 0.1000000015
9780  -34.008  -69.895  29.672 0.1000000015
135678  -34.142  -70.509  29.207 0.1000000015
11703  -40.846  -67.207  30.569 0.1000000015
133625  -40.667  -68.283  30.699 0.1000000015
10420  -40.917  -69.769  30.613 0.1000000015
9765  -40.602  -70.283  30.954 0.1000000015
9169  -37.048  -71.406  29.751 0.1000000015
8522  -36.339  -71.914  29.359 0.1000000015
9172  -39.511  -70.688  29.716 0.1000000015
9171  -39.124  -71.274  29.665 0.1000000015
8524  -38.512  -71.680  29.598 0.1000000015
8523  -37.339  -72.248  29.424 0.1000000015
9188  -35.321  -71.344  29.070 0.1000000015
140946  -34.588  -70.934  28.940 0.1000000015
11626  -35.332  -66.384  34.736 0.1000000015
11614  -35.017  -66.515  35.386 0.2000000030
11606  -34.778  -67.032  35.842 0.1000000015
10986  -35.296  -67.066  36.509 0.2000000030
10976  -35.845  -67.219  37.096 0.2000000030
11643  -35.285  -66.576  33.984 0.1000000015
11663  -35.126  -66.705  33.102 0.1000000015
16224  -45.765  -60.525  27.662 0.1000000015
16204  -46.090  -61.033  27.930 0.1000000015
11030  -35.232  -67.237  32.239 0.1000000015
10376  -34.965  -67.833  31.478 0.1000000015
11050  -35.922  -67.685  31.439 0.1000000015
14558  -45.884  -62.794  30.841 0.1000000015
12348  -44.710  -64.256  32.039 0.1000000015
140218  -44.459  -65.007  32.682 0.1000000015
135713  -35.613  -68.269  30.857 0.1000000015
12347  -44.255  -65.394  33.050 0.1000000015
11679  -42.491  -66.449  32.531 0.1000000015
11055  -41.399  -67.795  32.153 0.1000000015
10380  -40.512  -69.637  31.504 0.1000000015
10403  -38.204  -69.583  30.658 0.1000000015
9762  -36.590  -69.487  30.243 0.1000000015
9761  -35.512  -69.101  30.290 0.1000000015
9783  -37.300  -70.480  30.089 0.1000000015
9167  -34.816  -70.522  29.312 0.1000000015
12316  -37.326  -65.254  35.133 0.1000000015
12302  -37.015  -65.249  35.845 0.1000000015
12330  -37.135  -65.840  34.596 0.1000000015
12315  -36.587  -65.731  35.239 0.1000000015
12314  -35.749  -66.055  35.271 0.1000000015
12300  -35.588  -66.115  35.851 0.2000000030
12284  -35.883  -65.929  36.455 0.2000000030
11599  -35.759  -66.422  36.966 0.2000000030
130737  -36.189  -66.734  37.462 0.2000000030
137365  -36.008  -66.461  33.446 0.1000000015
11644  -37.111  -66.284  33.717 0.1000000015
11664  -36.741  -66.699  32.761 0.1000000015
15379  -45.178  -61.657  30.335 0.1000000015
138346  -44.529  -61.496  30.828 0.1000000015
15349  -44.843  -62.043  31.895 0.1000000015
142665  -35.848  -66.756  32.707 0.1000000015
11031  -36.340  -67.148  32.047 0.1000000015
17007  -46.034  -59.441  27.116 0.1000000015
17006  -45.036  -59.597  27.148 0.1000000015
15380  -45.764  -61.800  29.671 0.1000000015
15365  -45.602  -62.173  30.640 0.1000000015
135442  -44.487  -64.520  32.478 0.1000000015
13054  -44.342  -65.251  33.073 0.1000000015
11670  -42.352  -66.506  32.677 0.1000000015
11668  -40.911  -67.212  32.949 0.1000000015
11053  -39.579  -68.451  31.781 0.1000000015
11052  -38.186  -67.976  31.515 0.1000000015
10377  -36.532  -68.243  30.917 0.1000000015
17016  -46.533  -58.611  26.451 0.1000000015
11037  -41.799  -67.099  32.362 0.1000000015
11054  -40.774  -68.862  31.988 0.1000000015
10379  -39.178  -69.271  31.169 0.1000000015
10378  -37.644  -68.551  30.997 0.1000000015
10401  -36.218  -68.779  30.569 0.1000000015
17780  -46.995  -58.108  25.782 0.1000000015
131451  -47.514  -57.752  24.720 0.1000000015
17789  -48.125  -57.965  24.522 0.1000000015
17797  -47.289  -58.096  24.067 0.1000000015
126601  -38.540  -64.423  33.977 0.1000000015
12317  -37.809  -65.391  34.511 0.1000000015
13755  -38.992  -64.262  33.382 0.1000000015
13034  -39.050  -65.017  33.773 0.1000000015
13010  -37.523  -64.561  35.561 0.1000000015
12301  -36.209  -65.733  35.899 0.1000000015
12285  -36.613  -65.333  36.643 0.2000000030
12332  -38.510  -65.664  33.911 0.1000000015
12331  -37.738  -65.927  34.084 0.1000000015
12274  -36.120  -65.754  37.062 0.2000000030
13035  -39.829  -64.716  33.236 0.1000000015
18530  -43.650  -58.008  26.205 0.1000000015
123491  -44.548  -58.374  26.359 0.1000000015
123391  -43.663  -58.782  26.635 0.1000000015
17005  -43.711  -59.608  27.180 0.1000000015
16223  -44.306  -60.332  27.750 0.1000000015
134008  -44.379  -61.154  29.237 0.1000000015
16184  -43.590  -60.944  29.824 0.1000000015
13052  -40.537  -64.066  32.856 0.1000000015
140505  -40.240  -65.190  33.373 0.1000000015
11645  -38.206  -66.293  33.485 0.1000000015
11665  -37.843  -66.713  32.769 0.1000000015
15348  -44.133  -61.728  32.225 0.1000000015
13776  -43.882  -63.295  32.734 0.1000000015
13756  -43.983  -64.513  33.018 0.1000000015
11667  -40.028  -67.129  33.036 0.1000000015
11666  -38.965  -66.840  32.811 0.1000000015
11032  -37.427  -67.178  32.026 0.1000000015
18541  -44.199  -57.323  25.638 0.1000000015
14528  -44.777  -62.925  32.191 0.1000000015
13777  -44.400  -63.595  32.480 0.1000000015
137774  -42.977  -64.601  33.301 0.1000000015
12334  -41.545  -65.853  33.317 0.1000000015
11648  -41.114  -66.515  33.141 0.1000000015
11033  -38.605  -67.431  32.195 0.1000000015
18531  -44.951  -57.791  25.909 0.1000000015
17788  -46.186  -57.662  25.643 0.1000000015
18542  -45.371  -57.278  25.372 0.1000000015
18543  -46.184  -57.600  24.873 0.1000000015
18563  -46.424  -57.593  23.858 0.1000000015
17809  -46.586  -58.141  23.702 0.1000000015
13022  -37.735  -64.719  34.845 0.1000000015
13773  -39.621  -63.855  32.761 0.1000000015
13772  -38.790  -63.544  32.972 0.1000000015
13738  -38.030  -64.127  34.499 0.1000000015
142654  -40.235  -63.306  32.422 0.1000000015
14524  -40.402  -62.465  32.118 0.1000000015
142477  -37.741  -64.174  35.096 0.1000000015
126513  -41.338  -61.932  32.354 0.1000000015
12275  -36.646  -65.426  37.389 0.2000000030
16222  -43.163  -60.288  28.028 0.1000000015
142358  -43.189  -60.701  29.331 0.1000000015
14525  -42.088  -62.411  32.595 0.1000000015
13036  -40.885  -64.955  33.335 0.1000000015
12999  -37.208  -64.694  37.241 0.1000000015
12987  -37.616  -64.676  37.984 0.2000000030
17778  -42.879  -58.471  26.537 0.1000000015
16166  -43.789  -61.094  30.828 0.1000000015
16132  -43.262  -60.886  32.319 0.1000000015
134244  -43.340  -63.638  32.885 0.1000000015
13775  -42.397  -63.381  32.840 0.1000000015
19315  -44.770  -56.676  25.165 0.1000000015
19316  -45.700  -56.940  24.514 0.1000000015
19324  -45.510  -56.031  24.019 0.1000000015
18552  -46.545  -57.581  24.183 0.1000000015
19325  -45.921  -56.920  23.963 0.1000000015
18562  -45.606  -57.103  23.579 0.1000000015
15346  -39.828  -60.856  31.936 0.1000000015
14543  -39.630  -61.957  31.813 0.1000000015
14542  -38.903  -62.306  31.947 0.1000000015
15347  -40.789  -60.210  32.656 0.1000000015
14523  -39.434  -62.913  32.336 0.1000000015
14522  -38.517  -62.832  32.623 0.1000000015
14544  -40.537  -61.417  32.123 0.1000000015
14500  -38.050  -63.236  33.345 0.1000000015
137454  -37.679  -63.970  35.543 0.1000000015
15329  -42.282  -61.268  32.745 0.1000000015
15328  -41.478  -60.709  32.724 0.1000000015
13737  -37.491  -63.609  35.014 0.1000000015
18540  -43.077  -57.352  25.867 0.1000000015
18529  -42.491  -57.972  26.183 0.1000000015
17777  -42.025  -58.674  26.485 0.1000000015
17015  -42.690  -59.088  26.894 0.1000000015
16989  -42.110  -60.194  28.426 0.1000000015
16165  -43.012  -60.491  30.816 0.1000000015
140685  -42.614  -60.027  31.598 0.1000000015
16147  -42.578  -59.993  32.217 0.1000000015
12286  -37.310  -64.643  36.373 0.1000000015
19314  -43.614  -56.732  25.459 0.1000000015
16183  -42.726  -60.513  29.866 0.1000000015
129810  -43.251  -60.575  31.676 0.1000000015
13712  -37.910  -63.904  37.480 0.1000000015
20151  -43.794  -55.439  25.015 0.1000000015
20145  -44.241  -56.073  25.060 0.1000000015
20152  -44.801  -55.607  24.451 0.1000000015
20153  -45.046  -55.244  23.889 0.1000000015
21019  -44.840  -54.606  23.418 0.1000000015
20161  -45.035  -55.489  23.686 0.1000000015
20160  -43.981  -54.953  22.781 0.1000000015
16129  -40.156  -59.499  32.373 0.1000000015
135259  -39.189  -60.235  31.984 0.1000000015
15345  -38.828  -61.436  31.729 0.1000000015
143543  -40.642  -58.840  32.369 0.1000000015
15327  -38.152  -62.188  32.235 0.1000000015
16917  -41.124  -59.279  32.631 0.1000000015
16939  -40.878  -58.619  32.218 0.1000000015
132515  -37.817  -62.716  32.903 0.1000000015
13753  -37.673  -63.472  34.128 0.1000000015
16919  -42.099  -59.517  32.610 0.1000000015
16940  -41.615  -59.056  32.352 0.1000000015
14499  -37.218  -62.875  33.568 0.1000000015
144330  -42.699  -56.795  25.707 0.1000000015
17004  -42.422  -59.716  27.535 0.1000000015
16164  -42.027  -59.905  30.789 0.1000000015
16959  -42.196  -59.417  31.989 0.1000000015
16958  -41.606  -59.220  31.654 0.1000000015
14483  -37.031  -63.019  34.525 0.1000000015
129116  -37.604  -64.041  36.137 0.1000000015
129461  -42.953  -56.122  25.359 0.1000000015
19313  -42.014  -56.483  25.833 0.1000000015
18539  -42.116  -57.248  26.022 0.1000000015
17014  -41.709  -59.290  26.960 0.1000000015
17003  -41.299  -59.765  27.861 0.1000000015
16182  -41.969  -60.275  29.445 0.1000000015
13723  -37.438  -63.448  35.879 0.1000000015
21009  -43.333  -54.890  24.930 0.1000000015
21931  -44.507  -54.073  24.367 0.1000000015
21932  -45.315  -53.912  23.944 0.1000000015
21011  -45.008  -54.485  23.835 0.1000000015
21939  -45.348  -53.860  23.397 0.1000000015
21028  -44.652  -53.943  22.551 0.1000000015
137542  -40.025  -58.552  30.779 0.1000000015
17719  -40.184  -58.424  31.689 0.1000000015
16938  -40.038  -58.537  32.112 0.1000000015
15344  -38.444  -60.679  31.783 0.1000000015
16986  -39.886  -59.062  29.632 0.1000000015
15326  -37.792  -61.348  32.017 0.1000000015
17013  -40.878  -59.196  27.113 0.1000000015
16987  -40.574  -59.621  28.917 0.1000000015
138324  -40.542  -58.774  31.158 0.1000000015
14521  -37.241  -62.176  32.723 0.1000000015
21001  -42.484  -54.578  25.209 0.1000000015
134333  -42.041  -55.815  25.583 0.1000000015
18528  -41.430  -58.024  26.303 0.1000000015
16988  -41.371  -60.035  28.862 0.1000000015
16974  -41.221  -59.739  29.851 0.1000000015
137262  -36.650  -62.300  33.366 0.1000000015
21930  -43.464  -54.269  24.848 0.1000000015
13716  -37.649  -63.410  36.722 0.1000000015
22856  -44.614  -53.099  24.406 0.1000000015
22865  -45.298  -52.711  24.261 0.1000000015
136975  -46.045  -52.829  24.044 0.1000000015
132629  -46.104  -52.794  23.420 0.1000000015
23865  -46.317  -51.975  23.324 0.1000000015
23866  -46.564  -51.319  22.416 0.1000000015
21940  -45.714  -53.190  22.824 0.1000000015
16146  -39.263  -59.209  32.152 0.1000000015
125565  -38.278  -59.275  31.903 0.1000000015
16145  -37.910  -60.360  31.821 0.1000000015
132086  -41.585  -55.113  25.603 0.1000000015
18527  -40.487  -57.531  26.574 0.1000000015
17776  -40.634  -58.479  26.743 0.1000000015
17001  -39.888  -59.181  28.401 0.1000000015
21922  -43.554  -53.458  24.944 0.1000000015
21921  -42.561  -53.771  25.271 0.1000000015
19304  -41.211  -56.010  25.844 0.1000000015
19305  -41.249  -56.924  26.220 0.1000000015
124198  -41.288  -58.796  26.621 0.1000000015
142800  -44.725  -52.624  24.475 0.1000000015
23846  -45.553  -51.116  24.766 0.1000000015
23855  -45.473  -51.971  24.439 0.1000000015
24831  -46.061  -50.538  24.469 0.1000000015
23856  -46.166  -51.500  24.081 0.1000000015
141961  -46.427  -50.948  23.883 0.1000000015
23857  -46.700  -51.249  23.299 0.1000000015
24839  -47.164  -50.683  22.506 0.1000000015
17750  -39.228  -58.912  28.993 0.1000000015
17731  -39.474  -58.202  31.245 0.1000000015
17718  -39.209  -58.169  31.714 0.1000000015
16937  -39.027  -58.363  32.010 0.1000000015
18459  -38.660  -57.919  31.744 0.1000000015
17767  -40.163  -58.818  27.452 0.1000000015
133965  -43.549  -52.638  25.233 0.1000000015
22855  -42.669  -52.986  25.444 0.1000000015
22857  -44.403  -52.109  24.907 0.1000000015
24822  -45.257  -50.402  25.222 0.1000000015
138411  -47.453  -50.001  22.763 0.1000000015
25870  -47.829  -49.270  22.294 0.1000000015
17738  -39.359  -58.615  30.240 0.1000000015
140481  -38.642  -57.858  30.992 0.1000000015
17766  -39.390  -58.608  27.819 0.1000000015
21000  -41.676  -54.174  25.628 0.1000000015
136164  -40.266  -56.391  26.377 0.1000000015
17775  -39.799  -58.141  27.023 0.1000000015
23845  -44.842  -51.150  25.242 0.1000000015
25863  -46.449  -49.644  24.198 0.1000000015
26855  -47.574  -48.621  22.832 0.1000000015
26856  -48.203  -48.522  21.707 0.1000000015
17765  -38.648  -58.440  28.356 0.1000000015
18526  -39.575  -57.245  26.820 0.1000000015
18525  -38.843  -57.044  27.040 0.1000000015
18521  -38.883  -57.869  27.358 0.1000000015
138376  -42.769  -52.335  25.751 0.1000000015
22847  -42.019  -52.564  26.000 0.1000000015
126146  -40.856  -54.545  26.012 0.1000000015
20137  -40.564  -55.357  26.035 0.1000000015
23844  -43.339  -51.833  25.830 0.1000000015
26846  -45.902  -48.829  24.537 0.1000000015
26847  -46.679  -48.769  23.733 0.1000000015
27763  -47.025  -47.886  23.174 0.1000000015
27764  -47.847  -47.886  22.285 0.1000000015
20136  -39.622  -55.395  26.505 0.1000000015
20992  -41.054  -53.750  26.204 0.1000000015
137631  -40.159  -54.774  26.296 0.1000000015
140531  -43.843  -51.021  25.938 0.1000000015
25855  -45.613  -49.655  24.925 0.1000000015
27756  -46.168  -47.966  24.021 0.1000000015
27755  -45.839  -47.145  24.351 0.1000000015
24821  -44.434  -50.287  25.753 0.1000000015
25854  -44.866  -49.596  25.533 0.1000000015
26838  -45.206  -48.849  25.210 0.1000000015
124931  -45.473  -48.025  24.769 0.1000000015
28638  -45.379  -46.474  24.528 0.1000000015
27754  -45.108  -47.266  24.952 0.1000000015
25840  -44.102  -49.482  25.994 0.1000000015
26837  -44.459  -48.852  25.670 0.1000000015
27746  -44.768  -48.091  25.303 0.1000000015
9106  -30.458  -70.529  33.148 0.1000000015
9135  -29.588  -70.449  32.181 0.1000000015
134868  -30.757  -69.736  32.120 0.1000000015
9148  -30.531  -70.212  30.795 0.1000000015
9744  -31.949  -69.167  31.320 0.1000000015
9149  -31.386  -70.132  30.375 0.1000000015
9163  -30.906  -70.544  29.868 0.1000000015
9778  -32.152  -69.995  30.001 0.1000000015
11017  -32.748  -67.828  33.196 0.1000000015
11018  -33.283  -67.398  33.706 0.1000000015
10358  -32.237  -68.487  32.667 0.1000000015
10374  -33.196  -68.150  31.601 0.1000000015
10399  -33.720  -68.595  30.927 0.1000000015
120614  -40.128  -69.664  29.991 0.1000000015
8541  -38.088  -72.287  28.790 0.1000000015
127661  -38.092  -72.160  29.273 0.1000000015
8540  -37.509  -72.510  28.887 0.1000000015
11613  -34.285  -67.192  34.989 0.1000000015
11048  -33.629  -67.608  32.200 0.1000000015
16185  -45.190  -61.337  29.401 0.1000000015
13791  -45.375  -63.379  31.528 0.1000000015
121535  -41.839  -67.113  31.928 0.1000000015
11689  -41.604  -66.749  31.003 0.1000000015
139156  -40.900  -70.129  31.260 0.1000000015
10404  -41.064  -70.122  31.054 0.1000000015
132876  -41.122  -68.637  31.872 0.1000000015
9170  -38.096  -71.409  30.017 0.1000000015
9763  -38.356  -70.622  30.341 0.1000000015
9781  -35.106  -69.886  29.744 0.1000000015
129627  -37.465  -69.794  30.361 0.1000000015
9782  -36.228  -70.117  29.799 0.1000000015
11607  -35.355  -66.510  36.192 0.2000000030
11627  -36.129  -66.148  34.448 0.1000000015
13778  -44.890  -63.959  32.009 0.1000000015
12346  -43.310  -66.118  33.056 0.1000000015
11036  -41.427  -67.620  32.381 0.1000000015
11035  -40.879  -67.952  32.425 0.1000000015
10402  -37.052  -69.025  30.613 0.1000000015
14545  -45.129  -62.612  31.829 0.1000000015
11051  -36.984  -67.688  31.396 0.1000000015
17779  -45.757  -58.204  26.370 0.1000000015
13039  -43.809  -65.441  33.386 0.1000000015
12335  -42.615  -66.036  33.362 0.1000000015
135076  -41.428  -67.036  32.841 0.1000000015
11034  -39.904  -67.808  32.464 0.1000000015
17025  -47.756  -58.510  25.284 0.1000000015
13754  -38.341  -63.835  33.746 0.1000000015
13023  -38.342  -64.914  34.351 0.1000000015
125575  -39.309  -65.724  33.616 0.1000000015
12276  -37.111  -65.168  37.792 0.2000000030
11646  -39.173  -66.318  33.403 0.1000000015
13774  -41.209  -63.138  32.482 0.1000000015
129869  -40.582  -65.705  33.387 0.1000000015
12333  -39.816  -65.447  33.484 0.1000000015
137144  -42.831  -60.964  32.695 0.1000000015
13037  -42.112  -65.206  33.446 0.1000000015
13053  -41.657  -64.201  33.174 0.1000000015
128914  -37.571  -64.122  36.791 0.1000000015
19333  -45.407  -56.257  23.668 0.1000000015
127231  -41.514  -59.865  33.009 0.1000000015
21010  -44.403  -54.873  24.471 0.1000000015
129886  -41.104  -59.280  30.937 0.1000000015
16973  -40.503  -59.159  30.245 0.1000000015
24848  -47.042  -50.480  21.286 0.1000000015
15995  -36.985  -60.098  45.314 0.5000000000
11512  -43.340  -65.843  46.356 0.5000000000
12135  -43.419  -65.277  47.564 0.5000000000
16780  -36.070  -59.918  45.035 0.5000000000
15185  -37.140  -61.102  45.138 0.5000000000
15176  -38.006  -61.343  45.422 0.5000000000
12867  -43.720  -64.912  46.978 0.5000000000
17583  -35.084  -58.823  44.711 0.5000000000
16768  -35.920  -58.956  45.047 0.5000000000
16006  -36.318  -60.792  44.786 0.5000000000
12884  -43.562  -64.648  46.771 0.5000000000
16779  -35.221  -59.736  44.696 0.5000000000
16005  -35.436  -60.613  44.502 0.5000000000
16004  -34.737  -60.324  44.103 0.4000000060
15183  -35.811  -61.272  44.142 0.4000000060
12942  -44.629  -63.818  43.356 0.5000000000
134842  -44.629  -63.915  42.282 0.5000000000
14419  -44.226  -63.083  42.542 0.5000000000
14430  -44.304  -62.808  41.492 0.5000000000
15231  -43.880  -61.181  40.041 0.5000000000
15219  -43.501  -61.632  40.870 0.5000000000
16054  -42.546  -59.287  39.206 0.4000000060
16839  -41.966  -58.874  38.570 0.4000000060
12850  -39.399  -64.301  49.142 0.1000000015
11476  -42.290  -65.849  48.576 0.5000000000
16769  -36.781  -59.104  45.374 0.5000000000
135545  -37.849  -60.366  45.654 0.5000000000
15177  -38.870  -61.473  45.683 0.4000000060
12866  -43.272  -64.866  47.828 0.5000000000
124968  -34.976  -58.095  44.729 0.5000000000
17565  -35.741  -58.100  44.979 0.5000000000
19082  -34.546  -56.838  44.698 0.5000000000
19902  -34.339  -55.658  44.370 0.5000000000
19081  -34.019  -56.386  44.327 0.5000000000
18326  -34.420  -57.646  44.564 0.5000000000
19913  -33.747  -55.806  43.622 0.4000000060
18325  -33.768  -57.112  44.345 0.3000000119
17582  -34.265  -58.586  44.315 0.5000000000
17597  -33.947  -59.234  43.821 0.4000000060
16015  -35.024  -61.087  43.811 0.4000000060
17581  -33.725  -57.931  44.081 0.3000000119
14397  -37.574  -62.530  43.829 0.6999999881
14398  -38.442  -63.039  43.983 0.5000000000
19092  -33.261  -56.630  43.925 0.3000000119
18336  -33.155  -57.433  43.800 0.3000000119
132605  -33.603  -58.665  43.675 0.3000000119
16791  -34.264  -59.834  43.535 0.4000000060
14412  -36.886  -62.124  43.346 0.5000000000
14414  -38.349  -62.776  43.014 0.6000000238
13649  -40.860  -63.999  44.036 0.6000000238
12898  -42.210  -64.145  45.383 0.6000000238
13619  -44.159  -64.359  45.110 0.5000000000
12183  -44.608  -64.309  44.057 0.3000000119
17596  -33.254  -58.116  43.547 0.3000000119
16790  -33.599  -59.277  43.030 0.3000000119
15198  -35.444  -61.258  42.460 0.4000000060
15200  -37.917  -62.101  42.286 0.5000000000
14400  -40.183  -63.424  43.346 0.6000000238
14402  -42.683  -62.811  43.180 0.6000000238
13652  -44.087  -63.367  44.005 0.5000000000
14404  -44.136  -63.151  43.279 0.5000000000
17607  -33.133  -58.625  42.490 0.4000000060
130149  -34.754  -60.373  41.973 0.4000000060
124062  -37.055  -61.867  42.547 0.5000000000
15201  -38.901  -62.203  42.108 0.5000000000
15203  -41.167  -61.919  42.015 0.5000000000
142347  -42.567  -62.471  42.554 0.5000000000
138757  -43.757  -62.705  42.369 0.5000000000
17617  -33.189  -58.555  41.659 0.4000000060
16811  -34.200  -59.817  41.640 0.4000000060
131036  -36.138  -60.859  41.237 0.5000000000
15214  -38.430  -61.517  41.555 0.5000000000
15216  -40.554  -61.311  41.345 0.4000000060
15204  -42.327  -62.086  41.940 0.5000000000
15218  -42.703  -61.423  41.108 0.5000000000
16030  -34.901  -60.114  41.146 0.4000000060
16045  -36.608  -60.295  40.574 0.5000000000
16033  -38.971  -60.840  40.884 0.5000000000
16034  -39.978  -60.730  40.761 0.4000000060
15229  -42.279  -60.582  40.478 0.4000000060
15230  -43.176  -60.796  40.330 0.5000000000
16826  -37.133  -59.605  39.879 0.5000000000
16827  -38.110  -59.589  39.726 0.4000000060
16049  -41.065  -59.385  39.887 0.4000000060
16053  -41.745  -59.057  39.349 0.4000000060
16836  -38.727  -58.863  38.965 0.4000000060
16837  -39.850  -58.648  38.948 0.3000000119
17641  -39.207  -58.441  38.326 0.3000000119
17649  -39.875  -58.443  38.084 0.3000000119
13582  -37.735  -63.942  48.245 0.1000000015
12864  -38.738  -64.442  48.028 0.1000000015
13558  -37.974  -63.031  49.743 0.1000000015
130894  -38.476  -64.069  48.952 0.1000000015
13559  -40.302  -63.402  50.214 0.4000000060
12844  -40.950  -64.090  50.121 0.4000000060
12852  -41.262  -64.868  49.627 0.4000000060
12113  -42.025  -64.990  49.325 0.5000000000
12846  -41.930  -64.606  49.647 0.4000000060
13569  -42.199  -64.283  49.457 0.5000000000
127085  -42.649  -64.935  48.575 0.5000000000
17566  -36.563  -58.180  45.292 0.5000000000
16770  -37.724  -59.291  45.792 0.5000000000
15996  -38.693  -60.593  45.924 0.4000000060
13583  -42.383  -63.839  48.967 0.5000000000
121226  -42.580  -64.065  48.166 0.5000000000
18327  -35.338  -57.337  44.943 0.5000000000
127238  -34.646  -56.165  44.705 0.5000000000
13599  -41.564  -63.632  46.946 0.6000000238
19914  -34.253  -55.268  43.672 0.4000000060
20757  -34.091  -55.281  42.959 0.2000000030
20770  -34.290  -54.202  42.445 0.2000000030
19924  -33.419  -55.428  42.901 0.3000000119
19091  -32.618  -56.905  43.389 0.3000000119
18343  -32.328  -57.145  42.604 0.4000000060
20769  -33.890  -54.825  42.426 0.3000000119
19923  -32.498  -55.586  42.706 0.3000000119
144654  -33.049  -54.316  42.182 0.3000000119
20767  -32.179  -55.085  42.185 0.4000000060
19102  -32.137  -56.513  42.052 0.4000000060
19937  -32.004  -55.400  41.730 0.3000000119
18353  -32.400  -57.207  41.674 0.4000000060
16822  -33.777  -59.096  41.262 0.4000000060
17631  -34.321  -58.645  40.508 0.4000000060
19134  -31.993  -55.989  41.547 0.3000000119
18367  -32.534  -57.055  40.909 0.3000000119
18369  -33.956  -57.766  40.169 0.3000000119
16825  -36.221  -59.554  40.194 0.4000000060
18378  -34.551  -57.104  39.462 0.3000000119
17638  -35.899  -57.926  39.546 0.3000000119
16835  -37.720  -58.897  39.076 0.4000000060
19155  -34.168  -56.511  39.058 0.2000000030
19156  -35.026  -56.748  38.515 0.2000000030
17639  -36.724  -57.606  38.743 0.3000000119
17640  -38.273  -58.214  38.219 0.3000000119
20006  -33.204  -55.836  37.799 0.1000000015
19170  -35.725  -56.808  37.927 0.2000000030
17648  -37.338  -57.546  37.925 0.4000000060
21784  -31.507  -53.490  35.826 0.1000000015
14339  -38.704  -62.565  50.285 0.1000000015
141225  -39.083  -63.411  49.782 0.1000000015
13546  -39.659  -62.825  50.400 0.2000000030
14324  -40.511  -63.082  50.253 0.5000000000
129376  -41.152  -64.027  50.101 0.4000000060
13568  -41.834  -63.754  49.607 0.4000000060
128989  -37.323  -58.321  45.670 0.5000000000
17568  -38.400  -59.081  46.236 0.4000000060
15983  -39.195  -60.036  46.468 0.4000000060
15164  -39.774  -61.267  46.798 0.4000000060
14365  -40.858  -62.650  47.434 0.5000000000
14353  -41.277  -62.599  48.533 0.5000000000
129145  -35.935  -56.821  45.232 0.5000000000
18310  -36.284  -57.407  45.229 0.5000000000
18311  -37.057  -57.487  45.566 0.4000000060
14366  -41.905  -63.465  48.108 0.4000000060
21641  -34.747  -53.801  44.274 0.4000000060
20744  -34.560  -54.750  44.510 0.4000000060
19083  -35.230  -56.485  45.078 0.5000000000
20758  -34.415  -54.633  43.188 0.4000000060
22558  -34.862  -52.723  43.872 0.3000000119
21651  -34.730  -53.631  43.311 0.3000000119
21666  -34.330  -53.725  42.213 0.2000000030
21665  -33.629  -53.988  42.058 0.2000000030
133035  -34.427  -53.358  41.834 0.1000000015
21684  -33.472  -53.230  41.739 0.3000000119
134029  -32.526  -54.427  41.937 0.3000000119
141639  -33.743  -52.703  41.448 0.2000000030
22598  -33.169  -52.515  41.292 0.2000000030
20789  -32.349  -53.822  41.398 0.2000000030
19957  -31.980  -55.411  41.136 0.2000000030
19153  -32.798  -55.842  40.003 0.2000000030
21704  -32.221  -53.062  40.726 0.2000000030
119522  -32.125  -54.538  39.926 0.2000000030
120355  -31.942  -53.536  39.904 0.2000000030
20834  -32.136  -54.083  38.997 0.1000000015
19168  -33.696  -56.110  38.764 0.2000000030
19169  -34.218  -56.466  38.267 0.2000000030
23644  -31.666  -51.915  38.375 0.1000000015
21748  -31.928  -53.781  38.438 0.1000000015
20005  -32.555  -55.204  37.600 0.1000000015
21763  -31.652  -53.319  37.900 0.1000000015
131705  -31.403  -53.225  37.187 0.1000000015
21774  -31.451  -53.657  36.669 0.1000000015
22696  -32.028  -52.019  35.904 0.1000000015
23685  -32.619  -51.130  34.786 0.1000000015
14322  -39.247  -62.272  50.505 0.3000000119
15134  -40.232  -61.930  50.272 0.3000000119
17516  -38.265  -59.562  49.285 0.3000000119
16721  -38.576  -60.450  49.741 0.3000000119
15962  -40.167  -61.339  49.481 0.3000000119
142535  -40.532  -61.872  49.816 0.3000000119
14344  -41.288  -62.935  49.454 0.4000000060
133240  -38.245  -58.678  47.636 0.3000000119
16738  -39.104  -60.004  48.873 0.3000000119
15970  -40.232  -61.302  48.509 0.5000000000
15142  -40.769  -61.951  49.171 0.5000000000
18298  -37.674  -57.487  46.439 0.4000000060
17557  -38.430  -58.694  46.667 0.5000000000
16761  -39.454  -59.716  47.006 0.4000000060
15151  -40.491  -61.851  48.071 0.5000000000
122260  -34.922  -53.945  45.089 0.4000000060
20737  -35.353  -54.691  45.633 0.4000000060
19072  -35.920  -56.196  45.438 0.5000000000
19073  -36.650  -56.742  45.553 0.5000000000
22549  -34.254  -52.243  45.303 0.4000000060
133190  -34.743  -52.791  44.485 0.4000000060
123609  -34.598  -51.954  44.437 0.4000000060
133849  -34.442  -51.109  44.452 0.4000000060
22559  -35.060  -52.328  43.567 0.3000000119
23539  -35.472  -51.899  43.209 0.3000000119
22577  -35.662  -53.264  41.626 0.1000000015
22599  -35.006  -53.227  41.561 0.1000000015
22621  -34.401  -52.704  41.258 0.1000000015
123362  -34.667  -51.997  40.535 0.1000000015
139211  -32.688  -52.489  41.008 0.2000000030
23574  -33.739  -52.050  40.913 0.2000000030
23595  -33.400  -51.431  40.355 0.2000000030
22646  -32.111  -51.920  39.643 0.1000000015
23618  -32.287  -51.202  39.620 0.1000000015
23617  -31.731  -51.509  39.031 0.1000000015
24611  -31.905  -50.743  38.955 0.1000000015
22671  -31.645  -52.514  38.136 0.1000000015
22688  -31.488  -52.566  37.352 0.1000000015
24650  -32.464  -50.364  37.355 0.1000000015
143209  -31.925  -51.364  36.947 0.1000000015
24677  -32.635  -50.734  36.062 0.1000000015
24678  -33.372  -50.162  35.877 0.1000000015
134245  -32.871  -50.659  35.317 0.1000000015
24694  -33.324  -50.094  34.912 0.1000000015
25698  -33.704  -49.467  34.339 0.1000000015
142603  -34.239  -49.167  34.179 0.1000000015
26705  -35.254  -48.916  33.282 0.1000000015
125317  -37.007  -59.117  49.537 0.3000000119
16719  -37.146  -59.996  49.535 0.2000000030
18254  -36.807  -58.112  49.120 0.3000000119
135087  -37.578  -57.523  47.243 0.4000000060
18287  -37.082  -57.197  47.774 0.3000000119
20736  -35.178  -53.833  45.923 0.3000000119
19882  -35.923  -55.101  46.191 0.4000000060
19062  -36.871  -56.411  46.143 0.4000000060
19051  -36.609  -56.632  47.926 0.3000000119
22535  -33.728  -51.918  46.110 0.3000000119
21633  -34.734  -53.100  45.318 0.3000000119
125486  -35.904  -55.229  47.005 0.4000000060
129118  -36.739  -56.264  46.881 0.4000000060
19050  -36.223  -55.919  47.483 0.3000000119
24531  -34.202  -50.481  44.771 0.3000000119
23513  -33.972  -51.348  45.238 0.3000000119
25511  -34.697  -49.821  44.525 0.3000000119
24538  -34.788  -50.503  44.085 0.3000000119
25520  -35.433  -49.855  43.819 0.3000000119
23538  -34.978  -51.403  43.884 0.3000000119
24539  -35.465  -50.844  43.474 0.3000000119
23551  -35.732  -52.471  42.560 0.2000000030
23552  -36.298  -52.335  42.358 0.1000000015
22578  -36.652  -53.148  41.544 0.1000000015
137401  -35.513  -53.445  41.119 0.1000000015
22601  -36.881  -53.409  40.708 0.1000000015
22622  -35.426  -53.154  40.826 0.1000000015
23597  -35.700  -52.425  40.212 0.1000000015
23596  -33.981  -51.345  40.476 0.2000000030
24594  -34.459  -50.815  40.284 0.2000000030
25583  -34.199  -50.042  40.050 0.2000000030
24612  -32.731  -50.333  39.462 0.1000000015
25600  -34.439  -49.353  39.712 0.1000000015
26603  -33.947  -48.942  39.147 0.1000000015
24630  -32.151  -50.533  38.110 0.1000000015
26618  -33.747  -48.889  38.392 0.1000000015
25647  -32.679  -49.866  37.965 0.1000000015
24651  -32.933  -49.849  37.265 0.1000000015
25648  -33.357  -49.261  37.666 0.1000000015
123309  -33.403  -49.668  36.760 0.1000000015
25667  -34.010  -49.595  36.158 0.1000000015
25687  -33.926  -49.645  35.264 0.1000000015
129173  -34.412  -49.268  34.691 0.1000000015
25688  -34.708  -49.424  35.556 0.1000000015
120957  -35.177  -49.199  34.705 0.1000000015
25699  -34.776  -48.982  33.952 0.1000000015
25716  -35.681  -49.313  33.888 0.1000000015
26707  -37.070  -49.052  32.899 0.1000000015
25717  -36.604  -49.683  33.487 0.1000000015
134743  -35.937  -58.929  49.046 0.2000000030
15960  -36.437  -60.267  48.970 0.2000000030
17528  -35.738  -58.196  49.200 0.2000000030
17514  -36.519  -58.297  49.269 0.3000000119
18268  -34.911  -57.257  49.669 0.2000000030
17513  -35.942  -57.746  49.455 0.3000000119
18253  -36.114  -57.631  49.436 0.3000000119
20723  -35.498  -54.557  46.517 0.3000000119
19030  -36.087  -56.900  49.056 0.3000000119
22536  -34.164  -52.599  46.168 0.3000000119
130674  -34.739  -53.269  46.268 0.3000000119
25487  -34.070  -50.018  46.005 0.3000000119
23495  -33.637  -51.198  46.174 0.3000000119
20703  -35.106  -54.954  47.821 0.3000000119
19866  -35.432  -55.708  48.343 0.2000000030
19029  -35.775  -56.383  48.760 0.2000000030
25502  -35.459  -49.143  45.426 0.2000000030
119678  -34.838  -49.478  45.140 0.2000000030
25512  -35.386  -49.294  44.636 0.3000000119
25513  -35.950  -49.169  44.154 0.3000000119
24540  -36.059  -50.355  43.056 0.2000000030
24553  -36.615  -51.051  42.631 0.2000000030
23553  -37.091  -51.897  42.302 0.1000000015
130087  -37.631  -52.493  41.941 0.1000000015
22602  -37.895  -53.451  40.901 0.1000000015
21667  -38.752  -53.524  41.584 0.1000000015
21687  -39.908  -54.256  41.915 0.1000000015
21706  -39.105  -53.812  40.621 0.1000000015
130565  -40.525  -54.020  40.315 0.1000000015
20812  -40.826  -54.471  40.901 0.1000000015
21710  -42.944  -55.081  40.602 0.1000000015
138715  -37.031  -52.890  39.976 0.1000000015
23600  -37.753  -52.840  39.975 0.1000000015
22647  -38.586  -52.773  40.042 0.1000000015
22626  -39.849  -53.547  40.302 0.1000000015
22650  -41.760  -53.080  39.653 0.1000000015
21726  -42.156  -53.773  39.635 0.1000000015
23598  -36.536  -52.359  39.947 0.1000000015
23599  -37.444  -51.871  39.832 0.1000000015
130076  -36.097  -51.523  40.030 0.1000000015
25585  -35.636  -49.937  39.986 0.2000000030
25584  -34.904  -50.022  40.049 0.1000000015
25601  -35.285  -49.184  39.750 0.1000000015
26619  -34.442  -48.527  38.549 0.1000000015
26636  -34.112  -48.723  37.737 0.1000000015
25668  -34.620  -49.293  36.453 0.1000000015
140378  -35.251  -49.417  36.015 0.1000000015
120343  -36.403  -49.897  34.420 0.1000000015
19829  -33.573  -55.025  50.364 0.2000000030
19028  -34.640  -56.677  50.175 0.2000000030
19017  -35.949  -57.194  49.598 0.3000000119
18270  -36.495  -57.403  48.786 0.3000000119
20670  -33.261  -54.293  50.279 0.2000000030
19848  -33.803  -55.697  50.310 0.2000000030
19015  -34.936  -56.522  50.278 0.2000000030
19016  -35.622  -56.750  49.834 0.3000000119
22520  -33.812  -52.362  46.937 0.3000000119
21618  -34.305  -53.083  47.089 0.3000000119
21598  -34.357  -53.623  48.400 0.3000000119
124750  -33.720  -51.094  46.850 0.3000000119
22519  -33.697  -51.705  46.869 0.3000000119
22504  -34.127  -52.808  47.812 0.3000000119
20702  -34.542  -54.582  48.996 0.3000000119
25471  -35.842  -49.864  46.795 0.2000000030
25470  -34.906  -49.763  46.818 0.3000000119
19849  -34.849  -55.391  49.539 0.2000000030
19832  -35.301  -56.096  49.930 0.2000000030
25489  -35.572  -49.409  46.143 0.2000000030
26522  -36.215  -48.927  45.602 0.2000000030
26512  -37.056  -48.934  45.835 0.2000000030
26532  -36.159  -48.704  44.889 0.3000000119
26523  -36.801  -48.678  45.274 0.3000000119
25521  -36.301  -49.521  43.523 0.3000000119
25537  -36.968  -49.984  42.923 0.2000000030
26544  -36.629  -48.888  44.099 0.3000000119
26545  -37.419  -48.769  43.908 0.2000000030
136069  -37.785  -49.890  42.679 0.2000000030
127656  -38.816  -51.331  42.500 0.1000000015
23619  -38.283  -51.903  39.798 0.1000000015
23621  -39.975  -51.654  40.026 0.1000000015
23622  -40.734  -51.573  39.904 0.1000000015
133165  -41.265  -52.171  39.897 0.1000000015
24614  -37.611  -50.442  39.896 0.1000000015
132192  -38.133  -50.924  39.759 0.1000000015
24615  -38.824  -50.788  39.764 0.1000000015
24617  -40.553  -50.665  39.608 0.1000000015
24613  -37.036  -49.867  39.938 0.1000000015
25604  -38.426  -49.482  39.723 0.1000000015
25605  -39.378  -49.048  39.247 0.1000000015
25623  -40.892  -48.973  38.705 0.1000000015
25603  -37.444  -48.805  39.631 0.1000000015
131997  -38.483  -48.201  38.845 0.1000000015
26622  -38.171  -47.948  38.364 0.1000000015
26606  -36.660  -48.145  39.330 0.1000000015
26605  -35.702  -48.368  39.367 0.1000000015
27570  -36.426  -47.802  38.201 0.1000000015
26638  -36.832  -48.007  37.366 0.1000000015
140619  -35.705  -47.919  38.248 0.1000000015
124147  -34.979  -48.269  37.771 0.1000000015
26657  -35.336  -48.831  36.708 0.1000000015
25689  -35.720  -49.515  35.261 0.1000000015
22460  -31.962  -52.638  50.141 0.3000000119
21563  -33.779  -53.729  50.676 0.3000000119
20671  -34.055  -54.577  50.570 0.3000000119
19830  -34.212  -55.427  50.587 0.2000000030
19831  -34.626  -55.792  50.543 0.2000000030
20687  -34.437  -55.031  50.555 0.3000000119
24469  -33.959  -50.688  47.158 0.3000000119
141306  -34.325  -52.372  48.601 0.3000000119
22485  -34.436  -52.981  50.098 0.3000000119
21584  -34.281  -54.175  50.236 0.3000000119
24472  -36.358  -50.299  47.484 0.2000000030
23485  -34.355  -51.034  47.887 0.3000000119
138944  -34.720  -51.311  48.556 0.3000000119
144778  -36.651  -49.907  46.776 0.2000000030
25491  -37.369  -49.494  46.486 0.2000000030
131346  -37.568  -48.629  45.311 0.2000000030
26534  -37.961  -48.568  44.530 0.3000000119
25523  -38.314  -48.724  43.629 0.2000000030
25538  -38.401  -49.352  42.855 0.2000000030
26640  -38.647  -48.211  37.686 0.1000000015
26659  -37.244  -48.637  36.700 0.1000000015
26658  -36.340  -48.621  36.631 0.1000000015
23415  -31.391  -51.560  51.034 0.1000000015
133977  -31.925  -51.265  51.297 0.2000000030
22443  -31.629  -51.987  50.392 0.3000000119
22444  -32.579  -52.213  50.523 0.3000000119
144665  -32.997  -51.969  50.770 0.3000000119
22445  -33.643  -52.693  50.819 0.3000000119
22463  -34.572  -52.693  50.393 0.3000000119
24453  -35.675  -50.668  48.204 0.3000000119
23460  -35.223  -51.155  48.822 0.3000000119
119825  -34.871  -51.846  49.486 0.3000000119
24454  -36.578  -50.682  48.355 0.2000000030
25472  -37.269  -50.177  47.094 0.2000000030
25473  -38.106  -50.073  46.878 0.1000000015
26513  -37.924  -48.830  46.015 0.2000000030
24496  -39.326  -50.349  46.678 0.1000000015
26514  -38.691  -48.995  46.094 0.2000000030
26524  -38.558  -48.595  45.311 0.2000000030
26525  -39.404  -48.836  45.600 0.2000000030
26535  -39.477  -48.569  44.737 0.3000000119
23417  -32.998  -51.581  51.064 0.3000000119
140725  -33.716  -52.207  51.000 0.3000000119
23418  -34.445  -52.410  51.137 0.3000000119
23431  -35.009  -52.522  50.646 0.3000000119
23433  -36.404  -51.411  49.958 0.3000000119
23432  -35.503  -51.619  49.772 0.3000000119
23461  -36.894  -50.946  49.111 0.2000000030
140636  -37.326  -50.792  48.453 0.2000000030
23463  -38.571  -51.489  48.520 0.1000000015
128881  -39.178  -50.877  47.165 0.1000000015
24475  -39.955  -50.981  46.916 0.1000000015
120628  -40.042  -50.095  46.456 0.1000000015
25503  -40.109  -49.311  45.877 0.1000000015
23407  -34.491  -51.829  51.605 0.3000000119
23395  -34.697  -51.316  52.289 0.2000000030
134247  -35.087  -52.486  51.263 0.3000000119
23434  -37.437  -51.344  49.701 0.2000000030
23419  -35.680  -52.037  50.700 0.3000000119
23435  -38.297  -51.654  49.364 0.2000000030
23422  -37.979  -51.844  50.213 0.2000000030
22465  -39.700  -52.648  49.588 0.1000000015
23436  -39.084  -52.058  49.012 0.1000000015
21565  -40.433  -53.309  49.706 0.1000000015
22486  -39.842  -52.386  48.673 0.1000000015
23465  -40.049  -52.102  47.960 0.1000000015
23487  -39.610  -51.493  47.531 0.1000000015
22487  -40.562  -52.792  48.373 0.1000000015
139529  -40.663  -52.309  47.759 0.1000000015
23488  -40.358  -51.736  47.367 0.1000000015
23496  -40.796  -51.299  46.870 0.1000000015
23408  -35.270  -52.034  51.785 0.2000000030
129643  -35.991  -52.114  51.375 0.2000000030
142920  -35.522  -52.267  51.279 0.2000000030
22447  -37.615  -52.150  50.978 0.2000000030
23420  -36.387  -51.837  50.729 0.2000000030
22449  -39.287  -52.753  50.489 0.1000000015
21564  -39.917  -53.115  50.279 0.1000000015
22466  -40.258  -52.921  49.042 0.1000000015
21586  -41.234  -53.455  48.443 0.1000000015
22505  -41.187  -52.082  47.264 0.1000000015
23497  -41.563  -51.507  46.645 0.1000000015
21566  -41.293  -53.997  49.148 0.1000000015
20688  -41.878  -54.061  48.448 0.1000000015
21600  -42.573  -53.990  47.924 0.1000000015
22506  -41.903  -52.713  47.415 0.1000000015
20672  -42.138  -54.529  49.234 0.1000000015
20674  -43.096  -54.794  48.961 0.1000000015
20690  -43.413  -54.524  48.172 0.1000000015
14390  -39.446  -63.296  45.112 0.4000000060
14388  -37.403  -62.055  44.729 0.5000000000
15184  -36.637  -61.522  44.428 0.5000000000
14377  -38.282  -62.183  45.136 0.4000000060
14387  -36.912  -62.087  44.031 0.5000000000
120553  -38.023  -62.595  44.497 0.6000000238
14380  -40.562  -63.215  46.415 0.5000000000
12158  -44.090  -64.762  45.739 0.5000000000
14364  -40.038  -62.265  46.688 0.4000000060
13632  -40.031  -63.935  44.625 0.5000000000
12883  -43.195  -64.376  46.638 0.5000000000
13616  -40.278  -63.666  45.511 0.6000000238
12912  -43.290  -64.108  45.286 0.5000000000
12913  -44.434  -64.266  44.720 0.3000000119
125788  -44.446  -64.309  42.931 0.5000000000
13618  -42.320  -64.162  46.378 0.5000000000
131570  -42.619  -66.701  46.501 0.5000000000
12899  -43.088  -64.258  45.909 0.5000000000
15190  -35.526  -61.516  43.360 0.4000000060
13653  -44.571  -63.689  44.002 0.4000000060
14429  -43.733  -62.334  41.404 0.5000000000
16050  -42.868  -59.989  39.776 0.4000000060
16056  -43.677  -60.700  39.255 0.4000000060
122980  -41.945  -59.749  39.865 0.4000000060
140611  -40.512  -58.500  38.364 0.3000000119
16838  -40.995  -58.663  39.060 0.4000000060
13567  -40.069  -63.965  49.756 0.2000000030
16771  -38.526  -59.748  46.135 0.5000000000
14379  -39.750  -62.812  45.911 0.4000000060
15189  -34.939  -61.223  43.155 0.3000000119
14413  -37.496  -62.383  42.989 0.4000000060
14399  -39.178  -63.384  43.514 0.6000000238
19912  -32.852  -56.128  43.317 0.3000000119
132526  -33.216  -58.561  43.132 0.4000000060
16801  -34.237  -60.010  42.617 0.4000000060
15199  -36.190  -61.783  42.873 0.5000000000
14415  -39.501  -62.819  42.719 0.6000000238
14401  -41.393  -63.147  43.312 0.6000000238
133109  -41.759  -64.059  44.566 0.6000000238
13633  -41.023  -64.093  44.960 0.6000000238
13617  -41.275  -63.927  45.919 0.6000000238
13634  -42.801  -63.885  44.653 0.5000000000
13636  -44.309  -63.935  44.699 0.5000000000
132813  -35.413  -60.686  41.640 0.4000000060
143047  -35.829  -61.090  41.820 0.4000000060
15213  -37.466  -61.451  41.733 0.5000000000
14416  -40.666  -62.594  42.686 0.6000000238
15202  -40.027  -62.010  42.074 0.5000000000
13650  -42.144  -63.693  43.928 0.5000000000
14403  -43.584  -62.909  43.239 0.5000000000
13651  -43.333  -63.306  43.945 0.5000000000
16810  -33.577  -59.316  42.126 0.4000000060
17616  -32.687  -57.920  42.099 0.4000000060
15215  -39.456  -61.459  41.432 0.5000000000
14428  -43.188  -62.189  41.681 0.5000000000
17629  -32.833  -57.802  41.222 0.3000000119
16824  -35.289  -59.467  40.486 0.5000000000
16031  -37.004  -60.939  41.089 0.5000000000
16032  -37.989  -60.857  41.034 0.5000000000
15228  -41.114  -60.455  40.518 0.4000000060
15217  -41.683  -61.301  41.246 0.5000000000
16047  -38.535  -60.185  40.375 0.4000000060
16048  -39.514  -60.068  40.319 0.4000000060
16834  -36.727  -58.649  39.457 0.4000000060
16833  -35.856  -58.863  39.958 0.4000000060
16046  -37.548  -60.274  40.440 0.4000000060
16829  -40.184  -59.258  39.761 0.4000000060
17567  -37.954  -58.504  46.068 0.5000000000
13600  -42.500  -64.114  47.352 0.5000000000
19903  -35.095  -55.596  45.141 0.5000000000
20768  -32.812  -54.895  42.469 0.3000000119
128811  -32.254  -56.323  42.835 0.4000000060
21664  -32.905  -53.760  41.828 0.3000000119
20788  -32.085  -54.724  41.440 0.3000000119
19135  -32.277  -56.170  40.791 0.3000000119
17630  -33.467  -58.287  40.855 0.3000000119
17632  -35.164  -58.666  40.130 0.3000000119
19136  -32.943  -56.652  40.277 0.3000000119
19958  -32.240  -55.333  40.411 0.2000000030
18377  -33.722  -56.923  39.869 0.3000000119
17637  -34.884  -57.878  39.866 0.3000000119
18379  -35.414  -57.211  39.127 0.3000000119
19154  -33.435  -56.227  39.522 0.2000000030
18380  -36.101  -57.239  38.770 0.3000000119
123918  -37.411  -58.074  38.648 0.4000000060
140437  -34.365  -56.651  37.916 0.2000000030
18384  -35.791  -56.911  38.379 0.3000000119
17647  -36.442  -57.004  38.024 0.2000000030
19990  -32.878  -55.360  38.208 0.2000000030
20887  -31.513  -54.248  36.173 0.1000000015
122669  -31.498  -52.783  36.438 0.1000000015
17556  -37.926  -58.091  46.347 0.4000000060
19074  -37.385  -57.001  45.927 0.4000000060
16760  -38.978  -59.329  46.618 0.5000000000
15150  -39.979  -60.994  47.561 0.4000000060
15165  -40.152  -61.772  47.322 0.5000000000
22575  -34.936  -53.206  42.933 0.2000000030
22576  -35.137  -52.905  42.516 0.1000000015
21683  -32.739  -53.059  41.426 0.2000000030
20811  -32.029  -54.067  40.736 0.2000000030
19979  -32.521  -55.232  39.646 0.2000000030
22620  -32.494  -52.159  40.312 0.2000000030
19980  -33.118  -55.590  39.019 0.2000000030
126808  -32.042  -52.663  39.788 0.1000000015
21725  -31.992  -53.219  39.046 0.1000000015
21747  -31.812  -53.075  38.505 0.1000000015
124710  -32.514  -54.902  38.939 0.2000000030
20852  -32.293  -54.612  38.209 0.2000000030
23645  -31.790  -51.238  38.259 0.1000000015
21764  -31.916  -54.089  37.947 0.1000000015
20862  -32.048  -54.541  37.584 0.1000000015
20019  -32.846  -55.829  37.298 0.1000000015
23662  -31.711  -51.781  37.601 0.1000000015
20861  -31.681  -53.895  37.419 0.1000000015
20874  -32.061  -54.874  37.148 0.1000000015
23672  -31.746  -51.961  36.741 0.1000000015
135263  -32.457  -51.314  35.561 0.1000000015
15944  -38.425  -61.177  50.186 0.3000000119
15945  -39.084  -61.091  50.082 0.3000000119
17515  -37.375  -58.939  49.414 0.3000000119
16720  -37.765  -59.941  49.706 0.3000000119
17531  -38.049  -58.949  48.746 0.3000000119
15961  -39.451  -60.753  49.505 0.3000000119
15969  -39.749  -60.590  48.411 0.3000000119
16737  -38.732  -59.320  48.236 0.3000000119
16747  -39.053  -59.167  47.231 0.3000000119
17530  -37.525  -58.460  48.505 0.3000000119
18299  -37.971  -58.081  46.915 0.3000000119
16748  -39.367  -59.790  47.777 0.3000000119
19063  -37.295  -56.821  46.825 0.4000000060
19892  -35.975  -55.502  45.748 0.4000000060
19893  -36.416  -56.095  45.791 0.4000000060
22597  -33.040  -51.984  40.745 0.2000000030
24593  -33.608  -50.616  40.106 0.1000000015
24592  -32.941  -50.998  39.970 0.1000000015
133532  -33.131  -49.482  38.741 0.1000000015
24660  -32.299  -50.822  36.773 0.1000000015
23673  -32.172  -51.368  36.303 0.1000000015
24661  -32.854  -50.262  36.668 0.1000000015
16736  -36.473  -59.372  49.253 0.2000000030
17529  -36.299  -58.534  49.284 0.2000000030
15942  -36.944  -60.711  49.356 0.2000000030
18288  -37.190  -57.816  48.197 0.3000000119
20722  -34.809  -53.984  47.194 0.3000000119
19883  -36.383  -55.727  46.402 0.4000000060
23512  -33.847  -50.546  45.598 0.3000000119
24552  -35.975  -51.420  42.862 0.1000000015
22600  -35.992  -53.587  40.850 0.1000000015
133793  -37.433  -53.131  41.288 0.1000000015
22623  -36.411  -53.212  40.358 0.1000000015
22624  -37.306  -53.229  40.355 0.1000000015
24595  -35.387  -50.996  40.202 0.1000000015
25599  -33.628  -49.710  39.617 0.1000000015
26604  -34.807  -48.647  39.280 0.1000000015
25649  -33.940  -49.127  36.960 0.1000000015
18269  -35.428  -57.398  49.582 0.2000000030
18252  -35.540  -57.134  49.887 0.2000000030
25488  -34.705  -49.594  45.965 0.3000000119
24495  -34.194  -50.034  46.701 0.3000000119
24554  -37.465  -50.706  42.535 0.1000000015
22579  -38.200  -52.985  41.705 0.1000000015
21685  -38.628  -53.748  40.920 0.1000000015
21686  -39.259  -53.997  41.383 0.1000000015
21707  -39.924  -54.279  40.974 0.1000000015
21705  -38.298  -53.353  40.443 0.1000000015
22625  -38.997  -53.366  40.318 0.1000000015
22627  -40.843  -53.317  39.998 0.1000000015
21708  -41.351  -54.132  39.959 0.1000000015
20813  -41.499  -54.872  40.989 0.1000000015
21709  -42.165  -54.617  40.219 0.1000000015
22648  -39.444  -52.673  40.132 0.1000000015
23620  -39.091  -51.787  39.895 0.1000000015
22649  -40.352  -52.516  40.103 0.1000000015
21727  -43.083  -53.853  39.840 0.1000000015
24596  -36.836  -51.073  39.992 0.1000000015
127734  -36.233  -50.404  40.026 0.1000000015
25602  -36.292  -49.188  39.764 0.1000000015
26620  -35.247  -48.115  38.803 0.1000000015
26656  -34.554  -48.812  37.121 0.1000000015
21582  -32.353  -54.021  49.544 0.2000000030
19014  -34.355  -56.096  50.515 0.2000000030
22503  -33.989  -52.287  47.733 0.3000000119
23484  -34.001  -51.530  47.627 0.3000000119
21597  -34.319  -53.141  49.123 0.3000000119
25490  -36.438  -49.374  46.257 0.2000000030
24470  -34.476  -50.313  47.374 0.3000000119
26533  -37.080  -48.615  44.668 0.3000000119
124892  -36.989  -49.226  43.517 0.2000000030
128862  -37.953  -51.465  42.352 0.1000000015
24555  -38.415  -50.294  42.549 0.2000000030
23554  -38.466  -52.245  42.272 0.1000000015
23623  -42.297  -51.695  39.568 0.1000000015
144550  -39.359  -49.822  39.651 0.1000000015
24616  -39.673  -50.709  39.769 0.1000000015
25606  -40.210  -49.595  39.273 0.1000000015
142726  -37.655  -49.576  39.869 0.1000000015
127676  -38.186  -48.440  39.365 0.1000000015
26607  -37.626  -47.946  39.064 0.1000000015
27571  -36.819  -47.800  38.861 0.1000000015
27583  -37.294  -47.801  38.263 0.1000000015
26637  -35.913  -48.056  37.412 0.1000000015
21562  -32.468  -53.460  50.017 0.3000000119
22461  -33.194  -53.032  50.602 0.3000000119
22462  -34.128  -53.252  50.944 0.3000000119
21583  -34.193  -53.684  50.785 0.3000000119
23459  -34.528  -51.955  48.886 0.3000000119
24471  -35.249  -50.204  47.489 0.3000000119
24473  -37.278  -50.490  47.833 0.2000000030
24452  -34.861  -50.715  48.048 0.3000000119
135747  -38.156  -49.394  46.427 0.2000000030
125553  -38.823  -48.492  44.306 0.2000000030
138304  -38.948  -48.570  43.687 0.2000000030
22442  -30.765  -52.157  50.753 0.1000000015
23405  -32.486  -51.285  51.262 0.2000000030
23416  -32.262  -51.580  50.777 0.3000000119
22446  -34.332  -52.862  50.991 0.3000000119
24441  -36.005  -50.954  49.080 0.3000000119
140714  -37.877  -50.419  47.436 0.2000000030
25492  -38.743  -49.839  46.525 0.1000000015
137036  -38.778  -50.404  46.876 0.1000000015
25493  -39.387  -49.545  46.234 0.2000000030
128778  -33.710  -51.639  51.356 0.3000000119
24455  -38.076  -50.824  48.059 0.2000000030
23486  -38.883  -51.217  47.780 0.1000000015
23464  -39.332  -51.814  48.215 0.1000000015
24497  -40.571  -50.595  46.583 0.1000000015
23421  -37.108  -51.674  50.499 0.2000000030
22464  -38.826  -52.199  49.901 0.1000000015
21585  -40.712  -53.459  48.970 0.1000000015
23409  -36.532  -52.142  51.943 0.2000000030
23410  -36.803  -52.013  51.220 0.2000000030
21599  -41.882  -53.431  47.902 0.1000000015
20689  -42.575  -54.380  48.490 0.1000000015
130709  -43.793  -64.928  42.380 0.3000000119
126200  -42.198  -66.073  42.814 0.3000000119
9035  -38.818  -71.221  39.414 0.2000000030
8411  -37.264  -72.142  38.704 0.2000000030
10929  -40.670  -67.720  42.128 0.4000000060
10928  -40.299  -68.277  41.474 0.3000000119
12208  -43.400  -65.333  41.432 0.4000000060
10938  -40.949  -67.329  40.703 0.3000000119
126298  -39.584  -69.614  40.872 0.3000000119
12199  -44.509  -64.270  41.785 0.4000000060
10939  -42.352  -66.885  40.009 0.4000000060
10271  -40.029  -68.957  39.927 0.3000000119
9036  -39.165  -70.987  39.388 0.2000000030
12209  -44.221  -64.741  41.183 0.4000000060
11564  -42.945  -65.953  40.507 0.4000000060
10272  -41.426  -68.552  39.071 0.4000000060
12953  -44.885  -63.884  41.381 0.4000000060
129919  -41.858  -67.715  39.491 0.4000000060
9659  -40.898  -69.293  38.766 0.3000000119
9047  -39.494  -71.037  38.800 0.3000000119
128852  -44.464  -64.732  40.531 0.4000000060
11576  -43.254  -66.745  39.475 0.4000000060
10290  -42.632  -69.254  38.293 0.3000000119
9667  -40.505  -69.949  38.517 0.4000000060
13684  -44.902  -63.384  40.983 0.4000000060
9668  -41.975  -69.700  38.040 0.3000000119
139469  -44.571  -62.628  40.329 0.4000000060
12223  -44.296  -65.108  39.971 0.4000000060
11565  -43.753  -66.057  39.579 0.4000000060
10964  -43.406  -68.179  38.277 0.4000000060
13693  -44.837  -63.384  40.115 0.4000000060
11577  -43.454  -67.164  38.878 0.4000000060
10291  -43.500  -69.013  37.763 0.3000000119
15232  -44.285  -61.875  39.989 0.4000000060
12245  -44.411  -64.683  39.628 0.4000000060
12244  -44.001  -65.631  39.289 0.4000000060
10982  -43.515  -68.368  37.558 0.4000000060
13710  -44.638  -63.426  39.358 0.4000000060
12265  -44.006  -65.098  38.956 0.4000000060
11593  -43.516  -66.335  38.517 0.4000000060
10965  -43.444  -67.443  38.272 0.4000000060
9696  -43.045  -69.003  36.697 0.3000000119
14448  -44.599  -62.696  39.530 0.4000000060
12264  -43.472  -65.455  38.414 0.4000000060
11592  -43.258  -66.488  37.911 0.4000000060
10981  -43.429  -68.114  37.070 0.3000000119
10315  -41.986  -69.207  36.458 0.2000000030
14447  -44.425  -61.917  39.004 0.3000000119
13709  -44.181  -63.505  38.713 0.4000000060
14455  -44.367  -62.652  38.812 0.4000000060
13708  -43.468  -63.631  38.308 0.4000000060
130948  -42.878  -65.834  38.106 0.4000000060
11591  -42.626  -66.434  37.740 0.4000000060
10306  -42.461  -68.708  36.534 0.2000000030
10979  -42.130  -67.949  36.857 0.2000000030
9681  -39.815  -69.621  36.161 0.3000000119
16063  -43.322  -60.320  38.516 0.3000000119
15243  -43.895  -61.164  38.727 0.3000000119
14454  -43.235  -61.770  38.057 0.3000000119
10289  -40.883  -67.886  37.263 0.2000000030
10963  -42.355  -67.135  37.323 0.2000000030
10305  -40.094  -68.894  36.809 0.2000000030
9692  -39.305  -70.175  35.821 0.2000000030
16840  -42.663  -59.502  38.476 0.3000000119
15242  -43.390  -60.986  38.003 0.3000000119
12989  -43.109  -64.522  38.329 0.4000000060
10962  -41.057  -67.219  37.679 0.1000000015
16075  -42.000  -59.194  37.706 0.3000000119
15241  -42.669  -60.993  37.583 0.3000000119
13702  -41.576  -62.961  38.623 0.2000000030
12242  -40.735  -65.083  39.014 0.2000000030
9691  -38.128  -69.694  36.438 0.2000000030
14452  -41.009  -61.967  38.386 0.2000000030
11589  -40.198  -66.616  38.375 0.1000000015
10304  -38.951  -68.859  37.128 0.1000000015
9680  -38.788  -69.461  36.606 0.1000000015
16845  -41.194  -58.671  37.906 0.2000000030
16061  -41.852  -59.693  37.289 0.3000000119
15240  -41.732  -61.092  37.618 0.3000000119
129749  -39.014  -58.339  37.693 0.2000000030
16856  -40.532  -58.827  37.483 0.1000000015
16074  -41.246  -59.087  37.325 0.3000000119
128769  -40.526  -61.111  37.710 0.2000000030
12976  -40.084  -64.394  39.138 0.1000000015
120997  -39.230  -66.722  38.549 0.1000000015
10286  -38.169  -68.082  37.733 0.1000000015
10303  -37.881  -68.735  37.100 0.1000000015
17656  -39.829  -58.628  37.615 0.2000000030
16073  -40.334  -59.223  37.257 0.2000000030
15252  -39.718  -60.334  37.310 0.2000000030
14451  -39.894  -62.222  38.455 0.1000000015
14446  -40.391  -62.869  38.892 0.1000000015
12975  -39.323  -64.659  39.072 0.1000000015
12240  -38.845  -65.295  38.934 0.1000000015
121963  -38.395  -67.509  38.144 0.1000000015
10302  -36.989  -68.242  37.230 0.1000000015
9689  -35.575  -69.471  36.115 0.1000000015
16072  -39.384  -59.384  37.096 0.1000000015
15239  -39.350  -61.673  37.816 0.1000000015
13706  -38.767  -63.527  38.655 0.1000000015
12988  -38.112  -64.925  38.529 0.1000000015
10959  -37.528  -67.255  38.067 0.1000000015
10977  -36.647  -67.438  37.533 0.1000000015
141978  -36.328  -68.777  36.624 0.1000000015
9699  -34.363  -69.300  35.369 0.1000000015
14450  -38.962  -62.630  38.397 0.1000000015
12260  -37.501  -65.405  38.210 0.1000000015
10312  -34.920  -67.875  36.111 0.1000000015
10320  -34.343  -68.367  35.510 0.1000000015
11600  -36.307  -66.075  37.498 0.1000000015
26536  -40.357  -48.477  44.313 0.2000000030
18385  -38.003  -58.096  37.537 0.2000000030
138192  -38.426  -58.318  37.358 0.1000000015
16855  -39.767  -58.840  37.329 0.1000000015
16854  -39.051  -58.807  37.127 0.1000000015
15251  -38.708  -61.212  37.245 0.1000000015
16081  -38.275  -59.539  36.812 0.1000000015
14459  -38.468  -62.260  37.744 0.1000000015
13713  -38.331  -63.180  38.094 0.1000000015
129882  -35.547  -67.746  36.636 0.1000000015
10301  -36.247  -68.116  36.920 0.1000000015
11587  -36.770  -66.589  37.863 0.1000000015
13705  -38.233  -64.102  38.277 0.1000000015
11563  -41.578  -66.611  41.351 0.3000000119
11555  -42.254  -65.913  41.911 0.4000000060
9658  -39.272  -70.455  39.758 0.3000000119
10937  -40.453  -68.120  40.256 0.3000000119
9037  -39.624  -70.550  39.127 0.3000000119
12222  -43.984  -65.299  40.479 0.4000000060
12963  -45.058  -63.920  40.582 0.4000000060
10273  -42.956  -68.534  38.578 0.4000000060
12978  -44.831  -64.005  39.863 0.4000000060
12990  -43.886  -64.420  38.623 0.4000000060
10980  -43.052  -67.740  36.887 0.2000000030
9682  -40.907  -69.613  36.048 0.2000000030
121279  -42.858  -62.758  38.236 0.3000000119
12262  -41.723  -65.647  38.460 0.2000000030
16062  -42.704  -60.063  37.627 0.3000000119
14453  -42.212  -61.864  38.114 0.3000000119
11590  -41.370  -66.463  38.083 0.2000000030
10961  -39.892  -67.444  37.992 0.1000000015
138464  -42.231  -64.498  38.501 0.4000000060
139482  -40.895  -64.435  38.997 0.2000000030
11575  -40.498  -65.818  38.682 0.1000000015
127522  -37.425  -69.933  36.271 0.1000000015
11574  -39.508  -65.972  38.820 0.1000000015
10960  -38.964  -67.327  38.306 0.1000000015
15253  -40.865  -59.892  37.318 0.3000000119
13700  -39.349  -63.937  39.001 0.1000000015
127694  -38.317  -66.717  38.447 0.1000000015
10978  -37.386  -67.960  37.614 0.1000000015
10314  -37.049  -68.970  36.705 0.1000000015
126625  -39.086  -58.545  37.377 0.1000000015
13707  -39.494  -63.088  38.864 0.1000000015
12974  -38.713  -64.399  38.813 0.1000000015
12261  -38.126  -65.772  38.575 0.1000000015
9688  -34.897  -68.944  35.981 0.1000000015
140236  -38.849  -60.228  37.014 0.1000000015
11510  -40.873  -67.678  45.837 0.3000000119
11522  -40.773  -68.004  45.118 0.2000000030
11521  -40.253  -67.681  44.492 0.3000000119
10896  -40.799  -68.115  44.643 0.2000000030
12133  -41.793  -66.081  48.548 0.4000000060
11499  -41.258  -67.322  46.537 0.2000000030
11487  -42.091  -66.575  47.986 0.4000000060
10877  -41.437  -67.536  46.254 0.3000000119
10895  -40.368  -68.263  44.145 0.2000000030
11501  -42.348  -66.811  47.303 0.4000000060
132257  -41.046  -68.011  45.323 0.2000000030
10905  -40.383  -68.472  43.757 0.2000000030
10904  -39.241  -68.388  43.316 0.1000000015
10225  -39.909  -68.876  43.496 0.2000000030
10234  -39.369  -69.363  42.879 0.1000000015
10897  -41.486  -67.768  45.097 0.3000000119
10917  -38.837  -68.691  42.833 0.1000000015
10236  -40.143  -69.110  43.143 0.2000000030
10927  -38.294  -68.449  42.164 0.1000000015
9635  -38.426  -69.029  41.533 0.1000000015
10246  -38.975  -69.321  42.434 0.1000000015
9636  -39.226  -69.675  41.674 0.1000000015
9656  -36.883  -69.476  39.579 0.1000000015
9646  -37.266  -68.920  40.135 0.1000000015
122139  -38.236  -69.431  40.585 0.1000000015
9666  -36.477  -70.181  39.076 0.1000000015
139497  -37.707  -69.671  39.886 0.1000000015
11524  -42.491  -66.747  45.119 0.3000000119
10906  -41.121  -68.065  44.093 0.2000000030
134837  -40.287  -68.974  42.520 0.2000000030
10235  -39.771  -69.384  42.987 0.2000000030
10248  -39.933  -69.479  42.568 0.2000000030
9033  -37.525  -70.564  39.452 0.1000000015
9665  -35.599  -69.842  38.680 0.1000000015
12168  -43.146  -65.867  44.443 0.2000000030
11523  -41.970  -66.832  44.176 0.3000000119
10918  -40.606  -68.426  43.234 0.2000000030
10257  -39.645  -69.633  41.830 0.2000000030
9657  -38.381  -70.290  39.914 0.1000000015
144760  -34.915  -71.204  38.061 0.1000000015
9044  -36.074  -70.810  38.514 0.1000000015
141821  -42.055  -66.440  43.384 0.3000000119
12182  -44.118  -65.021  44.770 0.2000000030
9648  -39.264  -69.923  40.658 0.2000000030
9029  -38.756  -70.681  39.764 0.1000000015
8410  -35.664  -71.645  38.211 0.1000000015
9045  -36.978  -71.215  38.900 0.1000000015
9046  -37.785  -71.721  39.175 0.1000000015
7763  -34.756  -72.775  37.609 0.1000000015
12198  -42.778  -65.739  43.336 0.2000000030
8412  -37.810  -72.281  38.832 0.1000000015
8398  -38.388  -71.912  39.103 0.1000000015
8427  -35.701  -72.804  37.903 0.1000000015
7751  -36.545  -72.486  38.322 0.1000000015
127125  -43.959  -65.022  43.692 0.2000000030
7753  -38.012  -72.418  38.637 0.1000000015
8413  -38.684  -72.038  38.602 0.1000000015
7123  -34.179  -74.177  36.870 0.1000000015
127309  -35.914  -73.607  37.732 0.1000000015
7765  -36.431  -73.199  37.953 0.1000000015
7767  -37.619  -72.881  37.909 0.1000000015
9048  -40.200  -70.475  38.196 0.3000000119
7125  -36.167  -74.150  37.148 0.1000000015
12169  -43.856  -65.309  45.700 0.3000000119
11500  -41.765  -67.189  47.069 0.3000000119
10887  -42.141  -67.338  45.826 0.2000000030
11547  -41.371  -66.982  42.999 0.3000000119
9034  -38.340  -71.168  39.495 0.1000000015
138607  -36.526  -71.677  38.521 0.1000000015
10258  -40.004  -69.254  41.539 0.2000000030
9647  -38.936  -70.077  40.601 0.1000000015
7100  -34.685  -73.662  37.367 0.1000000015
7766  -36.752  -73.213  37.906 0.1000000015
7784  -33.623  -73.342  37.103 0.1000000015
7102  -36.153  -73.793  37.619 0.1000000015
8414  -39.348  -71.378  38.145 0.2000000030
7145  -37.088  -73.128  35.780 0.1000000015
7153  -36.427  -73.388  35.001 0.1000000015
7154  -36.882  -73.091  35.275 0.2000000030
7152  -35.798  -73.693  34.691 0.1000000015
8428  -38.995  -71.627  37.171 0.2000000030
7786  -38.395  -72.304  35.904 0.2000000030
135542  -36.141  -73.093  34.529 0.2000000030
7797  -38.447  -71.968  35.432 0.1000000015
7160  -35.356  -73.139  34.244 0.1000000015
7804  -36.737  -72.645  34.846 0.2000000030
8456  -38.032  -71.801  35.272 0.1000000015
9064  -39.868  -70.789  37.795 0.2000000030
8445  -39.049  -71.735  35.787 0.1000000015
8465  -36.657  -71.987  34.759 0.1000000015
9065  -40.755  -70.488  37.094 0.2000000030
8429  -39.982  -70.867  36.696 0.2000000030
8458  -39.533  -71.127  35.601 0.1000000015
8455  -37.274  -71.672  34.985 0.1000000015
9082  -40.091  -70.682  35.810 0.1000000015
8457  -38.847  -71.381  35.466 0.1000000015
9683  -42.340  -69.593  37.345 0.2000000030
9066  -41.554  -69.970  36.813 0.2000000030
122540  -40.601  -70.151  36.018 0.2000000030
9094  -37.858  -71.310  35.341 0.1000000015
9081  -39.557  -70.799  35.561 0.1000000015
9695  -42.345  -69.457  36.774 0.2000000030
9093  -36.749  -71.075  35.243 0.1000000015
7785  -37.700  -72.800  36.695 0.1000000015
12146  -41.068  -66.467  47.277 0.2000000030
11509  -40.481  -67.229  45.346 0.1000000015
15943  -37.692  -60.759  49.822 0.2000000030
14337  -37.180  -62.152  49.521 0.1000000015
20686  -32.766  -54.613  49.617 0.1000000015
17542  -34.615  -58.751  48.293 0.1000000015
16735  -35.321  -58.901  48.698 0.1000000015
19027  -34.056  -56.389  49.980 0.1000000015
20685  -31.849  -54.222  48.720 0.2000000030
20701  -32.224  -54.846  48.450 0.1000000015
18284  -32.876  -57.298  47.397 0.1000000015
21581  -31.513  -53.647  49.054 0.2000000030
19847  -33.124  -55.191  49.484 0.1000000015
19865  -33.500  -55.843  48.901 0.1000000015
19049  -33.738  -56.661  48.407 0.1000000015
18286  -34.557  -57.822  48.575 0.1000000015
18285  -33.887  -57.549  47.948 0.1000000015
12117  -40.883  -65.455  49.009 0.2000000030
14338  -37.896  -62.317  50.030 0.1000000015
18267  -34.426  -57.023  49.260 0.1000000015
21561  -31.307  -53.065  49.502 0.2000000030
15131  -37.805  -61.604  50.049 0.1000000015
132974  -34.113  -59.242  47.615 0.1000000015
17541  -33.935  -58.502  47.721 0.1000000015
19864  -32.544  -55.527  48.121 0.1000000015
12131  -40.576  -65.618  47.924 0.1000000015
12156  -40.691  -66.899  46.250 0.1000000015
23396  -35.516  -51.660  52.494 0.1000000015
24419  -33.247  -50.477  52.692 0.1000000015
24418  -32.428  -50.688  52.649 0.1000000015
23392  -30.617  -51.595  52.325 0.1000000015
23394  -33.756  -50.970  51.989 0.1000000015
24427  -32.945  -50.774  52.117 0.1000000015
131863  -35.374  -50.357  53.872 0.1000000015
24410  -34.487  -50.273  53.642 0.1000000015
24396  -32.981  -50.525  54.092 0.1000000015
23378  -31.739  -51.482  54.296 0.1000000015
24421  -35.151  -50.831  53.080 0.1000000015
24420  -34.160  -50.508  52.795 0.1000000015
24408  -32.669  -50.520  53.345 0.1000000015
23385  -31.477  -51.284  53.533 0.1000000015
138081  -30.640  -52.330  53.481 0.1000000015
23386  -35.851  -51.440  53.059 0.1000000015
23368  -33.772  -51.121  55.471 0.1000000015
140316  -36.051  -50.522  54.077 0.1000000015
24398  -34.747  -50.286  54.456 0.1000000015
24397  -33.868  -50.334  54.291 0.1000000015
24381  -33.355  -50.765  54.816 0.1000000015
24411  -35.941  -50.826  53.567 0.1000000015
24395  -32.172  -50.857  53.849 0.1000000015
22409  -32.176  -51.867  54.961 0.1000000015
22426  -37.107  -52.166  52.464 0.1000000015
125369  -37.860  -52.490  52.294 0.1000000015
24384  -36.372  -50.760  55.761 0.1000000015
126120  -34.952  -50.474  55.126 0.1000000015
23369  -34.678  -50.976  55.744 0.1000000015
24400  -37.325  -50.880  54.429 0.1000000015
23388  -37.405  -51.495  53.611 0.1000000015
22427  -37.657  -52.214  52.997 0.1000000015
22434  -37.336  -52.260  51.733 0.1000000015
26546  -39.581  -48.485  43.753 0.1000000015
26560  -39.047  -48.790  43.145 0.1000000015
25540  -40.086  -49.433  42.463 0.1000000015
22428  -38.397  -52.717  52.853 0.1000000015
22435  -38.153  -52.522  51.539 0.1000000015
22448  -38.488  -52.398  50.750 0.1000000015
26526  -40.164  -48.783  45.106 0.1000000015
26547  -40.560  -48.421  43.463 0.1000000015
23556  -40.468  -51.910  42.340 0.1000000015
24556  -39.433  -50.372  42.486 0.1000000015
23555  -39.615  -51.522  42.468 0.1000000015
24399  -36.507  -50.564  54.568 0.1000000015
24383  -35.578  -50.641  55.501 0.1000000015
23349  -34.116  -51.589  55.976 0.1000000015
23404  -31.343  -51.222  51.881 0.1000000015
23403  -30.649  -51.705  51.551 0.1000000015
24426  -32.266  -51.046  51.898 0.1000000015
119556  -35.873  -52.060  52.081 0.1000000015
25539  -39.221  -49.419  42.689 0.1000000015
24409  -33.557  -50.329  53.483 0.1000000015
24417  -31.814  -50.968  52.490 0.1000000015
123431  -30.192  -52.017  51.955 0.1000000015
23384  -30.848  -51.740  53.137 0.1000000015
23398  -36.970  -51.915  53.034 0.1000000015
18392  -36.775  -57.247  37.404 0.1000000015
18391  -36.049  -57.117  37.169 0.1000000015
19171  -36.156  -57.015  37.594 0.1000000015
12910  -37.750  -64.740  44.628 0.1000000015
12165  -38.304  -65.291  43.920 0.1000000015
12166  -38.643  -65.382  44.628 0.1000000015
12909  -36.828  -64.380  44.601 0.1000000015
12924  -37.571  -64.697  43.851 0.1000000015
12941  -37.361  -64.908  43.022 0.1000000015
12908  -35.884  -64.099  44.585 0.1000000015
125429  -36.966  -64.461  45.328 0.1000000015
12897  -38.123  -64.792  46.013 0.1000000015
13647  -35.371  -63.801  43.926 0.1000000015
135540  -36.107  -64.258  45.273 0.1000000015
13646  -34.446  -63.694  43.990 0.1000000015
139409  -35.376  -64.222  45.299 0.1000000015
11459  -31.127  -66.336  50.583 0.1000000015
11458  -30.747  -65.922  49.996 0.1000000015
11484  -29.350  -66.532  47.581 0.1000000015
11498  -29.016  -66.661  46.827 0.1000000015
11497  -28.626  -66.248  46.114 0.1000000015
12892  -28.806  -65.045  44.989 0.1000000015
12154  -38.980  -65.274  45.343 0.1000000015
11519  -28.893  -66.210  44.069 0.1000000015
13668  -35.033  -63.590  43.219 0.1000000015
132691  -33.635  -63.437  43.491 0.1000000015
12181  -39.761  -67.040  43.939 0.1000000015
11532  -29.129  -65.572  43.572 0.1000000015
12937  -29.869  -64.698  42.635 0.1000000015
124221  -30.931  -63.802  42.860 0.1000000015
13666  -33.507  -63.243  42.527 0.1000000015
126458  -32.752  -63.255  43.103 0.1000000015
138116  -33.663  -63.684  44.275 0.1000000015
13630  -34.856  -64.135  44.919 0.1000000015
11535  -39.768  -68.122  43.841 0.1000000015
120136  -29.463  -65.758  42.746 0.1000000015
12938  -30.452  -64.242  42.293 0.1000000015
13644  -32.037  -63.448  43.716 0.1000000015
13645  -32.929  -63.562  44.002 0.1000000015
12116  -30.265  -65.718  49.226 0.1000000015
11475  -29.897  -66.300  48.474 0.1000000015
12130  -29.195  -65.731  47.893 0.1000000015
12896  -37.191  -64.535  45.933 0.1000000015
12881  -38.483  -64.630  46.849 0.1000000015
12144  -39.306  -65.047  46.188 0.1000000015
11483  -28.773  -65.999  47.104 0.1000000015
12153  -28.604  -65.495  45.687 0.1000000015
12143  -28.663  -65.399  46.488 0.1000000015
12167  -39.669  -66.336  44.714 0.1000000015
128242  -30.263  -64.283  43.166 0.1000000015
13642  -30.657  -63.850  43.727 0.1000000015
13643  -31.325  -63.615  43.468 0.1000000015
13629  -34.014  -63.894  44.876 0.1000000015
13626  -31.280  -63.555  44.347 0.1000000015
13628  -33.210  -63.638  44.766 0.1000000015
12102  -30.760  -65.102  50.283 0.1000000015
143696  -30.505  -65.239  49.706 0.1000000015
12831  -30.647  -64.331  50.628 0.1000000015
13536  -30.729  -63.783  51.315 0.1000000015
12863  -37.879  -64.336  47.364 0.1000000015
12111  -30.131  -64.902  49.222 0.1000000015
12895  -36.373  -64.268  45.824 0.1000000015
12862  -29.167  -64.873  47.993 0.1000000015
12894  -35.569  -64.171  45.763 0.1000000015
12882  -39.546  -64.983  47.319 0.1000000015
12129  -28.820  -65.202  47.305 0.1000000015
12876  -28.771  -64.807  45.911 0.1000000015
130456  -29.350  -64.452  44.726 0.1000000015
12907  -29.886  -64.274  44.083 0.1000000015
13627  -32.285  -63.447  44.570 0.1000000015
13625  -30.473  -63.794  44.458 0.1000000015
13611  -30.776  -63.536  44.971 0.1000000015
13545  -30.354  -63.473  50.692 0.1000000015
12879  -36.745  -64.226  46.428 0.1000000015
12843  -30.437  -64.582  49.846 0.1000000015
13521  -30.472  -62.955  51.301 0.1000000015
14293  -30.666  -62.352  51.995 0.1000000015
125058  -35.179  -63.822  46.258 0.1000000015
12878  -36.008  -63.951  46.287 0.1000000015
13598  -37.149  -64.113  47.231 0.1000000015
12842  -30.043  -64.101  49.317 0.1000000015
126514  -30.249  -63.835  50.032 0.1000000015
128676  -34.909  -64.170  45.661 0.1000000015
12145  -40.286  -65.705  46.677 0.1000000015
142016  -28.981  -64.521  47.370 0.1000000015
12849  -29.654  -64.449  48.635 0.1000000015
13613  -32.724  -63.241  45.191 0.1000000015
13615  -34.329  -63.927  45.513 0.1000000015
12861  -28.818  -64.655  46.714 0.1000000015
13612  -31.563  -63.190  45.087 0.1000000015
12893  -29.158  -64.293  45.440 0.1000000015
142175  -29.449  -63.696  45.775 0.1000000015
13624  -29.926  -63.783  45.105 0.1000000015
14321  -30.127  -62.689  50.628 0.1000000015
13557  -30.014  -63.187  50.190 0.1000000015
136542  -34.552  -63.849  46.023 0.1000000015
12865  -39.978  -64.867  48.472 0.1000000015
14375  -33.208  -62.887  45.798 0.1000000015
13578  -29.057  -63.954  46.949 0.1000000015
12877  -29.062  -64.131  46.206 0.1000000015
14376  -33.980  -63.483  46.017 0.1000000015
142054  -35.314  -63.216  46.728 0.1000000015
13556  -29.821  -63.333  49.559 0.1000000015
14373  -31.259  -62.447  45.490 0.1000000015
14374  -32.224  -62.592  45.448 0.1000000015
13564  -29.595  -63.528  48.712 0.1000000015
134749  -30.620  -63.111  45.396 0.1000000015
130509  -29.284  -63.939  47.844 0.1000000015
13594  -29.333  -63.403  46.401 0.1000000015
13610  -29.873  -62.968  45.888 0.1000000015
13595  -34.584  -63.261  46.477 0.1000000015
14350  -35.223  -62.549  46.932 0.1000000015
15174  -32.672  -61.932  45.858 0.1000000015
15175  -33.375  -62.109  46.139 0.1000000015
14336  -29.832  -62.532  49.855 0.1000000015
15172  -31.012  -61.582  45.732 0.1000000015
15173  -31.792  -61.754  45.685 0.1000000015
133058  -30.512  -62.249  45.807 0.1000000015
134461  -29.268  -63.228  47.193 0.1000000015
15982  -34.526  -61.373  47.024 0.1000000015
14361  -29.538  -62.644  46.650 0.1000000015
13579  -29.409  -63.094  48.012 0.1000000015
15981  -33.927  -60.816  46.802 0.1000000015
133603  -29.589  -62.808  49.059 0.1000000015
13537  -30.878  -63.300  51.968 0.1000000015
15896  -31.251  -60.856  53.557 0.1000000015
15058  -30.934  -61.283  52.946 0.1000000015
15077  -30.696  -61.617  52.353 0.1000000015
15078  -31.049  -62.181  52.939 0.1000000015
12163  -28.799  -65.523  44.303 0.1000000015
12164  -29.171  -64.864  43.986 0.1000000015
12179  -29.465  -65.080  43.090 0.1000000015
12921  -29.679  -64.645  43.382 0.1000000015
13664  -31.795  -63.357  42.702 0.1000000015
13665  -32.653  -63.194  42.163 0.1000000015
13682  -33.349  -63.362  41.667 0.1000000015
12115  -29.679  -65.346  48.608 0.1000000015
13614  -33.615  -63.554  45.401 0.1000000015
14363  -33.879  -62.737  46.344 0.1000000015
14362  -29.990  -62.053  46.348 0.1000000015
15163  -34.571  -62.250  46.703 0.1000000015
15059  -31.466  -61.694  53.584 0.1000000015
119977  -26.644  -81.110  31.706 0.1000000015
3175  -26.643  -81.216  31.784 0.1000000015
4445  -21.819  -78.419  30.963 0.1000000015
4417  -21.988  -78.862  32.193 0.1000000015
4419  -23.622  -78.131  32.283 0.1000000015
131835  -23.615  -78.774  32.377 0.1000000015
3159  -24.978  -81.530  32.242 0.1000000015
4931  -22.104  -78.277  30.306 0.1000000015
135401  -22.536  -78.157  29.137 0.1000000015
4955  -22.150  -78.052  28.319 0.1000000015
129400  -27.263  -80.540  31.282 0.1000000015
3177  -28.045  -80.778  31.446 0.1000000015
3160  -27.433  -81.324  32.321 0.1000000015
3605  -26.825  -80.356  31.237 0.1000000015
4000  -25.026  -79.631  31.955 0.1000000015
3604  -25.889  -80.742  31.830 0.1000000015
2710  -27.151  -81.837  32.666 0.1000000015
4434  -23.377  -77.809  32.017 0.1000000015
3591  -24.660  -80.460  32.173 0.1000000015
129562  -23.708  -80.297  32.566 0.1000000015
4920  -23.165  -77.689  31.366 0.1000000015
4945  -23.074  -77.771  29.713 0.1000000015
4956  -23.278  -78.090  28.918 0.1000000015
129935  -24.063  -78.089  28.329 0.1000000015
5990  -29.205  -75.586  34.912 0.1000000015
4885  -28.402  -78.158  34.635 0.1000000015
5424  -29.196  -76.673  34.965 0.1000000015
125567  -28.548  -80.336  31.445 0.1000000015
3161  -28.131  -80.775  32.423 0.1000000015
3147  -28.326  -80.494  33.493 0.1000000015
3976  -28.858  -79.431  34.160 0.1000000015
3975  -28.249  -79.588  34.494 0.1000000015
3607  -28.266  -80.189  30.772 0.1000000015
3564  -28.350  -80.091  34.136 0.1000000015
3620  -28.065  -80.029  30.512 0.1000000015
3146  -27.716  -81.251  33.547 0.1000000015
4013  -26.184  -79.741  31.694 0.1000000015
4932  -22.965  -77.785  30.493 0.1000000015
5975  -29.793  -75.179  35.221 0.1000000015
141454  -28.620  -77.054  34.773 0.1000000015
6577  -29.144  -74.837  35.057 0.1000000015
3579  -28.849  -79.862  33.657 0.1000000015
123770  -29.437  -79.419  33.755 0.1000000015
4394  -28.680  -78.835  34.491 0.1000000015
3592  -28.872  -80.109  32.695 0.1000000015
3593  -29.220  -79.892  31.629 0.1000000015
4421  -25.325  -78.684  31.998 0.1000000015
142763  -24.657  -77.756  32.249 0.1000000015
4909  -23.750  -76.966  31.754 0.1000000015
5457  -23.875  -76.566  30.953 0.1000000015
4015  -27.856  -79.997  30.552 0.1000000015
134260  -28.204  -76.559  34.654 0.1000000015
4886  -28.940  -77.537  34.862 0.1000000015
4436  -27.463  -78.924  30.822 0.1000000015
5423  -28.019  -77.362  34.610 0.1000000015
3608  -29.048  -79.888  30.537 0.1000000015
3621  -28.395  -79.908  30.379 0.1000000015
5988  -27.547  -75.845  34.633 0.1000000015
4934  -29.180  -78.482  29.792 0.1000000015
4935  -30.126  -78.263  29.731 0.1000000015
5460  -30.427  -77.349  29.946 0.1000000015
121411  -29.220  -78.171  34.771 0.1000000015
142655  -29.246  -79.720  33.293 0.1000000015
3988  -29.717  -79.454  32.665 0.1000000015
4026  -29.839  -79.375  30.120 0.1000000015
4001  -30.458  -78.974  31.760 0.1000000015
4448  -29.678  -79.089  29.776 0.1000000015
4449  -30.500  -78.666  30.016 0.1000000015
3989  -30.379  -78.830  32.912 0.1000000015
4395  -29.523  -78.794  34.380 0.1000000015
4406  -30.072  -79.003  33.779 0.1000000015
4423  -31.120  -78.357  32.375 0.1000000015
4016  -29.865  -79.501  31.062 0.1000000015
5459  -29.404  -77.506  29.964 0.1000000015
4017  -30.528  -79.022  30.605 0.1000000015
3176  -27.006  -81.229  31.761 0.1000000015
3606  -27.779  -80.237  30.791 0.1000000015
3619  -27.733  -80.337  30.758 0.1000000015
3999  -24.079  -79.473  32.367 0.1000000015
4014  -27.063  -79.680  31.189 0.1000000015
4396  -30.256  -78.429  34.463 0.1000000015
4418  -22.971  -78.650  32.200 0.1000000015
4420  -24.258  -78.445  32.365 0.1000000015
4433  -22.533  -78.367  31.638 0.1000000015
4910  -23.972  -77.521  32.287 0.1000000015
5422  -27.316  -76.636  34.597 0.1000000015
5467  -23.546  -77.087  30.381 0.1000000015
5989  -28.416  -75.767  34.703 0.1000000015
6561  -29.465  -74.342  35.349 0.1000000015
6584  -35.095  -73.992  34.304 0.1000000015
7124  -35.801  -74.252  37.353 0.1000000015
7752  -37.254  -72.733  38.404 0.1000000015
7754  -38.351  -72.395  38.087 0.1000000015
7764  -35.407  -73.492  37.630 0.1000000015
7768  -38.337  -72.279  36.930 0.1000000015
7796  -37.784  -72.568  35.701 0.2000000030
7805  -37.353  -72.567  35.218 0.2000000030
7882  -37.457  -72.665  28.316 0.1000000015
7899  -34.599  -73.038  27.562 0.1000000015
8399  -39.037  -71.609  39.103 0.3000000119
8446  -39.704  -71.254  35.925 0.1000000015
8454  -36.420  -71.453  34.958 0.1000000015
8466  -37.419  -72.099  34.946 0.1000000015
8537  -33.746  -71.483  28.294 0.1000000015
9030  -39.015  -70.556  39.862 0.2000000030
9043  -35.065  -70.530  38.237 0.1000000015
9049  -41.345  -70.116  37.594 0.2000000030
9080  -38.472  -70.643  35.651 0.2000000030
9083  -40.789  -70.331  36.307 0.2000000030
9150  -38.963  -71.129  30.110 0.1000000015
9151  -39.690  -70.480  30.217 0.1000000015
9168  -35.810  -70.836  29.452 0.1000000015
9185  -32.138  -70.939  28.786 0.1000000015
9187  -33.953  -70.909  28.771 0.1000000015
9649  -39.686  -69.860  39.651 0.3000000119
9669  -42.975  -69.365  37.732 0.2000000030
9684  -43.257  -69.187  37.184 0.3000000119
9694  -41.315  -69.740  36.369 0.2000000030
9714  -30.867  -70.030  33.023 0.1000000015
9730  -31.069  -69.689  32.649 0.1000000015
9758  -32.480  -69.438  30.486 0.1000000015
9784  -40.435  -70.212  30.424 0.1000000015
9799  -39.618  -70.100  29.460 0.1000000015
10224  -39.450  -69.091  43.142 0.1000000015
10247  -39.587  -69.552  42.533 0.2000000030
10287  -39.187  -68.051  37.728 0.1000000015
10288  -40.225  -68.201  37.319 0.2000000030
10307  -43.188  -68.430  36.700 0.2000000030
10308  -43.611  -68.824  37.037 0.3000000119
10313  -35.654  -68.633  36.457 0.1000000015
10381  -41.026  -69.677  31.377 0.1000000015
10878  -41.905  -67.434  46.508 0.3000000119
10885  -41.093  -67.810  45.757 0.3000000119
10886  -41.403  -67.744  45.785 0.2000000030
10946  -43.055  -67.583  39.021 0.4000000060
11486  -41.622  -66.648  47.652 0.4000000060
11488  -42.740  -66.012  47.937 0.4000000060
11502  -43.126  -65.962  47.114 0.5000000000
11511  -42.966  -66.311  45.776 0.3000000119
11573  -38.760  -66.105  38.759 0.1000000015
11588  -37.472  -66.246  38.233 0.1000000015
11601  -43.143  -67.260  37.344 0.2000000030
11602  -43.376  -67.419  37.684 0.4000000060
11647  -40.112  -66.341  33.404 0.1000000015
11649  -42.046  -66.575  32.948 0.1000000015
11650  -42.876  -66.307  33.114 0.1000000015
11669  -41.805  -67.015  32.519 0.1000000015
12093  -30.999  -64.963  50.873 0.1000000015
12112  -41.714  -64.958  49.483 0.4000000060
12118  -41.489  -65.520  49.080 0.4000000060
12119  -41.930  -65.461  49.062 0.5000000000
12120  -42.294  -65.201  48.873 0.5000000000
12132  -41.298  -66.065  48.380 0.2000000030
12134  -42.860  -65.326  48.316 0.5000000000
12157  -43.844  -65.145  46.585 0.5000000000
12170  -44.184  -64.692  45.169 0.2000000030
12210  -44.830  -64.319  40.919 0.4000000060
12224  -44.721  -64.421  40.256 0.4000000060
12241  -39.797  -65.220  39.093 0.1000000015
12243  -41.564  -64.847  38.776 0.4000000060
12259  -36.900  -65.792  37.888 0.2000000030
12263  -42.519  -65.146  38.468 0.4000000060
12336  -43.431  -65.988  33.368 0.1000000015
12337  -43.946  -65.714  33.192 0.1000000015
12845  -41.475  -64.419  49.868 0.4000000060
12853  -42.257  -64.767  49.145 0.5000000000
12880  -37.517  -64.478  46.590 0.1000000015
12900  -43.713  -64.310  45.644 0.5000000000
12901  -43.921  -64.667  45.941 0.5000000000
12902  -44.173  -64.418  45.163 0.3000000119
12911  -37.915  -64.788  45.354 0.1000000015
12925  -44.721  -63.980  44.264 0.4000000060
12977  -41.550  -64.052  38.699 0.4000000060
12991  -44.408  -64.172  39.193 0.4000000060
13038  -42.792  -65.517  33.582 0.1000000015
13055  -44.427  -64.865  32.654 0.1000000015
13547  -40.319  -63.109  50.326 0.2000000030
13560  -40.737  -63.583  50.142 0.4000000060
13561  -41.626  -64.181  49.889 0.4000000060
13566  -38.046  -63.603  49.182 0.1000000015
13584  -42.587  -64.470  48.539 0.5000000000
13601  -43.062  -64.433  47.592 0.5000000000
13631  -39.237  -63.499  44.284 0.5000000000
13635  -43.785  -63.770  44.726 0.5000000000
13637  -44.473  -64.118  44.633 0.3000000119
13648  -39.832  -63.869  43.908 0.6000000238
13669  -44.518  -63.507  42.146 0.5000000000
13701  -39.969  -63.589  39.060 0.1000000015
13779  -45.175  -63.259  31.796 0.1000000015
13802  -46.036  -63.103  30.498 0.1000000015
13803  -46.208  -63.012  30.033 0.1000000015
14323  -40.012  -62.531  50.459 0.3000000119
14354  -41.842  -63.282  49.001 0.5000000000
14378  -39.096  -62.386  45.432 0.4000000060
14389  -38.712  -62.885  44.738 0.4000000060
14417  -41.818  -62.488  42.603 0.5000000000
14418  -43.100  -62.517  42.538 0.5000000000
14440  -44.077  -62.068  40.682 0.5000000000
14526  -43.203  -62.307  32.743 0.1000000015
14527  -44.198  -62.538  32.558 0.1000000015
14546  -45.568  -62.971  31.425 0.1000000015
15130  -37.068  -61.395  49.443 0.1000000015
15132  -38.542  -61.908  50.431 0.3000000119
15133  -39.333  -61.736  50.436 0.3000000119
15178  -39.472  -61.789  46.123 0.4000000060
15191  -36.320  -61.726  43.680 0.4000000060
15212  -36.434  -61.351  41.967 0.4000000060
15235  -44.186  -61.447  39.407 0.3000000119
15236  -44.437  -62.114  39.631 0.4000000060
15330  -43.770  -61.716  32.487 0.1000000015
15331  -44.558  -62.181  32.265 0.1000000015
15350  -45.419  -62.451  31.362 0.1000000015
15364  -45.030  -61.864  31.186 0.1000000015
15366  -45.948  -62.396  30.202 0.1000000015
15398  -46.015  -61.581  28.876 0.1000000015
15946  -39.709  -61.332  50.095 0.3000000119
15984  -39.612  -60.439  46.885 0.4000000060
15997  -39.323  -60.856  46.285 0.4000000060
16014  -34.656  -60.604  43.331 0.4000000060
16022  -34.808  -60.765  42.654 0.4000000060
16044  -35.725  -60.239  40.807 0.5000000000
16051  -43.424  -60.424  39.703 0.4000000060
16055  -43.199  -59.869  39.176 0.4000000060
16130  -42.087  -60.137  32.960 0.1000000015
16131  -42.350  -60.110  32.658 0.1000000015
16148  -44.103  -61.441  31.616 0.1000000015
16201  -42.779  -60.520  28.951 0.1000000015
16202  -43.740  -60.794  28.722 0.1000000015
16203  -44.965  -60.818  28.401 0.1000000015
16778  -34.517  -59.470  44.250 0.4000000060
16823  -34.485  -59.457  40.880 0.4000000060
16828  -39.150  -59.437  39.697 0.4000000060
16918  -41.838  -59.495  32.907 0.1000000015
16957  -41.039  -58.706  31.792 0.1000000015
17002  -40.496  -59.414  27.864 0.1000000015
17017  -47.554  -58.399  25.844 0.1000000015
17035  -47.477  -58.728  24.450 0.1000000015
17527  -35.186  -57.979  48.929 0.2000000030
17543  -37.698  -58.140  47.641 0.4000000060
17595  -32.786  -57.860  43.051 0.4000000060
17642  -40.440  -58.573  37.835 0.2000000030
17781  -48.104  -58.079  25.351 0.1000000015
18251  -35.055  -57.005  50.165 0.2000000030
18312  -37.611  -57.746  45.933 0.4000000060
18368  -33.177  -57.468  40.532 0.3000000119
18473  -38.973  -58.034  31.433 0.1000000015
19101  -32.037  -55.795  42.230 0.3000000119
19184  -35.497  -56.992  37.639 0.1000000015
19323  -45.126  -56.205  24.592 0.1000000015
19991  -33.497  -55.949  38.224 0.2000000030
19992  -33.847  -56.380  37.892 0.2000000030
20017  -31.769  -54.881  36.476 0.1000000015
20144  -42.639  -55.331  25.221 0.1000000015
20810  -32.020  -54.807  40.777 0.2000000030
20873  -31.728  -54.346  36.937 0.1000000015
21920  -41.832  -53.349  25.786 0.1000000015
21933  -45.794  -53.377  23.777 0.1000000015
22408  -31.421  -52.277  54.626 0.1000000015
22425  -30.329  -52.378  52.665 0.1000000015
22433  -30.312  -52.248  51.416 0.1000000015
22488  -41.218  -52.823  47.840 0.1000000015
22645  -31.839  -52.399  38.939 0.1000000015
22866  -46.160  -52.357  23.905 0.1000000015
23367  -32.964  -51.473  55.219 0.1000000015
23387  -36.509  -51.454  53.320 0.1000000015
23393  -31.292  -51.209  52.756 0.1000000015
23397  -36.294  -51.916  52.670 0.1000000015
23406  -33.036  -51.132  51.542 0.1000000015
23462  -37.771  -51.168  48.861 0.2000000030
23594  -32.820  -51.571  40.146 0.2000000030
23663  -31.988  -50.992  37.478 0.1000000015
24382  -34.196  -50.530  55.048 0.1000000015
24407  -31.910  -50.818  53.135 0.1000000015
24412  -36.651  -50.878  53.915 0.1000000015
24474  -38.499  -50.650  47.338 0.2000000030
24494  -33.792  -50.530  46.445 0.3000000119
24513  -34.269  -49.877  45.275 0.2000000030
24832  -46.925  -50.436  23.594 0.1000000015
25522  -37.638  -49.271  43.200 0.2000000030
25622  -32.428  -50.152  38.681 0.1000000015
25864  -47.243  -49.493  23.335 0.1000000015
26621  -36.066  -47.839  38.936 0.1000000015
120254  -43.916  -61.806  38.449 0.3000000119
120601  -41.371  -68.709  36.540 0.2000000030
121025  -44.437  -61.367  30.058 0.1000000015
121368  -43.762  -62.662  38.364 0.3000000119
121917  -27.266  -80.645  31.352 0.1000000015
123076  -34.150  -63.416  41.981 0.1000000015
123299  -42.499  -63.767  38.329 0.3000000119
124129  -44.715  -58.946  26.687 0.1000000015
125085  -45.756  -63.223  31.088 0.1000000015
125681  -40.730  -62.479  49.942 0.3000000119
125890  -44.426  -63.451  43.137 0.5000000000
126884  -40.364  -59.969  40.257 0.4000000060
128313  -34.940  -56.755  37.944 0.2000000030
128314  -38.816  -71.233  28.713 0.1000000015
128653  -40.331  -54.096  26.540 0.1000000015
128933  -44.044  -65.411  32.733 0.1000000015
129217  -22.573  -78.151  30.959 0.1000000015
129336  -29.080  -79.632  30.040 0.1000000015
131684  -44.813  -63.701  32.132 0.1000000015
131729  -40.472  -62.759  50.249 0.5000000000
132110  -21.769  -77.983  29.054 0.1000000015
132435  -41.000  -63.489  50.053 0.4000000060
133326  -42.148  -60.418  37.349 0.3000000119
133355  -45.861  -57.777  23.488 0.1000000015
133800  -29.872  -78.162  34.875 0.1000000015
134712  -40.708  -63.715  38.968 0.1000000015
135603  -37.881  -72.141  35.224 0.1000000015
136333  -37.885  -71.924  29.668 0.1000000015
137703  -38.603  -59.961  31.923 0.1000000015
137866  -41.444  -60.413  37.386 0.3000000119
138620  -45.290  -60.176  27.574 0.1000000015
138717  -38.192  -57.921  27.989 0.1000000015
138747  -39.616  -60.275  47.436 0.4000000060
139026  -35.653  -50.382  54.679 0.1000000015
139067  -44.170  -65.770  32.944 0.1000000015
139227  -36.243  -50.493  55.159 0.1000000015
141252  -32.480  -51.719  39.909 0.2000000030
141257  -47.668  -58.279  24.211 0.1000000015
141352  -40.846  -69.279  30.665 0.1000000015
141410  -45.733  -58.859  26.868 0.1000000015
141459  -34.787  -59.104  40.487 0.4000000060
141815  -38.097  -60.591  49.964 0.3000000119
142031  -42.850  -65.552  42.379 0.3000000119
142052  -43.617  -66.576  38.923 0.4000000060
142239  -32.218  -56.611  41.357 0.3000000119
142672  -38.818  -69.672  41.234 0.1000000015
142970  -34.021  -72.519  27.629 0.1000000015
143219  -42.063  -59.698  32.891 0.1000000015
143447  -29.492  -62.960  48.546 0.1000000015
143494  -35.730  -49.498  34.588 0.1000000015
144242  -23.472  -77.128  31.061 0.1000000015
144261  -43.370  -65.845  45.183 0.2000000030
144527  -40.875  -53.669  49.426 0.1000000015
144749  -35.095  -60.770  42.186 0.4000000060
