#!ascii label  , from subject sub-08 vox2ras=TkReg
896
10062  38.330  -67.639  20.454 0.3000000119
17743  42.103  -55.971  23.239 0.6000000238
17769  39.137  -56.687  20.236 0.6999999881
17770  38.441  -57.369  20.391 0.6999999881
10737  38.701  -67.038  20.433 0.4000000060
14110  40.862  -61.640  21.543 0.4000000060
10735  40.439  -66.716  20.788 0.5000000000
10720  40.529  -66.861  20.994 0.5000000000
18554  40.878  -55.390  22.939 0.6999999881
18553  41.570  -55.467  22.773 0.5000000000
18590  40.587  -55.620  20.609 0.6000000238
18591  39.868  -56.101  21.027 0.6000000238
18604  39.811  -55.997  19.878 0.6999999881
17787  37.940  -56.887  19.430 0.6999999881
12068  39.581  -65.201  20.450 0.5000000000
11428  40.116  -66.142  20.456 0.6000000238
14788  42.254  -59.717  23.001 0.4000000060
123348  42.698  -58.998  23.001 0.5000000000
12067  40.524  -65.198  20.321 0.6000000238
16221  42.303  -58.840  23.627 0.6000000238
16955  42.886  -57.441  23.404 0.6000000238
11427  40.789  -66.003  20.551 0.6000000238
135690  42.814  -56.671  23.300 0.6000000238
18572  41.372  -55.347  21.708 0.6000000238
18589  41.266  -55.074  20.015 0.6000000238
121632  39.972  -54.873  18.731 0.6999999881
18612  39.581  -55.535  19.118 0.6999999881
17785  39.025  -55.610  19.174 0.6999999881
19458  39.140  -54.894  18.882 0.6999999881
19459  38.380  -55.008  19.253 0.6999999881
19460  37.583  -55.145  19.549 0.6999999881
19447  38.839  -54.534  19.241 0.6999999881
12069  38.595  -65.125  20.557 0.5000000000
13420  39.922  -62.889  20.959 0.5000000000
13415  40.386  -62.315  21.227 0.5000000000
133111  41.835  -60.471  22.283 0.4000000060
12754  39.998  -64.260  20.560 0.5000000000
15507  42.791  -59.441  22.228 0.5000000000
16219  43.532  -57.863  22.833 0.6000000238
12065  41.647  -64.358  20.343 0.6000000238
12752  41.421  -63.445  20.298 0.5000000000
13427  42.840  -61.762  19.939 0.5000000000
17755  43.151  -56.143  22.733 0.6999999881
120620  42.109  -54.989  21.082 0.6000000238
18571  42.421  -55.398  22.164 0.6999999881
18602  40.815  -54.922  18.889 0.6000000238
18603  40.333  -55.379  19.294 0.6000000238
19445  40.397  -54.232  18.735 0.6000000238
19446  39.613  -54.242  18.833 0.6999999881
139962  37.098  -55.376  19.535 0.6999999881
20276  40.272  -53.563  19.076 0.6000000238
19448  37.721  -54.735  19.779 0.6999999881
20277  39.364  -53.988  19.547 0.6999999881
116557  42.221  -60.760  21.356 0.4000000060
13426  40.350  -63.326  20.508 0.5000000000
14115  41.077  -62.155  20.638 0.4000000060
15506  43.435  -59.136  21.526 0.5000000000
16227  44.035  -58.302  22.061 0.6000000238
133673  41.244  -62.424  20.421 0.4000000060
17742  43.591  -56.973  22.962 0.6000000238
121207  41.018  -62.983  20.314 0.4000000060
14799  42.143  -61.656  20.211 0.4000000060
14119  42.330  -61.857  20.072 0.4000000060
14807  43.386  -60.941  19.644 0.4000000060
18570  43.562  -55.622  21.907 0.6999999881
18588  43.053  -54.944  21.188 0.6000000238
19436  42.315  -54.757  20.062 0.6000000238
19457  41.216  -54.275  18.842 0.6000000238
19444  41.672  -54.667  19.248 0.6000000238
20286  40.791  -53.578  18.808 0.6000000238
19449  36.727  -54.747  19.818 0.6999999881
130936  37.482  -54.082  20.357 0.6999999881
20278  38.295  -54.158  20.202 0.6000000238
124630  42.008  -61.332  20.770 0.4000000060
15515  43.505  -59.677  20.276 0.4000000060
16963  44.180  -57.392  22.319 0.6999999881
14803  43.081  -60.598  19.964 0.4000000060
18569  44.234  -55.826  21.579 0.8000000119
14123  43.290  -61.352  19.769 0.5000000000
18587  43.965  -55.168  21.087 0.6999999881
19435  43.416  -54.753  20.139 0.6000000238
19456  42.195  -54.175  18.863 0.5000000000
19443  42.679  -54.506  19.230 0.6000000238
123539  36.087  -54.339  19.906 0.6999999881
20266  41.011  -53.110  19.821 0.6000000238
20279  36.917  -54.220  20.137 0.8000000119
20280  36.204  -53.743  20.035 0.8000000119
20267  40.085  -53.616  20.377 0.6000000238
16237  44.212  -58.650  20.775 0.5000000000
15523  44.195  -59.419  19.625 0.5000000000
16254  45.509  -59.019  18.646 0.6999999881
15529  44.427  -59.877  19.168 0.4000000060
136607  42.753  -54.039  18.441 0.6000000238
119879  43.049  -54.240  18.521 0.6000000238
20284  42.421  -53.516  18.514 0.6000000238
20281  35.715  -53.759  20.055 0.6000000238
20275  41.206  -53.112  19.097 0.6000000238
20270  36.882  -53.571  20.492 0.6999999881
20255  39.870  -53.301  21.405 0.6999999881
20268  38.881  -53.478  20.889 0.6999999881
20269  37.747  -53.573  20.948 0.6999999881
16982  44.989  -57.673  19.531 0.5000000000
121119  44.680  -57.889  20.486 0.6000000238
16962  44.497  -57.696  21.471 0.6000000238
121099  45.736  -58.246  18.450 0.6999999881
16247  45.178  -58.636  18.876 0.6000000238
17753  44.547  -56.366  21.334 0.6999999881
16257  46.497  -58.329  18.330 0.6999999881
15528  45.536  -59.704  18.739 0.6999999881
18586  44.491  -55.692  20.768 0.6999999881
18601  44.255  -55.080  20.005 0.6999999881
20283  43.241  -53.802  18.127 0.5000000000
19455  44.050  -54.166  18.447 0.6000000238
117560  35.082  -53.074  20.678 0.5000000000
126447  42.749  -52.113  19.018 0.6000000238
21156  43.041  -52.713  18.361 0.6000000238
21147  35.577  -53.030  20.250 0.6000000238
121378  35.460  -52.406  20.713 0.5000000000
21152  41.950  -52.492  19.579 0.6000000238
21157  42.110  -52.814  18.882 0.6000000238
20257  37.125  -52.851  21.120 0.6000000238
22057  35.727  -52.305  20.543 0.5000000000
125274  35.903  -51.475  20.645 0.5000000000
21143  41.543  -52.504  20.709 0.6999999881
21144  40.722  -53.157  21.161 0.6999999881
21145  37.983  -53.075  21.661 0.6999999881
122876  37.058  -51.802  21.448 0.5000000000
21132  40.215  -52.628  22.136 0.6999999881
22046  38.322  -51.845  22.436 0.6000000238
16971  44.824  -57.024  20.711 0.6000000238
122288  45.483  -57.719  18.754 0.6999999881
132952  45.410  -56.706  19.267 0.6000000238
16986  46.605  -57.176  18.456 0.6999999881
17768  44.893  -56.211  20.200 0.6999999881
19441  44.689  -54.771  18.930 0.6999999881
18600  44.900  -55.546  19.599 0.6999999881
20289  43.992  -53.821  18.154 0.6000000238
21134  35.017  -52.693  21.351 0.4000000060
121184  44.052  -52.289  18.488 0.5000000000
22058  35.775  -51.229  20.740 0.4000000060
22056  36.225  -52.321  20.550 0.5000000000
21133  37.832  -52.467  21.905 0.5000000000
21131  41.240  -52.422  21.903 0.6000000238
21120  39.515  -51.922  22.986 0.6999999881
20256  38.888  -52.574  22.023 0.6000000238
17784  46.363  -56.194  18.761 0.6000000238
18599  45.599  -55.849  19.111 0.6999999881
17776  47.298  -56.468  19.167 0.6999999881
18608  47.027  -55.805  19.026 0.6999999881
18611  45.542  -55.082  18.646 0.6000000238
19454  45.210  -54.333  18.440 0.6000000238
21155  44.302  -51.576  19.159 0.6000000238
21158  44.617  -52.794  18.430 0.5000000000
135614  43.488  -51.955  18.794 0.6000000238
21142  42.316  -52.069  20.486 0.6000000238
21151  42.860  -51.870  19.864 0.6000000238
22940  36.345  -50.801  20.464 0.4000000060
22941  35.880  -50.580  20.180 0.4000000060
22036  38.877  -51.238  23.144 0.5000000000
18609  46.657  -55.470  18.856 0.6999999881
18610  46.242  -55.213  18.687 0.6000000238
18597  47.334  -55.890  19.622 0.6999999881
19452  46.404  -54.501  18.665 0.6000000238
120456  45.973  -54.565  18.430 0.6000000238
18584  48.113  -55.939  20.593 0.6999999881
19453  45.896  -53.953  18.348 0.5000000000
122443  44.591  -51.179  20.017 0.6000000238
21149  45.196  -51.697  19.431 0.6000000238
136420  43.539  -51.449  20.078 0.6000000238
22054  43.104  -51.537  20.879 0.5000000000
22055  42.153  -51.933  21.490 0.6000000238
22045  40.783  -52.059  22.910 0.6000000238
22035  39.539  -51.332  23.650 0.5000000000
19434  46.901  -54.712  20.459 0.6999999881
20273  46.515  -53.849  18.999 0.6999999881
20274  46.268  -53.108  19.284 0.6000000238
21148  45.727  -52.301  19.825 0.5000000000
22052  44.408  -51.256  20.984 0.6000000238
21141  45.113  -51.593  20.413 0.6000000238
22043  42.871  -51.367  22.158 0.6000000238
116662  42.394  -51.389  23.069 0.6000000238
22034  40.346  -51.575  23.697 0.5000000000
14113  44.325  -61.516  20.518 0.5000000000
14802  45.485  -60.682  19.510 0.5000000000
14112  45.166  -61.118  20.864 0.5000000000
14116  45.004  -61.099  19.908 0.5000000000
14804  45.887  -60.253  19.050 0.6999999881
15521  47.212  -59.562  19.894 0.6999999881
14801  46.247  -60.560  19.797 0.5000000000
14800  46.966  -60.245  20.311 0.5000000000
16253  46.756  -58.684  18.594 0.6999999881
15526  47.302  -58.767  19.342 0.6999999881
16252  47.310  -57.989  18.842 0.6999999881
10045  38.511  -67.824  20.959 0.3000000119
17777  39.163  -56.272  19.558 0.6999999881
18573  40.479  -55.634  22.045 0.6000000238
17786  38.556  -56.170  19.384 0.6999999881
18605  36.337  -55.252  19.660 0.6999999881
118175  44.775  -60.031  19.066 0.6000000238
20285  41.590  -53.504  18.839 0.6000000238
21146  36.183  -52.894  20.256 0.6000000238
19461  45.186  -53.814  18.396 0.5000000000
18598  46.858  -55.273  19.184 0.6999999881
21153  45.717  -52.583  18.986 0.5000000000
22044  41.823  -51.776  22.564 0.6000000238
20282  46.150  -53.488  18.693 0.6000000238
22053  43.972  -51.138  20.511 0.6000000238
119779  48.142  -58.465  21.514 0.6000000238
16950  50.834  -57.392  24.740 0.6000000238
17730  50.513  -57.073  25.135 0.4000000060
16225  50.068  -58.068  23.320 0.5000000000
16205  41.300  -58.052  24.720 0.5000000000
18537  50.308  -56.461  24.882 0.4000000060
17734  42.242  -56.889  23.785 0.5000000000
17735  41.439  -56.333  24.003 0.5000000000
16218  50.156  -58.250  24.050 0.5000000000
18538  49.150  -55.452  24.681 0.4000000060
18542  40.362  -55.557  23.770 0.5000000000
16949  51.361  -57.001  24.086 0.6000000238
17744  41.115  -55.649  23.539 0.5000000000
16234  49.823  -57.716  22.658 0.5000000000
16236  47.640  -58.686  20.424 0.6000000238
139703  48.782  -54.331  24.611 0.4000000060
19411  46.988  -54.636  24.680 0.4000000060
17729  51.431  -56.544  24.485 0.4000000060
18557  38.499  -55.706  23.405 0.5000000000
16960  51.360  -56.802  23.554 0.5000000000
128802  39.775  -55.505  23.865 0.5000000000
18576  38.065  -56.179  22.501 0.5000000000
16235  49.112  -57.760  21.884 0.6000000238
16970  49.209  -57.158  21.459 0.6000000238
16246  47.713  -57.958  19.818 0.6000000238
17756  38.116  -56.954  21.355 0.5000000000
17757  37.324  -56.559  22.241 0.4000000060
16969  50.104  -57.157  22.399 0.5000000000
16961  50.675  -57.330  23.142 0.5000000000
17766  50.190  -56.482  22.165 0.6000000238
17767  48.801  -56.543  21.134 0.6000000238
16980  48.203  -57.213  20.474 0.6000000238
17775  47.795  -56.561  20.052 0.6000000238
128003  50.737  -55.503  24.591 0.4000000060
134447  49.985  -54.290  24.473 0.4000000060
17771  37.809  -57.788  20.508 0.5000000000
17772  37.154  -57.613  21.145 0.5000000000
16964  36.170  -57.700  21.526 0.4000000060
18592  39.054  -56.607  21.223 0.6000000238
129996  36.500  -56.933  22.257 0.4000000060
17751  51.811  -55.883  23.461 0.6000000238
18583  50.773  -55.655  22.514 0.6000000238
19431  50.106  -55.074  22.237 0.6000000238
119769  49.333  -55.774  21.668 0.6000000238
127539  48.143  -53.786  24.779 0.4000000060
16972  37.191  -58.133  20.258 0.5000000000
16973  36.461  -58.152  20.691 0.4000000060
16239  35.192  -58.535  21.098 0.4000000060
18535  52.691  -55.274  24.173 0.6000000238
125737  51.972  -55.528  24.528 0.4000000060
134245  52.669  -54.864  22.727 0.6000000238
17741  51.807  -56.278  23.854 0.6000000238
18567  51.883  -55.321  23.195 0.5000000000
19425  50.877  -54.322  22.343 0.6000000238
18568  51.512  -54.884  22.711 0.5000000000
132975  48.221  -55.459  21.131 0.6000000238
20219  47.681  -53.337  25.114 0.4000000060
125139  51.607  -54.595  24.557 0.4000000060
124660  37.063  -58.039  19.852 0.6000000238
16983  36.331  -58.117  20.198 0.5000000000
125270  34.851  -58.072  20.455 0.5000000000
133025  34.632  -58.683  20.847 0.5000000000
127987  53.042  -53.890  23.839 0.4000000060
19407  53.561  -54.134  23.390 0.5000000000
20249  52.953  -53.543  22.459 0.5000000000
20250  51.535  -53.543  22.312 0.5000000000
19426  49.451  -54.432  22.203 0.6000000238
19427  48.379  -54.447  21.998 0.6000000238
18585  47.297  -55.342  20.206 0.6000000238
21102  50.900  -52.727  25.039 0.4000000060
20231  49.060  -53.578  24.739 0.4000000060
21103  49.552  -52.869  25.124 0.4000000060
21104  48.463  -53.095  25.165 0.4000000060
18615  37.133  -56.137  19.430 0.6000000238
128144  49.999  -53.323  24.701 0.4000000060
17781  35.861  -56.766  20.001 0.6000000238
140158  34.546  -57.663  20.577 0.5000000000
119291  33.839  -58.247  20.555 0.4000000060
20229  52.465  -53.655  24.365 0.4000000060
20248  54.004  -53.483  22.679 0.5000000000
20251  50.088  -53.640  22.291 0.5000000000
20252  48.733  -53.820  22.297 0.6000000238
19433  47.642  -54.787  21.274 0.6000000238
20263  46.802  -54.274  21.171 0.6000000238
21088  50.501  -52.269  25.647 0.4000000060
17789  36.419  -56.422  19.590 0.6000000238
17782  35.289  -57.215  20.502 0.5000000000
16965  32.933  -57.695  21.156 0.5000000000
21101  52.457  -52.507  24.695 0.4000000060
21099  53.596  -52.666  23.789 0.4000000060
21111  53.838  -52.602  23.353 0.5000000000
21127  52.111  -52.754  22.495 0.5000000000
20253  47.485  -53.972  21.961 0.5000000000
21089  49.012  -52.452  25.675 0.4000000060
18606  35.721  -55.601  19.848 0.6000000238
18593  34.851  -55.804  20.945 0.5000000000
17759  34.231  -56.475  21.531 0.5000000000
133405  53.358  -52.916  22.683 0.5000000000
20239  50.674  -52.758  22.463 0.4000000060
20241  47.915  -53.234  22.717 0.4000000060
126179  46.589  -53.786  21.755 0.6000000238
21993  50.903  -51.653  27.134 0.4000000060
21087  52.078  -52.019  25.429 0.4000000060
19450  35.644  -54.499  20.034 0.6000000238
132763  52.520  -51.256  25.619 0.4000000060
20271  35.307  -53.660  20.351 0.5000000000
19451  35.255  -55.115  20.304 0.5000000000
18578  33.751  -55.982  22.369 0.4000000060
21113  51.314  -51.903  22.771 0.5000000000
22026  50.532  -51.329  23.409 0.5000000000
22027  49.173  -51.518  23.473 0.6000000238
20242  46.659  -53.259  22.544 0.4000000060
21140  45.500  -52.436  20.994 0.4000000060
21116  47.300  -52.394  23.347 0.5000000000
20272  34.832  -53.862  20.924 0.5000000000
19437  34.810  -54.806  20.901 0.6000000238
20258  34.860  -53.275  21.373 0.4000000060
21118  45.186  -52.369  22.910 0.5000000000
132672  47.517  -51.437  23.916 0.5000000000
21115  48.571  -52.297  23.049 0.5000000000
21117  46.144  -52.471  23.226 0.5000000000
22002  52.444  -51.089  26.023 0.4000000060
21130  44.727  -52.017  21.706 0.4000000060
22029  46.557  -51.788  23.932 0.5000000000
22033  43.148  -51.063  23.107 0.4000000060
22032  43.860  -50.870  23.161 0.4000000060
22042  43.592  -51.159  22.439 0.5000000000
22041  44.115  -51.361  22.232 0.5000000000
132569  44.940  -51.670  23.487 0.5000000000
21119  44.546  -51.759  22.752 0.5000000000
22030  45.640  -51.827  23.795 0.5000000000
22017  45.001  -51.172  24.300 0.5000000000
22031  44.357  -51.168  23.356 0.4000000060
17779  37.809  -57.781  19.881 0.6000000238
18555  40.100  -55.541  23.137 0.6000000238
17788  37.170  -57.287  19.562 0.6000000238
16215  41.799  -58.562  24.237 0.5000000000
20264  46.490  -53.983  20.072 0.6000000238
20265  46.104  -53.139  20.503 0.4000000060
18556  39.336  -55.632  23.280 0.5000000000
18574  39.626  -55.858  22.234 0.5000000000
18575  38.793  -56.122  22.308 0.5000000000
16229  35.428  -57.966  21.831 0.4000000060
18551  53.331  -54.582  23.123 0.6000000238
16248  35.285  -58.308  20.552 0.4000000060
20230  51.180  -53.468  24.642 0.4000000060
17780  36.481  -57.566  19.821 0.6000000238
16984  35.773  -57.808  20.245 0.5000000000
16250  33.570  -58.649  20.728 0.5000000000
16240  33.890  -58.967  20.983 0.5000000000
16976  32.891  -58.169  20.680 0.5000000000
18607  35.281  -56.107  20.293 0.5000000000
16975  33.844  -57.519  20.861 0.5000000000
17773  34.808  -56.832  20.878 0.5000000000
20240  49.269  -52.921  22.467 0.5000000000
17760  33.381  -56.953  21.810 0.5000000000
22025  52.061  -51.314  23.591 0.5000000000
138622  35.163  -54.316  20.438 0.6000000238
20254  45.926  -53.332  21.757 0.3000000119
5617  37.274  -75.942  24.038 0.3000000119
6245  37.036  -75.080  23.578 0.3000000119
6228  37.683  -75.162  24.120 0.3000000119
7285  36.990  -73.481  24.519 0.3000000119
7268  37.482  -73.235  25.272 0.3000000119
7270  36.030  -72.242  24.714 0.3000000119
7269  36.668  -72.653  25.103 0.3000000119
7757  39.344  -71.695  28.052 0.3000000119
126754  37.992  -73.042  26.091 0.3000000119
7784  36.500  -71.922  26.060 0.3000000119
7796  36.101  -71.862  25.390 0.3000000119
7768  38.414  -71.909  27.662 0.3000000119
8269  38.796  -70.501  29.196 0.3000000119
7758  38.284  -71.382  28.171 0.3000000119
7770  36.809  -71.267  27.515 0.4000000060
7771  36.100  -71.054  26.860 0.4000000060
8300  35.392  -70.410  27.480 0.4000000060
8301  34.544  -70.158  27.279 0.3000000119
140837  37.692  -69.357  30.187 0.3000000119
8859  37.132  -69.649  29.705 0.4000000060
8272  35.918  -69.901  28.901 0.4000000060
8299  36.191  -70.610  27.747 0.4000000060
9400  39.374  -68.736  30.916 0.3000000119
8288  34.832  -69.898  28.044 0.4000000060
9951  39.526  -67.292  31.531 0.4000000060
127816  38.699  -68.155  31.285 0.4000000060
121156  34.287  -69.386  27.644 0.4000000060
140695  34.097  -68.723  27.500 0.3000000119
9402  37.247  -68.468  30.764 0.4000000060
8839  37.094  -68.967  30.311 0.3000000119
8860  35.606  -69.294  29.396 0.4000000060
9952  38.269  -67.465  31.458 0.4000000060
9416  35.299  -68.597  29.429 0.5000000000
8861  35.084  -69.096  28.968 0.4000000060
11418  40.869  -66.394  20.874 0.5000000000
10569  38.795  -66.936  31.676 0.4000000060
8881  34.705  -69.247  28.406 0.4000000060
124003  38.331  -67.424  22.093 0.3000000119
122105  39.732  -66.942  22.127 0.4000000060
119627  35.164  -67.038  26.242 0.3000000119
15491  41.197  -59.054  24.533 0.4000000060
14118  43.363  -61.531  19.851 0.4000000060
14117  44.137  -61.325  19.758 0.4000000060
12750  42.280  -62.411  20.193 0.4000000060
9385  37.024  -67.934  30.968 0.4000000060
9403  36.584  -68.421  30.498 0.3000000119
138561  35.666  -68.874  29.813 0.5000000000
12745  42.520  -62.910  20.657 0.4000000060
12058  42.178  -64.477  20.724 0.4000000060
123917  38.117  -66.661  31.440 0.4000000060
10721  39.932  -67.135  21.192 0.4000000060
120427  34.560  -67.985  28.343 0.4000000060
11402  40.819  -66.033  22.217 0.5000000000
138090  34.241  -68.127  27.656 0.5000000000
10707  39.460  -66.515  23.091 0.4000000060
10032  37.523  -67.266  22.738 0.4000000060
139001  34.959  -67.197  26.887 0.3000000119
121401  38.009  -66.923  23.294 0.4000000060
16952  40.997  -56.979  24.684 0.4000000060
14805  45.144  -60.343  19.096 0.4000000060
9963  36.930  -67.337  30.863 0.4000000060
9964  36.361  -67.686  30.554 0.4000000060
12746  42.538  -63.812  20.921 0.4000000060
12053  41.964  -65.091  21.176 0.5000000000
10586  36.496  -66.949  30.394 0.4000000060
9975  35.826  -67.382  30.017 0.4000000060
11401  41.464  -65.483  21.845 0.5000000000
11298  37.606  -66.029  30.511 0.4000000060
10602  37.005  -66.296  29.883 0.4000000060
10603  36.130  -66.715  29.610 0.4000000060
10619  35.938  -66.681  28.614 0.5000000000
10635  35.523  -66.995  27.864 0.5000000000
141554  42.668  -63.753  21.592 0.4000000060
12046  41.707  -64.864  22.647 0.5000000000
141663  37.807  -65.459  30.279 0.4000000060
10658  35.603  -66.912  27.017 0.5000000000
11403  40.115  -66.332  22.710 0.4000000060
130236  36.003  -66.768  26.236 0.4000000060
124270  37.114  -66.616  25.022 0.4000000060
10692  37.769  -66.654  24.294 0.4000000060
10690  39.043  -66.460  23.755 0.4000000060
13418  43.731  -62.020  21.143 0.4000000060
14109  44.438  -61.564  21.751 0.3000000119
10617  37.249  -65.933  28.847 0.4000000060
10618  36.797  -66.214  28.170 0.4000000060
12735  42.993  -63.304  22.108 0.4000000060
134981  34.334  -58.794  21.408 0.4000000060
12686  38.432  -63.905  29.514 0.4000000060
11318  37.604  -65.756  29.585 0.4000000060
10633  36.991  -66.046  27.176 0.5000000000
10657  36.462  -66.450  26.646 0.5000000000
12045  42.063  -64.208  22.972 0.5000000000
12047  41.182  -65.291  22.964 0.4000000060
11999  38.482  -64.362  28.591 0.4000000060
10656  37.314  -66.215  26.087 0.4000000060
11391  40.444  -65.642  23.412 0.4000000060
11393  38.897  -66.243  24.653 0.4000000060
12039  40.189  -65.409  24.592 0.4000000060
14793  46.009  -60.789  21.152 0.4000000060
138634  43.851  -62.096  21.812 0.3000000119
11334  37.822  -65.516  28.622 0.4000000060
11351  38.178  -65.445  27.725 0.4000000060
13408  43.428  -62.762  22.709 0.3000000119
12010  38.756  -64.742  27.584 0.4000000060
132002  38.531  -65.415  27.073 0.4000000060
11369  37.882  -65.811  26.884 0.4000000060
11382  38.101  -66.043  26.013 0.5000000000
12692  39.177  -63.396  28.079 0.4000000060
12009  39.353  -63.852  27.405 0.4000000060
11367  39.283  -65.468  25.999 0.4000000060
11380  39.467  -65.740  25.106 0.4000000060
12038  40.795  -64.930  24.027 0.4000000060
15514  47.527  -59.494  21.078 0.4000000060
12022  39.080  -65.162  26.758 0.4000000060
7823  30.984  -71.454  23.206 0.3000000119
8283  39.594  -71.074  28.534 0.3000000119
8857  39.021  -69.899  29.770 0.3000000119
9383  39.496  -68.012  31.235 0.4000000060
11279  39.232  -65.650  31.703 0.4000000060
11281  37.874  -66.142  31.148 0.4000000060
117820  38.985  -64.878  31.508 0.4000000060
127856  38.305  -64.183  30.605 0.4000000060
138440  44.373  -61.614  22.548 0.3000000119
12693  38.782  -63.543  28.677 0.4000000060
132241  46.647  -60.474  21.615 0.4000000060
14104  44.316  -61.580  23.218 0.4000000060
14105  43.801  -62.163  23.315 0.4000000060
13373  40.399  -62.546  27.341 0.4000000060
12020  39.906  -64.146  26.664 0.4000000060
12029  40.306  -64.474  25.938 0.4000000060
12722  40.924  -64.027  25.458 0.4000000060
12730  41.792  -63.797  23.977 0.3000000119
12729  42.417  -63.476  23.422 0.4000000060
13385  40.727  -62.834  26.509 0.4000000060
11411  40.939  -66.354  21.266 0.4000000060
15505  47.795  -59.712  22.082 0.4000000060
6246  36.574  -74.913  23.201 0.3000000119
6767  37.759  -73.714  24.896 0.3000000119
7303  36.254  -73.304  23.651 0.3000000119
6810  31.107  -73.809  22.348 0.3000000119
7308  31.574  -72.222  23.294 0.3000000119
7256  37.212  -72.674  25.787 0.3000000119
8284  38.558  -71.014  28.623 0.3000000119
7769  37.551  -71.939  27.287 0.4000000060
7785  35.788  -71.253  25.952 0.4000000060
8285  37.657  -70.868  28.525 0.3000000119
8858  38.124  -69.865  29.745 0.3000000119
8286  36.868  -70.749  28.176 0.4000000060
8287  35.605  -70.123  28.230 0.4000000060
9399  40.316  -68.439  30.619 0.3000000119
138851  40.290  -66.404  31.637 0.4000000060
9976  35.497  -67.281  29.282 0.4000000060
9995  34.733  -67.458  27.556 0.5000000000
10677  35.999  -66.884  25.333 0.3000000119
9986  35.156  -67.365  28.483 0.5000000000
11297  37.972  -65.522  30.970 0.4000000060
11381  38.708  -65.947  25.566 0.4000000060
12731  41.235  -64.304  24.580 0.4000000060
16214  48.515  -58.733  24.398 0.4000000060
121895  47.740  -59.349  24.028 0.4000000060
16204  47.980  -58.286  25.325 0.4000000060
17713  49.670  -57.358  25.399 0.3000000119
16213  49.668  -58.354  24.571 0.5000000000
15497  48.083  -59.481  23.169 0.4000000060
15496  48.424  -59.121  22.663 0.4000000060
16879  42.372  -57.567  29.372 0.3000000119
16893  42.554  -57.538  28.581 0.3000000119
17718  44.152  -56.341  26.019 0.3000000119
18522  45.775  -55.919  25.288 0.3000000119
18540  46.606  -55.479  24.861 0.3000000119
16910  42.857  -57.367  27.888 0.3000000119
17700  42.856  -56.152  26.732 0.3000000119
18509  43.440  -55.799  26.174 0.3000000119
17663  42.034  -56.764  29.623 0.3000000119
138792  41.837  -56.445  28.560 0.3000000119
18541  45.700  -55.118  24.953 0.3000000119
19412  46.086  -54.545  24.809 0.3000000119
18499  42.168  -55.980  27.125 0.3000000119
134325  43.292  -54.949  26.083 0.3000000119
18523  44.985  -55.213  25.281 0.3000000119
19379  40.980  -54.878  27.832 0.3000000119
18511  42.009  -54.703  26.764 0.3000000119
20223  43.351  -53.486  26.036 0.3000000119
131965  41.937  -53.888  26.812 0.3000000119
21083  42.711  -52.874  26.518 0.3000000119
17675  41.438  -55.934  28.613 0.3000000119
20222  44.841  -53.590  25.390 0.3000000119
140641  45.472  -53.161  25.405 0.3000000119
21090  47.731  -52.678  25.640 0.3000000119
19386  40.854  -54.061  27.859 0.3000000119
135628  44.070  -53.763  25.641 0.3000000119
21079  46.283  -52.083  26.364 0.3000000119
21075  41.524  -52.755  27.462 0.3000000119
21082  43.582  -52.619  26.353 0.3000000119
21081  44.471  -52.333  26.320 0.3000000119
21998  44.844  -51.691  26.948 0.3000000119
22005  48.380  -52.112  26.266 0.3000000119
21091  46.677  -52.608  25.737 0.3000000119
21078  47.256  -52.108  26.318 0.3000000119
21994  49.684  -51.698  27.110 0.3000000119
22003  51.794  -51.671  26.316 0.3000000119
21980  50.913  -51.640  27.809 0.3000000119
21992  51.821  -51.312  26.820 0.3000000119
17714  48.742  -57.051  25.424 0.3000000119
16203  49.314  -58.141  25.089 0.4000000060
18539  47.705  -55.412  24.701 0.3000000119
121469  46.163  -53.191  25.299 0.3000000119
15489  47.730  -59.056  24.979 0.5000000000
130364  42.260  -56.845  28.192 0.3000000119
18524  44.079  -55.310  25.668 0.3000000119
17717  44.906  -56.170  25.579 0.3000000119
17715  46.801  -56.608  25.556 0.3000000119
17732  48.400  -56.314  25.042 0.3000000119
139829  42.911  -55.436  26.415 0.3000000119
17686  41.838  -56.131  27.881 0.3000000119
20221  45.687  -53.773  25.058 0.3000000119
141545  42.410  -54.220  26.481 0.3000000119
21074  42.258  -52.476  27.092 0.3000000119
131944  43.438  -51.756  27.389 0.3000000119
21093  44.993  -52.768  25.758 0.3000000119
21071  40.841  -53.166  28.093 0.3000000119
21080  45.369  -52.142  26.358 0.3000000119
13402  43.390  -62.572  23.608 0.3000000119
13392  43.259  -62.248  24.587 0.4000000060
14080  43.543  -61.347  26.227 0.4000000060
14088  43.009  -61.882  25.515 0.4000000060
138701  44.049  -61.734  23.700 0.3000000119
14079  44.314  -61.071  26.084 0.4000000060
14761  44.046  -60.712  26.927 0.3000000119
14099  43.823  -61.835  24.218 0.4000000060
14772  45.061  -60.602  25.865 0.4000000060
130747  46.065  -59.483  27.215 0.3000000119
14781  45.846  -60.398  24.253 0.3000000119
14098  45.113  -60.753  24.771 0.4000000060
15470  46.590  -59.493  26.869 0.4000000060
14786  46.550  -60.144  23.670 0.3000000119
14780  46.597  -59.802  24.906 0.4000000060
15481  47.395  -58.941  26.073 0.4000000060
14787  45.895  -60.832  22.949 0.3000000119
15498  47.235  -59.865  23.302 0.3000000119
14792  47.297  -60.101  22.297 0.3000000119
123170  46.649  -60.374  22.591 0.3000000119
14771  46.034  -60.106  25.722 0.4000000060
126748  44.397  -61.216  25.064 0.4000000060
9962  40.904  -67.779  30.822 0.3000000119
12713  41.177  -63.232  25.768 0.3000000119
11317  44.362  -66.161  28.874 0.3000000119
10582  43.507  -66.205  29.354 0.3000000119
10584  41.795  -66.719  30.526 0.3000000119
9950  40.385  -67.047  31.414 0.3000000119
13393  42.637  -62.568  24.964 0.3000000119
12714  40.512  -63.665  26.220 0.3000000119
11956  44.439  -64.697  30.309 0.3000000119
121534  42.948  -65.585  30.256 0.3000000119
11977  43.621  -65.067  30.206 0.3000000119
11277  41.254  -65.378  31.475 0.3000000119
13383  42.261  -62.149  25.795 0.3000000119
13326  47.152  -63.273  31.564 0.3000000119
12659  44.508  -63.763  31.085 0.3000000119
131002  45.645  -63.790  31.068 0.3000000119
11295  42.161  -65.075  31.040 0.3000000119
136190  43.383  -64.246  31.003 0.3000000119
11959  40.512  -64.791  31.786 0.3000000119
13327  45.135  -62.978  31.623 0.3000000119
13328  44.258  -63.126  31.697 0.3000000119
11957  42.313  -64.360  31.294 0.3000000119
12660  43.570  -63.430  31.624 0.3000000119
11960  39.462  -64.195  31.801 0.3000000119
11961  38.860  -64.023  31.429 0.3000000119
13350  38.824  -63.119  29.498 0.3000000119
13308  47.602  -62.710  32.159 0.3000000119
137307  40.022  -64.288  32.006 0.3000000119
12662  41.624  -63.835  31.738 0.3000000119
131960  39.442  -63.615  31.744 0.3000000119
13384  41.504  -62.487  26.156 0.3000000119
13310  44.946  -62.201  32.240 0.3000000119
13309  46.208  -62.507  32.067 0.3000000119
13311  43.706  -62.798  32.042 0.3000000119
12661  42.570  -63.579  31.708 0.3000000119
11945  39.998  -63.609  32.012 0.3000000119
13339  38.944  -62.849  30.358 0.3000000119
13361  40.043  -62.239  28.167 0.3000000119
13372  41.106  -62.122  26.944 0.3000000119
14068  43.186  -60.876  26.999 0.3000000119
12721  41.631  -63.619  24.999 0.3000000119
13312  42.982  -62.275  32.370 0.3000000119
12643  40.744  -63.207  32.002 0.3000000119
12664  39.283  -63.194  31.458 0.3000000119
14062  39.640  -61.828  28.981 0.3000000119
11296  42.066  -65.956  30.910 0.3000000119
11294  43.786  -65.701  29.601 0.3000000119
10583  42.638  -66.393  29.979 0.3000000119
5635  36.242  -75.177  22.902 0.3000000119
6782  38.114  -74.358  24.659 0.3000000119
6783  37.343  -74.125  24.238 0.3000000119
6795  37.061  -74.463  23.733 0.3000000119
6796  36.311  -73.788  23.331 0.3000000119
7286  36.436  -73.019  24.222 0.3000000119
7287  35.937  -72.576  23.946 0.3000000119
7759  37.585  -71.334  27.911 0.3000000119
7783  37.383  -72.403  26.541 0.4000000060
8270  37.837  -70.389  29.158 0.3000000119
8271  36.836  -70.240  28.936 0.4000000060
8308  35.212  -70.681  26.627 0.4000000060
8309  34.348  -70.410  26.465 0.3000000119
8836  39.928  -69.083  30.254 0.3000000119
8837  39.179  -69.351  30.416 0.3000000119
8838  38.369  -69.394  30.354 0.3000000119
8840  36.204  -69.093  30.013 0.3000000119
8880  35.232  -69.595  28.694 0.4000000060
9382  40.140  -67.748  31.198 0.4000000060
9384  37.815  -68.200  31.187 0.4000000060
9401  38.516  -68.879  30.958 0.4000000060
9404  35.795  -68.296  30.106 0.5000000000
9429  34.813  -68.599  28.722 0.5000000000
9438  34.371  -68.646  28.097 0.3000000119
9949  41.178  -67.107  30.955 0.3000000119
9953  37.555  -67.406  31.219 0.4000000060
9987  35.056  -67.947  29.018 0.4000000060
10004  34.472  -67.434  26.676 0.3000000119
10044  39.196  -67.388  20.909 0.5000000000
10567  41.075  -66.367  31.406 0.3000000119
10568  39.558  -66.470  31.710 0.4000000060
10585  37.327  -66.709  30.927 0.4000000060
10634  36.225  -66.513  27.579 0.5000000000
10675  38.065  -66.384  25.141 0.4000000060
10676  36.603  -66.588  25.873 0.4000000060
10691  38.408  -66.561  24.016 0.4000000060
10708  38.875  -66.914  22.841 0.4000000060
10722  39.167  -67.366  21.548 0.3000000119
10730  39.894  -67.091  20.913 0.5000000000
10731  39.132  -67.262  20.787 0.5000000000
10736  39.633  -66.866  20.672 0.5000000000
11278  40.214  -65.724  31.767 0.4000000060
11280  38.427  -65.716  31.405 0.4000000060
11316  44.621  -65.561  29.437 0.3000000119
11333  38.292  -65.062  28.391 0.4000000060
11352  37.495  -65.799  27.870 0.4000000060
11368  38.586  -65.658  26.378 0.5000000000
11392  39.650  -66.027  23.941 0.4000000060
11412  40.437  -66.716  21.602 0.5000000000
11417  41.319  -65.792  21.027 0.5000000000
11426  41.152  -65.769  20.653 0.5000000000
11429  39.124  -66.152  20.422 0.5000000000
11944  40.715  -63.964  31.955 0.3000000119
11958  41.416  -64.552  31.561 0.3000000119
11978  42.828  -64.821  30.690 0.3000000119
11979  38.029  -64.973  30.580 0.4000000060
12021  39.692  -64.865  26.356 0.4000000060
12030  39.972  -65.172  25.572 0.4000000060
12037  41.458  -64.530  23.536 0.4000000060
12052  42.124  -64.692  22.009 0.5000000000
12059  41.637  -65.177  20.642 0.4000000060
12066  41.205  -65.182  20.290 0.6000000238
12641  43.060  -63.024  32.015 0.3000000119
12677  45.350  -64.464  30.423 0.3000000119
12678  38.791  -63.397  30.991 0.3000000119
12703  40.080  -63.323  26.965 0.4000000060
12704  38.834  -63.936  28.015 0.4000000060
12720  42.222  -63.181  24.472 0.3000000119
12736  42.545  -63.837  22.299 0.4000000060
12740  42.846  -63.221  21.323 0.4000000060
12747  39.531  -63.580  20.903 0.5000000000
12751  42.042  -63.438  20.453 0.6000000238
12753  40.913  -64.096  20.224 0.5000000000
12755  39.097  -64.335  20.763 0.5000000000
13329  39.165  -62.648  31.089 0.3000000119
13362  39.315  -62.761  28.663 0.3000000119
13374  39.727  -63.012  27.760 0.4000000060
13394  41.932  -62.880  25.364 0.3000000119
13403  42.866  -62.884  23.988 0.3000000119
13407  43.917  -62.095  22.470 0.3000000119
13409  43.000  -63.176  22.983 0.5000000000
13414  43.435  -62.673  21.781 0.3000000119
13419  43.136  -62.540  20.815 0.4000000060
13421  39.148  -63.208  21.492 0.5000000000
13422  43.503  -61.833  20.252 0.5000000000
13423  42.863  -62.184  20.142 0.4000000060
13424  41.630  -62.555  20.309 0.4000000060
13425  40.693  -62.650  20.563 0.4000000060
13999  46.892  -61.876  32.901 0.3000000119
14081  42.699  -61.530  26.379 0.4000000060
14082  41.856  -61.749  26.591 0.3000000119
14087  43.712  -61.600  25.275 0.4000000060
14097  45.066  -61.023  23.647 0.3000000119
14108  44.901  -61.256  22.674 0.4000000060
14114  41.497  -61.711  20.658 0.4000000060
14120  41.627  -62.061  20.248 0.4000000060
14121  44.733  -60.839  19.453 0.5000000000
14122  43.940  -61.045  19.518 0.4000000060
14124  42.959  -61.448  19.842 0.4000000060
14759  45.693  -60.027  26.680 0.3000000119
14760  44.874  -60.467  26.830 0.3000000119
14770  46.935  -59.461  26.142 0.4000000060
14791  47.173  -60.229  21.302 0.4000000060
14794  41.565  -61.164  21.475 0.4000000060
14796  46.504  -60.581  20.684 0.4000000060
14797  45.797  -60.839  20.232 0.5000000000
14798  42.494  -61.011  20.421 0.4000000060
14806  44.092  -60.406  19.359 0.6000000238
15490  47.177  -59.603  24.360 0.3000000119
15513  48.108  -59.049  21.980 0.6000000238
15516  42.843  -60.136  21.099 0.4000000060
15522  46.635  -60.036  19.396 0.5000000000
15524  43.715  -60.186  19.503 0.4000000060
15527  46.294  -59.551  18.731 0.6999999881
15530  46.097  -58.815  18.399 0.6999999881
16212  50.374  -58.061  24.742 0.5000000000
16220  42.818  -58.283  23.276 0.6000000238
16226  48.985  -58.430  22.488 0.4000000060
16228  43.235  -58.660  22.561 0.6000000238
16238  35.824  -58.267  20.639 0.4000000060
16245  48.290  -57.816  20.928 0.6000000238
16249  34.360  -58.510  20.692 0.5000000000
16255  45.059  -59.503  18.929 0.6999999881
16256  46.792  -57.908  18.367 0.6999999881
16258  46.298  -57.974  18.278 0.6999999881
16938  50.076  -57.803  25.303 0.6000000238
16939  48.828  -57.725  25.445 0.3000000119
16951  42.261  -57.904  23.925 0.5000000000
16954  50.821  -57.626  23.959 0.6000000238
16974  35.842  -58.268  21.066 0.4000000060
16981  47.561  -57.247  19.417 0.6000000238
16985  47.125  -57.194  18.683 0.6999999881
16987  45.996  -57.334  18.482 0.6000000238
17674  42.116  -56.909  28.887 0.3000000119
17685  42.513  -56.622  27.462 0.3000000119
17728  52.269  -55.832  24.069 0.6000000238
17731  49.557  -56.744  25.233 0.4000000060
17733  47.433  -56.115  24.992 0.3000000119
17750  52.302  -55.574  23.605 0.6000000238
17752  51.095  -56.686  22.954 0.5000000000
17754  44.111  -56.454  22.224 0.8000000119
17765  51.327  -56.081  22.939 0.5000000000
17778  38.523  -57.058  19.783 0.6999999881
17783  46.870  -56.327  18.811 0.6999999881
18500  41.650  -55.328  27.292 0.3000000119
18510  42.327  -55.427  26.730 0.3000000119
18534  53.146  -54.765  23.700 0.6000000238
18536  51.185  -56.313  24.632 0.4000000060
18552  52.839  -55.188  23.616 0.6000000238
18566  52.772  -55.123  23.046 0.6000000238
18613  38.632  -55.334  19.198 0.6999999881
18614  37.918  -55.676  19.378 0.6999999881
19385  41.431  -54.391  27.288 0.3000000119
19393  42.651  -54.812  26.417 0.3000000119
19399  45.258  -54.410  25.084 0.3000000119
19400  44.452  -54.398  25.419 0.3000000119
19401  43.674  -54.323  25.768 0.3000000119
19402  42.964  -54.202  26.138 0.3000000119
19408  53.114  -54.485  23.805 0.4000000060
19409  52.631  -54.725  24.301 0.4000000060
19410  47.958  -54.594  24.626 0.4000000060
19422  53.905  -53.972  22.839 0.5000000000
19423  53.363  -54.336  22.637 0.5000000000
19424  52.292  -54.285  22.538 0.5000000000
19432  48.794  -55.047  21.885 0.6000000238
19440  46.678  -54.671  19.452 0.6999999881
19442  43.728  -54.518  19.113 0.6000000238
19462  44.577  -54.002  18.345 0.6000000238
20212  41.381  -53.511  27.339 0.3000000119
20215  42.533  -53.597  26.424 0.3000000119
20216  41.970  -53.104  26.816 0.3000000119
20220  46.982  -53.250  25.218 0.3000000119
20227  53.541  -53.551  23.632 0.5000000000
20228  53.346  -52.954  24.110 0.4000000060
20232  46.500  -53.870  24.860 0.3000000119
20238  54.030  -53.371  23.160 0.5000000000
20287  45.417  -53.146  18.522 0.5000000000
20288  44.604  -53.488  18.331 0.6000000238
21070  41.253  -52.405  28.244 0.3000000119
21092  45.807  -52.630  25.787 0.3000000119
21094  44.191  -53.083  25.858 0.3000000119
21112  52.693  -52.176  23.132 0.5000000000
21114  49.880  -52.099  22.907 0.6000000238
21128  45.805  -52.884  22.547 0.3000000119
21129  45.295  -52.782  22.065 0.4000000060
21150  43.495  -51.617  19.389 0.6000000238
21154  44.985  -52.201  18.736 0.5000000000
21159  43.877  -53.165  18.151 0.5000000000
21986  44.205  -51.473  27.693 0.3000000119
21987  42.726  -51.922  27.564 0.3000000119
21999  43.919  -51.904  26.866 0.3000000119
22000  43.069  -52.228  26.902 0.3000000119
22004  49.851  -51.871  26.345 0.4000000060
22028  48.176  -51.696  23.528 0.5000000000
22047  35.293  -51.964  21.405 0.4000000060
120595  42.780  -61.322  19.927 0.4000000060
120994  47.326  -53.905  24.791 0.4000000060
121227  47.206  -59.350  25.355 0.5000000000
122142  41.421  -60.137  23.210 0.4000000060
122258  44.672  -58.604  19.650 0.5000000000
122617  40.635  -64.785  25.103 0.4000000060
122722  44.539  -60.511  19.299 0.4000000060
123214  36.288  -69.651  29.443 0.4000000060
123884  41.304  -55.521  28.018 0.3000000119
126205  43.727  -51.242  21.504 0.6000000238
126290  38.771  -66.286  31.656 0.4000000060
126909  36.686  -74.350  23.401 0.3000000119
127530  42.452  -64.369  21.371 0.4000000060
128255  49.121  -58.613  23.532 0.5000000000
128381  39.709  -64.921  31.787 0.3000000119
129969  39.435  -72.269  27.466 0.3000000119
130544  44.476  -56.994  21.708 0.6999999881
130971  36.809  -71.772  26.901 0.3000000119
131441  38.414  -64.885  31.131 0.4000000060
131474  41.794  -57.967  24.339 0.5000000000
131577  41.721  -57.325  24.315 0.5000000000
131699  51.937  -55.889  24.415 0.4000000060
131886  38.015  -64.899  29.532 0.4000000060
132062  38.618  -63.478  30.227 0.3000000119
132172  45.403  -60.977  21.885 0.3000000119
132931  42.399  -60.109  22.024 0.4000000060
133372  47.801  -56.785  25.471 0.3000000119
133598  35.400  -67.883  29.639 0.4000000060
134586  44.030  -51.237  19.805 0.6000000238
134976  44.759  -59.326  19.152 0.4000000060
135486  39.357  -64.570  26.944 0.4000000060
135630  44.424  -61.327  24.100 0.4000000060
137493  46.137  -63.223  31.458 0.3000000119
137627  36.299  -70.312  28.368 0.4000000060
137910  46.379  -53.764  21.136 0.6000000238
138234  37.773  -68.898  30.704 0.4000000060
138285  49.989  -58.163  25.085 0.5000000000
138300  36.627  -66.310  29.038 0.4000000060
139213  44.398  -62.633  31.984 0.3000000119
140319  46.156  -60.673  21.984 0.4000000060
141109  46.847  -59.370  19.129 0.6999999881
141130  41.165  -63.512  31.922 0.3000000119
141300  38.917  -67.556  31.519 0.4000000060
