#!ascii label  , from subject sub-08 vox2ras=TkReg
1399
4481  22.335  -78.319  27.320 0.5000000000
7206  25.457  -72.262  30.637 0.6000000238
7728  25.523  -71.461  31.009 0.6000000238
7730  23.450  -71.284  31.402 0.6000000238
132124  24.942  -70.979  31.050 0.6999999881
8246  23.811  -70.557  31.650 0.6000000238
8243  26.465  -70.909  31.792 0.6999999881
8245  24.659  -70.584  31.563 0.6000000238
5666  16.743  -75.450  21.274 0.5000000000
5117  18.342  -76.797  18.898 0.6000000238
5104  18.030  -76.339  19.365 0.6000000238
5678  16.906  -75.876  20.346 0.5000000000
4043  20.196  -78.699  18.784 0.5000000000
4590  19.009  -77.490  18.686 0.4000000060
5118  17.577  -76.866  18.936 0.5000000000
5105  17.161  -76.355  19.467 0.6000000238
5554  20.015  -75.226  29.031 0.5000000000
4557  22.993  -78.007  22.831 0.4000000060
6152  20.765  -75.071  29.625 0.5000000000
5540  19.451  -74.926  29.784 0.5000000000
6135  22.130  -73.986  29.925 0.6000000238
6674  23.289  -73.177  30.105 0.6000000238
134152  26.062  -72.501  30.205 0.6000000238
7205  26.857  -72.331  30.080 0.6999999881
7207  24.589  -72.549  30.586 0.6000000238
7741  26.307  -71.860  30.694 0.6999999881
8256  28.449  -70.748  30.659 0.6000000238
8257  27.708  -71.177  31.039 0.6999999881
8255  29.080  -70.245  30.196 0.6000000238
8240  28.933  -70.139  31.195 0.6000000238
8242  27.342  -70.844  31.780 0.6999999881
8841  29.432  -69.515  30.790 0.6999999881
8229  23.391  -69.925  32.059 0.6000000238
5640  17.279  -75.233  22.949 0.5000000000
5665  17.730  -75.359  20.913 0.6000000238
122607  17.454  -75.109  21.865 0.5000000000
5116  19.842  -76.887  18.791 0.6000000238
5102  19.902  -76.357  19.378 0.6999999881
5677  17.644  -75.968  20.046 0.6000000238
4026  20.570  -79.217  19.544 0.4000000060
6717  22.108  -73.881  28.157 0.5000000000
126655  20.940  -74.899  28.787 0.5000000000
4515  23.287  -77.115  25.496 0.5000000000
139632  21.632  -74.319  28.668 0.5000000000
6713  24.963  -73.528  28.725 0.6999999881
6715  23.362  -73.427  28.555 0.6000000238
6690  25.906  -73.302  28.991 0.6999999881
136950  24.453  -73.422  29.360 0.6000000238
6692  23.702  -73.395  29.373 0.6000000238
7219  26.362  -72.790  29.597 0.6999999881
6691  25.280  -73.125  29.873 0.6000000238
7218  27.225  -72.456  29.389 0.6999999881
8274  28.565  -70.779  29.607 0.6000000238
7747  27.581  -71.891  29.697 0.6000000238
8862  29.483  -69.554  29.749 0.6000000238
7739  27.998  -71.332  30.102 0.6000000238
9418  29.836  -68.833  29.384 0.6000000238
9406  29.809  -68.812  30.344 0.6999999881
8813  25.623  -69.727  32.622 0.6999999881
8816  23.042  -69.117  32.268 0.5000000000
8825  28.568  -69.841  31.991 0.6999999881
8224  27.754  -70.180  32.243 0.6999999881
8228  24.300  -69.949  32.051 0.6000000238
6269  19.841  -74.978  22.241 0.5000000000
6271  18.246  -75.129  22.666 0.5000000000
6252  18.975  -74.922  23.396 0.5000000000
5663  19.597  -75.652  21.176 0.6999999881
118805  18.450  -75.186  21.711 0.6000000238
5115  20.625  -76.674  18.893 0.5000000000
130229  20.581  -76.323  19.494 0.6999999881
5674  20.083  -76.100  20.362 0.6999999881
5675  19.261  -76.081  20.262 0.6000000238
5664  18.757  -75.518  21.026 0.6000000238
4041  22.122  -78.816  19.148 0.4000000060
4042  21.140  -78.516  18.867 0.4000000060
4589  20.511  -77.612  18.583 0.5000000000
6736  21.794  -73.929  27.367 0.5000000000
6733  23.973  -73.231  27.162 0.5000000000
6735  22.708  -73.472  27.489 0.5000000000
123901  23.197  -73.370  27.852 0.5000000000
6712  26.397  -73.441  28.309 0.6000000238
121269  23.688  -73.371  27.834 0.5000000000
7232  27.344  -73.104  28.321 0.6999999881
7772  28.491  -71.246  27.749 0.6000000238
7231  28.003  -72.128  28.221 0.6999999881
125814  27.502  -72.508  28.836 0.6999999881
8302  28.967  -69.886  27.468 0.6000000238
8303  28.657  -70.597  27.973 0.6000000238
7761  27.823  -71.895  28.947 0.6999999881
9997  29.829  -67.080  27.807 0.6999999881
8289  28.981  -70.139  28.246 0.6000000238
8290  28.590  -70.740  28.669 0.6000000238
11337  30.640  -65.863  28.671 0.6000000238
9988  30.167  -67.187  28.642 0.6999999881
9417  30.109  -68.048  29.010 0.6999999881
11994  32.006  -64.803  29.391 0.6000000238
10604  30.481  -66.475  29.101 0.6000000238
9374  23.596  -68.397  32.613 0.6000000238
9977  30.409  -67.312  29.512 0.6999999881
8811  27.264  -69.614  32.703 0.6999999881
9373  24.330  -68.627  32.717 0.6000000238
11981  32.641  -64.545  30.075 0.6999999881
11320  30.817  -65.773  29.543 0.6000000238
9965  30.497  -67.415  30.409 0.8000000119
9405  30.086  -68.107  30.838 0.6999999881
8824  29.228  -69.381  31.694 0.6999999881
8809  28.909  -69.137  32.439 0.6999999881
6251  19.867  -74.669  23.081 0.6000000238
5661  21.331  -75.663  21.264 0.6999999881
5662  20.398  -75.621  21.258 0.6999999881
5651  19.337  -75.273  21.729 0.6000000238
5101  21.412  -76.493  19.183 0.5000000000
5673  20.916  -76.091  20.330 0.6999999881
136619  21.861  -77.946  18.692 0.5000000000
6759  21.386  -73.999  26.518 0.5000000000
6198  20.592  -74.122  25.924 0.5000000000
6757  23.091  -73.214  26.619 0.5000000000
6732  24.731  -73.428  27.260 0.6000000238
6753  27.235  -73.394  26.816 0.6000000238
6730  26.844  -73.512  27.546 0.6999999881
133765  25.052  -73.559  27.932 0.6999999881
7245  28.397  -72.194  27.182 0.6999999881
7246  27.794  -73.053  27.461 0.6999999881
8895  28.908  -69.205  26.809 0.6000000238
8312  28.827  -70.497  27.358 0.6000000238
10659  29.596  -66.295  26.492 0.6999999881
10637  29.383  -66.907  27.019 0.6999999881
126115  28.921  -68.276  26.912 0.6999999881
9938  25.470  -67.337  33.057 0.6000000238
11355  30.942  -65.641  27.274 0.6000000238
10636  29.984  -66.490  27.393 0.6999999881
9440  29.374  -68.520  27.694 0.6999999881
12696  34.153  -63.496  29.051 0.6000000238
12001  32.204  -64.789  28.535 0.6000000238
126499  33.086  -64.522  28.211 0.6000000238
11336  30.949  -65.451  28.269 0.6000000238
11356  30.498  -65.987  27.832 0.6999999881
9367  25.701  -68.063  33.226 0.6000000238
11993  33.009  -64.520  29.202 0.6000000238
12002  31.438  -65.084  28.778 0.6000000238
135014  29.546  -67.866  32.503 0.6999999881
139321  27.899  -68.368  33.146 0.6000000238
8804  26.724  -68.863  33.070 0.6999999881
8805  25.756  -68.965  33.020 0.6000000238
11992  33.732  -63.907  29.492 0.5000000000
11980  33.296  -64.231  29.945 0.6000000238
11982  31.849  -64.981  30.294 0.8000000119
11299  31.498  -65.526  30.880 0.8000000119
10587  31.174  -66.168  31.351 0.8000000119
9386  29.886  -68.034  31.740 0.8000000119
122691  29.445  -68.645  32.169 0.6999999881
8802  28.413  -68.757  32.890 0.6999999881
11300  30.994  -66.000  30.449 0.8000000119
10588  30.810  -66.762  30.883 0.8000000119
5650  20.040  -75.162  21.845 0.6999999881
6268  20.359  -74.760  22.498 0.6999999881
6250  20.276  -74.143  23.992 0.6999999881
127280  19.537  -74.506  23.927 0.6000000238
5660  22.337  -75.770  21.270 0.6999999881
6235  20.423  -74.010  24.744 0.6000000238
5088  22.828  -76.198  20.292 0.6000000238
6217  20.048  -74.174  25.364 0.5000000000
138981  21.275  -73.886  25.794 0.5000000000
12648  24.735  -63.398  32.244 0.6000000238
6758  22.201  -73.605  26.025 0.5000000000
11949  25.399  -64.195  31.740 0.5000000000
7262  23.650  -72.969  26.174 0.5000000000
132013  25.897  -64.291  32.222 0.6000000238
7259  25.818  -73.209  25.896 0.6999999881
6755  24.336  -73.100  26.575 0.6000000238
7257  28.484  -71.993  26.184 0.6999999881
6754  26.308  -73.533  26.716 0.6999999881
11249  26.720  -65.433  33.162 0.6000000238
118871  28.930  -69.882  26.912 0.6999999881
8311  29.036  -70.483  26.522 0.6000000238
10679  29.702  -65.974  25.749 0.6999999881
119762  28.757  -67.553  26.199 0.6999999881
125743  26.783  -66.977  33.344 0.6000000238
10544  26.501  -66.184  33.086 0.6000000238
122808  30.314  -66.114  27.050 0.6000000238
10006  29.001  -67.397  26.771 0.6999999881
127649  27.691  -66.763  33.460 0.6000000238
10554  25.432  -66.706  32.601 0.6000000238
12012  33.266  -64.572  27.325 0.6000000238
12013  32.432  -64.907  27.664 0.6000000238
10541  29.115  -66.839  33.287 0.6999999881
9930  27.599  -67.685  33.356 0.6000000238
9931  26.102  -67.435  33.239 0.6000000238
12695  34.422  -63.666  28.364 0.6000000238
11947  31.907  -64.882  32.311 0.6000000238
11264  31.377  -65.460  32.725 0.6000000238
10553  30.375  -66.628  32.647 0.6999999881
9928  29.111  -67.639  33.056 0.6000000238
9365  27.289  -68.361  33.211 0.6000000238
11946  32.477  -64.378  31.896 0.6000000238
10552  31.084  -66.163  32.281 0.8000000119
11963  32.529  -64.511  30.950 0.6000000238
11282  31.569  -65.557  31.807 0.6999999881
9936  30.116  -67.316  32.167 0.8000000119
5648  21.890  -75.234  22.074 0.6999999881
6267  21.584  -74.671  22.662 0.6999999881
6249  21.363  -74.285  23.277 0.6999999881
6803  21.037  -73.918  23.993 0.6000000238
6788  20.979  -73.816  24.713 0.6000000238
13297  24.590  -62.495  33.495 0.6000000238
13318  23.287  -62.796  32.808 0.6000000238
13296  25.523  -62.599  33.408 0.6000000238
13317  24.164  -62.938  32.907 0.6000000238
6773  22.428  -73.497  25.219 0.6000000238
12635  25.938  -63.250  32.930 0.5000000000
7273  26.412  -72.924  25.105 0.6999999881
7260  24.804  -72.959  25.931 0.6999999881
12634  26.698  -63.556  33.220 0.4000000060
12647  25.549  -63.642  32.364 0.5000000000
7801  28.571  -71.850  25.140 0.6999999881
7272  27.466  -72.802  25.274 0.8000000119
124116  27.151  -64.159  33.446 0.5000000000
122632  29.152  -70.484  25.663 0.6000000238
6771  26.914  -73.253  26.010 0.6999999881
133851  27.460  -64.691  33.608 0.6000000238
8908  28.773  -68.565  26.133 0.6999999881
116990  28.996  -69.622  26.076 0.6999999881
11247  28.366  -65.671  33.754 0.6999999881
11248  27.443  -65.370  33.556 0.6000000238
11386  30.470  -65.778  25.495 0.6999999881
10680  29.096  -66.203  25.616 0.6999999881
11929  30.419  -64.667  33.938 0.5000000000
134010  27.805  -66.071  33.564 0.6000000238
11370  33.022  -65.273  25.919 0.6000000238
11371  32.132  -65.423  26.191 0.6000000238
11372  31.182  -65.618  26.326 0.6999999881
118848  29.045  -66.214  33.603 0.6999999881
12024  33.513  -64.724  26.446 0.6000000238
11354  31.832  -65.325  27.056 0.6000000238
11244  30.949  -65.163  33.447 0.5000000000
11245  30.189  -65.488  33.739 0.6000000238
12011  33.899  -64.194  27.857 0.6000000238
12646  32.968  -63.694  32.374 0.6000000238
11927  32.307  -64.190  32.928 0.5000000000
11265  30.714  -65.947  33.134 0.6999999881
12665  33.606  -63.337  31.846 0.6000000238
6266  22.583  -74.806  22.681 0.6999999881
6248  22.282  -74.397  23.280 0.6999999881
6802  21.957  -73.964  23.907 0.6000000238
6786  22.644  -73.629  24.472 0.6000000238
13985  24.203  -61.841  33.949 0.4000000060
13299  22.794  -62.184  33.292 0.5000000000
6772  23.266  -73.242  25.025 0.6000000238
13284  26.010  -62.014  33.787 0.5000000000
13319  22.415  -62.541  32.504 0.6000000238
7294  24.416  -72.734  24.686 0.6999999881
7292  25.878  -72.584  24.316 0.6999999881
7276  23.876  -72.852  25.468 0.6000000238
13295  26.382  -62.773  33.427 0.5000000000
7290  28.028  -72.392  24.548 0.6999999881
12614  28.162  -63.559  34.146 0.4000000060
119485  29.253  -66.841  23.898 0.6999999881
9464  29.053  -68.327  24.340 0.6999999881
8930  29.032  -69.284  24.401 0.6999999881
134828  27.920  -64.293  33.901 0.6000000238
11396  31.374  -65.783  24.294 0.6999999881
10712  30.011  -66.207  24.031 0.6999999881
9454  28.849  -67.892  25.377 0.6999999881
8321  29.163  -69.947  24.999 0.6999999881
11911  28.861  -64.147  34.167 0.5000000000
126911  27.949  -64.986  33.818 0.5000000000
124039  31.858  -65.579  24.850 0.6000000238
136762  31.101  -65.700  24.977 0.6999999881
10696  29.537  -65.938  24.979 0.6999999881
119422  28.808  -66.826  25.526 0.6999999881
11910  29.801  -64.009  34.213 0.5000000000
12031  34.225  -64.310  26.040 0.5000000000
11383  33.167  -65.253  25.074 0.6000000238
11385  31.495  -65.581  25.545 0.6000000238
6247  23.286  -74.413  23.209 0.6999999881
6800  23.972  -73.712  23.510 0.6999999881
13966  23.974  -61.029  34.014 0.4000000060
6799  24.750  -73.057  23.249 0.6999999881
6785  23.513  -73.423  24.269 0.6999999881
13987  22.488  -61.318  33.481 0.4000000060
120781  24.863  -72.592  23.861 0.6999999881
14009  21.946  -61.851  32.965 0.6000000238
7310  27.770  -72.069  23.541 0.8000000119
120244  25.559  -72.484  23.651 0.6999999881
8343  28.615  -70.629  22.958 0.6000000238
7814  28.528  -71.760  24.084 0.6000000238
14025  20.380  -61.545  31.151 0.6000000238
125703  29.100  -67.636  23.486 0.6999999881
8940  29.114  -69.009  23.467 0.6999999881
8332  29.021  -70.156  23.852 0.6000000238
10713  29.686  -66.631  23.178 0.6000000238
11406  31.760  -65.756  23.332 0.6000000238
14051  19.323  -61.442  28.899 0.5000000000
132732  32.592  -65.434  24.708 0.6000000238
11395  32.252  -65.558  24.110 0.6999999881
127242  33.746  -64.674  24.576 0.5000000000
7312  25.347  -72.608  22.994 0.6999999881
14687  22.273  -60.367  33.496 0.4000000060
7311  26.781  -72.110  23.098 0.8000000119
13988  21.684  -60.973  33.205 0.5000000000
14011  20.449  -60.974  32.078 0.4000000060
14688  21.568  -60.200  33.253 0.4000000060
7825  28.235  -71.385  23.176 0.6999999881
14709  19.903  -60.218  31.766 0.4000000060
14024  20.941  -61.751  31.802 0.5000000000
11415  30.749  -66.117  22.159 0.6000000238
10037  29.216  -67.125  22.713 0.6000000238
135689  28.976  -68.234  22.862 0.6999999881
15407  19.574  -59.574  31.330 0.4000000060
125237  32.458  -65.505  22.517 0.6000000238
11407  30.834  -66.044  23.734 0.6000000238
14720  18.864  -60.106  30.026 0.4000000060
14026  19.644  -61.031  30.809 0.6000000238
11394  33.117  -65.156  24.087 0.6000000238
133628  34.389  -64.153  24.150 0.5000000000
12040  35.010  -63.709  23.780 0.5000000000
15376  21.941  -59.527  33.323 0.4000000060
7827  26.633  -71.974  22.404 0.8000000119
15391  21.137  -59.618  32.869 0.4000000060
7826  27.382  -71.589  22.536 0.6999999881
15392  20.664  -59.354  32.317 0.4000000060
9483  28.641  -68.307  21.988 0.6000000238
8342  28.921  -69.739  22.755 0.6999999881
10723  29.994  -66.386  22.109 0.6000000238
131162  28.873  -67.680  22.302 0.6000000238
16132  20.306  -58.413  31.075 0.4000000060
16147  19.564  -58.889  30.715 0.4000000060
11405  32.682  -65.364  23.345 0.6000000238
15438  19.183  -59.123  29.986 0.4000000060
128417  33.873  -64.616  23.532 0.4000000060
16109  22.407  -58.685  33.176 0.4000000060
7833  28.060  -70.863  22.116 0.6999999881
16110  21.541  -58.799  32.884 0.4000000060
9484  28.514  -68.568  21.217 0.6999999881
8951  28.613  -69.303  21.780 0.6000000238
129092  20.538  -58.721  31.908 0.4000000060
11425  30.417  -66.303  21.296 0.6000000238
128543  29.768  -66.536  21.337 0.6000000238
16146  20.181  -58.219  30.211 0.4000000060
16161  19.565  -58.575  29.715 0.3000000119
12050  33.744  -64.954  22.641 0.4000000060
12049  34.330  -64.576  22.723 0.4000000060
12048  35.079  -64.435  22.413 0.4000000060
16131  20.836  -57.929  31.510 0.4000000060
16874  20.753  -57.804  30.578 0.4000000060
126081  31.314  -66.020  21.365 0.6000000238
11414  32.262  -65.661  21.534 0.6000000238
11423  32.931  -65.503  20.704 0.6000000238
12064  35.312  -64.770  21.425 0.4000000060
11421  34.949  -65.117  20.765 0.5000000000
12055  36.386  -64.387  21.685 0.4000000060
16932  20.271  -56.098  25.309 0.3000000119
12063  36.037  -64.795  21.143 0.4000000060
18449  23.830  -55.415  31.923 0.4000000060
128803  22.470  -56.510  26.765 0.3000000119
18498  18.824  -55.336  26.234 0.4000000060
18448  24.568  -55.307  32.335 0.4000000060
18465  23.849  -55.124  31.013 0.4000000060
17668  23.570  -55.877  27.784 0.3000000119
18487  23.454  -55.928  28.972 0.3000000119
17726  21.120  -54.919  24.715 0.3000000119
17692  22.259  -56.179  25.986 0.3000000119
18507  19.724  -55.082  25.491 0.3000000119
18464  24.710  -54.749  31.325 0.4000000060
19353  24.664  -54.827  30.276 0.4000000060
18478  24.112  -55.219  29.698 0.4000000060
17691  22.976  -55.923  26.151 0.3000000119
18519  21.783  -55.019  24.992 0.3000000119
16864  16.971  -57.706  31.254 0.4000000060
125538  16.605  -57.475  32.158 0.3000000119
129547  16.499  -56.422  32.668 0.3000000119
19398  21.142  -54.862  24.813 0.3000000119
118463  19.622  -54.854  26.138 0.3000000119
19368  25.410  -54.356  29.868 0.4000000060
137624  25.067  -54.622  29.362 0.4000000060
18486  24.182  -55.138  28.372 0.3000000119
18493  23.956  -54.868  27.282 0.3000000119
18517  23.511  -54.669  25.759 0.3000000119
16875  18.015  -56.999  29.744 0.3000000119
19397  22.329  -54.753  25.478 0.3000000119
16849  17.413  -57.172  31.793 0.3000000119
18505  20.942  -54.038  26.261 0.3000000119
17636  18.167  -56.691  31.925 0.4000000060
17637  17.430  -56.593  32.397 0.3000000119
18452  17.894  -55.882  32.567 0.3000000119
140511  17.233  -55.930  32.619 0.3000000119
18477  25.098  -54.508  28.604 0.4000000060
19377  24.783  -54.277  27.826 0.4000000060
19383  24.214  -53.924  26.972 0.3000000119
19390  23.105  -54.103  26.269 0.3000000119
124460  18.804  -56.462  29.690 0.3000000119
17662  18.697  -56.637  30.883 0.4000000060
17661  19.459  -56.179  30.189 0.4000000060
132985  18.347  -54.539  32.585 0.3000000119
19376  25.463  -53.843  28.171 0.4000000060
19382  24.791  -53.611  27.608 0.4000000060
20210  24.261  -53.293  27.185 0.4000000060
19384  22.550  -53.618  27.324 0.4000000060
19391  21.922  -54.281  26.542 0.3000000119
18489  20.684  -55.266  29.111 0.3000000119
17660  20.068  -55.663  29.560 0.3000000119
17648  20.082  -55.713  30.690 0.3000000119
18468  19.906  -55.508  31.641 0.5000000000
17649  19.449  -56.124  31.313 0.4000000060
140787  19.003  -55.412  32.496 0.4000000060
129808  18.183  -53.737  32.371 0.3000000119
20209  24.901  -53.256  27.870 0.4000000060
20205  23.450  -52.970  27.804 0.4000000060
19378  22.254  -53.673  28.644 0.3000000119
19370  21.914  -54.161  30.010 0.3000000119
19355  21.425  -54.455  31.011 0.3000000119
20166  21.245  -53.720  32.141 0.3000000119
128447  21.641  -54.131  28.056 0.3000000119
18488  21.380  -54.677  29.249 0.3000000119
18467  20.651  -55.055  31.104 0.3000000119
19356  20.891  -54.558  31.648 0.3000000119
21019  20.544  -53.338  32.394 0.3000000119
18481  20.668  -55.220  30.051 0.3000000119
132092  19.876  -54.579  32.402 0.3000000119
131238  19.157  -54.718  32.572 0.3000000119
21022  17.552  -53.070  31.766 0.3000000119
21049  26.668  -52.712  30.435 0.3000000119
21050  25.852  -52.636  30.022 0.3000000119
21064  25.331  -52.836  29.489 0.3000000119
20194  23.919  -52.585  29.696 0.3000000119
21035  22.959  -52.577  30.833 0.3000000119
121280  22.179  -52.921  31.617 0.3000000119
20204  24.640  -52.709  28.532 0.3000000119
20195  23.026  -52.981  30.156 0.3000000119
19354  22.152  -53.759  30.788 0.3000000119
20182  22.417  -53.233  31.048 0.3000000119
21036  21.511  -52.297  31.974 0.3000000119
138897  20.844  -52.572  32.231 0.3000000119
20168  19.813  -54.013  32.530 0.3000000119
21020  19.475  -53.182  32.359 0.3000000119
20169  18.962  -53.909  32.544 0.3000000119
21021  18.468  -53.024  32.175 0.3000000119
21926  27.108  -52.223  30.817 0.3000000119
21065  24.749  -52.445  29.510 0.3000000119
21052  23.910  -52.201  30.488 0.3000000119
21034  23.187  -51.963  31.307 0.3000000119
21931  21.429  -51.468  31.758 0.3000000119
133067  20.426  -51.644  31.773 0.3000000119
21932  19.209  -51.568  31.425 0.3000000119
21951  17.699  -51.636  30.303 0.3000000119
21930  22.348  -51.392  31.766 0.3000000119
22852  19.442  -50.885  30.827 0.3000000119
124202  18.360  -51.686  31.109 0.3000000119
21949  18.466  -51.140  30.183 0.3000000119
22849  22.278  -50.500  31.797 0.3000000119
22850  21.361  -50.606  31.582 0.3000000119
22851  20.420  -50.738  31.295 0.3000000119
118299  23.225  -51.233  31.729 0.3000000119
23697  22.187  -49.487  31.727 0.3000000119
23698  21.311  -49.681  31.289 0.3000000119
23699  20.459  -49.909  30.810 0.3000000119
22865  19.609  -50.164  30.206 0.3000000119
22866  18.873  -50.485  29.471 0.3000000119
22867  18.286  -50.590  28.960 0.3000000119
4499  22.949  -77.248  26.484 0.5000000000
128553  21.981  -77.284  24.932 0.5000000000
4534  21.877  -77.340  24.128 0.4000000060
7727  26.123  -71.303  31.234 0.6999999881
8226  26.004  -70.376  32.301 0.6999999881
4025  21.381  -79.281  19.753 0.4000000060
4533  22.747  -77.244  24.562 0.5000000000
121395  29.401  -69.509  28.808 0.6000000238
6756  23.756  -73.058  26.613 0.5000000000
9430  29.658  -68.723  28.503 0.6000000238
7291  27.003  -72.548  24.154 0.8000000119
7275  24.557  -72.740  25.325 0.6999999881
7813  29.066  -71.023  24.741 0.6000000238
119547  34.307  -64.256  25.104 0.5000000000
10024  29.026  -67.254  24.611 0.6999999881
14710  19.432  -60.289  31.149 0.4000000060
12041  34.875  -63.705  24.674 0.5000000000
127160  31.599  -65.856  22.313 0.6000000238
123310  34.624  -64.189  23.274 0.4000000060
9494  28.719  -67.794  21.439 0.6000000238
10732  31.047  -66.415  20.491 0.6000000238
124432  20.770  -57.737  29.723 0.3000000119
12057  34.399  -64.916  21.798 0.4000000060
11422  33.958  -65.236  20.808 0.4000000060
20203  25.221  -53.339  28.663 0.3000000119
8962  28.829  -69.504  19.965 0.5000000000
8360  28.073  -70.078  20.560 0.5000000000
8361  27.671  -70.652  21.057 0.6999999881
7840  27.044  -71.855  21.286 0.6999999881
136038  25.725  -72.586  22.180 0.6000000238
123320  28.621  -68.934  20.577 0.5000000000
8352  28.243  -70.114  21.367 0.6000000238
7835  26.940  -71.782  21.930 0.6000000238
5646  23.937  -75.344  22.266 0.6000000238
5647  22.925  -75.331  22.121 0.6000000238
7324  27.205  -71.996  20.528 0.6999999881
6279  25.708  -73.744  21.816 0.6000000238
6264  24.562  -74.465  22.583 0.6000000238
7325  26.321  -72.667  21.320 0.6999999881
6820  25.684  -72.957  21.754 0.6000000238
123158  23.600  -74.830  22.707 0.6000000238
9500  29.411  -68.753  20.150 0.5000000000
6285  26.793  -73.803  20.591 0.6999999881
6278  26.266  -74.253  21.346 0.6999999881
127809  25.016  -75.778  21.718 0.6000000238
5658  24.238  -75.881  21.620 0.6000000238
7328  27.337  -72.655  19.957 0.6000000238
6819  26.219  -73.283  21.244 0.6999999881
5645  24.828  -75.193  22.248 0.6000000238
7847  28.296  -71.719  19.706 0.6000000238
10073  31.065  -67.965  19.718 0.5000000000
9495  28.806  -68.078  20.760 0.5000000000
6822  27.343  -73.456  19.788 0.6999999881
134098  26.257  -75.230  21.347 0.6000000238
126939  31.930  -68.224  19.245 0.5000000000
10066  30.375  -67.411  20.108 0.5000000000
10748  33.923  -67.011  19.664 0.5000000000
10065  31.178  -67.270  19.734 0.5000000000
10747  34.907  -66.950  19.736 0.4000000060
139762  22.283  -71.271  31.781 0.4000000060
7193  24.019  -71.908  31.035 0.4000000060
7731  22.650  -71.553  31.524 0.4000000060
120439  23.138  -71.980  30.995 0.5000000000
7208  23.664  -72.596  30.566 0.5000000000
6658  22.205  -73.140  31.140 0.5000000000
10743  32.285  -66.484  19.664 0.5000000000
6675  22.550  -73.384  30.373 0.5000000000
132017  19.073  -73.103  31.556 0.6000000238
10742  33.221  -66.326  19.707 0.4000000060
6693  22.829  -73.485  29.404 0.5000000000
6676  21.875  -73.889  30.815 0.5000000000
136642  19.497  -73.830  31.279 0.5000000000
7713  21.927  -71.875  31.636 0.5000000000
7194  22.396  -72.303  31.268 0.5000000000
7179  21.350  -72.447  31.653 0.5000000000
136600  21.106  -73.051  31.805 0.5000000000
128176  19.815  -72.151  31.657 0.5000000000
6659  21.508  -73.531  31.465 0.5000000000
6645  20.352  -73.098  31.836 0.5000000000
6660  19.912  -73.539  31.653 0.5000000000
11434  33.587  -65.751  20.144 0.5000000000
6123  21.087  -74.289  31.142 0.5000000000
10068  35.614  -66.936  19.754 0.4000000060
10741  34.276  -66.312  19.855 0.4000000060
10740  35.253  -66.384  19.868 0.4000000060
9375  22.653  -68.143  32.506 0.5000000000
7733  19.569  -71.539  31.472 0.5000000000
11436  31.839  -66.266  19.996 0.5000000000
11433  34.639  -65.709  20.199 0.4000000060
135767  24.048  -67.283  32.653 0.5000000000
10558  22.163  -66.614  32.059 0.5000000000
10592  21.882  -66.324  30.748 0.5000000000
9942  21.687  -67.335  32.230 0.5000000000
11432  35.670  -65.769  20.197 0.4000000060
10556  23.492  -66.950  32.448 0.5000000000
10574  22.948  -66.298  31.317 0.5000000000
10573  23.877  -66.600  31.900 0.5000000000
119856  24.028  -66.484  30.071 0.5000000000
10608  21.992  -66.206  29.619 0.5000000000
10624  21.571  -66.270  28.575 0.4000000060
10572  24.846  -66.366  31.640 0.5000000000
10607  23.585  -66.479  29.241 0.6000000238
10571  25.298  -66.266  32.046 0.5000000000
10590  25.159  -66.222  30.733 0.5000000000
122424  24.851  -66.389  29.829 0.5000000000
123836  23.909  -66.655  28.541 0.6000000238
127681  22.533  -66.307  27.788 0.6000000238
10641  22.203  -66.388  26.692 0.6000000238
10642  20.869  -66.605  26.717 0.5000000000
120792  20.032  -67.700  24.952 0.5000000000
10018  20.202  -68.458  23.701 0.5000000000
11267  25.876  -65.983  32.220 0.5000000000
120506  25.873  -65.094  32.062 0.5000000000
11983  25.433  -65.661  30.482 0.5000000000
10605  24.858  -66.333  28.886 0.5000000000
11321  25.226  -66.048  29.048 0.6000000238
10640  23.374  -66.495  27.335 0.6000000238
10663  21.409  -66.669  25.669 0.6000000238
136907  20.860  -67.105  24.942 0.5000000000
11410  21.334  -65.790  22.377 0.5000000000
10027  20.877  -68.539  22.536 0.5000000000
11948  26.354  -64.729  32.695 0.5000000000
124086  25.339  -64.972  30.572 0.6000000238
11984  25.297  -65.555  29.855 0.6000000238
11995  24.738  -64.933  29.110 0.6000000238
10638  24.066  -66.365  27.659 0.6000000238
12025  24.363  -65.704  27.355 0.6000000238
122160  23.380  -66.538  26.481 0.6000000238
10660  23.709  -66.348  26.422 0.6000000238
10662  22.752  -66.770  25.468 0.6000000238
10017  22.027  -67.041  24.448 0.5000000000
118361  21.032  -67.647  23.704 0.5000000000
10026  22.073  -67.416  23.282 0.5000000000
10025  22.436  -67.175  22.888 0.5000000000
9472  21.293  -68.205  21.620 0.5000000000
10726  21.841  -66.984  22.023 0.5000000000
11966  24.516  -64.134  30.857 0.6000000238
11985  24.566  -64.549  30.102 0.6000000238
120365  23.689  -63.895  29.650 0.6000000238
12697  23.536  -64.243  27.546 0.6000000238
12015  24.358  -65.061  27.289 0.6000000238
11375  24.040  -66.035  25.652 0.6000000238
12707  23.536  -64.512  26.556 0.6000000238
10681  23.735  -66.328  24.953 0.5000000000
12033  23.815  -65.350  25.143 0.5000000000
10683  22.814  -66.989  23.846 0.5000000000
12042  23.682  -65.018  23.990 0.5000000000
136878  22.902  -64.079  23.971 0.6000000238
11408  22.936  -65.799  22.546 0.5000000000
12051  22.752  -65.136  22.804 0.5000000000
12044  22.298  -64.643  23.046 0.5000000000
124691  21.419  -62.880  23.982 0.5000000000
12688  22.750  -63.289  29.284 0.6000000238
130446  22.508  -63.211  28.614 0.6000000238
12708  22.782  -63.618  26.697 0.6000000238
12027  23.537  -64.726  25.724 0.6000000238
12725  22.555  -63.555  24.638 0.6000000238
12726  21.621  -63.210  24.018 0.5000000000
13341  22.146  -62.836  29.619 0.6000000238
12717  22.930  -63.935  25.655 0.6000000238
127011  21.662  -62.543  25.833 0.6000000238
117360  21.296  -62.334  23.779 0.5000000000
13332  21.289  -62.298  31.075 0.6000000238
13342  21.501  -62.479  29.927 0.6000000238
13354  21.640  -62.660  29.001 0.6000000238
13365  21.981  -62.718  28.128 0.6000000238
13377  22.177  -62.822  26.871 0.6000000238
128267  20.999  -62.113  25.551 0.5000000000
13343  20.710  -62.030  30.216 0.6000000238
13366  21.207  -62.456  28.131 0.6000000238
14050  20.041  -61.847  29.510 0.6000000238
13378  21.496  -62.489  26.982 0.6000000238
141231  19.414  -61.361  27.820 0.6000000238
13368  19.815  -61.491  26.745 0.5000000000
14065  18.888  -60.730  28.135 0.4000000060
6813  24.657  -73.658  22.788 0.6000000238
7322  26.343  -72.211  21.817 0.6999999881
10746  29.694  -66.988  20.463 0.5000000000
10745  30.561  -66.863  20.153 0.5000000000
10072  32.749  -68.039  19.269 0.5000000000
10749  32.913  -67.073  19.499 0.5000000000
7181  19.328  -72.387  31.788 0.6000000238
119006  24.536  -66.578  28.437 0.6000000238
12003  25.015  -65.714  28.480 0.6000000238
119279  23.001  -66.890  24.649 0.6000000238
10698  23.813  -66.337  24.051 0.5000000000
13353  22.110  -62.900  28.954 0.6000000238
12698  22.649  -63.409  27.821 0.6000000238
118051  20.565  -62.144  26.869 0.6000000238
13379  20.417  -61.346  25.349 0.6000000238
3929  23.642  -78.528  27.876 0.4000000060
3926  26.394  -78.820  27.956 0.5000000000
3944  25.958  -78.289  27.155 0.5000000000
3927  25.487  -78.798  27.828 0.4000000060
3946  24.541  -77.909  27.042 0.4000000060
4497  24.420  -77.489  26.213 0.4000000060
4498  23.782  -77.435  26.844 0.4000000060
4495  27.007  -77.557  27.008 0.5000000000
4477  27.351  -77.716  28.215 0.5000000000
139225  26.065  -78.083  26.177 0.5000000000
4513  24.937  -77.626  25.393 0.5000000000
129279  23.725  -77.120  26.140 0.4000000060
4494  27.580  -77.138  26.329 0.5000000000
3959  26.599  -77.980  25.629 0.5000000000
138564  26.531  -78.077  25.105 0.5000000000
4530  25.275  -77.727  24.339 0.5000000000
4531  24.483  -77.445  24.752 0.4000000060
4545  24.306  -77.609  23.931 0.4000000060
4511  28.047  -77.521  25.298 0.5000000000
3958  27.045  -78.266  25.015 0.5000000000
3969  27.207  -78.504  24.199 0.5000000000
125125  26.384  -78.139  24.433 0.5000000000
3978  25.793  -78.136  23.489 0.5000000000
4546  23.381  -77.566  23.722 0.4000000060
5099  23.298  -76.780  19.464 0.5000000000
5114  22.087  -77.185  18.721 0.4000000060
4587  22.593  -78.096  18.691 0.4000000060
4039  24.114  -78.897  18.630 0.4000000060
4024  22.694  -79.305  19.523 0.4000000060
123896  22.115  -79.390  20.057 0.4000000060
3977  26.607  -78.576  23.512 0.5000000000
4009  23.525  -79.310  20.830 0.4000000060
131735  22.876  -79.027  21.297 0.4000000060
3992  22.559  -78.425  21.995 0.4000000060
3976  27.377  -78.863  23.287 0.4000000060
141625  26.087  -78.602  22.790 0.5000000000
4556  23.973  -78.136  22.906 0.4000000060
3979  24.939  -77.894  23.257 0.4000000060
5112  23.586  -77.557  19.007 0.4000000060
3555  24.524  -79.277  18.919 0.4000000060
4022  23.935  -79.649  19.924 0.4000000060
3975  28.543  -78.752  23.079 0.4000000060
119196  24.145  -78.865  21.820 0.4000000060
141001  27.331  -79.232  22.244 0.4000000060
3989  26.695  -79.001  22.521 0.4000000060
119156  24.966  -78.972  21.668 0.4000000060
119111  25.397  -78.484  22.618 0.4000000060
5087  23.766  -76.353  20.559 0.5000000000
130596  24.283  -77.074  19.573 0.4000000060
4573  24.953  -77.857  19.007 0.4000000060
4585  25.316  -78.735  18.851 0.4000000060
123044  25.729  -79.462  18.832 0.4000000060
3548  25.492  -79.628  19.317 0.4000000060
3537  26.131  -79.710  20.109 0.4000000060
4008  24.388  -79.421  20.698 0.4000000060
4005  27.838  -79.630  21.146 0.4000000060
4006  26.807  -79.498  21.252 0.4000000060
3538  25.216  -79.497  20.445 0.4000000060
5086  24.705  -76.349  20.855 0.5000000000
5098  25.323  -76.915  20.085 0.5000000000
5085  25.695  -76.081  21.232 0.6000000238
4584  26.312  -79.108  18.794 0.4000000060
4021  26.809  -79.900  18.609 0.4000000060
3545  28.494  -80.300  18.778 0.4000000060
3534  29.190  -80.449  19.299 0.4000000060
123037  26.880  -76.943  20.103 0.4000000060
130029  26.632  -76.000  20.887 0.5000000000
4571  27.038  -78.161  19.356 0.4000000060
4583  27.356  -79.255  18.691 0.4000000060
5096  27.861  -77.119  19.695 0.5000000000
5110  28.657  -77.428  19.190 0.4000000060
134283  27.911  -78.205  19.026 0.4000000060
4581  29.608  -78.753  18.877 0.4000000060
5670  27.561  -75.721  20.116 0.6000000238
6284  27.485  -74.384  19.924 0.6000000238
5681  28.983  -75.390  19.451 0.5000000000
124684  29.525  -76.289  19.345 0.4000000060
7839  27.421  -71.325  20.753 0.5000000000
12668  23.737  -63.472  31.365 0.5000000000
12669  22.883  -63.199  31.041 0.5000000000
13320  21.578  -62.207  32.117 0.5000000000
12650  23.035  -63.022  31.936 0.5000000000
13331  22.174  -62.731  31.554 0.5000000000
12681  23.704  -63.703  30.533 0.5000000000
4496  26.534  -77.866  26.549 0.5000000000
119765  25.172  -78.294  27.286 0.5000000000
127311  24.652  -78.584  18.721 0.4000000060
4038  24.863  -79.084  18.758 0.4000000060
4572  26.002  -77.823  19.524 0.4000000060
3547  26.406  -80.107  18.964 0.4000000060
3536  27.040  -80.280  19.735 0.4000000060
5097  26.123  -76.679  20.407 0.5000000000
4036  29.058  -79.836  18.580 0.4000000060
5111  28.492  -76.130  19.452 0.6000000238
134766  29.283  -77.790  18.966 0.5000000000
136936  28.636  -74.338  19.407 0.5000000000
10034  34.642  -67.208  23.108 0.3000000119
10050  33.819  -67.879  21.733 0.3000000119
134687  33.901  -68.591  20.674 0.3000000119
10049  34.637  -67.810  21.686 0.3000000119
10033  36.119  -67.434  22.575 0.3000000119
116951  37.297  -66.878  23.871 0.3000000119
10709  36.649  -67.111  23.403 0.3000000119
9481  32.231  -68.510  22.006 0.3000000119
9482  31.808  -69.241  21.600 0.4000000060
134466  32.116  -69.697  20.523 0.4000000060
10035  33.714  -67.401  22.988 0.3000000119
8960  32.555  -69.536  19.703 0.4000000060
117633  33.474  -69.119  20.091 0.4000000060
9503  31.391  -68.888  19.347 0.4000000060
135378  29.586  -69.590  19.660 0.4000000060
118004  34.134  -67.184  23.883 0.3000000119
9492  34.173  -68.611  20.264 0.3000000119
135657  33.209  -68.732  19.368 0.4000000060
10047  36.776  -67.970  21.449 0.3000000119
9491  34.952  -68.168  20.524 0.3000000119
7832  30.402  -71.784  21.334 0.4000000060
7838  30.244  -71.786  20.159 0.4000000060
7842  29.455  -72.251  19.819 0.4000000060
7846  29.024  -72.060  19.720 0.4000000060
9471  31.664  -68.824  22.691 0.4000000060
8949  31.605  -70.008  21.061 0.4000000060
8359  30.983  -71.138  20.310 0.4000000060
7845  30.241  -70.998  19.484 0.4000000060
8368  29.824  -70.653  19.356 0.4000000060
9470  32.195  -68.192  23.134 0.3000000119
8958  31.947  -69.958  19.982 0.4000000060
8367  30.650  -70.494  19.510 0.4000000060
8364  28.350  -70.174  19.799 0.4000000060
10023  32.911  -67.655  23.700 0.3000000119
8964  31.677  -69.669  19.440 0.4000000060
8967  29.194  -70.117  19.447 0.4000000060
10021  34.376  -67.169  24.864 0.3000000119
9502  32.733  -69.028  19.076 0.4000000060
10070  34.559  -67.771  19.809 0.4000000060
6817  29.672  -73.850  21.147 0.4000000060
6821  29.155  -73.506  19.593 0.4000000060
7321  30.299  -72.349  22.094 0.4000000060
123689  29.729  -72.758  21.051 0.4000000060
6818  29.486  -73.369  20.068 0.4000000060
7330  29.131  -72.987  19.502 0.4000000060
8919  31.725  -69.372  24.312 0.3000000119
8341  31.081  -70.083  22.935 0.4000000060
9445  32.886  -68.259  25.743 0.3000000119
10016  32.770  -67.933  24.830 0.3000000119
8369  28.903  -70.721  19.299 0.4000000060
10015  33.519  -67.629  25.414 0.3000000119
6277  29.382  -74.222  20.220 0.4000000060
10069  35.399  -67.352  19.827 0.3000000119
135212  36.143  -67.401  19.846 0.3000000119
10064  35.424  -67.827  19.980 0.3000000119
7844  27.676  -71.396  20.046 0.4000000060
7331  28.334  -72.591  19.559 0.4000000060
6288  28.107  -73.886  19.260 0.4000000060
5680  29.356  -75.493  19.573 0.4000000060
10051  33.101  -68.504  21.279 0.3000000119
10048  35.928  -67.809  21.738 0.3000000119
124486  36.974  -67.471  22.345 0.3000000119
8351  31.022  -70.721  21.750 0.4000000060
9498  33.801  -68.877  20.055 0.4000000060
8961  31.857  -69.772  19.537 0.4000000060
8963  32.391  -69.409  19.321 0.4000000060
8966  30.182  -70.110  19.414 0.4000000060
9497  34.559  -68.310  20.158 0.4000000060
7824  30.651  -71.508  22.384 0.4000000060
7327  29.273  -72.917  19.605 0.4000000060
7841  30.006  -71.582  19.664 0.4000000060
8939  31.408  -69.335  23.300 0.3000000119
8363  30.761  -70.942  19.641 0.4000000060
9462  32.293  -68.191  24.144 0.3000000119
7812  31.330  -70.730  23.651 0.3000000119
9453  32.218  -68.698  24.936 0.3000000119
3108  29.969  -79.943  27.115 0.3000000119
2689  29.107  -81.005  27.181 0.3000000119
3486  30.060  -79.082  27.285 0.3000000119
3118  30.307  -80.186  26.305 0.3000000119
3472  29.061  -79.634  28.314 0.3000000119
3109  28.730  -80.879  27.845 0.3000000119
3923  30.309  -78.232  27.531 0.3000000119
123629  30.982  -78.011  26.957 0.3000000119
3943  30.709  -78.646  26.698 0.3000000119
3909  29.898  -77.504  28.374 0.3000000119
3924  29.508  -78.705  28.250 0.3000000119
3095  28.606  -80.356  28.281 0.3000000119
3913  25.898  -79.471  28.225 0.3000000119
4475  32.535  -76.998  27.038 0.3000000119
4493  31.717  -77.521  26.824 0.3000000119
4462  30.612  -76.645  28.269 0.3000000119
4476  31.543  -76.839  27.558 0.3000000119
3942  31.545  -78.274  26.361 0.3000000119
124959  27.938  -78.984  28.652 0.3000000119
3912  27.029  -79.344  28.475 0.3000000119
118150  29.054  -77.885  28.905 0.3000000119
4463  29.278  -76.892  29.018 0.3000000119
4449  28.775  -76.674  29.142 0.3000000119
4465  28.023  -77.490  28.850 0.3000000119
123334  27.724  -78.356  28.583 0.3000000119
5020  27.832  -76.839  28.486 0.3000000119
5060  28.750  -77.037  24.931 0.4000000060
5039  27.849  -76.302  26.845 0.4000000060
2734  34.559  -81.134  24.674 0.3000000119
2288  34.451  -81.725  24.864 0.3000000119
3500  31.290  -78.956  25.959 0.3000000119
3940  34.343  -78.111  26.169 0.3000000119
3957  34.457  -78.710  25.626 0.3000000119
3132  34.331  -79.898  24.760 0.3000000119
3148  34.012  -80.798  24.405 0.3000000119
2735  33.957  -81.744  24.470 0.3000000119
4461  34.465  -76.941  27.575 0.3000000119
3941  33.379  -78.253  25.838 0.3000000119
3509  33.471  -78.979  25.080 0.3000000119
3149  32.740  -80.807  24.271 0.3000000119
120462  32.410  -77.898  26.226 0.3000000119
3499  32.332  -78.522  25.698 0.3000000119
3510  32.012  -79.177  25.034 0.3000000119
3134  31.645  -80.196  24.695 0.3000000119
3135  30.632  -80.458  25.492 0.3000000119
3473  28.313  -79.657  28.561 0.3000000119
3474  27.563  -79.785  28.656 0.3000000119
4474  33.553  -77.092  27.048 0.3000000119
4464  28.652  -77.305  29.083 0.3000000119
3130  35.154  -80.494  25.467 0.3000000119
2714  31.015  -80.896  24.786 0.3000000119
4491  34.416  -77.557  26.771 0.3000000119
3508  34.633  -79.383  25.285 0.3000000119
3133  33.061  -79.838  24.453 0.3000000119
2737  31.843  -80.968  24.390 0.3000000119
5040  27.415  -76.887  27.551 0.3000000119
5079  33.695  -77.177  22.121 0.3000000119
5070  33.294  -76.765  22.999 0.3000000119
5071  31.743  -76.790  23.041 0.3000000119
4542  30.947  -77.241  22.915 0.4000000060
4543  30.031  -77.923  22.939 0.4000000060
4544  28.956  -78.048  23.448 0.3000000119
131971  27.973  -78.757  23.421 0.3000000119
4554  33.272  -77.673  21.347 0.3000000119
120632  32.362  -78.026  21.455 0.4000000060
120056  31.222  -78.328  21.874 0.4000000060
140290  30.390  -79.500  20.908 0.4000000060
3987  28.727  -79.311  22.037 0.3000000119
3533  30.030  -80.066  19.342 0.4000000060
4003  29.921  -80.042  20.134 0.4000000060
4004  28.897  -79.957  20.592 0.3000000119
3544  29.546  -80.121  18.879 0.3000000119
5619  35.952  -75.950  23.809 0.3000000119
5636  35.389  -76.183  23.469 0.3000000119
5638  32.719  -76.066  23.673 0.4000000060
5073  30.210  -76.921  23.558 0.3000000119
5059  29.354  -77.144  23.973 0.3000000119
5057  35.868  -75.916  23.289 0.3000000119
132316  35.218  -76.276  22.777 0.3000000119
5078  34.426  -76.724  21.883 0.3000000119
4553  33.816  -77.266  21.262 0.3000000119
4565  32.857  -78.112  20.698 0.3000000119
3984  31.887  -78.883  20.597 0.4000000060
5092  34.111  -76.041  20.613 0.3000000119
5093  33.649  -76.492  20.510 0.3000000119
4000  33.491  -77.441  20.676 0.3000000119
136635  32.366  -78.473  20.316 0.4000000060
4002  30.917  -79.620  19.884 0.4000000060
4577  33.012  -76.919  20.180 0.3000000119
4033  31.450  -78.762  19.639 0.4000000060
4034  30.659  -79.163  19.332 0.4000000060
6281  30.718  -75.601  20.343 0.3000000119
5095  30.951  -76.843  19.430 0.4000000060
4579  31.128  -78.224  19.184 0.4000000060
4035  29.984  -79.518  18.922 0.4000000060
5679  30.087  -76.611  19.410 0.4000000060
5669  30.342  -76.032  19.641 0.3000000119
6723  37.306  -74.186  27.644 0.3000000119
6724  36.504  -73.749  27.485 0.3000000119
6725  35.674  -73.567  27.435 0.3000000119
6749  34.480  -73.769  26.760 0.3000000119
5601  36.361  -75.850  24.391 0.3000000119
6211  35.662  -75.213  25.250 0.3000000119
6212  34.705  -74.832  25.363 0.3000000119
6769  33.232  -73.922  26.068 0.3000000119
133470  36.774  -75.774  23.659 0.3000000119
5618  36.949  -76.038  24.092 0.3000000119
6229  35.353  -75.592  24.629 0.3000000119
6230  34.374  -75.325  24.793 0.3000000119
6232  32.502  -75.085  25.015 0.3000000119
5623  31.239  -75.471  24.392 0.3000000119
5624  30.376  -75.584  24.632 0.3000000119
132421  29.321  -76.527  24.708 0.3000000119
5047  28.880  -76.207  25.373 0.3000000119
5604  28.438  -75.825  26.224 0.3000000119
5055  36.436  -75.597  23.329 0.3000000119
139981  32.806  -76.369  20.271 0.3000000119
5094  31.752  -77.039  19.490 0.3000000119
6274  32.890  -75.181  21.156 0.3000000119
5668  31.598  -76.481  19.915 0.3000000119
6816  30.442  -74.280  21.695 0.3000000119
6276  30.039  -74.718  20.882 0.3000000119
6282  29.626  -75.137  20.049 0.3000000119
136630  38.874  -74.817  28.559 0.3000000119
6176  37.878  -75.249  26.809 0.3000000119
6177  37.088  -74.689  26.702 0.3000000119
6748  35.393  -73.958  26.685 0.3000000119
5588  37.599  -76.371  24.901 0.3000000119
6193  35.960  -74.800  25.938 0.3000000119
5590  28.330  -75.593  27.246 0.3000000119
6146  39.383  -75.656  28.720 0.3000000119
6161  39.154  -75.566  27.733 0.3000000119
6175  38.665  -75.845  26.761 0.3000000119
6191  38.290  -76.169  25.970 0.3000000119
124616  36.877  -75.326  25.796 0.3000000119
5599  38.014  -76.358  24.618 0.3000000119
5561  39.796  -76.307  27.945 0.3000000119
5028  40.055  -76.432  27.165 0.3000000119
5586  38.951  -76.391  25.662 0.3000000119
5587  38.298  -76.546  25.084 0.3000000119
5048  28.236  -76.728  25.794 0.3000000119
4528  28.504  -77.716  24.338 0.3000000119
3968  28.238  -78.361  23.841 0.3000000119
3974  29.393  -78.847  22.643 0.3000000119
3986  29.615  -79.458  21.462 0.4000000060
4580  30.372  -78.514  19.077 0.4000000060
7320  30.864  -72.818  22.660 0.3000000119
5069  34.242  -76.730  22.831 0.3000000119
5080  32.743  -77.336  22.382 0.3000000119
5637  33.670  -76.291  23.622 0.3000000119
4541  31.813  -77.579  22.357 0.4000000060
4555  30.330  -79.016  21.961 0.4000000060
4019  31.508  -78.973  20.022 0.4000000060
5056  36.417  -75.749  23.490 0.3000000119
5620  34.018  -75.822  24.226 0.3000000119
5622  32.134  -75.486  24.323 0.3000000119
5621  33.057  -75.590  24.264 0.3000000119
5072  30.878  -76.269  23.759 0.4000000060
5058  29.968  -76.357  24.276 0.3000000119
5076  36.042  -75.475  22.868 0.3000000119
123365  35.009  -76.121  21.993 0.3000000119
5084  34.612  -76.087  21.265 0.3000000119
4032  32.370  -78.372  19.949 0.4000000060
6275  31.135  -75.134  21.206 0.3000000119
6768  34.132  -74.101  26.018 0.3000000119
6213  33.787  -74.567  25.428 0.3000000119
6214  32.873  -74.502  25.534 0.3000000119
6262  31.504  -74.582  21.809 0.3000000119
6136  21.377  -74.538  30.293 0.4000000060
2682  28.015  -80.995  28.243 0.3000000119
3094  29.325  -80.349  27.707 0.3000000119
3096  27.994  -80.299  28.539 0.3000000119
3117  30.968  -79.724  25.609 0.3000000119
3119  29.720  -80.582  26.814 0.3000000119
3131  34.843  -80.562  24.844 0.3000000119
3487  29.601  -79.598  27.788 0.3000000119
3501  30.496  -79.440  26.462 0.3000000119
3507  35.407  -79.349  25.835 0.3000000119
3535  28.108  -80.514  19.469 0.4000000060
3546  27.402  -80.348  18.789 0.4000000060
3549  24.621  -79.591  19.546 0.4000000060
3550  23.954  -79.377  19.147 0.4000000060
3554  25.027  -79.438  18.977 0.4000000060
3910  28.693  -78.820  28.674 0.3000000119
3911  28.361  -78.092  28.900 0.3000000119
3922  30.843  -77.462  27.596 0.3000000119
3925  27.128  -78.572  28.209 0.3000000119
3945  25.312  -77.992  26.358 0.4000000060
3960  25.900  -77.936  25.323 0.5000000000
3985  31.057  -79.250  21.039 0.4000000060
3988  27.971  -79.063  22.605 0.4000000060
3990  24.691  -78.461  22.515 0.4000000060
3991  23.332  -78.604  21.986 0.4000000060
4001  33.098  -77.880  20.398 0.3000000119
4007  25.892  -79.132  21.668 0.4000000060
4020  30.403  -79.766  19.256 0.4000000060
4023  23.319  -79.494  19.682 0.4000000060
4037  27.886  -79.989  18.534 0.4000000060
4040  23.206  -78.925  18.930 0.4000000060
4478  26.722  -78.180  27.579 0.5000000000
4479  23.907  -78.025  27.416 0.4000000060
4480  23.097  -77.882  27.346 0.5000000000
4492  33.268  -77.603  26.485 0.3000000119
4512  27.215  -77.750  25.701 0.5000000000
4514  24.125  -77.222  25.458 0.4000000060
4516  22.428  -77.240  25.608 0.5000000000
4529  27.733  -78.147  24.630 0.5000000000
4532  23.733  -77.286  24.648 0.4000000060
4547  22.476  -77.549  23.508 0.4000000060
4558  22.269  -77.928  22.691 0.4000000060
4564  34.089  -76.754  20.990 0.3000000119
4568  33.710  -76.937  20.677 0.3000000119
4569  33.379  -77.301  20.480 0.3000000119
4570  32.859  -77.766  19.972 0.4000000060
4574  24.163  -78.098  18.772 0.4000000060
4578  32.165  -77.687  19.545 0.4000000060
4582  28.580  -78.846  18.798 0.4000000060
4586  23.406  -78.267  18.751 0.4000000060
4588  21.307  -77.248  18.588 0.5000000000
5018  29.124  -76.154  29.052 0.3000000119
5068  36.005  -75.734  23.034 0.3000000119
5077  35.528  -75.776  22.444 0.3000000119
5100  22.405  -76.600  19.281 0.5000000000
5103  18.978  -76.392  19.214 0.6000000238
5108  30.644  -77.513  19.187 0.4000000060
5109  29.861  -77.446  19.184 0.5000000000
5113  22.873  -77.388  18.832 0.4000000060
5539  20.111  -75.236  29.725 0.5000000000
5575  39.437  -76.254  26.779 0.3000000119
5600  37.306  -76.184  24.284 0.3000000119
5603  29.102  -75.382  25.808 0.3000000119
5617  37.274  -75.942  24.038 0.3000000119
5625  29.579  -75.825  25.004 0.3000000119
5634  36.693  -75.536  23.498 0.3000000119
5639  31.828  -76.037  23.704 0.3000000119
5649  20.843  -75.073  22.089 0.6999999881
5656  32.183  -75.925  20.508 0.3000000119
5657  25.680  -74.951  21.930 0.6000000238
5659  23.308  -75.861  21.413 0.6999999881
5671  26.831  -74.892  20.764 0.6000000238
5672  21.878  -76.113  20.211 0.6999999881
5676  18.388  -75.961  20.156 0.6000000238
5682  28.315  -74.909  19.641 0.5000000000
6124  20.183  -74.200  31.259 0.5000000000
6125  19.459  -74.372  30.701 0.5000000000
6137  20.352  -74.858  30.460 0.4000000060
6151  21.537  -74.495  29.402 0.6000000238
6166  21.291  -74.432  28.038 0.5000000000
6192  37.690  -75.910  25.808 0.3000000119
6194  35.041  -74.423  26.014 0.3000000119
6210  36.643  -75.737  25.026 0.3000000119
6231  33.420  -75.172  24.928 0.3000000119
6263  25.215  -74.325  22.221 0.6000000238
6265  24.076  -74.278  23.002 0.6999999881
6270  19.183  -75.094  22.446 0.5000000000
6283  29.030  -74.398  19.648 0.4000000060
6286  28.814  -74.405  19.505 0.4000000060
6287  28.638  -73.845  19.304 0.5000000000
6646  19.630  -72.953  31.799 0.5000000000
6673  24.189  -73.185  30.036 0.6000000238
6694  22.187  -73.869  28.992 0.5000000000
6714  24.071  -73.474  28.610 0.6000000238
6716  22.744  -73.528  28.398 0.5000000000
6726  34.806  -73.448  27.491 0.3000000119
6731  25.717  -73.611  27.512 0.6999999881
6734  23.417  -73.251  27.203 0.5000000000
6747  36.271  -74.237  26.659 0.3000000119
6774  21.524  -73.729  25.275 0.5000000000
6775  20.777  -73.906  25.297 0.5000000000
6787  21.717  -73.745  24.599 0.6000000238
6801  22.962  -73.981  23.813 0.6999999881
6811  30.171  -73.342  21.941 0.3000000119
6812  25.192  -73.591  22.239 0.6000000238
6823  26.796  -73.014  20.624 0.6000000238
6824  28.571  -73.381  19.309 0.4000000060
6825  27.890  -73.217  19.365 0.6999999881
7180  20.642  -72.481  31.713 0.5000000000
7192  24.825  -71.748  31.008 0.6000000238
7195  21.745  -72.764  31.559 0.5000000000
7209  22.863  -72.709  30.703 0.5000000000
7233  26.860  -73.050  29.002 0.6999999881
7258  27.928  -72.898  26.351 0.6999999881
7261  24.121  -72.831  26.056 0.5000000000
7271  28.148  -72.472  25.488 0.6999999881
7274  25.344  -72.771  25.155 0.6999999881
7293  25.041  -72.555  24.500 0.6999999881
7295  23.869  -72.992  24.727 0.6000000238
7309  30.740  -72.034  22.808 0.4000000060
7313  24.240  -73.004  24.060 0.6999999881
7323  25.215  -73.028  22.428 0.6000000238
7326  29.583  -72.404  19.870 0.4000000060
7329  26.875  -72.531  20.774 0.6999999881
7712  22.821  -70.789  31.881 0.4000000060
7714  21.278  -71.785  31.597 0.5000000000
7726  26.892  -71.387  31.231 0.6999999881
7729  24.308  -71.042  31.135 0.6000000238
7740  27.230  -71.727  30.531 0.6000000238
7746  28.192  -71.354  29.180 0.6000000238
7760  28.300  -71.284  28.433 0.6000000238
7787  28.783  -71.299  26.879 0.6999999881
7800  28.933  -71.204  25.884 0.6000000238
7834  27.376  -71.309  21.608 0.6000000238
7843  28.203  -70.932  19.605 0.4000000060
8225  26.871  -70.348  32.352 0.6999999881
8227  25.156  -70.146  32.144 0.6999999881
8230  22.468  -70.007  32.121 0.6000000238
8241  28.185  -70.571  31.553 0.6999999881
8244  25.538  -70.834  31.568 0.6999999881
8273  29.058  -70.224  29.167 0.6000000238
8331  31.399  -69.909  23.769 0.3000000119
8333  28.794  -71.098  23.729 0.6000000238
8358  31.362  -70.387  19.723 0.4000000060
8362  31.272  -70.170  19.609 0.4000000060
8365  27.764  -70.680  20.193 0.5000000000
8366  30.864  -70.058  19.479 0.4000000060
8803  27.634  -68.920  32.967 0.6999999881
8810  28.129  -69.448  32.597 0.6999999881
8812  26.365  -69.686  32.733 0.6999999881
8814  24.855  -69.318  32.624 0.6999999881
8815  23.926  -69.200  32.334 0.6000000238
8817  22.193  -69.111  32.213 0.5000000000
8882  29.271  -69.351  27.973 0.6000000238
8920  28.876  -68.930  25.254 0.6999999881
8948  31.353  -69.617  22.285 0.4000000060
8950  28.964  -68.922  22.528 0.6999999881
8959  28.330  -69.392  20.926 0.6000000238
8965  30.574  -69.398  19.561 0.4000000060
9364  28.482  -68.057  33.161 0.6000000238
9366  26.599  -67.972  33.329 0.6000000238
9368  24.975  -68.444  32.989 0.6000000238
9369  24.268  -67.886  32.902 0.6000000238
9372  29.074  -68.413  32.787 0.6999999881
9376  21.836  -68.253  32.305 0.5000000000
9387  29.658  -68.748  31.283 0.6999999881
9463  31.799  -68.710  23.790 0.3000000119
9473  21.188  -68.441  21.838 0.5000000000
9490  35.797  -68.121  20.586 0.3000000119
9493  32.575  -69.229  20.838 0.4000000060
9496  35.390  -68.041  20.248 0.3000000119
9499  33.105  -69.128  19.573 0.4000000060
9501  33.806  -68.602  19.754 0.4000000060
9504  30.412  -68.374  19.982 0.5000000000
9929  28.438  -67.265  33.328 0.6000000238
9932  25.014  -67.806  33.042 0.6000000238
9937  29.664  -67.085  32.853 0.6999999881
9939  24.754  -67.299  32.789 0.6000000238
9940  23.414  -67.551  32.692 0.5000000000
9941  22.582  -67.130  32.507 0.5000000000
9954  30.392  -67.432  31.309 0.8000000119
9989  29.790  -67.878  28.164 0.6999999881
9998  29.383  -67.677  27.396 0.6999999881
10007  20.412  -67.073  25.907 0.5000000000
10014  34.308  -67.285  25.866 0.3000000119
10022  33.515  -67.463  24.457 0.3000000119
10036  32.906  -67.882  22.451 0.3000000119
10038  21.681  -67.762  22.142 0.5000000000
10046  37.706  -67.820  21.573 0.3000000119
10052  29.031  -67.228  21.654 0.6000000238
10053  22.095  -67.104  22.279 0.5000000000
10054  21.573  -67.681  21.780 0.5000000000
10061  29.046  -67.326  20.911 0.6000000238
10067  29.534  -67.736  20.438 0.5000000000
10071  33.576  -67.916  19.507 0.5000000000
10540  29.825  -66.305  33.380 0.6999999881
10542  28.427  -66.476  33.513 0.6000000238
10543  27.133  -66.117  33.393 0.6000000238
10545  26.052  -66.811  33.050 0.6000000238
10555  24.509  -66.805  32.345 0.6000000238
10557  22.931  -66.590  32.195 0.5000000000
10570  30.700  -66.771  31.781 0.8000000119
10575  21.861  -66.465  31.474 0.5000000000
10589  25.358  -66.083  31.394 0.5000000000
10591  24.456  -66.417  30.925 0.5000000000
10593  21.009  -66.594  30.354 0.5000000000
10606  24.408  -66.567  29.080 0.6000000238
10620  30.280  -66.480  28.243 0.6999999881
10621  24.453  -66.522  28.291 0.6000000238
10622  24.282  -66.572  28.324 0.6000000238
10623  23.761  -66.536  28.062 0.6000000238
10639  23.939  -66.449  27.678 0.6000000238
10661  23.352  -66.682  25.314 0.6000000238
10682  23.379  -66.707  24.371 0.5000000000
10697  29.061  -66.364  24.876 0.6999999881
10699  23.205  -66.702  23.542 0.5000000000
10714  23.470  -66.175  23.257 0.5000000000
10715  22.823  -66.544  22.728 0.5000000000
10724  29.438  -66.758  21.937 0.6000000238
10725  22.336  -66.363  22.287 0.5000000000
10727  21.393  -67.222  21.724 0.5000000000
10733  30.029  -66.612  20.683 0.5000000000
10734  29.378  -66.833  21.068 0.6000000238
10744  31.452  -66.722  19.866 0.5000000000
10750  32.021  -67.179  19.458 0.5000000000
11246  29.304  -65.617  33.852 0.6999999881
11266  26.269  -65.602  32.650 0.6000000238
11283  25.595  -65.717  31.682 0.5000000000
11301  25.433  -65.895  30.889 0.5000000000
11302  25.244  -66.118  29.911 0.5000000000
11319  31.321  -65.206  29.508 0.6000000238
11335  31.564  -65.128  27.950 0.6000000238
11338  24.843  -66.362  28.392 0.6000000238
11353  32.742  -65.115  26.781 0.6000000238
11357  24.553  -66.113  27.863 0.6000000238
11373  30.378  -65.938  26.366 0.6999999881
11374  24.114  -66.028  26.966 0.6000000238
11384  32.406  -65.448  25.393 0.6000000238
11387  24.050  -65.933  24.497 0.5000000000
11397  30.476  -65.874  24.612 0.6999999881
11398  23.340  -65.390  23.219 0.5000000000
11404  33.110  -65.212  22.718 0.6000000238
11409  22.197  -65.495  22.429 0.5000000000
11413  33.290  -65.278  21.802 0.4000000060
11424  31.979  -65.916  20.583 0.6000000238
11435  32.593  -65.904  19.987 0.5000000000
11928  31.609  -64.748  33.124 0.5000000000
11930  29.571  -64.853  34.116 0.5000000000
11931  28.648  -64.938  34.032 0.6999999881
11932  26.656  -64.193  33.010 0.5000000000
11933  26.236  -63.910  32.624 0.5000000000
11964  32.001  -64.981  31.323 0.6999999881
11965  25.582  -65.192  31.228 0.5000000000
12000  33.707  -64.063  28.701 0.6000000238
12004  24.543  -64.905  28.117 0.6000000238
12014  24.788  -65.817  27.920 0.6000000238
12026  24.090  -65.442  26.367 0.6000000238
12032  33.674  -64.771  25.534 0.5000000000
12034  23.326  -64.355  24.770 0.6000000238
12043  22.947  -64.619  23.336 0.5000000000
12056  35.748  -64.517  21.853 0.4000000060
12062  36.734  -64.797  20.934 0.4000000060
12633  27.420  -63.615  33.732 0.4000000060
12636  25.086  -63.034  32.857 0.6000000238
12649  23.878  -63.236  32.187 0.6000000238
12666  33.098  -63.959  31.484 0.6000000238
12667  24.564  -63.742  31.558 0.6000000238
12680  33.799  -63.770  30.304 0.6000000238
12682  22.862  -63.253  30.130 0.5000000000
12734  22.266  -64.006  23.686 0.5000000000
13298  23.684  -62.394  33.473 0.6000000238
13355  20.888  -62.342  29.193 0.6000000238
13367  20.091  -62.049  28.209 0.6000000238
13388  22.212  -62.980  25.415 0.6000000238
13397  21.825  -62.879  24.284 0.5000000000
13984  25.086  -61.934  33.928 0.6000000238
13986  23.356  -61.618  33.706 0.5000000000
14010  21.227  -61.424  32.537 0.5000000000
14702  20.547  -60.047  32.322 0.4000000060
14719  19.139  -60.510  30.383 0.4000000060
14728  18.830  -60.594  29.393 0.4000000060
15406  20.173  -59.482  31.882 0.4000000060
15423  19.128  -59.700  30.527 0.4000000060
15439  18.818  -59.639  29.451 0.4000000060
16121  21.135  -58.244  32.296 0.4000000060
16133  19.976  -58.996  31.437 0.4000000060
16848  21.462  -57.511  31.942 0.4000000060
16863  17.806  -57.228  31.030 0.4000000060
17635  19.257  -55.809  32.117 0.4000000060
17650  18.873  -56.319  31.852 0.4000000060
17671  19.232  -55.818  28.813 0.3000000119
17693  21.221  -56.299  25.700 0.3000000119
17707  22.650  -55.388  25.451 0.3000000119
17708  21.707  -55.484  25.234 0.3000000119
17709  20.807  -55.430  25.057 0.3000000119
17727  20.566  -54.991  24.757 0.3000000119
18450  19.582  -55.166  32.307 0.3000000119
18451  18.447  -55.313  32.609 0.3000000119
18453  16.679  -55.543  32.594 0.3000000119
18466  23.395  -55.707  30.671 0.4000000060
18480  21.183  -54.734  30.346 0.3000000119
18494  23.567  -55.539  26.588 0.3000000119
18503  24.007  -54.545  25.975 0.3000000119
18504  23.423  -55.100  25.616 0.3000000119
18506  20.471  -54.555  25.521 0.3000000119
18518  22.902  -55.006  25.327 0.3000000119
18520  20.417  -55.019  24.740 0.3000000119
18521  19.823  -55.291  25.105 0.3000000119
18533  20.920  -54.978  24.403 0.3000000119
19336  21.421  -54.110  31.640 0.3000000119
19337  20.267  -54.869  31.951 0.3000000119
19389  24.002  -53.871  26.235 0.3000000119
19392  21.297  -54.421  25.648 0.3000000119
20167  20.633  -54.203  32.268 0.3000000119
20183  21.838  -53.546  31.617 0.3000000119
20211  23.663  -53.396  26.783 0.4000000060
21018  21.442  -53.117  32.147 0.3000000119
21037  18.837  -52.247  31.889 0.3000000119
21038  17.794  -52.250  31.296 0.3000000119
21051  25.146  -52.209  29.998 0.3000000119
116936  35.207  -67.557  22.284 0.3000000119
117289  21.059  -60.553  32.780 0.4000000060
117977  23.491  -63.936  28.615 0.6000000238
118879  25.240  -73.381  26.624 0.6000000238
119608  38.256  -74.707  27.875 0.3000000119
119977  35.663  -65.125  20.776 0.5000000000
119996  22.777  -79.408  20.392 0.4000000060
120170  26.903  -64.738  33.285 0.6000000238
120259  24.364  -52.824  27.849 0.4000000060
120669  24.364  -73.473  27.896 0.6999999881
120736  32.455  -76.590  23.187 0.4000000060
120898  26.024  -72.245  22.790 0.6999999881
120960  23.142  -73.163  25.823 0.6000000238
121370  31.359  -77.449  19.266 0.4000000060
121694  22.130  -62.794  30.563 0.6000000238
121711  28.311  -76.883  28.947 0.3000000119
122107  34.991  -76.068  24.112 0.3000000119
122198  30.384  -66.307  23.031 0.6000000238
122246  29.094  -69.100  27.335 0.6000000238
122671  36.078  -66.664  19.854 0.4000000060
122871  30.936  -79.415  19.663 0.4000000060
123277  22.888  -66.231  30.226 0.5000000000
123507  22.362  -52.172  31.663 0.3000000119
123730  30.224  -68.122  29.918 0.6999999881
124937  27.721  -78.551  23.922 0.5000000000
125461  29.498  -66.417  24.317 0.6999999881
125605  18.549  -55.996  32.399 0.4000000060
125762  34.378  -67.517  22.377 0.3000000119
125848  30.966  -65.412  28.963 0.6000000238
125902  19.883  -60.826  31.466 0.4000000060
126395  29.219  -76.686  19.291 0.4000000060
126618  21.327  -62.253  24.354 0.5000000000
126786  20.873  -54.771  28.242 0.3000000119
126867  23.018  -66.328  28.581 0.6000000238
126932  28.916  -66.730  26.287 0.6999999881
128085  28.898  -73.665  19.413 0.4000000060
128861  20.969  -58.925  32.498 0.4000000060
128881  25.407  -54.181  28.852 0.4000000060
128995  29.522  -71.367  19.464 0.4000000060
129112  17.576  -55.186  32.615 0.3000000119
129259  34.653  -76.403  23.530 0.3000000119
129812  28.799  -75.231  26.660 0.3000000119
130054  30.661  -66.587  29.987 0.8000000119
130317  19.923  -52.392  32.129 0.3000000119
130320  19.370  -61.288  29.962 0.5000000000
130512  20.733  -73.688  31.641 0.5000000000
130535  22.275  -73.613  26.820 0.5000000000
131022  33.776  -77.219  20.927 0.3000000119
131024  32.535  -76.835  19.974 0.3000000119
131068  28.568  -70.202  22.153 0.6000000238
132068  27.742  -72.049  19.946 0.6000000238
132087  25.595  -73.521  28.295 0.6999999881
132168  33.425  -77.658  20.867 0.3000000119
132240  26.751  -72.302  21.170 0.6999999881
132522  19.962  -72.668  31.787 0.5000000000
132674  19.404  -78.753  18.736 0.5000000000
132686  20.914  -74.555  22.705 0.6999999881
132783  27.369  -80.480  28.583 0.3000000119
133463  26.102  -66.280  32.687 0.5000000000
134333  25.154  -64.449  31.159 0.6000000238
134584  15.763  -57.307  32.692 0.3000000119
135655  23.901  -65.823  23.787 0.5000000000
135759  31.415  -70.552  20.408 0.4000000060
136064  30.911  -70.847  22.803 0.4000000060
136126  32.453  -77.487  26.592 0.3000000119
136488  28.429  -69.623  20.366 0.5000000000
137456  28.775  -71.312  19.427 0.4000000060
137476  20.037  -61.560  30.355 0.6000000238
138093  21.389  -63.845  24.245 0.5000000000
138118  21.529  -67.931  22.537 0.5000000000
138357  18.017  -56.295  32.380 0.4000000060
138384  22.210  -63.478  24.058 0.5000000000
138593  20.668  -73.949  24.373 0.6000000238
138621  29.870  -76.754  28.694 0.3000000119
138692  29.096  -68.294  23.554 0.6999999881
138923  19.810  -77.888  18.569 0.4000000060
139025  20.629  -74.343  23.229 0.6999999881
139195  25.963  -72.582  21.710 0.6999999881
139217  22.146  -67.677  32.469 0.5000000000
140048  26.178  -68.465  33.206 0.6000000238
140272  31.065  -66.057  22.924 0.6000000238
140371  21.930  -67.547  22.647 0.5000000000
140558  24.984  -66.031  28.173 0.6000000238
140598  33.561  -67.384  23.779 0.3000000119
140818  26.191  -72.352  23.564 0.6999999881
140932  22.420  -77.731  26.990 0.5000000000
141085  31.233  -65.449  30.119 0.8000000119
141420  33.322  -65.053  23.270 0.4000000060
141517  21.831  -54.118  27.364 0.3000000119
141586  32.195  -69.234  19.115 0.4000000060
