#!ascii label  , from subject sub-05 vox2ras=TkReg
1072
97654  -47.877  28.983  51.420 0.0000000000
104658  -43.719  39.342  35.252 0.0000000000
103361  -43.328  37.633  42.375 0.0000000000
100155  -51.446  31.914  40.032 0.0000000000
103396  -50.815  38.660  32.533 0.0000000000
104006  -49.167  38.916  38.470 0.0000000000
102106  -48.556  35.471  38.445 0.0000000000
99566  -45.443  29.889  35.012 0.0000000000
131711  -44.109  24.497  48.760 0.0000000000
121917  -44.709  29.181  51.917 0.0000000000
128771  -39.765  44.925  33.234 0.0000000000
141493  -46.581  41.873  30.518 0.0000000000
102223  -48.537  35.750  28.119 0.0000000000
100723  -45.978  33.478  48.102 0.0000000000
107464  -45.655  45.115  41.182 0.0000000000
103341  -49.205  38.131  44.871 0.0000000000
100101  -48.156  32.841  47.189 0.0000000000
99476  -44.825  31.500  43.475 0.0000000000
135996  -40.606  28.929  40.618 0.0000000000
97156  -46.104  28.146  49.057 0.0000000000
101494  -50.774  35.117  33.012 0.0000000000
102742  -51.222  37.190  36.208 0.0000000000
102780  -48.643  36.269  34.957 0.0000000000
102104  -46.148  35.564  37.685 0.0000000000
124170  -44.723  26.371  49.979 0.0000000000
97652  -41.896  28.149  50.257 0.0000000000
107998  -37.071  45.823  35.045 0.0000000000
135158  -48.981  40.368  27.387 0.0000000000
100099  -43.577  32.559  46.715 0.0000000000
131914  -44.870  35.503  44.166 0.0000000000
118477  -40.650  40.175  35.731 0.0000000000
105898  -44.063  41.095  38.469 0.0000000000
102063  -48.430  34.889  40.595 0.0000000000
103365  -46.454  37.833  41.400 0.0000000000
101398  -48.790  34.408  43.282 0.0000000000
125079  -50.958  34.293  46.412 0.0000000000
99482  -50.384  31.936  43.920 0.0000000000
99470  -47.243  31.968  44.614 0.0000000000
99514  -48.569  31.903  41.112 0.0000000000
98869  -43.360  30.688  38.759 0.0000000000
104020  -46.980  39.130  34.149 0.0000000000
105911  -47.912  42.292  36.727 0.0000000000
104653  -50.289  39.741  36.108 0.0000000000
102693  -51.389  35.874  39.434 0.0000000000
100797  -50.109  33.856  38.954 0.0000000000
98890  -49.418  29.655  36.446 0.0000000000
100819  -46.492  32.594  36.362 0.0000000000
133142  -44.110  33.060  36.553 0.0000000000
134669  -46.445  24.591  49.117 0.0000000000
96550  -47.449  26.798  51.866 0.0000000000
97632  -47.155  29.544  52.469 0.0000000000
106974  -34.072  43.199  36.167 0.0000000000
105928  -37.504  41.807  33.966 0.0000000000
105931  -41.051  41.290  33.145 0.0000000000
104697  -44.015  39.875  32.056 0.0000000000
104059  -47.433  38.793  30.265 0.0000000000
103436  -49.641  37.204  30.148 0.0000000000
100880  -49.851  33.297  31.587 0.0000000000
99630  -48.041  31.565  28.621 0.0000000000
98786  -42.371  30.849  49.036 0.0000000000
98777  -45.110  31.302  51.001 0.0000000000
99404  -47.318  32.213  52.013 0.0000000000
122257  -44.688  42.759  42.908 0.0000000000
105877  -46.899  42.493  39.579 0.0000000000
105235  -46.567  41.413  43.800 0.0000000000
103352  -46.146  38.197  44.171 0.0000000000
102039  -47.227  35.174  45.360 0.0000000000
101341  -48.423  33.806  49.048 0.0000000000
99434  -46.559  31.591  48.874 0.0000000000
98800  -44.995  30.199  47.459 0.0000000000
98235  -43.548  29.496  45.619 0.0000000000
97682  -42.041  28.399  43.969 0.0000000000
99526  -45.546  31.719  39.691 0.0000000000
98843  -42.493  30.530  42.054 0.0000000000
97188  -40.549  27.311  42.364 0.0000000000
97134  -49.058  29.004  52.216 0.0000000000
97149  -48.085  28.352  50.548 0.0000000000
97148  -47.171  28.604  49.979 0.0000000000
101492  -49.903  34.227  33.263 0.0000000000
102161  -50.081  35.244  33.617 0.0000000000
102132  -48.283  35.701  34.329 0.0000000000
124173  -47.000  36.032  35.188 0.0000000000
102676  -43.861  37.108  42.854 0.0000000000
105334  -42.145  39.598  35.556 0.0000000000
101421  -51.206  33.578  40.199 0.0000000000
101403  -48.447  34.448  42.257 0.0000000000
127475  -50.801  32.397  42.140 0.0000000000
100760  -50.994  33.066  44.235 0.0000000000
124454  -51.119  31.048  42.305 0.0000000000
99497  -49.777  31.581  42.792 0.0000000000
99530  -50.608  31.058  41.053 0.0000000000
104687  -48.934  39.196  33.523 0.0000000000
104663  -48.872  40.444  34.575 0.0000000000
104678  -50.634  39.411  34.283 0.0000000000
102740  -50.803  36.180  37.724 0.0000000000
102722  -51.271  36.814  37.562 0.0000000000
102701  -50.046  35.118  38.903 0.0000000000
102074  -49.906  35.085  39.600 0.0000000000
101433  -48.726  34.619  38.962 0.0000000000
100821  -48.681  32.593  37.273 0.0000000000
102091  -47.622  34.877  38.825 0.0000000000
101447  -44.947  34.703  37.475 0.0000000000
97131  -44.768  27.755  50.954 0.0000000000
96549  -45.278  27.025  50.638 0.0000000000
97132  -45.815  27.659  51.588 0.0000000000
97123  -46.569  28.576  52.202 0.0000000000
97631  -45.984  29.374  52.353 0.0000000000
108555  -38.562  45.732  33.874 0.0000000000
106980  -37.211  44.007  34.143 0.0000000000
106985  -38.608  43.904  33.378 0.0000000000
105930  -39.389  41.482  33.723 0.0000000000
106469  -40.490  42.643  32.749 0.0000000000
106474  -45.896  42.899  31.972 0.0000000000
106476  -43.888  42.309  31.941 0.0000000000
105366  -45.370  40.427  31.221 0.0000000000
121370  -45.975  38.740  31.570 0.0000000000
104701  -46.548  39.767  30.343 0.0000000000
104087  -48.789  38.489  27.579 0.0000000000
104074  -49.415  38.093  28.619 0.0000000000
102841  -49.453  36.545  29.179 0.0000000000
102202  -50.274  35.072  30.793 0.0000000000
101547  -49.345  34.709  29.674 0.0000000000
100271  -48.824  32.389  29.853 0.0000000000
100910  -48.422  33.689  28.331 0.0000000000
100096  -39.758  32.349  45.891 0.0000000000
99440  -39.920  31.253  47.058 0.0000000000
99441  -40.802  31.305  47.193 0.0000000000
98785  -41.539  30.749  48.504 0.0000000000
99456  -42.185  31.681  46.806 0.0000000000
134368  -44.787  33.251  46.982 0.0000000000
100070  -44.177  32.126  48.216 0.0000000000
100071  -45.178  32.453  48.905 0.0000000000
99402  -46.457  32.040  51.709 0.0000000000
136187  -46.156  32.600  49.516 0.0000000000
107461  -43.510  45.171  42.015 0.0000000000
106936  -44.123  45.124  42.610 0.0000000000
130731  -45.801  45.515  42.730 0.0000000000
105304  -48.830  41.360  37.739 0.0000000000
106449  -47.882  43.185  37.791 0.0000000000
104635  -47.568  40.938  38.745 0.0000000000
103363  -48.145  38.583  43.076 0.0000000000
118509  -46.997  40.050  42.632 0.0000000000
104591  -48.043  39.757  44.275 0.0000000000
104590  -47.100  40.049  44.485 0.0000000000
103353  -47.124  38.932  45.245 0.0000000000
102655  -46.914  37.029  44.817 0.0000000000
102647  -48.727  36.806  45.488 0.0000000000
119943  -50.306  33.318  46.726 0.0000000000
100726  -49.732  33.991  48.120 0.0000000000
100088  -48.986  33.043  48.824 0.0000000000
99436  -47.937  32.896  49.684 0.0000000000
99446  -47.135  32.145  48.682 0.0000000000
98801  -45.766  30.695  47.969 0.0000000000
99458  -46.864  31.678  47.134 0.0000000000
99477  -45.915  31.708  43.971 0.0000000000
99463  -45.156  31.231  45.312 0.0000000000
98820  -44.362  30.831  44.845 0.0000000000
98240  -43.236  29.686  44.773 0.0000000000
98828  -43.461  30.546  43.440 0.0000000000
98888  -46.865  29.695  35.407 0.0000000000
99541  -47.571  30.760  38.392 0.0000000000
119050  -46.411  30.546  37.599 0.0000000000
98284  -41.801  29.889  39.749 0.0000000000
98862  -42.993  30.876  40.530 0.0000000000
123808  -41.441  29.665  41.165 0.0000000000
97708  -41.062  28.713  42.572 0.0000000000
97713  -40.682  28.684  41.682 0.0000000000
97194  -40.317  27.162  41.332 0.0000000000
133897  -50.264  26.580  51.514 0.0000000000
97160  -45.025  28.115  47.840 0.0000000000
102808  -50.977  37.410  33.270 0.0000000000
140809  -51.419  38.140  33.973 0.0000000000
102135  -50.896  36.491  34.019 0.0000000000
127533  -50.645  36.643  35.105 0.0000000000
119560  -48.307  36.277  36.763 0.0000000000
102105  -47.075  35.557  38.183 0.0000000000
102738  -47.248  36.134  36.642 0.0000000000
133497  -44.347  25.239  49.057 0.0000000000
134603  -43.474  26.121  49.350 0.0000000000
97641  -43.591  28.914  50.928 0.0000000000
108545  -39.696  46.782  34.380 0.0000000000
105951  -47.695  41.860  29.141 0.0000000000
103463  -47.250  37.275  28.151 0.0000000000
130775  -47.518  35.039  28.123 0.0000000000
100113  -42.361  32.787  45.795 0.0000000000
101371  -43.993  34.111  45.122 0.0000000000
139079  -45.380  33.795  46.346 0.0000000000
106434  -44.636  42.690  39.804 0.0000000000
103374  -47.531  37.412  39.672 0.0000000000
104001  -46.784  38.540  39.532 0.0000000000
102686  -46.705  37.013  41.118 0.0000000000
134445  -47.912  36.043  43.002 0.0000000000
129103  -49.600  36.515  44.404 0.0000000000
102649  -49.616  36.962  45.001 0.0000000000
101391  -50.247  34.711  44.895 0.0000000000
100119  -51.681  33.364  45.796 0.0000000000
100116  -49.418  32.821  45.616 0.0000000000
118946  -47.461  32.145  45.296 0.0000000000
99472  -49.025  31.846  44.118 0.0000000000
137845  -48.645  31.728  43.069 0.0000000000
99512  -46.189  32.077  42.015 0.0000000000
99553  -44.414  30.629  37.002 0.0000000000
128108  -42.354  39.902  41.686 0.0000000000
104673  -45.447  39.223  34.665 0.0000000000
104650  -45.466  39.966  36.243 0.0000000000
104661  -47.064  40.107  35.460 0.0000000000
105322  -49.374  41.113  36.225 0.0000000000
104637  -49.589  39.879  37.623 0.0000000000
104013  -51.310  37.931  36.013 0.0000000000
104010  -50.914  38.081  37.573 0.0000000000
104002  -49.797  37.634  39.074 0.0000000000
102691  -49.376  35.495  39.867 0.0000000000
101435  -50.801  34.023  39.629 0.0000000000
100173  -51.457  32.171  38.573 0.0000000000
98883  -51.829  30.040  37.439 0.0000000000
120394  -50.086  30.886  36.631 0.0000000000
100196  -48.153  30.838  35.771 0.0000000000
100195  -46.581  30.490  34.830 0.0000000000
101448  -45.711  34.482  37.749 0.0000000000
100818  -45.453  32.345  35.843 0.0000000000
95919  -45.055  25.645  49.422 0.0000000000
95920  -46.875  25.437  49.667 0.0000000000
95902  -49.147  26.477  51.391 0.0000000000
96551  -48.711  27.135  52.172 0.0000000000
142125  -48.995  29.085  53.016 0.0000000000
97643  -47.367  29.686  52.212 0.0000000000
122401  -35.226  41.329  36.033 0.0000000000
106459  -35.740  42.492  34.705 0.0000000000
105918  -36.949  41.271  35.507 0.0000000000
105346  -38.684  40.574  35.094 0.0000000000
104668  -40.816  39.786  34.086 0.0000000000
133085  -42.138  39.400  34.439 0.0000000000
139130  -42.113  44.655  33.016 0.0000000000
106471  -42.330  42.533  32.382 0.0000000000
105361  -42.497  40.798  32.657 0.0000000000
104686  -44.263  39.166  33.549 0.0000000000
104027  -45.759  38.655  33.313 0.0000000000
104028  -47.218  38.223  32.812 0.0000000000
103407  -48.830  37.930  31.670 0.0000000000
104703  -48.447  39.443  29.406 0.0000000000
104053  -48.665  38.079  30.706 0.0000000000
103423  -49.904  37.437  31.276 0.0000000000
102816  -50.482  35.896  31.887 0.0000000000
101524  -50.871  33.959  31.852 0.0000000000
100244  -48.471  32.068  31.152 0.0000000000
99609  -47.795  30.885  30.399 0.0000000000
100909  -47.891  33.123  28.193 0.0000000000
126645  -41.873  29.845  49.996 0.0000000000
98203  -43.403  30.068  50.703 0.0000000000
99444  -43.483  31.627  47.995 0.0000000000
98787  -43.310  31.011  49.441 0.0000000000
98763  -44.567  30.543  51.343 0.0000000000
130279  -45.865  31.293  52.050 0.0000000000
98754  -47.169  31.280  52.456 0.0000000000
98205  -47.261  30.889  51.654 0.0000000000
104599  -44.298  39.654  42.509 0.0000000000
105302  -45.594  41.310  37.592 0.0000000000
106447  -46.580  43.251  38.389 0.0000000000
106964  -45.823  43.730  39.873 0.0000000000
104628  -46.075  40.450  40.483 0.0000000000
105256  -46.285  41.418  41.374 0.0000000000
106416  -46.321  44.145  42.627 0.0000000000
105853  -46.435  42.028  43.792 0.0000000000
104600  -45.524  40.223  43.445 0.0000000000
103362  -44.519  38.049  42.863 0.0000000000
131598  -45.276  37.264  43.535 0.0000000000
140724  -46.325  34.859  45.081 0.0000000000
101362  -46.214  33.995  46.282 0.0000000000
127377  -49.042  34.959  46.512 0.0000000000
101364  -48.604  34.587  47.786 0.0000000000
100724  -47.079  33.688  48.731 0.0000000000
100073  -47.373  32.716  49.845 0.0000000000
98790  -46.980  31.908  50.213 0.0000000000
98204  -46.543  29.915  49.994 0.0000000000
98217  -45.996  30.014  48.999 0.0000000000
97666  -45.205  29.491  48.441 0.0000000000
97675  -44.314  29.077  47.308 0.0000000000
99464  -46.088  31.440  45.653 0.0000000000
98811  -44.715  30.420  46.595 0.0000000000
97674  -43.990  28.483  46.646 0.0000000000
97166  -43.156  27.774  45.318 0.0000000000
97173  -42.463  27.268  44.723 0.0000000000
99542  -48.990  30.448  38.509 0.0000000000
99528  -47.455  31.981  40.454 0.0000000000
129081  -44.953  31.927  41.888 0.0000000000
99538  -44.067  31.121  39.029 0.0000000000
99510  -44.330  31.695  40.941 0.0000000000
98844  -43.299  30.816  42.488 0.0000000000
98827  -42.731  30.151  42.958 0.0000000000
97696  -40.995  28.077  43.119 0.0000000000
96570  -49.122  28.020  51.301 0.0000000000
101491  -48.549  34.526  33.084 0.0000000000
102160  -49.050  35.177  33.686 0.0000000000
102663  -43.496  36.398  43.284 0.0000000000
104648  -42.869  39.646  35.784 0.0000000000
104649  -44.406  39.801  36.099 0.0000000000
127763  -51.466  33.199  40.219 0.0000000000
136912  -50.291  33.457  41.433 0.0000000000
100774  -51.137  32.807  41.083 0.0000000000
100143  -51.220  31.666  41.855 0.0000000000
134573  -51.304  31.161  41.730 0.0000000000
99516  -51.187  30.929  41.736 0.0000000000
99531  -50.784  31.188  40.672 0.0000000000
104030  -49.714  38.844  32.872 0.0000000000
104688  -50.140  39.459  33.399 0.0000000000
104689  -50.956  39.412  33.316 0.0000000000
118751  -49.935  35.756  38.205 0.0000000000
102720  -51.104  35.514  38.796 0.0000000000
102072  -49.131  34.818  38.976 0.0000000000
101450  -47.772  34.218  38.586 0.0000000000
95252  -44.737  23.783  48.584 0.0000000000
137639  -44.674  28.388  51.437 0.0000000000
97642  -45.326  28.437  51.826 0.0000000000
108007  -39.200  45.320  33.475 0.0000000000
107504  -38.386  44.848  33.592 0.0000000000
123454  -39.185  44.505  33.241 0.0000000000
106986  -39.361  43.676  33.077 0.0000000000
107513  -39.938  44.281  33.021 0.0000000000
106479  -46.435  43.002  31.117 0.0000000000
106993  -46.455  43.312  31.857 0.0000000000
127850  -46.020  42.004  31.240 0.0000000000
105940  -45.273  41.334  31.447 0.0000000000
124764  -46.154  41.438  30.780 0.0000000000
105369  -46.270  40.510  30.488 0.0000000000
131327  -49.126  37.074  27.878 0.0000000000
123080  -49.383  37.107  28.262 0.0000000000
102856  -49.250  36.426  28.645 0.0000000000
102214  -49.328  35.673  29.378 0.0000000000
101561  -48.983  35.079  28.990 0.0000000000
100911  -48.888  34.255  28.957 0.0000000000
101560  -48.538  34.831  28.210 0.0000000000
128488  -40.096  33.086  45.432 0.0000000000
133380  -40.502  32.406  45.773 0.0000000000
99454  -40.433  31.811  46.355 0.0000000000
99455  -41.393  31.672  46.603 0.0000000000
99442  -41.776  31.203  47.448 0.0000000000
100722  -45.119  33.139  47.565 0.0000000000
100085  -44.731  32.653  47.885 0.0000000000
100086  -45.778  32.977  48.669 0.0000000000
106961  -44.157  43.430  40.375 0.0000000000
107462  -44.473  45.459  41.509 0.0000000000
107439  -45.006  45.536  42.504 0.0000000000
107440  -45.653  45.554  42.629 0.0000000000
104636  -48.630  40.214  38.272 0.0000000000
105285  -48.536  41.340  38.147 0.0000000000
104005  -47.744  39.430  38.782 0.0000000000
125448  -48.672  38.281  43.835 0.0000000000
103980  -48.485  39.364  43.872 0.0000000000
103965  -48.533  39.352  44.471 0.0000000000
103964  -47.725  39.609  44.945 0.0000000000
103954  -48.252  39.130  45.197 0.0000000000
103339  -47.607  38.315  45.315 0.0000000000
103328  -49.130  37.708  45.230 0.0000000000
133171  -49.046  33.141  46.870 0.0000000000
100733  -49.653  33.477  48.053 0.0000000000
139116  -49.031  33.022  48.290 0.0000000000
100087  -48.581  32.923  48.615 0.0000000000
99459  -47.655  32.357  47.823 0.0000000000
99466  -47.255  32.240  46.341 0.0000000000
99468  -44.989  31.419  44.414 0.0000000000
98829  -44.168  31.031  43.934 0.0000000000
98845  -44.052  31.132  42.978 0.0000000000
121102  -46.072  29.623  35.701 0.0000000000
99554  -45.269  30.325  36.758 0.0000000000
98275  -41.207  29.488  40.325 0.0000000000
98276  -41.850  30.009  40.698 0.0000000000
129563  -41.006  29.265  41.178 0.0000000000
97720  -40.295  28.156  40.965 0.0000000000
96552  -49.765  27.596  52.230 0.0000000000
96578  -46.195  27.285  48.551 0.0000000000
97161  -45.497  27.652  48.189 0.0000000000
102183  -50.772  36.216  33.254 0.0000000000
102163  -50.918  36.677  33.704 0.0000000000
141623  -50.685  36.030  33.516 0.0000000000
102133  -49.424  35.859  34.300 0.0000000000
102781  -49.778  36.440  35.076 0.0000000000
102759  -49.040  36.513  35.908 0.0000000000
102758  -47.795  36.246  35.709 0.0000000000
102757  -46.254  36.067  35.479 0.0000000000
95917  -42.703  25.916  49.033 0.0000000000
97129  -42.991  27.949  50.357 0.0000000000
97640  -42.544  28.863  50.575 0.0000000000
108540  -39.125  46.975  35.092 0.0000000000
104086  -47.767  38.364  27.624 0.0000000000
103462  -46.400  38.009  28.297 0.0000000000
102038  -43.896  35.196  44.234 0.0000000000
101388  -43.604  34.526  44.699 0.0000000000
101389  -44.611  34.595  44.728 0.0000000000
101372  -44.633  33.982  45.568 0.0000000000
119122  -39.843  40.405  35.897 0.0000000000
124562  -44.587  41.962  38.921 0.0000000000
102690  -48.301  36.306  40.039 0.0000000000
103370  -47.142  37.067  40.419 0.0000000000
102062  -47.674  35.475  41.143 0.0000000000
101402  -48.001  35.100  42.693 0.0000000000
128027  -49.036  36.044  43.623 0.0000000000
102053  -49.601  35.443  44.269 0.0000000000
101399  -49.793  34.140  43.988 0.0000000000
100124  -50.632  32.325  43.813 0.0000000000
100125  -51.307  32.972  44.757 0.0000000000
120845  -50.791  32.457  44.890 0.0000000000
100117  -50.716  32.665  45.734 0.0000000000
99473  -49.923  32.227  44.587 0.0000000000
100121  -48.880  32.301  44.802 0.0000000000
99481  -49.934  31.705  43.627 0.0000000000
99515  -49.784  31.444  41.757 0.0000000000
127083  -48.646  31.927  42.239 0.0000000000
99496  -47.461  31.937  42.823 0.0000000000
99513  -47.448  32.162  41.624 0.0000000000
137741  -46.030  38.854  34.097 0.0000000000
104674  -46.450  39.405  34.800 0.0000000000
120306  -47.298  39.731  34.711 0.0000000000
105338  -49.828  40.650  35.497 0.0000000000
105337  -48.926  40.942  35.285 0.0000000000
104652  -49.951  40.478  36.207 0.0000000000
132044  -49.580  40.724  36.757 0.0000000000
104642  -49.879  39.977  36.920 0.0000000000
103389  -51.356  37.691  35.231 0.0000000000
104016  -51.179  38.285  35.221 0.0000000000
102704  -51.458  36.490  38.676 0.0000000000
103384  -51.292  37.309  37.698 0.0000000000
103380  -51.408  36.760  38.966 0.0000000000
104008  -50.712  37.895  38.267 0.0000000000
103376  -50.673  36.418  39.526 0.0000000000
131684  -49.707  36.009  39.713 0.0000000000
102692  -50.598  35.585  39.660 0.0000000000
101434  -49.616  34.601  39.186 0.0000000000
102073  -49.044  34.914  39.415 0.0000000000
100798  -50.903  33.721  39.391 0.0000000000
100811  -50.629  33.160  38.511 0.0000000000
100172  -51.295  32.195  37.995 0.0000000000
100171  -50.134  32.174  37.386 0.0000000000
100820  -47.595  32.773  36.888 0.0000000000
120339  -48.153  31.979  36.289 0.0000000000
100183  -47.158  31.522  35.728 0.0000000000
133612  -47.357  30.317  35.055 0.0000000000
102719  -46.710  35.901  37.308 0.0000000000
102090  -46.338  35.058  38.340 0.0000000000
101458  -44.364  34.187  37.229 0.0000000000
101459  -44.971  33.498  36.843 0.0000000000
95918  -44.167  25.882  49.407 0.0000000000
123485  -46.260  26.872  51.258 0.0000000000
96569  -46.642  26.205  50.585 0.0000000000
95901  -47.819  26.114  51.202 0.0000000000
97124  -48.073  28.801  52.821 0.0000000000
97633  -48.091  29.315  52.485 0.0000000000
98183  -47.167  30.349  52.311 0.0000000000
106973  -33.448  43.039  36.676 0.0000000000
106446  -32.511  42.314  37.466 0.0000000000
106452  -33.851  42.393  36.348 0.0000000000
105897  -34.659  41.029  36.855 0.0000000000
105909  -34.435  41.752  36.140 0.0000000000
107992  -35.529  45.706  36.096 0.0000000000
107496  -36.016  44.839  35.002 0.0000000000
106983  -36.832  43.073  34.084 0.0000000000
106979  -36.141  43.143  34.448 0.0000000000
106460  -36.491  42.229  34.232 0.0000000000
105922  -36.068  41.857  34.789 0.0000000000
105923  -36.939  41.617  34.540 0.0000000000
105345  -38.050  40.925  35.328 0.0000000000
105924  -38.038  41.305  34.642 0.0000000000
123838  -40.153  41.272  33.419 0.0000000000
105354  -39.714  40.588  34.025 0.0000000000
105355  -40.478  40.393  33.652 0.0000000000
104669  -41.480  39.598  34.266 0.0000000000
105356  -41.346  40.199  33.442 0.0000000000
106989  -41.943  43.326  32.546 0.0000000000
106990  -43.049  43.350  32.712 0.0000000000
105364  -43.702  40.556  32.057 0.0000000000
105937  -43.216  41.375  32.043 0.0000000000
104694  -43.478  39.856  32.598 0.0000000000
104685  -43.452  39.436  33.373 0.0000000000
104695  -44.239  39.411  32.563 0.0000000000
104026  -44.996  38.970  32.922 0.0000000000
104050  -46.466  38.999  30.594 0.0000000000
104040  -46.482  38.282  32.172 0.0000000000
141920  -47.233  38.080  32.033 0.0000000000
104041  -48.061  38.019  32.272 0.0000000000
104052  -47.827  38.080  31.476 0.0000000000
105386  -48.920  41.141  27.670 0.0000000000
104709  -48.565  40.382  29.049 0.0000000000
105378  -49.102  40.700  28.166 0.0000000000
137123  -49.466  37.701  29.449 0.0000000000
104060  -49.161  38.354  29.521 0.0000000000
103435  -49.399  37.744  30.344 0.0000000000
103422  -49.339  37.715  31.178 0.0000000000
102815  -50.103  36.696  31.011 0.0000000000
103424  -50.384  37.110  31.988 0.0000000000
100881  -50.324  33.684  31.491 0.0000000000
100865  -50.013  33.308  32.179 0.0000000000
100245  -49.025  32.584  31.003 0.0000000000
100270  -48.534  32.001  29.148 0.0000000000
99610  -48.324  31.147  30.149 0.0000000000
98918  -47.964  30.852  29.573 0.0000000000
98917  -47.310  30.752  29.877 0.0000000000
99621  -47.987  31.059  28.903 0.0000000000
122886  -47.485  34.126  27.963 0.0000000000
98215  -40.404  30.071  49.094 0.0000000000
98774  -41.714  30.400  49.420 0.0000000000
98775  -42.648  30.396  49.940 0.0000000000
98202  -42.470  29.620  50.451 0.0000000000
100114  -43.100  32.744  46.127 0.0000000000
100083  -42.815  32.215  46.580 0.0000000000
100084  -43.499  32.061  47.314 0.0000000000
99433  -44.707  32.058  49.431 0.0000000000
99432  -43.821  31.544  48.872 0.0000000000
99416  -44.332  31.432  49.929 0.0000000000
98776  -43.858  30.735  50.367 0.0000000000
98195  -45.221  30.288  52.091 0.0000000000
99418  -46.737  32.342  51.202 0.0000000000
98764  -47.095  31.956  52.338 0.0000000000
98765  -47.386  31.790  52.213 0.0000000000
126093  -45.022  44.247  43.202 0.0000000000
105245  -43.766  41.425  42.377 0.0000000000
104651  -46.505  40.423  36.172 0.0000000000
105318  -46.082  40.854  36.914 0.0000000000
105303  -46.668  42.159  37.342 0.0000000000
105878  -47.744  42.791  38.812 0.0000000000
140900  -47.108  43.430  38.330 0.0000000000
106437  -47.075  43.156  39.242 0.0000000000
106444  -46.718  43.445  38.962 0.0000000000
138157  -46.127  42.735  40.120 0.0000000000
103997  -46.234  38.412  40.596 0.0000000000
132685  -46.138  39.316  40.150 0.0000000000
104621  -46.238  39.623  41.142 0.0000000000
129566  -46.855  40.844  43.501 0.0000000000
104613  -46.454  40.654  41.938 0.0000000000
105246  -46.967  41.563  42.887 0.0000000000
105862  -46.741  42.253  42.330 0.0000000000
105854  -46.918  42.171  43.322 0.0000000000
138477  -46.499  42.697  43.404 0.0000000000
103963  -46.711  39.340  44.710 0.0000000000
104601  -46.495  40.692  44.042 0.0000000000
103978  -46.240  39.762  43.945 0.0000000000
103977  -45.112  39.136  42.920 0.0000000000
103962  -45.704  38.758  43.653 0.0000000000
103351  -45.257  37.918  43.385 0.0000000000
102040  -47.611  36.355  45.306 0.0000000000
128367  -46.587  35.704  44.802 0.0000000000
101374  -46.723  34.401  45.739 0.0000000000
101377  -50.353  34.686  45.617 0.0000000000
102033  -49.633  35.982  45.276 0.0000000000
101376  -49.847  34.719  46.258 0.0000000000
101352  -48.946  33.859  48.821 0.0000000000
119888  -49.117  34.323  48.468 0.0000000000
101351  -48.463  34.175  48.764 0.0000000000
101350  -47.660  34.230  48.369 0.0000000000
100713  -47.988  33.788  49.246 0.0000000000
100712  -47.541  33.372  49.492 0.0000000000
117892  -48.005  33.214  49.488 0.0000000000
99435  -47.255  32.585  50.078 0.0000000000
98778  -46.716  30.961  50.199 0.0000000000
98789  -46.249  30.812  48.945 0.0000000000
98788  -45.399  30.087  48.243 0.0000000000
98229  -44.727  29.573  47.846 0.0000000000
99465  -46.807  31.943  45.503 0.0000000000
98815  -44.502  30.670  45.767 0.0000000000
98810  -44.013  30.074  46.179 0.0000000000
98233  -43.883  29.312  46.475 0.0000000000
97677  -43.533  28.623  45.877 0.0000000000
98239  -42.621  29.068  44.305 0.0000000000
97683  -42.573  28.136  44.616 0.0000000000
134960  -41.982  27.641  44.347 0.0000000000
97172  -41.655  27.008  44.350 0.0000000000
123510  -50.245  29.749  37.208 0.0000000000
98870  -50.334  30.150  38.308 0.0000000000
98881  -49.436  29.897  37.529 0.0000000000
99540  -46.706  31.220  38.910 0.0000000000
137674  -47.300  31.495  39.542 0.0000000000
99527  -46.480  31.792  39.804 0.0000000000
137186  -46.487  32.123  40.869 0.0000000000
141719  -45.982  32.012  40.320 0.0000000000
99552  -43.952  30.601  37.925 0.0000000000
98854  -42.431  30.504  41.111 0.0000000000
99509  -43.577  31.311  40.976 0.0000000000
98855  -43.099  30.980  41.528 0.0000000000
99494  -43.960  31.467  41.929 0.0000000000
98263  -42.000  29.838  42.463 0.0000000000
97707  -40.699  28.026  42.498 0.0000000000
97184  -40.768  27.400  43.205 0.0000000000
96624  -40.704  26.703  42.973 0.0000000000
97135  -49.428  28.274  52.494 0.0000000000
96580  -48.000  27.602  49.646 0.0000000000
101493  -50.529  34.473  33.046 0.0000000000
102162  -50.552  35.599  33.494 0.0000000000
102779  -47.742  36.041  34.870 0.0000000000
102051  -44.148  35.909  43.676 0.0000000000
105333  -41.447  39.850  35.678 0.0000000000
105315  -42.094  39.899  36.468 0.0000000000
105301  -44.545  40.726  37.692 0.0000000000
101420  -50.530  34.154  40.221 0.0000000000
101408  -47.961  34.881  41.641 0.0000000000
101409  -49.084  34.325  41.185 0.0000000000
130994  -49.131  33.740  42.427 0.0000000000
100763  -50.178  33.097  42.647 0.0000000000
100759  -50.435  33.340  43.688 0.0000000000
100764  -50.504  32.305  43.137 0.0000000000
100131  -50.503  31.637  42.839 0.0000000000
99498  -50.454  31.591  42.864 0.0000000000
120056  -50.859  30.922  42.212 0.0000000000
99529  -49.501  31.480  40.706 0.0000000000
104021  -47.673  38.845  33.513 0.0000000000
104675  -48.164  39.729  34.183 0.0000000000
104676  -49.379  39.976  34.067 0.0000000000
104677  -50.174  39.834  34.104 0.0000000000
104665  -50.399  39.507  35.229 0.0000000000
102741  -51.013  36.732  37.063 0.0000000000
102721  -51.271  36.133  38.369 0.0000000000
102702  -51.031  35.404  39.368 0.0000000000
101451  -48.906  34.066  38.769 0.0000000000
100810  -49.380  33.330  38.183 0.0000000000
100809  -48.128  33.511  38.059 0.0000000000
100808  -47.049  33.607  37.714 0.0000000000
102089  -45.535  35.184  37.800 0.0000000000
96548  -44.497  27.037  50.278 0.0000000000
97133  -47.102  27.734  52.097 0.0000000000
124555  -33.766  43.709  36.604 0.0000000000
108544  -37.930  45.974  34.611 0.0000000000
108001  -36.615  45.276  34.840 0.0000000000
108006  -37.629  44.726  34.000 0.0000000000
107503  -37.915  44.017  33.734 0.0000000000
131151  -38.173  43.315  33.572 0.0000000000
105929  -38.507  41.767  33.877 0.0000000000
106465  -38.784  42.991  33.338 0.0000000000
106466  -39.862  42.069  33.168 0.0000000000
105934  -41.005  42.088  32.745 0.0000000000
106992  -45.825  43.384  32.495 0.0000000000
105939  -44.287  41.422  31.764 0.0000000000
105365  -44.501  40.510  31.722 0.0000000000
104038  -45.078  38.997  31.971 0.0000000000
104699  -45.662  39.494  31.091 0.0000000000
104099  -48.874  39.443  27.665 0.0000000000
104718  -49.204  39.842  27.882 0.0000000000
104088  -49.087  38.614  27.931 0.0000000000
103466  -49.426  37.772  28.178 0.0000000000
102828  -49.699  36.557  30.044 0.0000000000
102829  -50.158  35.785  30.894 0.0000000000
102201  -49.767  35.770  30.128 0.0000000000
125196  -49.893  34.971  30.338 0.0000000000
100892  -49.284  33.166  30.613 0.0000000000
132336  -49.249  33.886  29.802 0.0000000000
100900  -48.740  33.131  29.306 0.0000000000
100282  -48.237  32.536  28.592 0.0000000000
123461  -40.052  33.820  44.790 0.0000000000
100741  -39.319  33.623  45.122 0.0000000000
98784  -40.686  30.569  48.484 0.0000000000
98799  -41.018  30.924  47.880 0.0000000000
99430  -42.342  31.019  48.118 0.0000000000
100100  -44.337  32.878  46.954 0.0000000000
141561  -44.046  32.426  47.348 0.0000000000
99417  -45.540  31.933  50.548 0.0000000000
100058  -45.889  32.301  49.991 0.0000000000
100059  -46.893  32.503  50.454 0.0000000000
107438  -43.788  45.391  42.453 0.0000000000
106937  -45.420  45.109  42.916 0.0000000000
135358  -45.692  43.281  43.477 0.0000000000
105902  -48.282  42.505  37.371 0.0000000000
105901  -47.579  42.687  37.276 0.0000000000
105892  -48.573  42.146  37.956 0.0000000000
105284  -48.158  42.193  38.530 0.0000000000
105268  -47.426  42.001  39.279 0.0000000000
134302  -46.997  38.383  42.259 0.0000000000
103991  -46.776  39.017  41.822 0.0000000000
103979  -47.802  39.469  43.182 0.0000000000
104602  -47.306  40.197  43.978 0.0000000000
105222  -46.603  40.675  44.060 0.0000000000
102666  -46.699  37.987  44.953 0.0000000000
102656  -48.154  37.523  45.345 0.0000000000
100734  -50.765  33.968  46.933 0.0000000000
101366  -50.502  34.216  47.035 0.0000000000
100725  -49.134  33.360  48.639 0.0000000000
100075  -48.531  33.353  49.070 0.0000000000
100074  -48.503  32.988  49.232 0.0000000000
135329  -48.135  32.843  48.942 0.0000000000
99445  -46.267  31.257  47.633 0.0000000000
98812  -45.561  30.659  46.996 0.0000000000
139422  -46.662  31.810  44.331 0.0000000000
99469  -46.423  31.783  44.858 0.0000000000
138760  -45.699  31.580  44.848 0.0000000000
98814  -43.806  30.237  45.295 0.0000000000
98819  -43.609  30.395  44.387 0.0000000000
98250  -42.908  29.909  43.927 0.0000000000
127889  -48.412  29.638  36.033 0.0000000000
98880  -48.345  29.862  37.080 0.0000000000
99555  -47.117  29.951  36.691 0.0000000000
118968  -45.876  31.132  38.662 0.0000000000
142082  -42.308  30.144  39.314 0.0000000000
137663  -42.903  30.561  39.523 0.0000000000
98861  -42.432  30.271  40.147 0.0000000000
98268  -41.872  30.075  41.586 0.0000000000
121936  -41.289  29.435  41.944 0.0000000000
124393  -40.466  27.903  41.796 0.0000000000
96635  -39.919  26.521  40.428 0.0000000000
95922  -50.432  25.580  50.507 0.0000000000
139494  -51.249  38.454  32.826 0.0000000000
104032  -51.387  39.087  32.852 0.0000000000
103397  -51.436  38.332  33.369 0.0000000000
102783  -51.230  36.990  34.444 0.0000000000
102761  -51.275  37.117  35.099 0.0000000000
102134  -50.434  36.169  34.240 0.0000000000
102760  -50.989  36.935  35.705 0.0000000000
120779  -50.330  36.653  36.222 0.0000000000
102739  -49.575  36.319  37.077 0.0000000000
128703  -48.752  36.062  37.673 0.0000000000
118084  -47.686  35.984  37.584 0.0000000000
120253  -46.803  36.172  35.937 0.0000000000
95930  -43.544  25.297  48.941 0.0000000000
127743  -43.944  26.620  49.788 0.0000000000
96568  -43.022  26.779  49.819 0.0000000000
97147  -43.852  27.413  50.310 0.0000000000
97130  -44.080  28.283  50.944 0.0000000000
108539  -37.652  46.394  35.424 0.0000000000
124195  -38.844  46.383  34.516 0.0000000000
108556  -39.438  46.110  33.810 0.0000000000
108008  -40.047  45.587  33.423 0.0000000000
105942  -46.830  41.640  30.100 0.0000000000
104725  -48.133  40.281  26.843 0.0000000000
104098  -48.477  39.393  27.175 0.0000000000
103464  -48.566  37.399  27.749 0.0000000000
102854  -48.587  36.507  28.041 0.0000000000
102222  -47.940  35.761  28.128 0.0000000000
102853  -47.738  36.477  28.210 0.0000000000
102213  -47.044  35.694  28.665 0.0000000000
100753  -43.339  33.853  45.080 0.0000000000
100730  -43.691  33.075  46.228 0.0000000000
100744  -44.528  33.447  46.395 0.0000000000
106433  -43.621  42.481  39.903 0.0000000000
106962  -44.881  43.625  40.285 0.0000000000
120508  -48.297  38.134  39.075 0.0000000000
103373  -46.696  37.755  40.094 0.0000000000
102683  -47.151  36.392  41.570 0.0000000000
102678  -46.875  37.431  42.007 0.0000000000
102679  -47.783  37.029  42.694 0.0000000000
102667  -48.725  37.137  43.639 0.0000000000
103354  -49.087  37.994  44.547 0.0000000000
137112  -49.465  37.581  44.973 0.0000000000
102657  -49.569  37.134  44.789 0.0000000000
102041  -49.853  36.084  44.895 0.0000000000
101392  -51.225  34.159  45.530 0.0000000000
100754  -50.813  33.843  44.644 0.0000000000
100755  -51.439  33.608  45.235 0.0000000000
101368  -51.992  34.102  46.366 0.0000000000
100102  -51.247  33.351  46.366 0.0000000000
100115  -48.210  32.505  45.694 0.0000000000
99471  -48.124  32.079  44.646 0.0000000000
99480  -49.168  31.706  43.486 0.0000000000
99479  -48.084  31.913  43.771 0.0000000000
99478  -46.970  31.847  43.784 0.0000000000
131779  -46.381  31.897  43.102 0.0000000000
99495  -45.468  31.786  42.846 0.0000000000
98879  -43.664  30.894  36.565 0.0000000000
98878  -43.188  30.655  37.673 0.0000000000
98868  -42.506  30.329  38.451 0.0000000000
104659  -44.875  39.457  35.346 0.0000000000
104660  -45.966  39.655  35.506 0.0000000000
105335  -47.300  40.989  35.957 0.0000000000
104662  -48.011  40.415  34.885 0.0000000000
105336  -47.950  41.019  35.559 0.0000000000
105321  -48.560  41.483  36.067 0.0000000000
105904  -49.230  41.227  36.937 0.0000000000
105286  -49.053  40.608  37.836 0.0000000000
136662  -49.363  39.784  38.037 0.0000000000
104022  -51.449  38.966  33.686 0.0000000000
104015  -50.878  38.828  34.728 0.0000000000
104012  -50.699  38.749  35.818 0.0000000000
138610  -51.251  37.437  36.870 0.0000000000
130832  -51.098  38.112  36.812 0.0000000000
121488  -50.428  38.955  36.784 0.0000000000
104643  -50.193  38.979  37.524 0.0000000000
104638  -49.894  38.973  38.024 0.0000000000
103375  -49.029  36.927  39.467 0.0000000000
102688  -48.317  35.447  40.345 0.0000000000
101419  -49.663  34.779  40.024 0.0000000000
100786  -51.441  33.461  39.790 0.0000000000
100164  -51.539  32.173  39.151 0.0000000000
99545  -51.283  31.371  39.074 0.0000000000
99556  -51.454  30.972  38.034 0.0000000000
99569  -51.845  30.253  37.001 0.0000000000
99568  -50.856  29.919  36.452 0.0000000000
99567  -49.409  30.099  35.629 0.0000000000
98895  -48.843  29.837  35.663 0.0000000000
98894  -47.777  29.809  35.484 0.0000000000
99576  -46.872  29.899  34.911 0.0000000000
99575  -45.842  30.173  34.668 0.0000000000
101449  -46.678  34.377  38.235 0.0000000000
100807  -45.988  33.554  37.160 0.0000000000
95931  -44.977  24.770  48.782 0.0000000000
95932  -45.843  25.110  49.098 0.0000000000
135275  -45.609  26.293  50.265 0.0000000000
121027  -45.995  25.769  49.676 0.0000000000
121204  -48.200  25.386  50.120 0.0000000000
95921  -49.506  25.470  50.361 0.0000000000
96543  -48.349  27.846  52.456 0.0000000000
96544  -49.288  27.949  52.662 0.0000000000
97126  -49.364  28.356  52.803 0.0000000000
97634  -49.240  28.824  52.896 0.0000000000
97644  -48.785  29.241  52.648 0.0000000000
106976  -34.753  43.484  35.562 0.0000000000
107499  -36.050  43.975  34.781 0.0000000000
106977  -35.475  43.317  34.923 0.0000000000
106456  -35.106  42.608  35.198 0.0000000000
105916  -34.993  41.919  35.505 0.0000000000
105910  -36.172  41.156  35.944 0.0000000000
105329  -37.002  40.846  36.242 0.0000000000
105330  -37.632  40.890  35.823 0.0000000000
105332  -39.234  40.366  35.420 0.0000000000
119602  -39.985  39.974  35.122 0.0000000000
105925  -38.998  40.992  34.437 0.0000000000
105347  -39.430  40.203  34.754 0.0000000000
104655  -40.849  39.626  34.908 0.0000000000
104656  -41.761  39.429  34.995 0.0000000000
104657  -42.660  39.255  34.905 0.0000000000
107506  -41.355  44.833  33.026 0.0000000000
106988  -41.025  43.403  32.575 0.0000000000
106470  -41.387  42.657  32.525 0.0000000000
105935  -41.659  41.892  32.615 0.0000000000
120816  -42.944  42.146  32.005 0.0000000000
105936  -42.405  41.676  32.370 0.0000000000
105932  -41.864  41.078  32.960 0.0000000000
104684  -42.684  39.870  33.102 0.0000000000
104670  -42.702  39.295  33.983 0.0000000000
104671  -43.481  39.137  34.260 0.0000000000
104672  -44.446  39.146  34.455 0.0000000000
104018  -45.121  38.951  33.834 0.0000000000
104019  -46.613  38.601  33.487 0.0000000000
104039  -45.700  38.608  32.431 0.0000000000
123530  -46.318  38.404  32.874 0.0000000000
104029  -48.418  38.398  32.939 0.0000000000
104042  -49.185  38.165  32.396 0.0000000000
104043  -50.303  38.588  32.466 0.0000000000
105370  -47.433  40.734  29.692 0.0000000000
104702  -47.381  39.605  29.863 0.0000000000
104072  -48.844  39.082  29.128 0.0000000000
126825  -48.432  38.639  29.986 0.0000000000
137054  -47.761  38.361  30.764 0.0000000000
103408  -49.861  37.963  32.001 0.0000000000
134850  -50.290  37.835  32.225 0.0000000000
103409  -50.757  37.815  32.623 0.0000000000
102807  -50.641  36.694  32.708 0.0000000000
140477  -50.717  35.642  32.714 0.0000000000
102193  -50.591  34.823  31.479 0.0000000000
122317  -50.785  34.743  32.276 0.0000000000
101512  -50.816  34.020  32.502 0.0000000000
101511  -50.430  33.706  32.654 0.0000000000
101510  -49.620  33.694  32.718 0.0000000000
100259  -48.575  31.750  30.618 0.0000000000
99597  -48.112  31.287  30.840 0.0000000000
101559  -48.180  34.155  27.851 0.0000000000
142749  -47.882  32.109  28.363 0.0000000000
120451  -41.588  29.107  50.362 0.0000000000
98216  -41.047  30.380  49.103 0.0000000000
139146  -43.198  29.420  50.734 0.0000000000
98194  -44.095  29.720  51.339 0.0000000000
99443  -42.790  31.479  47.447 0.0000000000
99431  -43.052  31.167  48.427 0.0000000000
98181  -45.764  30.068  52.439 0.0000000000
98182  -46.645  30.368  52.557 0.0000000000
126410  -47.304  31.057  52.301 0.0000000000
105861  -42.712  41.652  42.135 0.0000000000
104612  -43.438  40.240  42.160 0.0000000000
103976  -43.815  38.617  42.332 0.0000000000
105317  -45.011  40.368  36.972 0.0000000000
105899  -45.091  41.647  38.277 0.0000000000
106448  -47.172  43.231  37.866 0.0000000000
105900  -46.161  42.422  38.048 0.0000000000
105890  -45.590  42.617  38.581 0.0000000000
106443  -46.002  43.256  38.906 0.0000000000
106963  -46.139  43.641  39.556 0.0000000000
106956  -45.667  44.325  40.578 0.0000000000
104629  -46.554  39.905  39.465 0.0000000000
138329  -46.520  40.973  39.590 0.0000000000
105267  -46.340  41.612  40.232 0.0000000000
105867  -46.201  42.224  40.852 0.0000000000
129292  -46.182  42.870  41.429 0.0000000000
106426  -46.300  43.790  41.826 0.0000000000
106947  -46.327  44.792  42.174 0.0000000000
106939  -46.191  44.986  42.827 0.0000000000
106408  -45.791  44.098  43.311 0.0000000000
105852  -45.983  42.098  43.723 0.0000000000
105234  -46.368  41.280  43.944 0.0000000000
105233  -45.899  41.137  43.818 0.0000000000
105851  -45.119  41.617  43.037 0.0000000000
105232  -44.695  40.681  42.771 0.0000000000
102677  -44.605  37.386  43.148 0.0000000000
102664  -44.384  36.692  43.309 0.0000000000
102052  -45.123  36.377  43.722 0.0000000000
102665  -46.040  37.146  44.107 0.0000000000
102654  -45.885  36.102  44.256 0.0000000000
101390  -45.667  35.033  44.563 0.0000000000
101373  -45.607  34.356  45.407 0.0000000000
100732  -46.368  33.772  47.377 0.0000000000
102648  -49.427  37.004  45.263 0.0000000000
102032  -49.213  35.903  45.601 0.0000000000
102031  -48.330  35.630  45.702 0.0000000000
101365  -49.566  34.456  47.629 0.0000000000
101375  -47.874  34.618  46.203 0.0000000000
101363  -47.252  34.160  46.813 0.0000000000
137474  -46.689  33.339  49.025 0.0000000000
100072  -46.858  33.057  49.695 0.0000000000
99419  -47.123  32.433  51.227 0.0000000000
98779  -47.554  32.043  51.576 0.0000000000
97653  -47.055  29.443  50.840 0.0000000000
136236  -46.584  29.041  49.633 0.0000000000
97667  -45.728  29.078  48.939 0.0000000000
97672  -45.343  28.346  48.455 0.0000000000
97671  -44.810  28.873  48.142 0.0000000000
99457  -46.171  31.154  46.572 0.0000000000
98816  -45.336  30.928  46.157 0.0000000000
98234  -44.409  29.791  46.975 0.0000000000
97162  -44.335  27.625  46.691 0.0000000000
96591  -44.008  26.993  46.229 0.0000000000
141199  -43.519  27.142  45.724 0.0000000000
97684  -43.103  28.787  45.065 0.0000000000
99543  -50.583  30.878  39.513 0.0000000000
118020  -49.862  30.990  39.653 0.0000000000
118530  -48.434  31.388  39.795 0.0000000000
140297  -44.640  31.582  42.621 0.0000000000
99524  -43.636  31.272  39.950 0.0000000000
99525  -44.618  31.572  39.864 0.0000000000
98249  -42.178  29.320  43.400 0.0000000000
98262  -41.564  29.232  42.757 0.0000000000
97697  -41.510  28.580  43.289 0.0000000000
122600  -41.353  27.678  43.798 0.0000000000
97125  -49.150  28.633  53.003 0.0000000000
97167  -43.741  27.770  46.089 0.0000000000
98753  -46.405  30.951  52.484 0.0000000000
98871  -51.179  30.327  38.177 0.0000000000
98872  -51.305  30.558  38.133 0.0000000000
98882  -51.184  29.813  37.369 0.0000000000
98889  -47.684  29.714  36.067 0.0000000000
98891  -50.665  29.817  36.584 0.0000000000
98892  -51.504  29.902  36.856 0.0000000000
98896  -49.924  29.824  35.985 0.0000000000
99403  -47.170  32.379  51.928 0.0000000000
99511  -45.414  31.992  40.835 0.0000000000
99517  -51.189  31.347  41.033 0.0000000000
99544  -50.903  31.004  39.232 0.0000000000
99570  -51.381  31.146  37.777 0.0000000000
99577  -48.080  29.976  35.245 0.0000000000
99611  -48.663  31.715  29.882 0.0000000000
99622  -48.325  31.318  29.279 0.0000000000
100103  -51.757  33.519  46.150 0.0000000000
100104  -52.069  33.899  46.164 0.0000000000
100118  -51.387  32.872  45.755 0.0000000000
100122  -51.371  32.886  45.195 0.0000000000
100144  -51.278  32.151  40.832 0.0000000000
100184  -49.073  31.399  36.448 0.0000000000
100185  -51.114  30.946  37.218 0.0000000000
100260  -48.838  32.278  30.426 0.0000000000
100731  -45.305  33.468  47.107 0.0000000000
100735  -51.886  33.967  46.533 0.0000000000
100743  -43.851  33.585  45.617 0.0000000000
100756  -51.713  33.534  45.622 0.0000000000
100787  -51.567  32.778  39.913 0.0000000000
100799  -51.349  33.520  39.641 0.0000000000
100800  -51.449  33.053  39.461 0.0000000000
100812  -51.282  33.066  39.064 0.0000000000
100866  -50.623  33.512  32.127 0.0000000000
101367  -51.564  34.117  46.569 0.0000000000
101378  -51.606  34.275  46.177 0.0000000000
101393  -52.031  34.045  45.976 0.0000000000
101404  -49.489  33.672  43.259 0.0000000000
101436  -51.188  33.759  39.747 0.0000000000
101534  -49.785  34.131  30.571 0.0000000000
101535  -50.437  34.369  31.155 0.0000000000
102059  -47.541  35.706  42.099 0.0000000000
102224  -48.840  35.803  28.622 0.0000000000
102668  -49.340  37.171  44.380 0.0000000000
102687  -47.437  36.243  40.791 0.0000000000
102694  -51.484  36.159  39.280 0.0000000000
102703  -51.468  35.836  39.194 0.0000000000
102737  -46.435  36.082  36.572 0.0000000000
102782  -50.984  36.739  34.695 0.0000000000
102798  -51.271  37.343  33.927 0.0000000000
102855  -49.026  36.516  28.198 0.0000000000
103340  -48.743  38.427  45.147 0.0000000000
103369  -46.544  37.594  40.711 0.0000000000
103377  -51.403  36.351  39.315 0.0000000000
103379  -50.884  37.188  39.093 0.0000000000
103383  -51.285  37.208  38.290 0.0000000000
103392  -51.363  37.545  34.511 0.0000000000
103465  -49.233  37.728  27.760 0.0000000000
103955  -48.943  38.791  44.629 0.0000000000
104007  -50.132  38.160  38.576 0.0000000000
104023  -51.356  38.264  34.515 0.0000000000
104031  -50.869  39.192  32.699 0.0000000000
104051  -46.923  38.412  31.260 0.0000000000
104073  -48.905  38.962  28.434 0.0000000000
104664  -50.155  40.068  34.902 0.0000000000
104683  -42.059  39.758  33.754 0.0000000000
104698  -44.684  39.654  31.708 0.0000000000
104710  -49.136  39.999  28.455 0.0000000000
105244  -42.630  40.815  41.942 0.0000000000
105305  -49.279  40.796  37.338 0.0000000000
105319  -47.175  41.703  36.566 0.0000000000
105320  -47.886  41.710  36.169 0.0000000000
105331  -38.423  40.632  35.902 0.0000000000
105339  -50.181  40.187  35.604 0.0000000000
105348  -40.140  39.896  34.408 0.0000000000
105349  -49.637  40.448  34.713 0.0000000000
105357  -42.027  40.294  33.142 0.0000000000
105362  -43.073  40.467  32.478 0.0000000000
105377  -48.462  41.294  28.561 0.0000000000
105387  -49.251  40.540  27.886 0.0000000000
105891  -48.225  42.926  38.186 0.0000000000
105903  -48.849  41.663  37.403 0.0000000000
105907  -33.152  42.282  36.860 0.0000000000
105908  -33.752  41.633  36.759 0.0000000000
105912  -48.302  42.030  36.620 0.0000000000
105913  -48.778  41.701  36.778 0.0000000000
105917  -35.674  41.618  35.379 0.0000000000
105919  -37.527  41.233  35.179 0.0000000000
106435  -45.525  43.147  39.613 0.0000000000
106436  -46.020  43.155  40.258 0.0000000000
106442  -45.053  42.687  39.063 0.0000000000
106445  -47.496  43.218  38.355 0.0000000000
106455  -34.500  42.540  35.781 0.0000000000
106463  -37.162  42.242  33.797 0.0000000000
106464  -38.022  42.476  33.638 0.0000000000
106468  -39.619  42.867  33.040 0.0000000000
106472  -43.185  42.666  32.330 0.0000000000
106477  -45.254  42.242  31.695 0.0000000000
106478  -46.220  42.699  31.424 0.0000000000
106486  -46.482  42.250  30.674 0.0000000000
106938  -45.987  45.048  43.071 0.0000000000
106954  -44.710  44.688  40.670 0.0000000000
106955  -45.418  44.618  40.601 0.0000000000
106957  -45.866  44.204  41.087 0.0000000000
106984  -37.545  43.177  33.799 0.0000000000
106987  -40.178  43.506  32.839 0.0000000000
107441  -46.058  45.411  42.512 0.0000000000
107450  -44.407  45.576  42.215 0.0000000000
107451  -45.099  45.698  42.140 0.0000000000
107452  -45.700  45.562  41.973 0.0000000000
107453  -46.023  45.083  41.617 0.0000000000
107463  -45.216  45.446  41.232 0.0000000000
107490  -34.249  44.026  36.179 0.0000000000
107500  -36.688  44.574  34.541 0.0000000000
107505  -40.476  44.912  33.111 0.0000000000
107514  -40.763  44.177  32.881 0.0000000000
107515  -41.617  44.071  32.818 0.0000000000
107997  -36.235  45.624  35.472 0.0000000000
108002  -37.263  45.252  34.434 0.0000000000
108003  -37.905  45.376  34.004 0.0000000000
108529  -36.198  46.251  36.194 0.0000000000
125852  -46.121  29.671  34.913 0.0000000000
125901  -36.340  41.526  35.211 0.0000000000
127694  -39.136  42.274  33.447 0.0000000000
129972  -49.548  37.318  28.997 0.0000000000
130044  -43.928  43.089  32.477 0.0000000000
130247  -40.498  41.882  32.979 0.0000000000
130357  -46.162  42.947  43.606 0.0000000000
130359  -48.131  34.932  27.863 0.0000000000
130459  -46.578  43.088  42.743 0.0000000000
130980  -48.712  39.045  44.053 0.0000000000
131319  -35.424  45.046  35.559 0.0000000000
131730  -45.756  43.882  40.043 0.0000000000
132612  -46.629  31.645  46.206 0.0000000000
132669  -32.876  42.915  37.149 0.0000000000
134769  -51.104  31.386  40.103 0.0000000000
136189  -36.589  43.763  34.414 0.0000000000
136630  -50.685  32.403  44.346 0.0000000000
137115  -50.959  31.541  42.507 0.0000000000
137491  -45.958  45.477  42.836 0.0000000000
138366  -46.176  43.842  43.146 0.0000000000
138659  -49.400  37.713  44.843 0.0000000000
138909  -43.588  39.788  36.104 0.0000000000
139710  -38.615  42.383  33.545 0.0000000000
140268  -36.974  41.842  33.963 0.0000000000
140998  -37.198  44.654  34.282 0.0000000000
142428  -50.307  31.871  43.497 0.0000000000
142790  -35.452  42.033  35.032 0.0000000000
