#!ascii label  , from subject sub-05 vox2ras=TkReg
2106
4000  -31.622  -80.636  4.989 0.1000000015
4553  -29.994  -80.573  4.385 0.1000000015
3998  -28.588  -81.564  3.892 0.1000000015
139282  -28.749  -80.583  3.954 0.1000000015
4551  -27.915  -80.646  3.860 0.1000000015
4541  -27.675  -80.334  4.907 0.1000000015
4540  -26.537  -80.952  4.160 0.1000000015
4527  -26.505  -80.464  6.170 0.1000000015
4516  -26.346  -80.470  7.166 0.1000000015
4526  -25.676  -80.669  6.417 0.1000000015
4515  -25.608  -80.707  7.498 0.1000000015
3964  -24.176  -81.203  7.198 0.1000000015
4507  -25.523  -80.710  8.466 0.1000000015
5029  -24.676  -79.853  9.824 0.1000000015
3955  -24.177  -81.299  8.217 0.1000000015
4496  -24.386  -80.726  9.499 0.1000000015
4506  -24.810  -81.140  8.820 0.1000000015
5684  -32.900  -78.761  5.511 0.1000000015
4554  -31.095  -80.131  4.702 0.1000000015
5683  -32.207  -79.462  5.306 0.1000000015
4543  -29.505  -80.233  4.421 0.1000000015
5057  -31.154  -79.040  6.348 0.1000000015
5066  -30.663  -79.444  5.644 0.1000000015
5077  -30.117  -79.717  4.922 0.1000000015
5065  -29.786  -79.584  6.073 0.1000000015
4529  -28.253  -80.058  5.711 0.1000000015
4518  -27.874  -80.052  6.924 0.1000000015
142866  -27.361  -80.050  7.374 0.1000000015
4508  -26.230  -80.326  8.040 0.1000000015
6898  -24.162  -75.867  11.486 0.1000000015
6251  -23.972  -76.642  11.416 0.1000000015
5601  -25.034  -77.562  11.130 0.1000000015
5618  -24.956  -78.398  10.725 0.1000000015
5021  -25.206  -79.145  10.121 0.1000000015
5030  -25.419  -79.675  9.494 0.1000000015
4497  -25.198  -80.457  9.201 0.1000000015
5686  -34.914  -78.079  5.909 0.1000000015
6315  -34.353  -77.454  6.831 0.2000000030
6328  -34.078  -77.747  6.051 0.2000000030
5685  -34.318  -78.132  5.681 0.1000000015
6303  -33.752  -77.558  7.581 0.1000000015
132828  -32.731  -77.997  7.341 0.1000000015
119356  -33.533  -78.118  5.769 0.1000000015
5659  -32.495  -78.219  8.211 0.1000000015
120897  -31.684  -78.529  6.952 0.1000000015
9508  -29.099  -72.382  14.564 0.1000000015
138087  -28.094  -73.162  14.207 0.1000000015
5036  -31.617  -78.558  8.258 0.1000000015
5048  -30.879  -78.943  7.616 0.1000000015
5056  -30.329  -79.355  6.911 0.1000000015
9506  -27.873  -72.895  13.830 0.1000000015
8834  -27.671  -73.479  13.863 0.1000000015
138761  -27.606  -74.062  13.788 0.1000000015
7540  -27.449  -75.440  13.208 0.1000000015
7541  -28.417  -75.595  13.564 0.1000000015
6882  -27.261  -76.254  12.586 0.1000000015
5047  -30.064  -79.342  8.124 0.1000000015
5046  -29.196  -79.539  8.480 0.1000000015
4517  -26.895  -80.095  7.632 0.1000000015
8173  -27.247  -74.496  13.430 0.1000000015
7539  -26.722  -74.830  13.008 0.1000000015
7560  -26.614  -75.569  12.680 0.1000000015
6900  -26.460  -76.266  12.263 0.1000000015
138775  -27.076  -76.728  11.974 0.1000000015
6272  -27.716  -77.542  10.726 0.1000000015
5053  -27.585  -79.778  7.896 0.1000000015
130868  -26.821  -79.756  8.371 0.1000000015
7559  -26.068  -75.018  12.601 0.1000000015
6899  -25.284  -76.093  11.959 0.1000000015
124602  -25.831  -76.360  11.993 0.1000000015
6271  -26.823  -77.399  10.731 0.1000000015
5639  -26.575  -78.447  9.708 0.1000000015
120984  -25.948  -79.079  9.502 0.1000000015
6252  -25.396  -76.776  11.533 0.1000000015
6270  -25.954  -77.389  10.921 0.1000000015
140349  -25.632  -77.902  10.570 0.1000000015
135636  -25.786  -78.430  10.089 0.1000000015
5031  -26.862  -79.228  9.139 0.1000000015
134827  -26.015  -79.911  8.901 0.1000000015
6959  -35.109  -77.078  7.406 0.1000000015
6330  -35.516  -77.586  6.595 0.1000000015
6972  -36.828  -76.782  7.078 0.2000000030
6317  -37.294  -76.826  7.285 0.2000000030
6947  -34.981  -76.877  8.290 0.1000000015
6290  -33.726  -77.753  8.496 0.1000000015
10212  -30.047  -71.222  14.433 0.1000000015
10210  -28.894  -71.984  14.058 0.1000000015
5646  -33.048  -78.105  8.857 0.1000000015
5035  -30.715  -79.080  8.805 0.1000000015
5644  -31.372  -78.648  9.395 0.1000000015
8835  -28.846  -73.189  14.472 0.1000000015
8174  -27.945  -74.725  13.711 0.1000000015
7542  -29.316  -75.625  13.751 0.1000000015
6867  -28.097  -76.345  13.023 0.1000000015
6233  -27.936  -76.982  12.067 0.1000000015
6255  -29.225  -77.723  11.693 0.1000000015
5641  -28.888  -78.358  10.239 0.1000000015
135875  -28.412  -78.778  9.690 0.1000000015
5045  -28.268  -79.515  8.597 0.1000000015
5640  -27.487  -78.585  9.604 0.1000000015
8246  -37.764  -74.179  8.941 0.1000000015
136543  -37.093  -74.627  8.368 0.1000000015
7606  -36.014  -75.748  9.069 0.1000000015
133453  -36.481  -75.186  8.380 0.1000000015
7622  -36.836  -75.187  7.631 0.1000000015
7640  -37.715  -75.558  7.244 0.2000000030
6948  -35.666  -76.350  7.724 0.2000000030
6962  -37.374  -76.131  7.111 0.2000000030
6963  -37.977  -75.953  7.363 0.2000000030
6291  -34.311  -77.399  8.944 0.1000000015
6933  -34.849  -76.850  9.359 0.1000000015
6275  -34.169  -77.351  9.918 0.1000000015
5626  -32.759  -77.968  9.716 0.1000000015
10181  -30.091  -71.544  15.046 0.1000000015
8821  -30.780  -72.727  15.257 0.1000000015
8838  -31.288  -73.631  14.917 0.1000000015
133756  -31.617  -74.302  14.627 0.1000000015
124801  -33.616  -77.803  9.412 0.1000000015
5625  -31.929  -78.203  9.989 0.1000000015
10979  -30.556  -70.958  14.995 0.1000000015
131548  -29.427  -72.725  14.795 0.1000000015
8836  -29.633  -73.419  14.730 0.1000000015
133884  -30.048  -75.567  13.847 0.1000000015
7543  -30.624  -75.797  13.723 0.1000000015
6221  -30.035  -77.166  12.902 0.1000000015
5585  -31.487  -77.593  12.302 0.1000000015
5604  -30.274  -78.230  11.283 0.1000000015
5605  -31.000  -78.246  11.070 0.1000000015
5643  -30.561  -78.884  9.688 0.1000000015
10236  -30.388  -71.166  13.423 0.1000000015
6883  -28.801  -76.848  12.608 0.1000000015
6256  -30.011  -77.920  12.027 0.1000000015
5602  -29.053  -77.993  10.993 0.1000000015
5622  -29.676  -78.349  10.721 0.1000000015
5642  -29.659  -78.799  9.895 0.1000000015
10237  -31.456  -71.195  13.167 0.1000000015
10260  -32.256  -71.902  12.286 0.1000000015
9533  -32.144  -72.365  11.654 0.1000000015
128293  -33.055  -72.082  11.504 0.1000000015
8204  -36.958  -74.604  10.867 0.1000000015
7592  -37.109  -74.717  9.742 0.1000000015
8205  -37.402  -74.108  11.263 0.1000000015
142747  -36.544  -74.864  11.295 0.1000000015
128560  -38.859  -73.607  8.845 0.1000000015
8268  -38.001  -74.270  7.988 0.1000000015
138008  -38.361  -74.708  7.670 0.2000000030
7563  -36.185  -75.172  11.678 0.1000000015
6903  -35.210  -76.245  10.829 0.1000000015
7591  -35.911  -75.784  10.217 0.1000000015
7624  -38.732  -74.843  7.854 0.2000000030
7562  -35.583  -75.619  12.224 0.1000000015
7576  -35.748  -75.738  11.287 0.1000000015
11714  -33.124  -69.789  15.148 0.1000000015
10962  -31.660  -70.559  15.481 0.1000000015
10182  -31.451  -71.026  15.753 0.1000000015
9489  -31.290  -71.855  15.613 0.1000000015
8822  -31.790  -72.972  15.310 0.1000000015
7561  -34.809  -75.878  12.659 0.1000000015
6886  -34.257  -76.390  12.222 0.1000000015
6920  -34.650  -76.732  10.374 0.1000000015
6274  -33.303  -77.561  10.307 0.1000000015
131290  -30.757  -71.317  15.382 0.1000000015
8157  -32.206  -74.694  14.488 0.1000000015
133631  -32.096  -75.382  14.010 0.1000000015
133500  -31.307  -75.600  13.848 0.1000000015
6257  -32.235  -77.492  11.894 0.1000000015
6258  -32.933  -77.356  11.273 0.1000000015
6273  -32.437  -77.747  10.545 0.1000000015
10982  -33.552  -69.945  14.484 0.1000000015
7527  -30.587  -75.082  14.186 0.1000000015
7528  -31.464  -74.913  14.307 0.1000000015
128250  -31.929  -76.064  13.551 0.1000000015
6223  -31.325  -77.169  13.010 0.1000000015
137338  -31.580  -77.864  11.531 0.1000000015
5606  -31.701  -78.010  10.773 0.1000000015
10981  -32.860  -70.108  14.572 0.1000000015
11004  -31.755  -70.743  13.948 0.1000000015
11005  -32.754  -70.702  13.728 0.1000000015
10239  -33.582  -71.281  12.675 0.1000000015
137840  -32.495  -72.317  11.164 0.1000000015
8224  -38.352  -73.804  9.398 0.1000000015
8190  -36.693  -74.588  11.838 0.1000000015
8880  -37.881  -73.661  11.720 0.1000000015
8898  -38.154  -73.700  10.572 0.1000000015
8247  -38.473  -73.934  8.464 0.1000000015
126642  -36.614  -74.430  12.807 0.1000000015
134767  -37.123  -74.068  13.001 0.1000000015
9566  -39.998  -72.598  9.425 0.1000000015
8915  -38.965  -73.840  8.428 0.1000000015
8176  -35.907  -74.657  13.541 0.1000000015
7547  -35.334  -75.315  13.086 0.1000000015
8270  -39.064  -74.341  8.262 0.2000000030
10963  -32.513  -70.139  15.541 0.1000000015
10183  -32.057  -71.287  16.077 0.1000000015
9490  -32.362  -72.264  15.741 0.1000000015
7546  -34.563  -75.578  13.457 0.1000000015
6873  -34.048  -76.151  13.052 0.1000000015
131539  -40.103  -73.454  9.180 0.1000000015
8249  -40.668  -73.651  9.496 0.2000000030
10940  -33.055  -70.377  16.227 0.1000000015
8839  -32.134  -73.922  14.923 0.1000000015
8158  -32.958  -74.368  14.778 0.1000000015
7529  -32.905  -75.148  14.207 0.1000000015
7545  -33.673  -75.621  13.755 0.1000000015
6884  -32.892  -76.747  12.808 0.1000000015
10983  -34.586  -70.012  13.837 0.1000000015
122631  -33.748  -70.602  13.451 0.1000000015
10262  -34.235  -71.129  12.119 0.1000000015
135444  -34.909  -70.657  11.821 0.1000000015
10261  -33.782  -71.548  11.620 0.1000000015
10282  -34.330  -71.089  11.440 0.1000000015
10281  -33.466  -71.629  11.083 0.1000000015
8855  -38.212  -73.543  13.447 0.1000000015
8856  -39.065  -73.206  12.956 0.1000000015
8865  -38.455  -73.425  12.322 0.1000000015
8844  -37.539  -73.547  14.230 0.1000000015
8191  -37.229  -74.101  12.248 0.1000000015
8866  -39.141  -72.964  11.865 0.1000000015
8899  -39.012  -73.301  9.731 0.1000000015
8177  -36.653  -74.111  13.564 0.1000000015
9548  -39.432  -72.744  10.573 0.1000000015
133785  -39.395  -73.437  9.010 0.1000000015
8159  -34.566  -74.598  14.426 0.1000000015
8843  -36.841  -73.729  14.178 0.1000000015
120858  -34.153  -69.555  15.857 0.1000000015
11679  -33.797  -69.931  16.226 0.1000000015
10941  -34.012  -70.316  16.536 0.1000000015
10152  -32.635  -70.918  16.357 0.1000000015
9491  -33.308  -72.526  15.838 0.1000000015
133776  -32.886  -73.387  15.369 0.1000000015
8840  -33.872  -73.955  14.917 0.1000000015
8841  -34.822  -73.911  14.840 0.1000000015
8175  -35.075  -75.091  13.943 0.1000000015
8916  -39.976  -72.997  9.240 0.1000000015
11715  -33.810  -69.616  15.085 0.1000000015
7531  -34.380  -75.222  14.048 0.1000000015
8918  -41.274  -72.945  9.587 0.1000000015
11716  -34.759  -69.428  15.036 0.1000000015
11730  -35.564  -69.612  14.050 0.1000000015
132168  -35.153  -70.344  12.601 0.1000000015
11023  -35.882  -70.064  11.967 0.1000000015
11764  -36.346  -69.364  11.308 0.1000000015
11046  -34.630  -70.592  11.250 0.1000000015
140414  -34.541  -70.067  10.994 0.1000000015
9519  -38.900  -73.171  13.928 0.1000000015
9520  -39.518  -72.650  13.493 0.1000000015
9534  -39.604  -72.576  12.470 0.1000000015
8845  -38.206  -73.343  14.328 0.1000000015
9535  -40.193  -72.038  11.809 0.1000000015
138716  -37.043  -73.480  14.737 0.1000000015
8828  -38.539  -72.865  14.825 0.1000000015
123760  -39.693  -72.457  11.462 0.1000000015
8842  -35.651  -73.800  14.840 0.1000000015
125186  -36.413  -73.621  14.809 0.1000000015
9549  -40.278  -72.038  10.374 0.1000000015
11702  -35.021  -69.137  15.930 0.1000000015
10184  -32.871  -71.616  16.206 0.1000000015
133878  -34.371  -73.421  15.301 0.1000000015
8824  -35.094  -73.313  15.365 0.1000000015
8825  -35.970  -73.280  15.391 0.1000000015
10283  -40.959  -71.173  9.889 0.1000000015
9577  -40.744  -72.049  9.356 0.1000000015
11717  -35.899  -69.200  14.795 0.1000000015
11680  -34.651  -69.687  16.464 0.1000000015
10942  -34.924  -70.266  16.775 0.1000000015
10154  -34.439  -71.018  16.607 0.1000000015
9475  -34.129  -71.716  16.437 0.1000000015
9492  -34.324  -72.636  15.934 0.1000000015
10324  -41.351  -71.276  9.053 0.1000000015
11732  -37.460  -68.785  12.535 0.1000000015
131204  -36.495  -69.354  13.424 0.1000000015
12454  -38.217  -68.013  11.582 0.1000000015
131751  -36.810  -69.539  12.242 0.1000000015
11765  -37.401  -68.661  11.142 0.1000000015
11747  -35.901  -69.330  11.255 0.1000000015
12465  -37.057  -68.474  11.021 0.1000000015
9496  -38.129  -72.536  15.637 0.1000000015
9497  -38.980  -72.296  15.384 0.1000000015
10213  -39.781  -71.987  15.005 0.1000000015
9521  -40.118  -72.122  12.979 0.1000000015
9479  -37.668  -71.991  16.281 0.1000000015
128811  -40.710  -71.519  12.303 0.1000000015
10156  -36.249  -71.197  16.825 0.1000000015
9477  -35.838  -71.893  16.296 0.1000000015
9494  -36.346  -72.627  15.819 0.1000000015
10264  -41.271  -70.802  11.372 0.1000000015
11703  -35.965  -68.686  15.825 0.1000000015
138653  -35.390  -69.222  16.499 0.1000000015
9476  -34.905  -71.881  16.420 0.1000000015
9493  -35.420  -72.654  15.901 0.1000000015
10284  -41.443  -70.474  9.676 0.1000000015
10306  -41.428  -70.917  8.910 0.1000000015
9578  -41.566  -71.921  8.960 0.1000000015
11718  -36.750  -68.602  14.090 0.1000000015
12443  -36.929  -67.792  14.001 0.1000000015
120777  -37.729  -67.852  12.769 0.1000000015
13164  -38.133  -66.973  11.815 0.1000000015
135574  -38.324  -67.540  10.558 0.1000000015
13904  -37.497  -66.380  11.892 0.1000000015
12464  -35.912  -68.536  11.432 0.1000000015
9510  -40.002  -72.131  14.029 0.1000000015
10240  -40.563  -71.574  13.491 0.1000000015
10241  -41.230  -70.876  12.895 0.1000000015
12414  -36.113  -69.032  16.648 0.1000000015
131955  -35.784  -70.363  17.079 0.1000000015
9478  -36.753  -71.960  16.305 0.1000000015
12431  -36.660  -68.217  15.325 0.1000000015
141065  -36.351  -68.590  16.121 0.1000000015
12415  -36.774  -68.426  16.299 0.1000000015
11681  -35.461  -69.650  16.932 0.1000000015
131591  -36.287  -69.798  17.034 0.1000000015
10155  -35.337  -71.072  16.709 0.1000000015
10263  -40.821  -71.404  10.885 0.1000000015
13133  -36.683  -67.160  14.647 0.1000000015
119972  -36.421  -66.646  15.423 0.1000000015
13148  -37.318  -66.746  13.186 0.1000000015
132196  -36.879  -65.585  14.077 0.1000000015
13865  -36.421  -65.313  15.076 0.1000000015
13896  -37.257  -65.852  12.833 0.1000000015
14586  -36.871  -64.658  13.494 0.1000000015
10965  -39.775  -70.892  16.177 0.1000000015
10187  -40.109  -71.253  15.400 0.1000000015
10214  -40.368  -71.505  14.487 0.1000000015
10215  -40.867  -71.057  13.987 0.1000000015
10985  -41.359  -70.309  14.043 0.1000000015
10159  -38.958  -71.180  16.486 0.1000000015
10157  -37.150  -71.336  16.757 0.1000000015
13119  -36.581  -67.666  15.775 0.1000000015
13846  -36.040  -66.414  16.404 0.1000000015
14573  -36.890  -64.433  14.233 0.1000000015
136517  -36.177  -64.372  13.826 0.1000000015
10186  -39.416  -71.648  15.873 0.1000000015
10984  -40.667  -70.766  14.809 0.1000000015
10158  -38.033  -71.322  16.603 0.1000000015
122464  -37.133  -67.912  16.468 0.1000000015
12416  -37.607  -68.579  16.559 0.1000000015
11682  -36.968  -69.276  16.549 0.1000000015
10944  -37.247  -70.067  16.813 0.1000000015
137690  -37.470  -70.791  16.864 0.1000000015
137187  -36.783  -66.992  17.072 0.1000000015
13864  -35.959  -65.340  16.020 0.1000000015
14557  -35.926  -64.412  16.210 0.1000000015
15309  -35.907  -63.570  16.213 0.1000000015
10947  -40.113  -70.102  16.382 0.1000000015
11684  -38.734  -69.668  16.715 0.1000000015
11685  -39.575  -69.536  16.673 0.1000000015
10946  -39.294  -70.365  16.572 0.1000000015
13102  -37.632  -67.504  16.969 0.1000000015
11683  -37.843  -69.512  16.621 0.1000000015
13101  -36.639  -67.387  16.500 0.1000000015
15280  -36.141  -65.015  17.960 0.1000000015
132177  -35.951  -64.172  17.923 0.1000000015
15263  -35.893  -63.828  18.765 0.1000000015
15293  -35.882  -64.324  17.127 0.1000000015
12417  -39.019  -68.919  16.857 0.1000000015
13120  -38.427  -68.274  16.876 0.1000000015
121675  -38.303  -69.009  16.663 0.1000000015
13830  -37.301  -66.677  17.528 0.1000000015
14524  -36.715  -65.481  18.505 0.1000000015
14543  -36.319  -65.746  17.760 0.1000000015
16094  -36.197  -63.510  19.426 0.1000000015
13809  -37.738  -66.244  18.154 0.1000000015
13808  -36.974  -66.112  18.086 0.1000000015
14502  -36.910  -65.061  19.173 0.1000000015
15264  -36.477  -64.289  19.368 0.1000000015
16074  -36.618  -63.211  19.906 0.1000000015
16915  -36.853  -62.605  20.039 0.1000000015
16916  -37.656  -62.396  20.619 0.1000000015
14525  -37.356  -65.644  18.704 0.1000000015
15265  -37.126  -64.516  19.603 0.1000000015
15241  -36.874  -63.863  19.886 0.1000000015
139173  -37.391  -63.313  20.402 0.1000000015
4552  -29.252  -80.871  3.943 0.1000000015
4555  -27.726  -80.943  3.403 0.1000000015
4542  -28.562  -80.233  4.627 0.1000000015
123372  -27.195  -80.632  4.218 0.1000000015
4530  -29.187  -79.810  5.253 0.1000000015
121810  -26.854  -80.579  5.130 0.1000000015
4539  -25.937  -80.936  5.173 0.1000000015
5067  -31.490  -79.426  5.331 0.1000000015
5671  -32.023  -78.821  5.812 0.1000000015
5078  -30.950  -79.777  4.810 0.1000000015
5064  -28.857  -79.821  6.529 0.1000000015
5055  -29.471  -79.598  7.356 0.1000000015
5054  -28.541  -79.722  7.664 0.1000000015
124481  -24.701  -76.260  11.662 0.1000000015
5600  -24.065  -77.503  11.402 0.1000000015
5617  -24.057  -78.303  11.215 0.1000000015
6329  -34.743  -77.695  6.096 0.1000000015
5673  -33.419  -77.736  6.736 0.1000000015
6960  -35.894  -76.836  7.160 0.2000000030
8820  -29.965  -72.689  15.087 0.1000000015
8154  -29.154  -74.127  14.459 0.1000000015
6881  -25.758  -75.658  12.307 0.1000000015
127703  -27.305  -77.142  11.366 0.1000000015
6253  -26.403  -76.887  11.544 0.1000000015
117920  -28.769  -77.299  12.014 0.1000000015
5621  -28.416  -77.865  10.637 0.1000000015
5619  -26.331  -77.852  10.273 0.1000000015
5620  -27.158  -77.871  10.074 0.1000000015
5044  -27.460  -79.487  8.663 0.1000000015
5032  -27.927  -79.213  9.200 0.1000000015
7621  -36.094  -75.642  8.014 0.1000000015
6949  -36.417  -75.921  7.416 0.2000000030
6961  -36.754  -76.337  7.086 0.2000000030
6934  -35.505  -76.275  8.662 0.1000000015
5645  -32.207  -78.309  9.096 0.1000000015
5034  -29.876  -79.337  9.146 0.1000000015
7526  -29.646  -74.953  14.205 0.1000000015
6869  -30.030  -76.365  13.405 0.1000000015
6234  -29.471  -77.353  12.394 0.1000000015
5603  -29.658  -78.081  11.364 0.1000000015
140489  -29.007  -78.801  9.784 0.1000000015
5033  -28.942  -79.291  9.322 0.1000000015
8155  -30.060  -74.258  14.548 0.1000000015
5624  -31.169  -78.497  10.280 0.1000000015
133894  -31.191  -70.569  14.875 0.1000000015
6870  -31.104  -76.412  13.439 0.1000000015
131131  -31.818  -76.704  13.237 0.1000000015
6235  -30.630  -77.531  12.569 0.1000000015
5584  -30.839  -78.024  11.865 0.1000000015
5623  -30.411  -78.514  10.498 0.1000000015
10259  -31.158  -71.672  12.485 0.1000000015
8881  -38.669  -73.286  11.126 0.1000000015
8223  -37.671  -74.241  10.155 0.1000000015
7577  -36.427  -75.166  10.674 0.1000000015
6887  -35.049  -76.141  11.801 0.1000000015
8248  -39.523  -74.432  8.751 0.2000000030
6902  -34.427  -76.560  11.318 0.1000000015
6885  -33.518  -76.616  12.575 0.1000000015
6901  -33.648  -76.854  11.764 0.1000000015
6259  -33.836  -77.053  10.850 0.1000000015
7530  -33.733  -74.832  14.363 0.1000000015
6871  -32.487  -76.504  13.235 0.1000000015
6872  -33.254  -76.304  13.221 0.1000000015
8917  -40.604  -72.748  9.340 0.1000000015
11047  -35.620  -70.049  11.455 0.1000000015
11045  -33.982  -71.155  10.999 0.1000000015
8161  -36.173  -74.120  14.263 0.1000000015
11731  -35.794  -69.911  12.995 0.1000000015
11763  -35.132  -70.003  11.159 0.1000000015
9495  -37.238  -72.622  15.754 0.1000000015
13174  -37.410  -66.938  11.266 0.1000000015
13163  -36.649  -66.231  12.245 0.1000000015
12296  -38.246  -68.887  25.842 0.5000000000
7425  -41.523  -75.125  21.872 0.5000000000
8042  -41.852  -74.259  23.067 0.5000000000
13003  -36.984  -68.004  25.996 0.5000000000
11588  -38.564  -69.498  25.518 0.5000000000
10827  -38.885  -70.177  25.318 0.5000000000
8059  -41.928  -74.111  22.291 0.5000000000
13002  -36.036  -66.838  25.833 0.5000000000
12295  -37.433  -68.638  25.568 0.5000000000
9397  -41.833  -73.486  22.843 0.5000000000
13015  -36.697  -68.293  25.121 0.5000000000
133086  -36.351  -67.558  25.479 0.5000000000
12301  -37.108  -68.957  24.750 0.5000000000
13018  -36.158  -67.765  24.550 0.4000000060
11600  -36.924  -69.223  23.855 0.4000000060
8086  -41.675  -74.312  19.521 0.5000000000
7450  -41.277  -74.951  19.113 0.5000000000
124011  -41.549  -74.311  18.713 0.5000000000
8781  -41.566  -73.747  18.669 0.5000000000
9468  -41.812  -72.932  17.215 0.5000000000
8794  -41.483  -73.268  17.948 0.5000000000
10121  -41.711  -72.021  17.312 0.4000000060
10923  -41.851  -70.661  16.951 0.4000000060
8008  -40.519  -75.047  26.434 0.1000000015
7395  -41.160  -74.940  23.627 0.5000000000
13004  -37.455  -67.435  26.550 0.5000000000
12284  -38.816  -68.536  26.393 0.5000000000
11589  -39.362  -69.602  25.804 0.5000000000
10828  -39.723  -70.456  25.716 0.4000000060
8731  -41.942  -73.696  23.248 0.5000000000
13712  -35.716  -66.180  26.207 0.5000000000
13713  -36.439  -66.509  26.486 0.5000000000
15169  -34.705  -64.319  26.762 0.5000000000
142262  -34.241  -63.238  27.149 0.5000000000
15994  -34.478  -63.635  26.631 0.5000000000
14434  -35.338  -65.780  25.943 0.5000000000
16827  -34.284  -62.762  26.881 0.4000000060
15171  -34.806  -64.306  26.066 0.3000000119
13721  -35.577  -66.337  25.529 0.5000000000
13724  -35.572  -66.365  24.728 0.4000000060
12300  -36.564  -68.530  24.266 0.4000000060
14436  -35.072  -64.773  25.425 0.3000000119
10851  -37.595  -70.314  23.425 0.6999999881
10084  -38.604  -71.637  23.502 0.5000000000
16835  -34.846  -63.005  26.103 0.3000000119
15172  -34.974  -64.098  25.375 0.3000000119
122459  -35.343  -64.962  24.689 0.3000000119
136582  -35.792  -67.054  24.269 0.4000000060
133451  -37.382  -69.825  23.825 0.5000000000
10863  -37.846  -70.987  22.836 0.6000000238
140400  -39.170  -72.316  22.418 0.6000000238
9395  -40.617  -72.834  23.193 0.6000000238
140236  -41.916  -73.946  21.501 0.5000000000
8070  -41.743  -74.389  20.458 0.3000000119
142554  -35.235  -64.399  24.868 0.3000000119
13733  -35.780  -66.370  23.935 0.3000000119
12311  -36.702  -68.200  23.069 0.4000000060
129518  -37.691  -70.568  22.107 0.5000000000
9404  -38.991  -72.222  21.716 0.6000000238
9416  -39.720  -72.837  21.228 0.6000000238
8753  -41.517  -73.722  21.138 0.5000000000
8767  -41.778  -73.907  19.868 0.5000000000
15197  -36.085  -65.017  23.771 0.4000000060
13752  -36.721  -66.911  23.058 0.4000000060
11607  -37.311  -69.298  22.337 0.5000000000
10874  -38.048  -70.588  21.476 0.5000000000
9426  -39.555  -72.516  20.372 0.5000000000
9427  -40.544  -73.278  20.505 0.5000000000
8780  -41.390  -73.578  19.281 0.5000000000
15198  -37.050  -64.874  23.584 0.4000000060
13735  -37.107  -66.210  22.970 0.4000000060
13035  -37.687  -67.641  22.271 0.5000000000
11620  -38.628  -70.261  20.860 0.5000000000
10884  -38.898  -70.856  20.154 0.4000000060
9442  -40.140  -72.736  19.580 0.5000000000
9443  -40.856  -72.920  18.812 0.5000000000
13753  -37.441  -66.905  22.610 0.4000000060
12313  -37.984  -68.294  21.856 0.5000000000
10895  -39.595  -70.603  19.611 0.4000000060
10120  -40.995  -72.028  18.207 0.4000000060
9459  -41.404  -72.797  17.999 0.5000000000
12327  -39.337  -68.708  21.446 0.5000000000
11631  -39.999  -69.897  19.659 0.4000000060
124786  -40.460  -71.154  18.484 0.4000000060
10907  -41.118  -71.028  17.744 0.4000000060
12345  -39.734  -69.032  20.828 0.3000000119
11632  -40.638  -69.550  19.231 0.4000000060
11643  -41.368  -69.398  18.336 0.3000000119
11661  -41.882  -69.623  17.356 0.3000000119
7996  -41.165  -75.207  28.707 0.1000000015
133116  -40.442  -74.933  27.665 0.1000000015
7997  -41.755  -74.655  28.863 0.1000000015
139487  -41.452  -74.461  27.619 0.1000000015
8699  -42.454  -73.192  26.776 0.4000000060
8025  -41.353  -74.197  25.401 0.4000000060
127643  -41.302  -74.471  24.492 0.5000000000
8716  -42.133  -73.303  25.456 0.4000000060
8723  -41.923  -73.495  24.224 0.5000000000
139434  -41.869  -74.085  23.672 0.5000000000
137056  -38.154  -67.535  26.846 0.5000000000
123788  -39.423  -68.155  27.070 0.5000000000
11573  -39.668  -68.969  26.414 0.5000000000
10819  -40.215  -69.768  26.231 0.4000000060
9380  -42.158  -72.919  24.873 0.5000000000
9389  -41.785  -73.121  24.054 0.5000000000
14419  -35.049  -64.863  26.946 0.5000000000
13701  -36.150  -65.866  26.911 0.5000000000
13714  -37.156  -66.793  26.704 0.5000000000
15987  -34.403  -63.679  27.440 0.5000000000
9388  -41.182  -72.725  23.943 0.6000000238
17719  -34.112  -62.153  27.366 0.4000000060
18652  -34.568  -60.986  26.855 0.2000000030
19573  -34.697  -60.065  26.965 0.2000000030
16836  -34.716  -62.295  26.420 0.3000000119
16843  -35.468  -62.732  25.409 0.3000000119
16016  -35.597  -63.167  24.859 0.4000000060
17742  -35.674  -61.460  25.893 0.3000000119
19574  -35.412  -59.598  26.550 0.3000000119
17743  -36.429  -61.432  25.502 0.4000000060
16017  -36.132  -63.439  24.357 0.4000000060
16845  -36.755  -62.061  25.092 0.3000000119
131289  -37.019  -63.562  24.175 0.4000000060
13736  -38.016  -66.239  22.773 0.4000000060
13754  -38.309  -67.048  22.420 0.4000000060
16855  -37.099  -62.800  24.594 0.3000000119
15184  -38.545  -64.030  23.944 0.3000000119
138907  -39.151  -66.473  22.870 0.3000000119
12314  -38.863  -68.273  21.921 0.4000000060
13737  -40.206  -66.385  23.226 0.3000000119
13037  -40.296  -67.596  22.399 0.3000000119
135475  -40.391  -68.718  20.741 0.4000000060
142743  -40.742  -69.068  19.750 0.3000000119
13756  -40.742  -66.949  22.783 0.2000000030
12328  -40.973  -68.228  21.010 0.3000000119
12362  -41.293  -68.813  19.419 0.3000000119
13739  -42.034  -66.244  23.357 0.1000000015
13039  -42.120  -67.371  22.126 0.2000000030
12347  -41.619  -68.397  20.319 0.4000000060
122659  -43.918  -65.373  24.020 0.1000000015
135598  -42.590  -73.670  28.438 0.1000000015
8684  -42.039  -73.983  28.019 0.1000000015
8685  -43.104  -72.983  27.700 0.2000000030
9350  -43.307  -72.295  27.200 0.5000000000
9381  -42.375  -72.651  25.857 0.4000000060
12994  -38.806  -67.352  27.332 0.5000000000
12285  -40.262  -68.603  27.103 0.4000000060
11574  -41.237  -69.719  26.732 0.4000000060
10820  -41.866  -70.679  26.712 0.4000000060
10065  -41.855  -71.654  26.290 0.5000000000
10077  -42.084  -72.470  25.558 0.5000000000
14420  -35.710  -65.273  27.330 0.5000000000
13702  -37.165  -66.163  27.215 0.5000000000
12993  -37.949  -66.808  27.118 0.4000000060
9379  -41.620  -72.651  24.733 0.4000000060
16787  -33.798  -61.552  28.766 0.4000000060
15969  -34.281  -63.338  28.537 0.4000000060
15164  -35.253  -64.706  27.745 0.5000000000
18612  -34.015  -60.709  28.878 0.4000000060
17718  -33.824  -61.904  27.983 0.5000000000
18636  -33.879  -61.016  28.104 0.4000000060
127606  -34.455  -59.200  29.299 0.3000000119
18613  -34.031  -60.092  28.257 0.3000000119
19558  -34.303  -59.560  27.660 0.3000000119
21406  -35.007  -58.048  28.182 0.2000000030
21407  -35.335  -57.470  28.579 0.1000000015
20488  -35.706  -57.873  27.120 0.3000000119
21423  -36.001  -57.210  27.450 0.1000000015
19575  -36.029  -58.961  26.128 0.3000000119
18663  -36.780  -60.751  25.506 0.3000000119
21441  -36.326  -57.533  26.729 0.2000000030
20499  -36.618  -58.357  25.871 0.2000000030
124024  -37.146  -60.011  25.487 0.2000000030
118718  -38.182  -62.764  24.796 0.2000000030
16019  -38.930  -63.336  24.522 0.2000000030
18665  -38.348  -60.521  25.008 0.2000000030
16856  -38.902  -62.619  24.870 0.2000000030
15185  -39.531  -64.102  24.115 0.2000000030
17757  -38.971  -61.088  24.914 0.2000000030
16857  -39.551  -62.335  24.756 0.1000000015
14460  -40.598  -65.668  23.736 0.2000000030
13738  -41.116  -66.330  23.354 0.2000000030
120504  -40.436  -61.014  24.371 0.1000000015
16021  -40.731  -63.512  24.384 0.1000000015
14445  -41.850  -65.156  24.441 0.1000000015
13758  -42.601  -66.728  22.722 0.1000000015
134197  -42.064  -62.695  24.295 0.1000000015
16023  -42.266  -63.989  24.501 0.1000000015
14462  -42.390  -65.687  23.966 0.1000000015
16024  -43.016  -63.730  24.406 0.1000000015
14447  -43.268  -65.079  24.337 0.1000000015
116826  -44.382  -63.898  24.101 0.1000000015
117421  -45.532  -63.174  24.221 0.1000000015
9334  -43.778  -72.234  28.886 0.3000000119
9351  -43.702  -72.281  27.951 0.3000000119
10777  -43.776  -70.536  29.936 0.3000000119
10783  -43.974  -70.828  29.445 0.3000000119
10055  -43.640  -71.774  27.664 0.3000000119
10054  -43.239  -71.795  27.006 0.3000000119
9365  -42.875  -72.315  26.561 0.4000000060
12270  -42.628  -69.136  28.917 0.3000000119
10808  -43.150  -70.231  28.100 0.3000000119
130520  -43.176  -70.976  27.353 0.5000000000
10066  -42.627  -72.131  26.347 0.5000000000
12989  -40.015  -67.299  28.446 0.4000000060
12268  -41.390  -68.045  28.057 0.5000000000
11565  -41.881  -69.079  27.284 0.4000000060
11575  -42.172  -69.880  27.088 0.4000000060
15949  -34.552  -63.382  29.563 0.4000000060
15145  -35.518  -64.577  28.579 0.4000000060
14421  -36.610  -65.561  27.683 0.5000000000
13696  -38.024  -66.252  27.800 0.5000000000
18570  -35.100  -60.359  30.810 0.4000000060
18569  -34.639  -60.398  30.356 0.4000000060
16805  -34.131  -62.758  29.299 0.4000000060
15129  -34.910  -64.063  29.061 0.5000000000
19503  -35.085  -59.676  30.283 0.4000000060
19518  -34.574  -59.739  29.785 0.4000000060
19504  -35.793  -59.395  30.314 0.4000000060
122906  -36.805  -58.796  29.947 0.3000000119
19519  -34.834  -59.015  29.667 0.3000000119
20432  -35.742  -58.244  29.686 0.3000000119
20431  -35.204  -58.238  29.419 0.3000000119
126025  -36.961  -56.994  30.358 0.3000000119
21382  -35.696  -57.518  29.533 0.2000000030
22292  -36.908  -56.132  30.078 0.1000000015
128890  -36.358  -56.074  29.303 0.1000000015
23222  -36.542  -55.754  27.839 0.1000000015
22378  -36.659  -56.898  27.083 0.1000000015
21453  -37.165  -57.767  25.787 0.2000000030
23223  -37.191  -55.691  27.297 0.1000000015
22379  -37.354  -56.401  26.648 0.1000000015
20500  -37.406  -58.538  25.585 0.2000000030
22399  -37.812  -57.017  25.856 0.2000000030
124565  -38.222  -58.693  25.225 0.2000000030
18674  -39.097  -60.231  24.640 0.1000000015
19600  -39.382  -59.409  24.664 0.1000000015
19602  -40.750  -59.495  24.484 0.1000000015
17760  -41.258  -61.769  24.341 0.1000000015
16860  -42.627  -62.448  24.259 0.1000000015
133800  -42.386  -60.835  24.395 0.1000000015
116830  -42.717  -61.598  24.337 0.1000000015
116831  -44.326  -62.377  24.304 0.1000000015
117814  -44.727  -60.934  24.505 0.1000000015
133982  -45.138  -62.385  24.395 0.1000000015
117625  -46.326  -61.362  24.824 0.1000000015
117728  -47.359  -61.569  24.817 0.1000000015
18684  -49.025  -61.142  25.216 0.1000000015
130938  -43.525  -70.669  30.724 0.3000000119
10018  -43.490  -71.210  31.055 0.2000000030
11538  -42.933  -69.626  30.157 0.3000000119
128117  -42.055  -68.539  29.164 0.4000000060
12982  -41.432  -67.971  29.609 0.3000000119
15933  -34.872  -63.305  30.275 0.3000000119
15130  -35.786  -64.441  29.428 0.3000000119
15146  -36.460  -64.839  28.911 0.4000000060
123667  -38.162  -65.908  28.556 0.4000000060
12981  -40.856  -67.573  29.700 0.3000000119
18541  -35.417  -60.718  31.362 0.3000000119
16742  -34.664  -61.939  30.876 0.3000000119
14397  -38.166  -65.556  29.191 0.4000000060
13692  -39.701  -66.742  29.669 0.4000000060
13693  -40.453  -67.245  29.981 0.3000000119
19505  -36.839  -59.293  30.188 0.3000000119
18571  -35.594  -60.059  30.929 0.3000000119
19521  -38.591  -59.700  29.362 0.3000000119
19520  -37.761  -59.197  29.872 0.3000000119
20419  -38.538  -58.772  29.803 0.3000000119
21366  -36.334  -57.895  29.939 0.3000000119
121797  -37.753  -57.056  30.490 0.3000000119
23167  -38.212  -55.615  30.706 0.1000000015
129351  -38.764  -55.096  30.813 0.1000000015
23168  -39.514  -55.043  30.884 0.1000000015
23183  -37.005  -55.383  29.519 0.1000000015
24861  -38.904  -53.569  30.356 0.1000000015
24019  -37.611  -54.559  29.676 0.1000000015
140071  -37.539  -54.184  28.956 0.1000000015
127658  -37.609  -55.156  27.279 0.1000000015
22380  -38.187  -56.083  26.076 0.2000000030
23239  -38.603  -55.346  26.418 0.2000000030
22400  -38.707  -56.608  25.636 0.2000000030
20502  -39.799  -58.524  24.827 0.1000000015
22401  -39.535  -56.394  25.542 0.1000000015
21475  -40.649  -57.940  24.831 0.1000000015
19603  -41.483  -59.789  24.408 0.1000000015
21476  -41.499  -57.626  24.905 0.1000000015
128102  -41.412  -58.973  24.527 0.1000000015
19604  -42.896  -59.699  24.559 0.1000000015
127813  -42.192  -59.263  24.483 0.1000000015
18679  -43.420  -60.211  24.547 0.1000000015
18680  -44.243  -60.101  24.517 0.1000000015
133983  -45.431  -61.585  24.590 0.1000000015
119500  -46.190  -60.550  25.259 0.1000000015
19606  -45.766  -59.956  25.208 0.1000000015
18682  -46.918  -60.693  25.284 0.1000000015
19607  -46.509  -59.908  25.458 0.1000000015
18683  -47.972  -60.706  25.165 0.1000000015
19608  -47.369  -59.929  25.403 0.1000000015
18666  -48.818  -60.130  25.168 0.1000000015
19609  -48.127  -59.842  25.253 0.1000000015
18667  -49.850  -60.532  25.451 0.1000000015
9998  -42.794  -71.212  32.801 0.2000000030
134433  -42.783  -71.537  32.281 0.2000000030
11504  -42.642  -70.882  33.483 0.2000000030
11532  -42.974  -69.714  30.921 0.3000000119
12211  -41.893  -69.055  33.124 0.2000000030
11523  -42.810  -69.642  31.653 0.3000000119
12236  -42.489  -69.201  30.640 0.3000000119
15147  -37.440  -65.077  29.216 0.3000000119
12964  -41.069  -67.692  30.050 0.3000000119
17615  -35.289  -61.509  31.521 0.3000000119
16763  -35.022  -62.835  30.879 0.3000000119
15131  -36.745  -64.636  29.718 0.3000000119
142255  -38.058  -65.274  29.725 0.3000000119
14398  -38.595  -65.752  29.821 0.3000000119
19506  -38.109  -59.619  29.999 0.3000000119
19478  -37.103  -59.681  30.905 0.3000000119
15132  -37.564  -64.881  30.072 0.3000000119
124625  -38.851  -65.980  30.318 0.3000000119
13681  -39.934  -66.850  30.247 0.2000000030
142106  -40.620  -67.384  30.149 0.2000000030
18595  -39.153  -60.528  29.022 0.2000000030
18572  -38.760  -60.239  29.312 0.2000000030
19522  -39.015  -60.167  28.900 0.3000000119
20433  -39.113  -59.439  29.074 0.3000000119
20420  -39.552  -58.500  29.798 0.3000000119
136696  -39.220  -57.854  30.324 0.3000000119
21369  -40.158  -57.397  30.309 0.2000000030
22295  -39.166  -55.898  30.793 0.1000000015
139976  -40.529  -56.652  30.474 0.2000000030
123060  -40.743  -55.994  30.610 0.1000000015
130331  -40.464  -54.996  30.747 0.1000000015
24864  -41.729  -53.806  30.153 0.1000000015
24021  -43.200  -53.917  29.856 0.1000000015
24878  -44.970  -53.769  29.295 0.1000000015
24863  -41.006  -53.625  30.229 0.1000000015
24876  -41.549  -53.117  30.002 0.1000000015
124518  -42.901  -53.101  29.657 0.1000000015
25743  -43.969  -52.320  29.242 0.1000000015
24889  -45.728  -52.564  28.841 0.1000000015
139749  -47.457  -51.909  28.264 0.1000000015
24874  -39.398  -53.038  30.167 0.1000000015
25740  -40.115  -52.439  29.946 0.1000000015
128956  -41.783  -51.880  29.540 0.1000000015
26659  -43.306  -51.648  29.242 0.1000000015
26676  -44.937  -51.235  28.719 0.1000000015
124913  -46.185  -50.754  28.354 0.1000000015
24887  -37.897  -53.776  28.522 0.1000000015
24888  -38.372  -53.033  28.671 0.1000000015
24906  -37.931  -54.042  27.880 0.1000000015
24074  -38.915  -54.524  26.606 0.2000000030
23256  -39.014  -55.829  25.833 0.1000000015
23257  -39.879  -55.735  25.833 0.1000000015
21457  -40.790  -57.055  25.245 0.1000000015
22403  -41.168  -56.241  25.344 0.1000000015
21477  -42.369  -57.415  24.902 0.1000000015
19605  -43.689  -59.449  24.519 0.1000000015
136709  -44.605  -59.204  24.561 0.1000000015
20522  -44.475  -58.267  24.665 0.1000000015
138086  -45.352  -59.356  24.909 0.1000000015
135813  -46.048  -59.038  25.291 0.1000000015
19585  -47.005  -59.113  25.426 0.1000000015
19586  -47.831  -59.202  25.446 0.1000000015
129332  -38.701  -67.163  33.070 0.2000000030
12218  -41.221  -68.544  32.804 0.2000000030
12228  -42.050  -68.786  31.292 0.3000000119
12235  -41.815  -68.464  30.244 0.3000000119
13658  -38.295  -66.491  32.485 0.2000000030
12940  -39.397  -67.602  32.855 0.2000000030
125848  -40.988  -68.091  31.917 0.2000000030
12227  -41.415  -68.276  31.551 0.3000000119
12956  -41.411  -68.050  30.533 0.3000000119
16725  -35.840  -61.905  32.120 0.3000000119
16744  -35.985  -62.614  31.967 0.3000000119
15920  -36.674  -63.314  31.881 0.3000000119
15090  -37.156  -64.122  31.341 0.3000000119
19453  -37.414  -59.856  32.129 0.3000000119
18524  -37.019  -60.636  32.795 0.3000000119
16726  -36.675  -62.355  32.473 0.3000000119
15114  -38.276  -65.347  30.450 0.3000000119
18574  -39.833  -60.765  29.613 0.2000000030
19508  -39.338  -60.170  30.434 0.3000000119
14386  -39.334  -66.347  30.444 0.2000000030
13671  -40.402  -67.205  30.565 0.2000000030
18596  -39.718  -60.784  29.020 0.2000000030
18614  -39.439  -60.444  28.842 0.2000000030
18615  -40.178  -60.490  28.663 0.2000000030
20434  -39.901  -59.079  29.067 0.3000000119
19524  -40.424  -59.588  28.720 0.3000000119
20421  -40.316  -58.280  29.761 0.3000000119
21370  -40.998  -57.730  29.909 0.2000000030
20435  -40.803  -58.642  29.337 0.3000000119
127791  -41.413  -59.127  28.990 0.2000000030
21383  -41.688  -58.144  29.635 0.2000000030
22297  -42.129  -56.738  30.319 0.2000000030
23171  -43.294  -55.990  30.139 0.1000000015
130581  -40.483  -51.043  29.319 0.1000000015
26657  -41.865  -51.318  29.432 0.1000000015
27652  -42.535  -50.882  29.331 0.1000000015
134940  -44.028  -50.192  29.105 0.1000000015
25751  -38.623  -52.190  28.461 0.1000000015
133003  -39.388  -51.323  28.843 0.1000000015
27649  -39.827  -50.811  28.950 0.1000000015
28675  -42.041  -49.704  29.352 0.1000000015
127999  -38.538  -52.577  27.704 0.1000000015
26695  -38.925  -51.324  27.602 0.1000000015
26708  -39.124  -51.198  26.886 0.1000000015
27678  -39.695  -50.119  27.758 0.1000000015
28698  -40.293  -49.386  27.738 0.1000000015
125619  -38.833  -53.754  26.764 0.1000000015
24075  -39.465  -53.874  26.407 0.1000000015
25789  -40.113  -52.060  25.890 0.1000000015
24936  -40.723  -52.680  25.550 0.1000000015
24076  -40.280  -54.158  25.963 0.1000000015
23241  -40.126  -55.041  25.964 0.1000000015
131244  -40.788  -54.833  25.491 0.1000000015
134370  -41.415  -54.659  25.201 0.1000000015
23259  -41.332  -55.386  25.199 0.1000000015
21458  -41.784  -56.870  25.268 0.1000000015
22419  -42.576  -56.722  25.060 0.1000000015
123474  -43.647  -58.029  24.625 0.1000000015
128073  -45.268  -58.595  24.829 0.1000000015
15047  -37.177  -65.152  34.973 0.3000000119
15069  -37.692  -64.470  33.082 0.3000000119
120517  -37.702  -65.346  32.628 0.3000000119
14368  -38.278  -65.788  31.719 0.2000000030
13659  -39.101  -66.899  31.860 0.2000000030
12954  -40.023  -67.264  31.477 0.2000000030
15922  -37.703  -64.343  32.339 0.3000000119
13669  -38.879  -66.213  31.388 0.3000000119
12955  -40.867  -67.703  31.110 0.2000000030
18505  -37.771  -61.018  33.432 0.3000000119
15902  -37.437  -63.130  32.456 0.3000000119
15091  -37.995  -65.119  31.425 0.3000000119
13670  -39.610  -66.543  30.869 0.2000000030
18544  -40.279  -60.149  30.827 0.2000000030
19454  -38.353  -59.518  32.384 0.3000000119
19438  -38.859  -59.825  33.251 0.3000000119
18575  -40.663  -60.985  29.864 0.2000000030
17667  -41.208  -61.422  29.217 0.2000000030
17690  -41.486  -61.371  28.638 0.2000000030
132993  -41.594  -60.541  28.339 0.2000000030
19542  -42.335  -60.435  28.361 0.3000000119
19526  -42.947  -59.505  28.939 0.2000000030
20436  -42.496  -58.640  29.372 0.2000000030
24937  -41.451  -53.231  25.231 0.1000000015
23260  -42.075  -54.932  25.030 0.1000000015
22405  -43.263  -56.138  24.902 0.1000000015
21478  -43.302  -57.172  24.803 0.1000000015
133738  -37.883  -63.531  35.239 0.1000000015
15856  -38.218  -63.550  34.730 0.2000000030
15048  -37.774  -64.206  34.127 0.3000000119
15882  -38.561  -63.382  33.867 0.3000000119
17582  -38.038  -62.042  33.258 0.3000000119
17583  -38.614  -61.608  33.733 0.3000000119
18526  -40.645  -59.824  31.973 0.3000000119
19456  -40.058  -59.520  32.826 0.3000000119
19439  -39.649  -60.025  33.464 0.3000000119
18507  -39.112  -60.749  33.749 0.3000000119
18546  -42.046  -60.703  31.492 0.2000000030
17643  -42.134  -61.787  29.577 0.2000000030
17668  -42.192  -61.827  28.910 0.1000000015
18617  -41.819  -61.139  28.281 0.2000000030
16806  -43.395  -62.696  28.410 0.1000000015
18618  -42.630  -61.190  28.148 0.2000000030
130827  -43.391  -61.046  28.059 0.2000000030
19544  -44.208  -60.268  28.375 0.3000000119
15883  -39.012  -62.997  34.608 0.3000000119
16705  -39.025  -62.673  34.084 0.3000000119
17584  -39.415  -61.820  34.077 0.3000000119
18528  -42.185  -60.741  32.618 0.3000000119
18508  -40.451  -60.333  33.439 0.3000000119
117969  -39.916  -61.003  33.873 0.3000000119
17601  -42.880  -60.946  31.923 0.2000000030
17618  -43.333  -61.543  31.149 0.2000000030
16745  -43.681  -62.220  30.368 0.1000000015
16788  -43.218  -62.700  28.777 0.1000000015
16789  -43.979  -62.874  28.729 0.1000000015
17693  -43.903  -62.355  28.124 0.1000000015
16680  -40.312  -62.880  34.657 0.3000000119
16681  -40.875  -63.131  34.740 0.2000000030
17566  -40.151  -62.104  34.159 0.3000000119
17567  -40.932  -62.485  34.213 0.3000000119
138568  -42.798  -61.135  32.884 0.2000000030
18510  -42.146  -61.322  33.471 0.3000000119
17585  -40.738  -61.323  33.882 0.3000000119
127695  -43.876  -62.520  32.875 0.2000000030
17588  -43.269  -62.423  33.494 0.2000000030
15905  -45.359  -63.994  32.275 0.1000000015
15923  -45.107  -63.158  31.473 0.1000000015
15092  -46.144  -64.739  31.883 0.1000000015
15934  -45.070  -63.231  30.209 0.1000000015
15951  -44.941  -63.273  29.226 0.1000000015
15935  -45.611  -64.166  29.860 0.1000000015
15970  -45.016  -63.259  28.902 0.1000000015
16808  -45.277  -63.260  28.572 0.1000000015
133803  -41.343  -63.124  34.529 0.2000000030
16682  -41.963  -63.415  34.552 0.2000000030
16706  -41.894  -62.422  34.064 0.2000000030
16709  -44.250  -63.271  33.137 0.1000000015
15070  -45.647  -64.982  33.224 0.1000000015
15924  -45.665  -63.946  31.050 0.1000000015
119172  -46.269  -64.835  30.591 0.1000000015
15115  -46.274  -64.952  29.601 0.1000000015
15133  -46.324  -64.918  29.169 0.1000000015
15148  -45.891  -64.290  28.764 0.1000000015
15071  -46.652  -65.614  32.573 0.1000000015
15093  -46.965  -65.518  31.298 0.1000000015
15116  -46.944  -65.589  30.111 0.1000000015
15134  -46.941  -65.547  29.347 0.1000000015
14354  -47.575  -66.184  32.038 0.1000000015
14370  -48.036  -66.118  31.330 0.1000000015
14387  -47.614  -65.981  30.683 0.1000000015
10080  -38.821  -71.345  24.405 0.4000000060
11602  -38.142  -69.930  24.933 0.5000000000
11587  -37.792  -69.300  25.225 0.5000000000
10075  -39.184  -70.978  25.133 0.4000000060
10839  -37.826  -70.230  24.209 0.5000000000
10840  -38.474  -70.600  24.653 0.6000000238
120249  -40.455  -72.216  24.692 0.5000000000
10064  -40.787  -70.891  26.240 0.4000000060
133395  -41.810  -74.381  21.328 0.5000000000
124521  -40.063  -71.417  25.470 0.4000000060
9396  -41.615  -73.099  23.328 0.5000000000
10081  -39.461  -71.992  24.101 0.6000000238
8740  -41.691  -73.638  21.997 0.5000000000
7424  -40.812  -76.234  21.740 0.5000000000
9406  -41.225  -73.224  22.555 0.5000000000
137883  -36.632  -68.628  23.592 0.4000000060
8754  -41.844  -73.972  20.788 0.4000000060
9444  -41.333  -73.321  18.511 0.5000000000
134982  -41.313  -70.129  17.656 0.3000000119
10906  -40.775  -70.232  18.350 0.4000000060
128843  -41.390  -74.204  26.567 0.2000000030
142509  -39.532  -71.627  24.826 0.4000000060
13033  -36.460  -67.549  23.325 0.3000000119
10862  -37.481  -70.112  22.580 0.4000000060
10087  -38.523  -71.777  22.461 0.6000000238
120035  -35.265  -62.192  25.936 0.3000000119
139920  -35.647  -64.962  24.189 0.4000000060
132265  -36.113  -66.974  23.599 0.4000000060
11604  -36.880  -68.942  22.999 0.5000000000
120149  -37.914  -71.138  22.039 0.6000000238
9405  -39.903  -72.846  22.283 0.6000000238
10085  -39.426  -72.353  23.140 0.6000000238
9387  -40.234  -72.450  23.821 0.6000000238
13034  -37.008  -67.579  22.702 0.4000000060
12312  -37.279  -68.391  22.327 0.4000000060
10873  -37.682  -69.852  21.850 0.5000000000
9425  -39.105  -72.269  20.966 0.6000000238
10098  -38.681  -71.770  21.083 0.5000000000
9417  -40.834  -73.300  21.617 0.5000000000
8766  -41.507  -73.685  20.224 0.5000000000
14456  -36.676  -65.608  23.391 0.4000000060
15182  -36.531  -64.208  23.933 0.4000000060
12325  -37.779  -69.020  21.780 0.5000000000
10883  -38.470  -71.096  20.850 0.5000000000
10109  -39.483  -71.703  19.651 0.4000000060
10099  -38.942  -71.730  20.471 0.5000000000
125289  -40.902  -73.332  19.639 0.5000000000
14457  -37.570  -65.538  23.215 0.4000000060
15183  -37.518  -64.116  23.872 0.3000000119
132991  -38.403  -67.757  22.142 0.5000000000
12326  -38.465  -68.910  21.529 0.5000000000
11612  -38.954  -69.408  21.054 0.5000000000
10110  -40.230  -72.009  18.914 0.4000000060
11621  -39.376  -69.866  20.282 0.4000000060
137640  -39.944  -71.169  19.113 0.4000000060
10896  -40.226  -70.408  19.078 0.4000000060
128419  -40.171  -68.488  21.384 0.4000000060
13051  -39.805  -68.201  22.019 0.4000000060
12276  -40.178  -68.016  27.488 0.5000000000
15144  -34.780  -64.123  28.118 0.5000000000
10076  -41.144  -71.992  25.583 0.5000000000
18637  -34.171  -60.492  27.505 0.3000000119
141497  -35.192  -58.148  27.551 0.2000000030
18653  -35.361  -60.646  26.303 0.3000000119
16854  -36.120  -62.648  24.858 0.4000000060
18662  -36.103  -60.872  25.830 0.3000000119
134676  -36.178  -59.988  25.813 0.3000000119
17756  -37.654  -62.131  24.977 0.3000000119
16018  -37.916  -63.411  24.362 0.3000000119
14458  -38.601  -65.565  23.234 0.3000000119
15199  -38.073  -64.813  23.581 0.3000000119
13036  -39.272  -67.520  22.404 0.3000000119
15200  -39.102  -64.788  23.648 0.3000000119
14459  -39.640  -65.620  23.438 0.3000000119
13755  -39.948  -67.022  22.782 0.3000000119
15201  -40.088  -64.899  23.944 0.2000000030
13052  -40.670  -68.007  21.852 0.3000000119
12346  -40.862  -68.724  20.232 0.4000000060
13757  -41.645  -66.836  22.718 0.2000000030
13053  -41.549  -67.793  21.605 0.3000000119
12329  -41.836  -68.013  20.968 0.2000000030
14461  -41.492  -65.698  23.930 0.2000000030
124421  -44.212  -66.173  23.738 0.1000000015
15203  -43.678  -64.398  24.230 0.1000000015
12996  -40.570  -67.723  27.969 0.4000000060
13704  -39.177  -67.002  28.078 0.4000000060
11564  -41.051  -68.887  27.167 0.5000000000
10821  -42.559  -70.586  27.029 0.4000000060
14405  -36.094  -65.049  28.128 0.5000000000
17666  -33.994  -61.209  29.450 0.4000000060
20454  -34.645  -58.468  28.501 0.3000000119
21381  -35.342  -57.567  29.131 0.2000000030
21422  -35.465  -57.595  27.841 0.2000000030
22337  -36.070  -56.164  28.421 0.1000000015
22309  -35.660  -56.810  29.079 0.1000000015
19582  -36.823  -59.193  25.699 0.2000000030
21442  -36.947  -57.220  26.288 0.2000000030
18664  -37.583  -60.711  25.247 0.2000000030
19583  -37.653  -59.344  25.373 0.2000000030
141712  -38.377  -62.205  24.976 0.2000000030
17745  -38.165  -61.445  25.094 0.2000000030
16020  -39.865  -63.514  24.440 0.2000000030
19584  -38.468  -59.574  24.909 0.2000000030
138788  -39.627  -60.786  24.608 0.1000000015
17758  -39.635  -61.539  24.722 0.1000000015
119392  -40.125  -62.846  24.526 0.1000000015
15186  -40.445  -64.262  24.320 0.2000000030
15202  -40.972  -65.061  24.314 0.2000000030
16858  -40.935  -62.665  24.373 0.1000000015
18676  -40.825  -60.210  24.342 0.1000000015
16022  -41.633  -63.279  24.356 0.1000000015
15187  -41.440  -64.328  24.486 0.1000000015
15188  -42.209  -64.674  24.550 0.1000000015
13740  -42.986  -66.214  23.398 0.1000000015
118035  -42.038  -62.061  24.327 0.1000000015
15189  -42.842  -64.539  24.506 0.1000000015
14463  -43.334  -65.719  23.939 0.1000000015
16861  -43.064  -62.958  24.238 0.1000000015
117602  -43.799  -63.236  24.215 0.1000000015
117406  -44.711  -63.152  24.236 0.1000000015
117411  -46.083  -62.365  24.369 0.1000000015
9324  -43.941  -72.345  29.901 0.3000000119
10040  -43.823  -71.616  28.423 0.3000000119
11533  -43.314  -70.136  30.589 0.3000000119
10025  -44.079  -71.196  30.057 0.3000000119
125887  -42.992  -69.591  29.469 0.3000000119
11555  -43.262  -69.809  28.906 0.3000000119
126068  -44.018  -71.471  29.248 0.3000000119
131310  -43.900  -71.106  28.838 0.3000000119
12279  -42.725  -69.444  28.365 0.3000000119
12278  -42.153  -68.628  28.108 0.3000000119
142770  -42.474  -69.054  29.308 0.3000000119
12269  -41.667  -68.136  28.736 0.3000000119
11576  -42.723  -70.215  27.436 0.3000000119
130082  -38.688  -66.447  28.379 0.4000000060
13697  -39.444  -66.763  28.864 0.4000000060
12990  -40.931  -67.685  28.813 0.4000000060
141289  -34.253  -61.947  30.244 0.4000000060
124012  -36.995  -65.269  28.441 0.4000000060
14422  -37.465  -65.757  28.060 0.4000000060
17641  -34.822  -61.009  30.940 0.4000000060
20417  -35.404  -58.909  29.847 0.3000000119
134337  -37.417  -58.146  30.202 0.3000000119
22310  -36.194  -56.812  29.870 0.2000000030
23166  -37.522  -55.406  30.267 0.1000000015
23207  -36.674  -55.509  28.572 0.1000000015
133597  -37.187  -54.809  28.827 0.1000000015
21454  -38.023  -57.896  25.536 0.2000000030
24041  -37.558  -54.400  28.279 0.1000000015
23238  -37.848  -55.591  26.752 0.2000000030
137356  -38.535  -57.323  25.480 0.1000000015
20501  -38.949  -57.989  25.192 0.1000000015
18675  -40.008  -60.052  24.445 0.1000000015
19601  -40.120  -59.243  24.621 0.1000000015
20520  -40.665  -58.735  24.635 0.1000000015
18677  -41.504  -60.725  24.283 0.1000000015
127402  -42.218  -60.106  24.434 0.1000000015
138822  -43.100  -60.863  24.473 0.1000000015
117857  -43.441  -62.218  24.258 0.1000000015
137951  -43.859  -60.836  24.407 0.1000000015
121158  -45.059  -60.033  24.669 0.1000000015
18681  -45.557  -60.753  24.877 0.1000000015
10759  -42.990  -70.829  32.404 0.2000000030
10768  -43.207  -70.505  31.511 0.2000000030
9283  -43.218  -71.989  31.501 0.2000000030
12250  -41.696  -68.272  29.781 0.3000000119
132754  -35.524  -63.549  30.650 0.3000000119
14406  -37.678  -65.481  28.687 0.4000000060
18542  -36.008  -60.416  31.628 0.3000000119
19477  -36.287  -59.810  30.999 0.3000000119
21368  -39.260  -56.955  30.618 0.1000000015
24004  -38.920  -54.284  30.752 0.1000000015
123054  -39.990  -55.670  30.742 0.1000000015
24006  -41.333  -54.482  30.387 0.1000000015
24005  -39.772  -54.404  30.787 0.1000000015
24020  -38.316  -53.958  30.089 0.1000000015
24875  -40.182  -53.280  30.281 0.1000000015
24873  -38.631  -53.116  29.684 0.1000000015
24073  -38.165  -54.876  26.959 0.1000000015
21455  -39.249  -57.098  25.278 0.1000000015
132461  -39.963  -56.857  25.251 0.1000000015
22402  -40.345  -56.326  25.499 0.1000000015
130306  -43.043  -58.760  24.529 0.1000000015
128886  -42.930  -70.812  32.783 0.2000000030
11510  -42.178  -69.960  33.722 0.2000000030
11522  -42.368  -69.331  32.474 0.2000000030
11511  -42.768  -70.200  32.705 0.3000000119
118110  -41.827  -68.758  32.220 0.2000000030
18543  -36.660  -60.181  31.844 0.3000000119
16743  -35.363  -62.339  31.534 0.3000000119
15919  -35.760  -63.100  31.398 0.3000000119
15089  -36.375  -63.800  31.020 0.3000000119
19507  -38.638  -60.088  30.098 0.3000000119
19479  -37.961  -59.667  31.052 0.3000000119
18573  -39.161  -60.556  29.413 0.3000000119
22296  -39.992  -56.426  30.607 0.1000000015
132304  -41.730  -57.383  30.107 0.2000000030
125007  -41.156  -56.826  30.346 0.1000000015
124631  -41.674  -56.017  30.514 0.1000000015
124449  -42.041  -55.195  30.326 0.1000000015
24007  -42.302  -54.320  30.142 0.1000000015
132345  -42.340  -53.468  29.943 0.1000000015
24877  -44.128  -53.808  29.553 0.1000000015
133538  -43.622  -53.106  29.487 0.1000000015
25744  -45.065  -52.646  29.102 0.1000000015
128396  -44.469  -53.051  29.315 0.1000000015
135001  -40.793  -52.948  30.063 0.1000000015
25742  -42.201  -52.577  29.676 0.1000000015
128045  -43.081  -52.432  29.396 0.1000000015
25753  -45.406  -51.951  28.835 0.1000000015
26660  -44.145  -51.484  29.082 0.1000000015
25754  -46.257  -52.016  28.577 0.1000000015
25755  -47.134  -52.425  28.408 0.1000000015
130302  -46.990  -51.656  28.294 0.1000000015
25739  -39.287  -52.448  29.558 0.1000000015
25741  -41.144  -52.277  29.861 0.1000000015
26656  -39.795  -51.653  29.365 0.1000000015
26658  -42.473  -51.803  29.362 0.1000000015
133025  -41.149  -51.447  29.572 0.1000000015
27653  -43.597  -50.867  29.178 0.1000000015
27654  -44.324  -50.829  28.934 0.1000000015
27663  -46.993  -50.859  28.202 0.1000000015
24907  -38.199  -53.426  27.836 0.1000000015
26655  -39.066  -51.891  29.030 0.1000000015
24061  -38.310  -54.057  27.224 0.1000000015
23258  -40.599  -55.623  25.562 0.1000000015
129241  -42.888  -57.911  24.624 0.1000000015
13657  -37.743  -66.186  33.433 0.2000000030
12941  -40.387  -68.015  32.609 0.2000000030
17599  -36.435  -61.380  32.517 0.3000000119
132070  -37.585  -64.478  31.625 0.3000000119
19480  -38.854  -59.512  31.472 0.3000000119
17600  -37.188  -61.599  32.995 0.3000000119
15921  -37.449  -63.833  32.050 0.3000000119
14369  -38.804  -65.869  30.867 0.3000000119
126750  -40.347  -61.068  29.204 0.2000000030
19525  -41.965  -59.724  28.651 0.3000000119
23170  -42.552  -55.958  30.347 0.1000000015
22298  -42.981  -56.700  30.185 0.2000000030
27651  -41.322  -50.551  29.393 0.1000000015
136883  -44.410  -49.613  28.977 0.1000000015
26675  -39.346  -50.832  28.230 0.1000000015
28674  -41.093  -49.687  29.158 0.1000000015
133337  -40.132  -49.608  28.332 0.1000000015
126441  -38.719  -52.561  26.970 0.1000000015
25788  -39.302  -52.169  26.533 0.1000000015
24922  -39.908  -53.073  26.013 0.1000000015
24091  -41.099  -54.071  25.467 0.1000000015
22404  -42.152  -55.942  25.083 0.1000000015
14341  -37.386  -65.051  33.685 0.3000000119
14340  -37.376  -65.686  34.258 0.3000000119
124167  -37.993  -63.806  33.153 0.3000000119
16728  -38.143  -63.039  33.001 0.3000000119
18525  -37.922  -60.152  33.077 0.3000000119
16727  -37.565  -62.454  32.805 0.3000000119
18506  -38.419  -60.613  33.500 0.3000000119
19481  -39.779  -59.513  31.767 0.3000000119
18545  -41.196  -60.359  31.102 0.3000000119
17642  -41.565  -61.236  30.216 0.2000000030
19455  -39.263  -59.358  32.576 0.3000000119
17691  -42.354  -61.683  28.462 0.2000000030
20437  -43.510  -58.621  29.393 0.2000000030
21384  -43.200  -57.976  29.748 0.2000000030
15029  -37.283  -64.427  35.384 0.1000000015
15831  -38.865  -63.026  35.134 0.2000000030
16704  -38.585  -62.600  33.579 0.3000000119
18527  -41.442  -60.312  32.267 0.3000000119
125115  -40.827  -60.037  32.821 0.3000000119
17617  -42.471  -61.377  30.679 0.2000000030
122919  -42.824  -62.067  29.963 0.2000000030
17669  -42.878  -62.338  28.623 0.1000000015
17644  -42.727  -62.297  29.099 0.1000000015
17692  -43.137  -61.953  28.197 0.2000000030
15857  -39.758  -63.053  34.975 0.3000000119
16679  -39.649  -62.700  34.461 0.3000000119
18509  -41.380  -60.709  33.290 0.3000000119
17602  -43.430  -61.635  32.565 0.2000000030
16729  -44.008  -62.032  31.607 0.2000000030
16764  -43.176  -62.488  29.371 0.1000000015
16765  -44.007  -62.763  29.440 0.1000000015
16746  -44.522  -62.537  30.847 0.1000000015
16807  -44.210  -62.860  28.501 0.1000000015
17586  -41.456  -61.603  33.854 0.3000000119
17587  -42.750  -61.923  33.536 0.2000000030
16730  -44.540  -62.692  32.069 0.1000000015
15904  -44.827  -63.390  32.487 0.1000000015
15952  -45.652  -64.210  29.180 0.1000000015
16707  -42.657  -62.895  34.030 0.2000000030
15885  -44.724  -64.115  33.369 0.1000000015
7449  -40.566  -75.754  19.521 0.3000000119
6809  -38.626  -76.794  18.401 0.3000000119
6800  -40.053  -76.265  19.070 0.3000000119
4935  -35.520  -79.811  16.823 0.2000000030
4951  -34.503  -80.348  15.999 0.2000000030
6154  -37.969  -77.581  18.747 0.4000000060
119373  -37.248  -77.952  17.531 0.3000000119
7463  -39.747  -76.074  18.375 0.4000000060
133896  -37.816  -77.438  18.016 0.3000000119
5535  -36.673  -78.512  17.847 0.3000000119
7464  -40.625  -75.548  18.634 0.4000000060
6835  -38.176  -76.423  17.358 0.4000000060
6176  -36.753  -78.574  16.963 0.3000000119
4953  -36.198  -79.731  16.253 0.2000000030
7477  -39.242  -75.606  17.375 0.4000000060
6177  -37.158  -77.410  16.456 0.4000000060
7478  -40.571  -75.253  17.614 0.4000000060
7465  -41.255  -74.781  18.220 0.4000000060
5549  -36.498  -78.852  16.127 0.3000000119
4971  -36.134  -79.869  15.276 0.3000000119
7501  -40.219  -75.038  16.826 0.4000000060
6834  -37.653  -76.269  16.475 0.4000000060
6199  -36.861  -77.328  15.398 0.3000000119
122560  -36.366  -79.031  15.296 0.4000000060
7479  -41.399  -74.558  17.348 0.4000000060
7515  -37.906  -75.516  15.650 0.4000000060
6212  -36.513  -78.187  14.372 0.3000000119
8100  -41.555  -74.052  17.931 0.4000000060
128205  -39.459  -74.931  16.334 0.4000000060
7516  -38.782  -74.941  15.589 0.4000000060
6861  -37.216  -76.628  14.605 0.4000000060
7503  -41.660  -74.262  16.687 0.4000000060
7532  -37.729  -75.782  14.757 0.4000000060
6213  -36.769  -77.428  14.417 0.3000000119
8115  -41.779  -73.878  17.108 0.4000000060
7517  -39.810  -74.669  15.443 0.4000000060
6862  -37.692  -76.084  13.948 0.4000000060
8130  -41.142  -74.436  15.889 0.4000000060
7534  -40.015  -74.480  14.644 0.4000000060
129490  -39.130  -74.787  14.665 0.4000000060
7533  -38.425  -75.360  13.934 0.4000000060
6225  -36.946  -77.520  13.492 0.3000000119
8131  -41.699  -74.233  16.084 0.4000000060
119501  -39.355  -74.774  13.706 0.4000000060
6875  -38.127  -76.111  13.116 0.3000000119
5575  -37.247  -77.662  12.723 0.2000000030
8116  -42.045  -73.809  16.403 0.3000000119
8140  -40.672  -74.393  15.381 0.4000000060
8141  -41.644  -74.133  15.373 0.4000000060
8162  -40.809  -73.967  14.677 0.4000000060
7548  -38.935  -75.435  12.870 0.4000000060
140459  -37.870  -77.001  12.622 0.2000000030
6239  -38.082  -77.280  11.890 0.2000000030
5012  -36.666  -78.318  11.448 0.3000000119
9469  -42.379  -72.962  16.474 0.3000000119
8815  -42.437  -73.404  16.119 0.3000000119
8142  -42.345  -73.799  15.128 0.3000000119
7564  -39.613  -75.734  12.162 0.3000000119
119405  -38.700  -76.703  11.800 0.2000000030
6888  -38.801  -76.212  12.313 0.2000000030
6260  -37.775  -77.494  11.371 0.2000000030
134864  -36.642  -78.544  10.444 0.2000000030
127070  -42.238  -72.488  16.740 0.3000000119
8829  -42.600  -73.408  15.476 0.3000000119
8178  -40.156  -74.303  13.782 0.4000000060
10132  -42.402  -71.700  16.543 0.3000000119
8847  -42.566  -73.336  14.854 0.3000000119
8180  -40.937  -73.602  13.780 0.2000000030
7550  -40.266  -75.351  12.045 0.2000000030
125496  -37.939  -77.430  10.500 0.1000000015
5038  -36.215  -78.968  9.785 0.2000000030
122245  -42.260  -72.983  14.089 0.2000000030
8857  -41.505  -73.157  13.263 0.2000000030
8192  -40.921  -74.956  11.850 0.1000000015
6904  -39.263  -76.355  11.129 0.1000000015
119330  -37.403  -77.803  9.804 0.1000000015
9481  -42.956  -72.333  15.610 0.3000000119
9498  -42.927  -72.844  15.168 0.3000000119
11644  -42.125  -69.050  17.993 0.2000000030
10924  -42.554  -70.558  16.170 0.1000000015
10160  -42.812  -71.533  15.853 0.3000000119
9511  -42.679  -72.697  14.329 0.2000000030
8193  -41.034  -73.851  12.532 0.1000000015
6905  -40.098  -75.857  11.110 0.1000000015
6276  -38.029  -77.270  9.679 0.1000000015
5648  -37.331  -77.846  8.664 0.1000000015
126186  -42.325  -69.826  16.626 0.2000000030
10161  -43.134  -71.494  15.308 0.2000000030
127585  -43.060  -72.238  14.570 0.2000000030
9522  -42.538  -72.400  13.374 0.1000000015
8858  -41.992  -72.629  12.955 0.1000000015
8206  -41.203  -75.089  11.075 0.1000000015
7578  -40.802  -75.427  10.650 0.1000000015
6921  -38.990  -76.356  10.203 0.1000000015
5058  -35.631  -79.541  7.436 0.1000000015
9512  -42.936  -72.138  13.683 0.2000000030
9536  -42.691  -72.309  12.327 0.1000000015
8882  -41.875  -73.558  11.116 0.1000000015
7594  -40.535  -74.980  9.902 0.1000000015
6935  -38.669  -76.227  9.095 0.1000000015
6306  -38.132  -76.387  8.239 0.1000000015
5661  -36.536  -78.425  7.605 0.1000000015
4534  -35.290  -79.624  6.819 0.1000000015
8868  -42.259  -72.780  11.680 0.1000000015
8225  -40.779  -74.417  9.769 0.1000000015
7607  -39.778  -74.932  9.324 0.1000000015
6331  -36.177  -77.446  6.937 0.1000000015
5687  -35.548  -78.137  6.458 0.1000000015
6950  -38.640  -75.517  8.077 0.1000000015
19545  -45.243  -59.933  28.533 0.2000000030
12378  -41.949  -68.767  18.723 0.2000000030
10948  -43.209  -70.312  15.566 0.1000000015
10242  -43.350  -71.679  13.131 0.1000000015
10968  -43.598  -70.579  14.992 0.1000000015
9537  -43.064  -71.966  12.083 0.1000000015
8883  -42.304  -72.688  10.498 0.1000000015
5688  -36.243  -77.901  6.942 0.1000000015
6305  -37.588  -77.027  8.029 0.1000000015
8226  -41.182  -73.957  10.050 0.1000000015
4936  -36.069  -79.600  17.126 0.3000000119
6808  -37.550  -77.121  17.232 0.3000000119
7500  -38.424  -75.465  16.486 0.4000000060
6198  -36.573  -78.174  15.268 0.3000000119
6852  -37.345  -76.414  15.565 0.4000000060
7502  -41.093  -74.743  16.603 0.4000000060
6238  -37.549  -77.551  12.049 0.2000000030
8163  -41.843  -73.796  14.733 0.3000000119
7549  -39.688  -74.917  12.770 0.2000000030
9480  -42.763  -72.961  15.869 0.3000000119
136339  -42.287  -73.573  14.696 0.3000000119
6261  -38.534  -77.024  11.027 0.1000000015
8846  -41.863  -73.362  14.179 0.2000000030
7565  -40.083  -75.794  11.709 0.1000000015
125338  -36.152  -78.997  8.963 0.1000000015
7566  -40.654  -75.521  11.402 0.1000000015
6277  -38.475  -76.921  9.957 0.1000000015
9499  -43.138  -72.185  15.142 0.3000000119
129928  -41.443  -74.330  11.522 0.1000000015
6922  -39.587  -75.954  10.433 0.1000000015
6293  -38.244  -76.783  9.176 0.1000000015
123391  -36.687  -78.468  8.367 0.1000000015
11687  -43.036  -69.642  16.308 0.1000000015
10216  -43.284  -71.627  13.981 0.1000000015
128440  -41.553  -74.328  10.712 0.1000000015
6936  -39.290  -75.582  9.357 0.1000000015
5069  -35.328  -78.981  6.558 0.1000000015
5082  -34.381  -79.135  5.707 0.1000000015
9550  -42.866  -72.146  11.141 0.1000000015
127206  -43.638  -71.127  13.476 0.1000000015
6083  -40.133  -77.737  22.903 0.3000000119
6101  -39.581  -77.539  21.979 0.2000000030
6770  -39.322  -77.135  21.391 0.2000000030
120117  -40.477  -76.852  22.950 0.2000000030
133182  -40.824  -75.719  23.045 0.4000000060
6092  -40.161  -77.678  22.227 0.3000000119
7432  -38.856  -76.802  21.058 0.2000000030
7414  -41.517  -74.946  22.658 0.4000000060
6102  -39.960  -77.693  21.833 0.2000000030
6786  -38.816  -77.062  20.410 0.2000000030
7448  -38.437  -76.719  20.222 0.1000000015
6785  -38.116  -77.267  19.706 0.2000000030
7447  -37.813  -76.660  19.639 0.1000000015
6772  -40.053  -77.170  21.167 0.3000000119
7446  -37.004  -76.312  19.279 0.1000000015
6128  -38.361  -77.229  19.719 0.2000000030
7462  -36.553  -76.935  18.734 0.1000000015
6142  -36.040  -77.517  18.350 0.1000000015
6143  -36.660  -77.755  18.505 0.1000000015
5505  -36.015  -78.423  18.297 0.1000000015
6806  -34.968  -77.515  17.504 0.1000000015
6807  -35.444  -77.027  17.965 0.1000000015
6152  -35.501  -78.144  18.107 0.1000000015
6833  -34.420  -77.473  16.907 0.1000000015
6151  -35.128  -78.610  17.918 0.1000000015
122144  -40.551  -76.500  21.251 0.3000000119
6129  -39.051  -77.220  20.038 0.2000000030
6145  -37.842  -77.559  19.094 0.2000000030
6797  -37.375  -77.364  19.116 0.2000000030
6144  -37.160  -77.759  18.603 0.2000000030
5533  -34.754  -79.037  17.145 0.1000000015
7433  -40.435  -76.193  20.462 0.2000000030
6798  -38.470  -77.372  19.290 0.2000000030
5506  -36.598  -78.214  18.265 0.2000000030
5518  -34.972  -78.984  17.878 0.1000000015
6197  -33.650  -78.269  15.698 0.1000000015
6174  -34.217  -78.055  16.374 0.1000000015
6787  -39.825  -76.620  19.785 0.3000000119
7434  -41.225  -75.357  21.041 0.2000000030
5534  -36.262  -79.191  17.570 0.2000000030
4924  -35.727  -79.344  17.691 0.1000000015
5548  -34.273  -79.183  15.934 0.1000000015
4934  -34.876  -79.773  16.765 0.1000000015
4949  -32.704  -79.823  14.940 0.1000000015
4410  -34.709  -80.883  15.713 0.1000000015
132436  -35.017  -80.350  16.336 0.1000000015
4408  -33.013  -80.940  15.203 0.1000000015
4409  -33.899  -80.955  15.556 0.1000000015
122689  -41.256  -75.101  20.031 0.2000000030
4425  -35.280  -80.962  15.294 0.1000000015
4970  -35.778  -80.500  15.001 0.1000000015
4421  -31.369  -81.334  14.590 0.1000000015
4423  -33.222  -81.303  15.109 0.1000000015
132856  -34.014  -81.217  15.390 0.1000000015
4424  -34.591  -81.261  15.117 0.1000000015
3893  -32.779  -81.571  13.972 0.1000000015
6758  -40.457  -77.113  22.271 0.3000000119
6766  -40.297  -77.222  21.760 0.2000000030
4923  -35.164  -79.324  17.555 0.1000000015
4950  -33.756  -80.187  15.410 0.1000000015
6153  -37.296  -77.884  18.313 0.2000000030
6771  -39.411  -77.138  20.921 0.2000000030
128709  -39.690  -76.979  20.502 0.3000000119
5519  -35.399  -78.999  18.196 0.1000000015
4969  -32.027  -80.597  14.826 0.1000000015
4422  -32.304  -81.473  14.767 0.1000000015
3881  -33.578  -81.372  14.808 0.1000000015
4968  -30.983  -80.352  14.939 0.1000000015
3880  -32.275  -81.687  14.509 0.1000000015
4453  -33.730  -80.945  12.537 0.1000000015
121934  -32.745  -81.349  11.255 0.1000000015
4470  -33.345  -80.804  11.698 0.2000000030
3934  -32.301  -81.600  10.350 0.1000000015
4455  -35.205  -80.258  13.251 0.2000000030
124736  -34.512  -80.599  12.814 0.2000000030
4471  -34.052  -80.151  11.650 0.1000000015
4484  -33.442  -80.476  10.817 0.2000000030
4485  -34.232  -79.919  10.442 0.1000000015
4986  -35.579  -79.889  14.072 0.2000000030
122067  -35.020  -79.975  12.123 0.1000000015
3935  -33.101  -81.029  10.074 0.1000000015
132174  -33.828  -80.410  9.823 0.1000000015
5562  -36.248  -78.830  14.336 0.2000000030
126824  -35.589  -79.162  13.086 0.2000000030
5011  -35.513  -79.251  11.529 0.1000000015
137891  -34.511  -79.998  9.545 0.1000000015
4998  -35.391  -79.454  12.394 0.1000000015
4472  -34.908  -79.565  11.028 0.1000000015
5574  -36.625  -78.196  13.153 0.2000000030
5586  -36.666  -78.181  12.285 0.2000000030
4486  -35.030  -79.534  9.946 0.1000000015
4999  -35.923  -78.691  12.113 0.1000000015
6224  -36.636  -78.054  13.570 0.2000000030
139854  -36.167  -78.855  11.176 0.1000000015
7394  -40.245  -76.324  23.889 0.2000000030
123002  -39.385  -77.659  22.545 0.1000000015
9309  -43.784  -71.892  30.627 0.2000000030
8660  -42.454  -74.048  30.053 0.1000000015
13639  -38.227  -66.893  34.440 0.1000000015
9991  -41.488  -71.482  34.359 0.1000000015
123393  -41.900  -71.671  33.755 0.1000000015
120271  -40.572  -68.713  34.235 0.1000000015
10751  -42.279  -71.387  33.779 0.1000000015
13638  -37.596  -66.397  35.258 0.2000000030
12927  -38.654  -67.499  36.031 0.1000000015
10749  -40.463  -71.474  34.875 0.1000000015
12939  -39.027  -67.550  34.556 0.1000000015
12208  -39.414  -67.965  35.990 0.1000000015
12201  -40.163  -69.261  35.897 0.1000000015
11503  -41.395  -70.161  34.917 0.1000000015
9982  -40.953  -71.530  34.852 0.1000000015
7373  -40.351  -75.562  24.795 0.2000000030
8661  -43.380  -73.228  29.524 0.1000000015
10750  -41.908  -70.926  34.315 0.1000000015
128220  -41.335  -69.313  34.109 0.1000000015
12217  -39.841  -68.116  34.473 0.1000000015
131832  -43.272  -73.330  30.299 0.1000000015
9995  -41.169  -71.720  34.236 0.1000000015
12209  -40.050  -68.661  35.688 0.1000000015
132022  -38.783  -67.859  36.433 0.1000000015
6727  -39.744  -76.682  24.878 0.1000000015
6745  -40.011  -77.468  23.591 0.1000000015
15859  -41.412  -63.475  35.034 0.1000000015
15858  -40.588  -63.145  35.142 0.1000000015
15832  -39.861  -62.901  35.371 0.1000000015
121309  -38.146  -63.095  35.624 0.1000000015
15809  -40.972  -63.041  36.123 0.1000000015
16631  -40.458  -62.500  36.340 0.1000000015
16630  -39.722  -62.190  36.274 0.1000000015
16655  -38.194  -62.405  35.871 0.1000000015
15833  -41.170  -63.296  35.560 0.1000000015
16656  -40.528  -62.963  35.745 0.1000000015
131268  -39.131  -62.526  35.633 0.1000000015
16654  -37.449  -62.963  35.785 0.1000000015
15834  -41.836  -63.702  35.564 0.1000000015
17515  -39.673  -61.216  36.225 0.1000000015
15810  -41.533  -63.405  36.094 0.1000000015
17541  -38.994  -61.864  35.908 0.1000000015
118487  -38.137  -61.402  35.754 0.1000000015
15860  -42.286  -63.954  35.120 0.1000000015
15030  -42.916  -64.354  34.935 0.1000000015
17517  -41.652  -61.563  36.312 0.1000000015
17516  -40.844  -61.724  36.494 0.1000000015
137587  -40.175  -61.808  36.506 0.1000000015
16633  -42.174  -63.240  36.305 0.1000000015
138613  -42.056  -63.827  36.044 0.1000000015
15011  -42.988  -64.496  35.326 0.1000000015
16683  -42.708  -63.772  34.552 0.1000000015
19527  -43.875  -59.393  28.947 0.1000000015
132464  -44.385  -58.520  29.249 0.1000000015
21386  -45.450  -57.511  29.180 0.1000000015
14999  -43.154  -64.676  35.849 0.1000000015
15861  -43.393  -64.229  34.486 0.1000000015
16708  -43.482  -63.245  33.860 0.1000000015
134607  -44.786  -60.763  28.213 0.1000000015
21371  -42.535  -57.554  29.978 0.1000000015
137352  -43.338  -57.311  29.917 0.1000000015
22313  -45.654  -56.556  29.442 0.1000000015
127424  -44.753  -57.051  29.557 0.1000000015
16632  -41.315  -62.622  36.337 0.1000000015
18449  -40.491  -60.834  36.369 0.1000000015
22311  -43.866  -56.628  29.850 0.1000000015
15830  -37.366  -63.753  35.582 0.1000000015
21385  -44.764  -57.807  29.296 0.1000000015
136623  -39.958  -62.648  35.951 0.1000000015
15811  -42.654  -64.054  36.199 0.1000000015
20438  -45.206  -58.333  28.975 0.1000000015
22312  -44.718  -56.089  29.726 0.1000000015
135780  -42.371  -68.444  19.574 0.1000000015
133198  -42.526  -68.115  20.548 0.1000000015
6711  -38.443  -77.947  25.456 0.1000000015
6725  -38.510  -78.267  25.148 0.1000000015
6744  -38.526  -77.870  24.121 0.1000000015
117896  -37.947  -77.380  25.668 0.1000000015
6743  -37.784  -77.545  24.876 0.1000000015
142201  -37.519  -76.178  23.275 0.1000000015
6059  -38.714  -78.397  25.248 0.1000000015
6710  -36.975  -76.835  25.433 0.1000000015
7354  -38.400  -77.446  25.696 0.1000000015
6712  -38.656  -78.006  25.463 0.1000000015
6723  -36.206  -76.651  24.910 0.1000000015
7353  -37.227  -76.545  25.598 0.1000000015
7336  -38.125  -76.792  25.853 0.1000000015
129382  -36.505  -75.327  25.591 0.1000000015
8023  -37.659  -75.603  25.839 0.1000000015
125040  -32.243  -71.866  30.209 0.1000000015
10022  -31.957  -71.091  29.619 0.1000000015
9346  -30.323  -72.298  27.541 0.1000000015
9345  -29.725  -72.818  27.041 0.1000000015
9361  -30.318  -72.210  26.437 0.1000000015
9371  -30.340  -72.842  25.588 0.1000000015
6081  -38.950  -78.449  24.587 0.1000000015
9370  -29.603  -73.422  25.586 0.1000000015
120247  -31.331  -72.854  25.289 0.1000000015
7352  -36.114  -76.206  25.387 0.1000000015
7351  -35.217  -76.092  25.279 0.1000000015
131444  -39.103  -77.067  22.018 0.1000000015
8017  -30.524  -74.168  24.648 0.1000000015
8018  -31.707  -74.671  24.893 0.1000000015
8020  -33.108  -75.262  25.307 0.1000000015
128228  -34.470  -75.971  25.221 0.1000000015
8022  -35.238  -75.594  25.387 0.1000000015
8715  -35.740  -74.595  25.443 0.1000000015
135827  -37.279  -74.369  25.871 0.1000000015
8030  -29.046  -74.625  24.321 0.1000000015
7371  -32.217  -75.245  24.780 0.1000000015
8021  -34.152  -75.404  25.380 0.1000000015
124773  -35.512  -73.604  25.477 0.1000000015
10037  -31.820  -70.903  28.902 0.1000000015
10036  -31.472  -71.340  28.540 0.1000000015
10050  -31.279  -70.975  27.519 0.1000000015
8006  -39.420  -75.412  26.381 0.1000000015
7338  -39.094  -75.935  26.038 0.1000000015
6713  -39.192  -77.582  25.337 0.1000000015
10049  -30.762  -71.602  27.070 0.1000000015
9372  -31.056  -72.110  25.778 0.1000000015
9362  -31.012  -71.660  26.328 0.1000000015
6090  -39.236  -77.913  23.417 0.1000000015
8019  -32.363  -74.830  25.220 0.1000000015
8712  -32.911  -73.949  25.322 0.1000000015
8713  -33.888  -74.347  25.417 0.1000000015
125542  -33.775  -73.312  25.360 0.1000000015
125541  -34.589  -73.402  25.424 0.1000000015
122794  -36.392  -73.964  25.580 0.1000000015
10774  -31.837  -70.335  29.711 0.1000000015
10779  -31.900  -70.292  29.084 0.1000000015
11519  -31.288  -69.331  30.552 0.1000000015
11518  -30.726  -69.256  31.431 0.1000000015
8007  -39.764  -75.255  26.644 0.1000000015
10795  -31.827  -70.177  28.355 0.1000000015
7337  -38.763  -76.383  25.948 0.1000000015
7339  -39.929  -75.729  25.795 0.1000000015
10802  -31.716  -70.267  27.571 0.1000000015
138985  -38.454  -75.769  25.984 0.1000000015
7356  -39.487  -76.352  25.628 0.1000000015
10060  -31.268  -71.064  26.555 0.1000000015
10070  -31.615  -71.321  25.824 0.1000000015
9373  -31.867  -72.049  25.336 0.1000000015
9374  -33.202  -72.647  25.232 0.1000000015
134343  -32.297  -72.891  25.152 0.1000000015
134415  -32.624  -72.068  25.192 0.1000000015
9376  -35.245  -72.503  25.492 0.1000000015
9377  -36.144  -72.866  25.670 0.1000000015
9375  -34.193  -72.281  25.337 0.1000000015
12225  -31.052  -68.443  30.821 0.1000000015
129693  -31.926  -69.705  29.249 0.1000000015
12231  -31.697  -68.544  30.010 0.1000000015
12949  -30.914  -67.582  31.094 0.1000000015
12948  -30.524  -67.426  31.877 0.1000000015
8681  -39.683  -74.272  27.290 0.1000000015
8698  -39.572  -74.873  27.216 0.1000000015
7995  -39.782  -74.973  27.091 0.1000000015
124880  -32.055  -69.605  28.606 0.1000000015
11534  -32.093  -68.998  29.148 0.1000000015
8004  -38.185  -74.748  26.202 0.1000000015
6726  -39.570  -77.552  24.459 0.1000000015
10803  -32.068  -69.899  26.969 0.1000000015
122326  -32.120  -69.612  27.766 0.1000000015
9363  -36.771  -72.243  25.895 0.1000000015
8696  -37.874  -73.602  26.229 0.1000000015
10823  -31.713  -70.682  26.160 0.1000000015
10074  -35.963  -71.830  25.663 0.1000000015
10071  -32.426  -71.385  25.399 0.1000000015
10072  -33.347  -71.587  25.250 0.1000000015
134377  -34.108  -71.419  25.278 0.1000000015
12958  -31.477  -67.741  30.456 0.1000000015
12245  -32.260  -68.233  29.290 0.1000000015
141750  -39.082  -73.216  26.937 0.1000000015
142535  -40.094  -75.636  25.573 0.1000000015
9364  -37.570  -72.530  26.167 0.1000000015
10826  -34.579  -70.380  25.632 0.1000000015
11568  -32.691  -69.672  26.511 0.1000000015
10824  -32.255  -70.695  25.723 0.1000000015
129996  -32.976  -70.862  25.425 0.1000000015
9333  -40.676  -73.690  28.811 0.1000000015
10052  -38.929  -71.967  26.935 0.1000000015
132425  -32.453  -68.601  28.735 0.1000000015
10062  -36.614  -71.373  26.057 0.1000000015
142722  -37.241  -71.722  26.273 0.1000000015
10063  -37.966  -71.744  26.558 0.1000000015
11558  -32.653  -69.043  27.610 0.1000000015
10816  -35.275  -70.425  25.877 0.1000000015
10061  -35.889  -70.990  25.826 0.1000000015
138603  -32.500  -69.458  27.145 0.1000000015
11586  -34.011  -69.877  25.697 0.1000000015
11571  -35.420  -69.886  26.482 0.1000000015
11569  -33.507  -69.501  26.252 0.1000000015
9332  -40.257  -72.644  28.041 0.1000000015
133354  -41.023  -73.119  29.501 0.1000000015
10051  -38.138  -71.051  27.218 0.1000000015
136793  -38.718  -71.201  27.631 0.1000000015
12263  -32.822  -68.162  28.741 0.1000000015
10804  -36.836  -70.239  27.434 0.1000000015
10805  -37.537  -70.401  27.578 0.1000000015
129947  -35.845  -70.463  26.288 0.1000000015
130110  -36.379  -70.775  26.335 0.1000000015
11559  -33.100  -69.165  26.922 0.1000000015
10023  -40.955  -71.836  29.674 0.1000000015
10038  -39.927  -71.459  28.377 0.1000000015
10806  -38.252  -70.637  27.930 0.1000000015
10807  -39.042  -70.902  28.178 0.1000000015
12975  -32.067  -67.706  29.873 0.1000000015
11560  -34.757  -69.189  26.721 0.1000000015
12273  -33.432  -68.625  27.510 0.1000000015
12272  -32.783  -68.599  28.170 0.1000000015
12224  -30.552  -68.282  31.578 0.1000000015
14305  -30.556  -65.886  34.519 0.1000000015
13635  -30.596  -65.853  33.546 0.1000000015
13652  -30.656  -66.607  32.269 0.1000000015
12937  -30.323  -67.364  32.778 0.1000000015
10035  -30.891  -71.766  28.036 0.1000000015
8709  -30.080  -73.544  25.145 0.1000000015
8710  -30.896  -73.626  25.027 0.1000000015
8711  -31.878  -73.894  25.097 0.1000000015
136503  -32.477  -75.287  25.099 0.1000000015
120804  -33.019  -75.702  24.940 0.1000000015
122858  -33.705  -75.884  25.120 0.1000000015
7390  -34.114  -76.190  23.841 0.1000000015
10794  -31.594  -70.692  28.188 0.1000000015
9378  -37.028  -73.234  25.802 0.1000000015
10073  -34.939  -71.266  25.446 0.1000000015
9347  -38.384  -72.831  26.549 0.1000000015
10053  -39.434  -71.765  27.692 0.1000000015
10818  -37.184  -70.871  26.743 0.1000000015
11561  -35.566  -69.472  27.264 0.1000000015
10039  -40.638  -72.204  28.796 0.1000000015
13623  -30.320  -66.639  34.109 0.1000000015
1871  -22.446  -86.495  11.700 0.1000000015
1523  -22.571  -86.804  12.766 0.1000000015
1906  -20.303  -86.674  8.770 0.1000000015
2262  -21.495  -85.518  8.850 0.1000000015
2258  -21.529  -85.776  9.691 0.1000000015
1531  -20.930  -86.721  11.346 0.1000000015
133174  -20.488  -86.535  7.919 0.1000000015
1918  -20.042  -86.421  6.342 0.1000000015
1927  -19.472  -86.355  5.461 0.1000000015
1872  -23.507  -86.480  12.027 0.1000000015
1873  -24.630  -86.138  12.419 0.1000000015
1865  -24.799  -86.071  13.430 0.1000000015
1885  -23.097  -86.086  11.194 0.1000000015
1884  -21.334  -86.406  10.294 0.1000000015
129540  -22.264  -86.088  10.720 0.1000000015
136060  -22.391  -86.314  11.160 0.1000000015
1524  -23.826  -86.555  13.042 0.1000000015
119910  -21.098  -86.311  8.027 0.1000000015
131556  -20.826  -86.754  10.770 0.1000000015
1883  -20.426  -86.946  10.156 0.1000000015
2267  -21.450  -85.862  6.759 0.1000000015
141079  -20.645  -86.084  5.996 0.1000000015
1928  -20.483  -85.944  5.290 0.1000000015
2289  -20.513  -85.763  4.926 0.1000000015
4995  -25.872  -79.953  12.726 0.1000000015
3899  -25.140  -81.756  12.747 0.1000000015
2229  -25.287  -85.421  12.891 0.1000000015
2573  -25.828  -84.961  13.262 0.1000000015
2955  -24.837  -84.007  12.358 0.1000000015
3388  -24.832  -82.823  13.046 0.1000000015
2241  -24.213  -86.022  11.435 0.1000000015
2572  -25.118  -84.954  13.338 0.1000000015
120821  -24.542  -85.469  10.992 0.1000000015
1845  -24.593  -86.119  14.114 0.1000000015
2248  -21.955  -85.255  10.347 0.1000000015
2249  -22.727  -85.190  10.656 0.1000000015
1911  -20.826  -86.316  6.884 0.1000000015
4996  -26.754  -79.916  12.647 0.1000000015
4448  -25.522  -80.791  12.421 0.1000000015
125983  -27.123  -79.624  13.258 0.1000000015
2580  -25.519  -84.800  13.039 0.1000000015
136191  -25.285  -83.512  11.959 0.1000000015
3398  -25.354  -82.735  12.378 0.1000000015
2581  -25.293  -84.696  12.744 0.1000000015
2230  -25.298  -84.885  12.505 0.1000000015
2599  -22.021  -84.581  9.608 0.1000000015
2613  -22.017  -84.577  8.557 0.1000000015
2263  -21.786  -85.430  7.695 0.1000000015
2250  -23.749  -85.485  10.802 0.1000000015
4994  -25.120  -80.081  13.105 0.1000000015
3913  -25.682  -81.748  11.910 0.1000000015
2601  -23.214  -84.692  10.372 0.1000000015
4447  -24.872  -80.928  13.235 0.1000000015
2243  -25.218  -84.860  11.344 0.1000000015
2251  -25.042  -85.114  10.743 0.1000000015
137320  -24.615  -80.336  13.625 0.1000000015
2607  -24.920  -84.636  9.556 0.1000000015
2608  -25.683  -84.386  9.411 0.1000000015
2618  -26.701  -83.950  8.769 0.1000000015
2971  -25.313  -83.762  11.588 0.1000000015
2591  -25.293  -84.216  11.331 0.1000000015
2603  -25.459  -84.562  10.316 0.1000000015
2972  -25.929  -83.484  10.657 0.1000000015
2602  -25.154  -84.790  10.032 0.1000000015
122572  -26.048  -84.186  9.607 0.1000000015
3407  -25.770  -82.579  11.500 0.1000000015
139611  -25.731  -83.225  11.269 0.1000000015
3422  -26.774  -83.075  10.011 0.1000000015
2617  -26.137  -84.199  8.809 0.1000000015
2604  -25.984  -83.927  10.191 0.1000000015
1515  -23.175  -86.933  13.676 0.1000000015
1562  -20.185  -86.547  7.400 0.1000000015
1870  -21.631  -86.493  11.142 0.1000000015
1919  -21.016  -85.829  5.899 0.1000000015
2217  -25.214  -85.360  13.424 0.1000000015
2218  -25.624  -84.936  13.238 0.1000000015
2242  -25.011  -85.430  11.775 0.1000000015
2600  -22.473  -84.609  10.255 0.1000000015
3408  -26.256  -82.708  10.659 0.1000000015
3945  -23.995  -81.301  9.048 0.1000000015
4002  -27.377  -81.198  3.412 0.1000000015
4003  -28.338  -80.932  3.557 0.1000000015
4439  -35.138  -80.871  14.512 0.1000000015
4514  -24.911  -81.067  7.905 0.1000000015
4528  -27.368  -80.300  6.016 0.1000000015
4550  -27.134  -80.926  3.568 0.1000000015
4952  -35.603  -80.481  15.872 0.1000000015
4982  -26.363  -79.489  13.303 0.1000000015
4987  -35.954  -78.941  13.780 0.2000000030
5022  -35.808  -79.203  10.483 0.1000000015
5059  -35.965  -78.883  7.403 0.1000000015
5068  -34.858  -79.462  6.240 0.1000000015
5070  -35.831  -78.559  6.914 0.1000000015
5079  -31.593  -79.900  4.902 0.1000000015
5083  -34.901  -78.709  6.018 0.1000000015
5086  -30.435  -80.122  4.587 0.1000000015
5520  -36.060  -78.934  18.156 0.2000000030
5587  -37.160  -77.785  12.351 0.2000000030
5607  -37.205  -77.798  11.730 0.2000000030
5627  -37.252  -77.860  10.910 0.2000000030
5647  -36.725  -78.448  9.359 0.1000000015
5660  -33.173  -77.889  7.931 0.1000000015
5662  -37.153  -77.779  7.761 0.1000000015
5672  -32.602  -78.189  6.373 0.1000000015
5674  -36.305  -78.310  7.185 0.1000000015
5675  -36.750  -77.783  7.325 0.1000000015
6071  -39.123  -78.399  24.948 0.1000000015
6091  -39.763  -77.823  22.535 0.3000000119
6108  -39.685  -77.363  21.549 0.2000000030
6175  -34.788  -78.337  17.318 0.1000000015
6222  -30.634  -77.011  13.148 0.1000000015
6236  -32.193  -77.105  12.711 0.1000000015
6237  -32.926  -77.082  12.208 0.1000000015
6254  -28.421  -77.525  11.333 0.1000000015
6292  -37.835  -77.194  8.906 0.1000000015
6304  -34.334  -77.305  7.905 0.1000000015
6316  -35.136  -77.388  6.758 0.2000000030
6332  -36.665  -77.286  7.121 0.1000000015
6709  -35.729  -76.332  25.151 0.1000000015
6721  -34.022  -76.247  24.601 0.1000000015
6724  -37.967  -77.616  25.528 0.1000000015
6757  -38.874  -77.388  22.959 0.1000000015
6799  -39.268  -76.819  19.193 0.3000000119
6868  -29.013  -76.304  13.264 0.1000000015
6874  -37.344  -76.786  13.643 0.3000000119
6889  -39.507  -76.176  11.739 0.1000000015
6971  -36.248  -77.000  7.080 0.1000000015
7350  -34.117  -76.172  24.974 0.1000000015
7355  -38.777  -77.103  25.756 0.1000000015
7372  -33.639  -76.032  24.865 0.1000000015
7393  -37.568  -77.019  23.957 0.1000000015
7413  -40.911  -75.969  22.347 0.4000000060
7518  -40.451  -74.711  16.064 0.4000000060
7525  -28.750  -74.851  14.074 0.1000000015
7544  -32.731  -75.845  13.665 0.1000000015
7593  -40.055  -75.413  10.189 0.1000000015
7608  -40.130  -74.245  9.268 0.2000000030
7623  -37.678  -74.866  7.483 0.2000000030
7625  -39.228  -74.950  8.467 0.2000000030
7639  -37.133  -75.647  7.143 0.2000000030
7641  -38.257  -75.263  7.535 0.2000000030
8005  -38.967  -75.267  26.324 0.1000000015
8132  -42.252  -73.840  15.745 0.3000000119
8153  -28.222  -73.920  14.174 0.1000000015
8156  -30.923  -74.289  14.562 0.1000000015
8160  -35.392  -74.419  14.364 0.1000000015
8179  -40.376  -74.377  12.779 0.2000000030
8189  -36.059  -74.973  12.550 0.1000000015
8269  -38.649  -74.310  7.980 0.1000000015
8271  -39.473  -73.784  8.830 0.1000000015
8630  -43.364  -72.768  30.791 0.1000000015
8672  -43.365  -73.044  28.530 0.3000000119
8697  -38.832  -74.161  26.670 0.1000000015
8714  -34.854  -74.508  25.402 0.1000000015
8810  -41.995  -73.356  16.755 0.3000000119
8823  -33.753  -73.218  15.495 0.1000000015
8826  -36.798  -73.211  15.310 0.1000000015
8827  -37.668  -73.192  15.048 0.1000000015
8837  -30.429  -73.510  14.877 0.1000000015
8853  -27.419  -73.304  13.371 0.1000000015
8854  -37.335  -73.788  13.530 0.1000000015
8864  -37.701  -73.774  12.723 0.1000000015
8867  -41.666  -73.338  12.139 0.1000000015
8900  -41.750  -73.339  10.248 0.1000000015
9348  -39.658  -72.986  27.432 0.1000000015
9487  -29.656  -72.128  15.022 0.1000000015
9488  -30.330  -71.981  15.309 0.1000000015
9509  -39.310  -72.544  14.468 0.1000000015
9523  -42.988  -72.015  12.804 0.1000000015
9532  -31.008  -72.411  11.788 0.1000000015
9567  -40.898  -71.671  9.277 0.1000000015
9997  -42.466  -71.468  33.283 0.1000000015
10008  -43.046  -71.158  32.019 0.2000000030
10091  -38.332  -71.449  21.561 0.5000000000
10151  -32.140  -70.656  16.071 0.1000000015
10153  -33.458  -71.031  16.533 0.1000000015
10185  -38.574  -71.897  16.160 0.1000000015
10188  -43.307  -71.551  14.763 0.1000000015
10211  -29.457  -71.749  14.625 0.1000000015
10238  -32.833  -71.579  12.688 0.1000000015
10325  -41.733  -70.820  8.722 0.1000000015
10326  -42.170  -71.229  8.788 0.1000000015
10740  -40.661  -71.087  35.249 0.1000000015
10741  -41.187  -70.982  35.020 0.1000000015
10748  -39.552  -71.105  34.579 0.1000000015
10758  -42.787  -71.137  33.133 0.2000000030
10799  -43.698  -70.557  28.845 0.3000000119
10809  -43.690  -71.143  28.091 0.3000000119
10812  -31.614  -70.447  26.773 0.1000000015
10813  -32.141  -70.184  26.245 0.1000000015
10814  -33.043  -70.142  25.775 0.1000000015
10815  -34.737  -69.798  26.037 0.1000000015
10817  -36.198  -70.249  26.956 0.1000000015
10825  -33.875  -70.721  25.368 0.1000000015
10852  -38.131  -70.891  23.854 0.5000000000
10943  -36.676  -70.587  17.022 0.1000000015
10945  -38.249  -70.452  16.699 0.1000000015
10961  -31.053  -70.832  15.370 0.1000000015
10964  -33.329  -69.823  15.772 0.1000000015
10967  -41.041  -70.016  15.109 0.1000000015
10980  -31.995  -70.270  14.748 0.1000000015
11003  -30.789  -70.826  14.187 0.1000000015
11512  -43.035  -70.394  32.094 0.2000000030
11524  -43.110  -70.051  31.377 0.2000000030
11529  -31.723  -69.491  29.801 0.1000000015
11539  -43.615  -70.256  29.450 0.3000000119
11551  -32.344  -69.062  28.312 0.1000000015
11566  -42.494  -69.503  27.662 0.3000000119
11572  -38.973  -69.067  25.943 0.5000000000
11601  -37.494  -69.606  24.475 0.5000000000
11605  -37.228  -69.634  23.149 0.5000000000
11611  -38.232  -69.674  21.398 0.5000000000
11622  -40.243  -69.269  20.115 0.4000000060
11662  -42.798  -69.199  17.302 0.1000000015
11748  -36.690  -69.479  11.542 0.1000000015
11749  -37.625  -68.828  11.538 0.1000000015
11762  -34.362  -70.463  10.983 0.1000000015
12210  -40.684  -69.425  35.329 0.1000000015
12251  -42.302  -68.981  29.765 0.3000000119
12264  -33.312  -68.245  28.209 0.1000000015
12277  -40.862  -68.251  27.571 0.5000000000
12283  -37.896  -68.197  26.352 0.5000000000
12303  -36.333  -68.085  23.775 0.3000000119
12455  -38.401  -67.468  10.822 0.1000000015
12466  -38.168  -68.013  10.831 0.1000000015
12476  -37.995  -67.982  10.614 0.1000000015
12965  -41.396  -67.899  30.014 0.3000000119
12995  -39.707  -67.532  27.713 0.4000000060
13005  -38.615  -67.961  26.819 0.5000000000
13014  -35.828  -67.035  25.082 0.5000000000
13017  -36.067  -67.529  23.877 0.4000000060
13038  -41.163  -67.473  22.235 0.2000000030
13175  -38.259  -67.011  10.818 0.1000000015
13187  -37.902  -67.491  10.557 0.1000000015
13698  -40.237  -67.210  29.315 0.3000000119
13703  -38.529  -66.735  27.725 0.5000000000
13734  -36.378  -66.304  23.403 0.4000000060
13828  -35.756  -65.774  16.913 0.1000000015
13829  -36.408  -66.439  17.405 0.1000000015
13895  -36.879  -65.224  12.752 0.1000000015
14399  -39.235  -66.301  29.990 0.3000000119
14407  -38.848  -66.177  29.236 0.4000000060
14433  -35.050  -65.050  26.138 0.5000000000
14437  -35.299  -65.609  25.283 0.5000000000
14444  -35.582  -65.591  24.273 0.3000000119
14446  -42.647  -65.166  24.407 0.1000000015
14455  -36.037  -65.769  23.682 0.4000000060
14542  -35.827  -65.169  17.276 0.1000000015
14572  -36.519  -64.236  15.054 0.1000000015
15111  -36.089  -64.179  30.230 0.3000000119
15112  -36.962  -64.400  30.532 0.3000000119
15113  -37.663  -64.707  30.896 0.3000000119
15163  -34.752  -64.331  27.368 0.5000000000
15181  -35.701  -64.363  24.264 0.4000000060
15242  -37.681  -64.189  19.971 0.1000000015
15281  -36.318  -64.718  18.693 0.1000000015
15322  -36.355  -63.935  14.387 0.1000000015
15835  -42.467  -64.134  35.683 0.1000000015
15903  -37.758  -63.641  32.612 0.3000000119
15950  -35.223  -63.900  29.909 0.3000000119
16003  -34.800  -63.744  25.927 0.3000000119
16004  -35.155  -63.441  25.387 0.3000000119
16804  -33.867  -62.407  28.640 0.4000000060
16826  -34.045  -62.810  27.708 0.5000000000
16844  -35.952  -62.064  25.437 0.3000000119
16859  -41.584  -62.494  24.335 0.1000000015
17616  -35.840  -61.106  31.997 0.3000000119
17640  -34.274  -61.281  30.227 0.4000000060
17733  -34.431  -61.860  26.861 0.4000000060
17734  -34.959  -61.564  26.347 0.3000000119
17744  -37.228  -61.428  25.219 0.3000000119
17759  -40.328  -62.036  24.560 0.1000000015
18523  -36.353  -60.724  32.245 0.3000000119
18594  -34.254  -60.515  29.678 0.4000000060
18597  -40.588  -61.050  28.881 0.2000000030
18616  -41.054  -60.895  28.469 0.2000000030
18619  -43.987  -61.374  27.985 0.2000000030
18678  -42.808  -60.341  24.538 0.1000000015
19523  -39.573  -59.923  28.694 0.2000000030
19540  -34.275  -59.130  28.525 0.3000000119
19541  -41.049  -60.122  28.469 0.2000000030
19543  -43.235  -60.297  28.420 0.3000000119
19559  -34.820  -59.273  27.168 0.2000000030
20418  -36.106  -58.808  29.926 0.3000000119
20430  -34.647  -58.624  29.113 0.3000000119
20469  -34.652  -58.685  27.751 0.2000000030
20489  -36.056  -58.160  26.401 0.2000000030
20519  -38.938  -58.830  24.885 0.1000000015
20521  -43.902  -58.732  24.529 0.1000000015
21367  -38.439  -57.568  30.459 0.3000000119
21380  -34.973  -58.030  28.882 0.2000000030
21452  -36.572  -57.786  26.125 0.2000000030
21456  -39.894  -57.551  25.037 0.1000000015
22293  -37.606  -56.250  30.486 0.1000000015
22294  -38.406  -56.536  30.672 0.1000000015
22352  -35.721  -56.909  28.195 0.1000000015
22353  -36.213  -56.467  27.734 0.1000000015
22354  -36.769  -56.234  27.331 0.1000000015
23169  -41.268  -55.341  30.543 0.1000000015
23208  -37.157  -55.085  27.921 0.1000000015
23240  -39.412  -55.175  26.216 0.1000000015
24003  -38.160  -54.770  30.467 0.1000000015
24060  -37.774  -54.599  27.578 0.1000000015
24862  -39.559  -53.730  30.548 0.1000000015
24872  -37.993  -53.732  29.293 0.1000000015
24920  -38.556  -53.233  27.144 0.1000000015
24921  -39.085  -53.107  26.599 0.1000000015
25738  -38.726  -52.488  29.133 0.1000000015
25752  -44.683  -52.004  29.086 0.1000000015
25756  -47.987  -52.154  28.193 0.1000000015
25772  -38.650  -51.869  27.819 0.1000000015
25787  -38.745  -51.897  27.192 0.1000000015
26674  -38.965  -51.559  28.336 0.1000000015
26677  -45.769  -51.327  28.512 0.1000000015
26678  -46.428  -51.320  28.354 0.1000000015
26696  -39.251  -50.764  27.456 0.1000000015
27650  -40.410  -50.127  28.981 0.1000000015
27662  -39.824  -50.240  28.469 0.1000000015
27691  -39.510  -50.536  27.027 0.1000000015
116828  -44.100  -61.572  24.327 0.1000000015
117850  -41.980  -61.392  24.330 0.1000000015
117906  -43.445  -61.409  24.352 0.1000000015
118251  -38.935  -61.900  24.981 0.2000000030
118438  -36.511  -75.204  9.400 0.1000000015
118953  -34.268  -59.885  29.084 0.3000000119
121337  -42.689  -72.413  16.212 0.3000000119
121589  -32.184  -78.248  7.448 0.1000000015
122158  -35.593  -79.180  7.050 0.1000000015
122550  -30.461  -66.596  33.164 0.1000000015
122705  -35.372  -58.644  26.941 0.3000000119
122709  -41.539  -68.500  27.600 0.5000000000
122846  -42.098  -58.305  24.607 0.1000000015
123009  -35.394  -63.792  24.772 0.3000000119
123427  -35.981  -79.675  14.598 0.2000000030
123516  -35.426  -65.510  26.558 0.5000000000
123690  -25.444  -75.087  12.311 0.1000000015
124059  -36.086  -78.506  12.895 0.2000000030
124070  -40.484  -69.196  26.713 0.4000000060
125481  -38.369  -75.238  14.920 0.4000000060
125718  -34.111  -61.393  27.419 0.4000000060
125721  -28.009  -78.111  10.120 0.1000000015
125946  -41.029  -67.639  30.206 0.3000000119
126520  -42.636  -71.334  26.765 0.5000000000
128093  -41.263  -58.295  24.660 0.1000000015
128170  -42.443  -63.186  24.312 0.1000000015
128329  -36.352  -79.297  16.865 0.3000000119
128721  -43.989  -57.693  29.589 0.1000000015
128950  -34.413  -62.610  30.142 0.4000000060
129141  -43.210  -70.785  31.611 0.2000000030
129256  -27.078  -80.313  6.935 0.1000000015
129624  -33.940  -61.984  29.582 0.4000000060
130793  -35.382  -76.313  9.790 0.1000000015
130999  -33.601  -71.924  16.262 0.1000000015
131874  -40.401  -54.077  30.532 0.1000000015
132532  -24.617  -76.927  11.423 0.1000000015
132936  -41.109  -74.828  10.342 0.1000000015
133103  -37.834  -60.038  25.203 0.2000000030
133400  -34.529  -70.626  12.730 0.1000000015
135513  -43.507  -71.516  27.534 0.3000000119
135910  -40.509  -51.755  29.653 0.1000000015
135925  -39.459  -62.952  24.663 0.2000000030
136363  -39.470  -59.510  33.089 0.3000000119
136787  -36.995  -67.704  11.083 0.1000000015
137022  -41.912  -73.343  23.481 0.5000000000
137232  -40.691  -53.454  25.630 0.1000000015
138006  -41.645  -73.469  17.567 0.4000000060
138236  -44.749  -61.760  24.447 0.1000000015
138668  -43.428  -70.069  29.856 0.3000000119
139718  -36.709  -67.206  26.177 0.5000000000
139737  -24.540  -77.963  11.142 0.1000000015
139816  -39.676  -54.579  26.285 0.1000000015
139860  -27.843  -77.306  11.349 0.1000000015
140203  -36.727  -78.062  16.036 0.4000000060
140393  -41.940  -72.998  13.705 0.2000000030
140441  -39.644  -77.859  23.171 0.1000000015
140609  -29.462  -76.842  12.955 0.1000000015
140656  -45.022  -53.197  29.191 0.1000000015
140683  -37.753  -76.451  7.653 0.1000000015
140762  -44.542  -52.498  29.220 0.1000000015
141864  -32.162  -77.657  11.193 0.1000000015
141958  -37.945  -66.009  32.441 0.3000000119
142066  -27.930  -81.134  3.394 0.1000000015
142380  -30.031  -77.524  12.491 0.1000000015
142865  -37.703  -77.400  12.291 0.2000000030
142868  -37.349  -75.273  7.284 0.2000000030
