#!ascii label  , from subject sub-05 vox2ras=TkReg
992
54296  -25.278  -24.353  13.825 0.4285714328
55281  -26.357  -22.497  15.380 0.2857142985
54276  -25.828  -23.473  14.812 0.4285714328
55282  -27.485  -22.668  15.156 0.4285714328
56230  -26.389  -21.645  15.476 0.2857142985
56231  -27.203  -21.761  15.460 0.4285714328
57197  -27.853  -20.999  15.346 0.4285714328
58143  -27.213  -19.455  14.343 0.4285714328
57216  -28.422  -20.256  15.038 0.4285714328
59106  -27.723  -18.792  14.137 0.4285714328
59125  -28.181  -18.215  13.822 0.4285714328
60159  -27.990  -17.500  12.755 0.5714285970
122738  -27.866  -17.846  13.312 0.5714285970
60143  -28.505  -17.639  13.428 0.4285714328
60144  -29.341  -17.424  13.547 0.2857142985
61163  -28.801  -17.003  12.853 0.7142857313
61165  -30.267  -16.105  12.848 0.7142857313
61164  -29.503  -16.477  12.434 0.7142857313
61146  -29.733  -16.701  13.217 0.5714285970
62222  -31.626  -15.118  12.664 0.5714285970
61182  -30.037  -15.945  11.944 0.5714285970
134630  -30.517  -15.349  11.434 0.5714285970
62237  -31.335  -14.988  11.749 0.5714285970
63287  -32.103  -14.530  12.055 0.4285714328
63312  -32.251  -14.134  10.738 0.5714285970
64265  -32.773  -13.251  10.586 0.5714285970
63323  -30.767  -14.759  9.866 0.7142857313
135246  -32.432  -13.747  10.490 0.7142857313
65128  -33.200  -12.579  10.624 0.5714285970
63324  -31.592  -14.406  10.307 0.5714285970
121670  -30.100  -14.783  9.267 0.5714285970
142878  -31.851  -13.541  9.383 0.8571428657
66030  -33.009  -12.051  9.932 0.7142857313
66031  -33.793  -11.857  10.421 0.5714285970
64280  -31.516  -13.389  8.903 0.7142857313
64299  -30.880  -13.853  8.687 0.5714285970
66047  -33.403  -11.573  9.319 0.7142857313
65146  -32.089  -12.845  8.923 0.7142857313
66046  -32.669  -12.130  8.996 0.7142857313
66961  -33.827  -11.064  8.853 0.5714285970
66962  -34.741  -10.546  8.715 0.5714285970
66045  -32.296  -12.111  8.524 0.5714285970
66972  -32.430  -11.400  8.595 0.7142857313
66973  -33.171  -10.812  8.615 0.7142857313
67907  -34.096  -9.621  7.960 0.7142857313
136379  -32.618  -10.528  8.422 0.7142857313
67906  -33.253  -10.050  8.154 0.7142857313
68854  -33.747  -8.275  8.138 0.7142857313
67908  -34.851  -9.351  7.788 0.5714285970
67922  -33.237  -9.244  7.681 0.7142857313
127937  -31.889  -10.648  8.509 0.5714285970
69762  -34.489  -7.823  8.469 0.5714285970
70669  -34.389  -6.837  8.655 0.5714285970
130430  -32.361  -8.955  7.287 0.8571428657
67905  -32.297  -9.724  7.975 0.8571428657
69761  -33.795  -7.216  8.289 0.7142857313
70681  -33.193  -6.719  7.952 0.7142857313
68867  -33.153  -8.759  7.522 0.8571428657
69775  -33.272  -7.545  8.057 0.7142857313
72500  -32.770  -4.769  9.117 0.8571428657
71599  -33.434  -5.239  8.887 0.5714285970
70667  -32.847  -6.012  8.189 0.8571428657
69774  -32.722  -7.445  7.852 0.8571428657
126404  -32.544  -3.267  8.414 0.8571428657
74304  -32.824  -2.694  8.975 0.8571428657
75182  -32.384  -1.172  8.175 0.8571428657
71597  -32.446  -5.355  8.761 0.8571428657
74303  -32.259  -2.661  8.052 0.8571428657
75201  -31.493  -2.208  7.502 1.0000000000
130447  -31.978  -1.825  8.065 1.0000000000
123251  -32.363  -3.930  8.491 0.8571428657
75202  -31.673  -1.193  7.541 1.0000000000
74317  -31.844  -2.963  7.539 1.0000000000
76089  -31.517  -0.342  7.244 1.0000000000
76911  -30.916  0.524  5.212 0.7142857313
134257  -31.209  -0.889  6.918 1.0000000000
76896  -31.346  0.403  6.943 1.0000000000
117097  -31.508  4.094  5.820 1.0000000000
117104  -30.521  3.848  4.508 0.8571428657
117722  -31.049  5.481  4.745 0.8571428657
118183  -30.940  5.068  4.570 1.0000000000
117691  -32.468  8.816  6.005 0.8571428657
134005  -31.831  7.641  5.220 0.8571428657
134064  -32.177  7.039  5.924 1.0000000000
123396  -32.162  11.285  5.688 0.8571428657
85451  -32.851  10.863  6.287 0.8571428657
85468  -30.823  10.584  4.890 0.5714285970
86158  -32.143  12.382  5.385 0.7142857313
86837  -32.401  13.483  5.582 0.5714285970
86845  -29.347  13.063  3.220 0.5714285970
86164  -30.343  11.090  4.022 0.5714285970
88383  -30.277  14.687  4.233 0.4285714328
131533  -31.172  15.096  4.430 0.4285714328
88373  -29.735  14.616  4.991 0.2857142985
88369  -29.776  14.872  6.380 0.2857142985
87531  -29.166  13.993  4.156 0.2857142985
63311  -31.797  -14.479  11.199 0.5714285970
123958  -34.404  -6.102  8.276 0.5714285970
71598  -32.948  -5.514  8.967 0.8571428657
73402  -32.947  -3.626  9.374 0.8571428657
123999  -32.580  -1.913  8.568 0.8571428657
118264  -31.216  1.679  5.687 0.8571428657
88341  -29.190  14.322  9.491 0.1428571492
133645  -25.574  -21.909  15.375 0.2857142985
57214  -26.499  -20.178  14.510 0.2857142985
57196  -26.930  -20.954  15.105 0.2857142985
57215  -27.513  -20.219  14.790 0.4285714328
58145  -28.986  -19.576  14.787 0.4285714328
133348  -26.491  -19.336  14.151 0.2857142985
59107  -28.604  -18.822  14.314 0.4285714328
59124  -27.404  -18.232  13.568 0.5714285970
60171  -28.038  -17.016  12.004 0.2857142985
119762  -28.847  -16.728  12.006 0.7142857313
62221  -30.827  -15.569  12.303 0.4285714328
62236  -29.683  -15.646  11.117 0.5714285970
63288  -33.047  -14.264  12.089 0.4285714328
62258  -30.245  -15.219  10.562 0.7142857313
126959  -32.468  -14.236  11.427 0.7142857313
64230  -32.918  -13.868  11.191 0.5714285970
64231  -33.623  -13.745  11.923 0.4285714328
64264  -32.237  -13.324  9.887 0.7142857313
65127  -32.544  -12.587  9.899 0.7142857313
63367  -30.149  -14.281  8.665 0.5714285970
63345  -30.701  -14.413  9.083 0.5714285970
64300  -31.104  -13.017  8.604 0.5714285970
66948  -34.299  -11.204  9.506 0.5714285970
66960  -32.871  -11.546  8.797 0.7142857313
66975  -34.711  -9.954  8.090 0.5714285970
66058  -31.778  -11.756  8.540 0.8571428657
71609  -31.905  -5.654  8.137 1.0000000000
76075  -32.179  -0.458  7.823 1.0000000000
74325  -31.218  -2.934  7.114 1.0000000000
76912  -31.184  0.405  6.047 0.8571428657
78662  -30.888  1.982  4.905 0.7142857313
117435  -31.792  2.312  7.271 1.0000000000
117099  -31.041  3.482  5.310 0.7142857313
117511  -31.776  2.899  6.847 1.0000000000
78669  -30.445  2.203  4.161 0.7142857313
117100  -31.391  4.963  5.476 0.8571428657
117679  -31.984  8.486  5.337 0.8571428657
117471  -32.015  6.220  5.800 1.0000000000
134065  -31.691  5.610  5.640 1.0000000000
85459  -31.401  10.808  5.346 0.7142857313
87540  -29.432  13.958  3.548 0.7142857313
135822  -30.894  11.261  4.719 0.5714285970
135696  -31.264  12.578  4.548 0.7142857313
86836  -31.451  13.358  4.684 0.7142857313
86861  -28.933  12.894  3.044 0.4285714328
87533  -32.185  14.453  5.221 0.4285714328
134947  -30.050  15.140  5.786 0.2857142985
88374  -30.245  15.174  4.728 0.4285714328
61200  -28.966  -16.077  10.704 0.4285714328
86846  -30.400  13.291  3.913 0.7142857313
88382  -29.608  14.254  4.079 0.2857142985
54277  -26.860  -23.537  14.713 0.4285714328
55280  -25.443  -22.645  15.119 0.2857142985
54278  -27.866  -23.646  14.376 0.4285714328
57195  -25.983  -21.064  14.980 0.2857142985
59105  -26.898  -18.768  13.899 0.2857142985
58144  -28.076  -19.488  14.587 0.4285714328
60142  -27.285  -17.786  12.903 0.4285714328
61181  -29.276  -16.290  11.565 0.5714285970
63310  -31.007  -14.794  10.879 0.5714285970
63325  -32.027  -13.966  9.980 0.7142857313
64250  -33.446  -13.289  11.268 0.5714285970
63346  -31.402  -14.118  9.385 0.7142857313
62273  -30.028  -15.196  9.823 0.7142857313
141168  -31.674  -12.941  8.671 0.5714285970
66974  -34.026  -10.381  8.371 0.7142857313
65145  -31.793  -12.512  8.624 0.7142857313
67923  -34.053  -9.034  7.740 0.7142857313
70668  -33.588  -6.210  8.408 0.8571428657
72511  -32.053  -4.826  8.545 0.8571428657
70680  -32.383  -6.568  7.932 0.8571428657
73413  -32.164  -3.389  7.889 1.0000000000
76088  -31.150  -0.313  6.483 1.0000000000
77787  -31.032  1.215  5.006 0.8571428657
84692  -32.023  9.308  5.553 0.8571428657
85460  -32.132  10.229  5.888 0.8571428657
86157  -31.457  11.740  4.952 0.5714285970
86165  -30.527  12.194  4.023 0.5714285970
86860  -28.864  12.853  3.295 0.4285714328
87557  -28.850  13.473  3.103 0.4285714328
87541  -30.616  14.198  4.185 0.4285714328
87522  -29.511  13.973  7.287 0.2857142985
87539  -28.946  13.961  3.397 0.2857142985
88366  -29.532  14.958  7.659 0.2857142985
88358  -29.656  14.838  8.287 0.1428571492
132509  -28.521  -16.577  11.265 0.2857142985
78663  -31.183  2.534  5.515 1.0000000000
87532  -31.578  14.173  4.789 0.5714285970
91320  -31.475  17.679  3.686 0.2857142985
91319  -30.693  17.598  3.777 0.1428571492
89910  -32.032  16.771  4.441 0.2857142985
90642  -31.018  16.962  4.324 0.1428571492
91318  -30.521  17.840  4.386 0.1428571492
89162  -30.953  15.902  4.893 0.1428571492
126364  -31.333  15.809  4.798 0.2857142985
89906  -31.755  16.267  5.128 0.1428571492
90645  -33.911  17.221  4.313 0.2857142985
90644  -32.454  17.200  4.226 0.2857142985
89173  -36.404  15.368  3.931 0.2857142985
89913  -35.360  16.457  4.593 0.2857142985
91309  -31.176  17.311  5.050 0.1428571492
88375  -32.087  15.396  5.053 0.2857142985
87535  -34.629  13.717  5.631 0.2857142985
89911  -33.266  16.630  4.559 0.2857142985
89170  -32.708  16.239  4.796 0.2857142985
86830  -35.448  12.326  6.365 0.1428571492
89166  -35.087  14.953  4.959 0.2857142985
89172  -34.895  15.859  4.997 0.2857142985
90634  -31.726  16.741  5.067 0.1428571492
141138  -33.643  14.926  5.159 0.2857142985
85462  -36.851  10.676  5.447 0.1428571492
86159  -36.536  11.371  5.849 0.1428571492
131292  -35.468  13.534  5.549 0.4285714328
142685  -32.845  13.924  5.734 0.2857142985
141057  -34.042  8.383  7.338 0.2857142985
86143  -34.264  11.187  6.928 0.4285714328
86828  -33.647  12.618  6.493 0.2857142985
136985  -35.285  7.943  7.909 0.1428571492
140397  -35.148  10.324  7.214 0.2857142985
84681  -33.781  9.695  6.992 0.5714285970
86150  -33.488  11.385  6.588 0.7142857313
133991  -35.064  6.684  8.785 0.1428571492
134121  -34.689  7.395  8.102 0.1428571492
86827  -32.911  12.656  6.224 0.4285714328
117085  -35.241  5.336  9.236 0.2857142985
117474  -33.777  5.638  8.499 0.7142857313
117605  -32.941  9.200  6.616 0.7142857313
133984  -32.526  5.755  6.278 0.8571428657
117670  -33.585  6.498  7.606 0.8571428657
117817  -32.865  8.347  6.617 0.5714285970
134141  -35.282  4.078  9.547 0.2857142985
117617  -34.654  4.637  9.297 0.2857142985
134093  -32.842  7.357  6.652 0.7142857313
134083  -31.453  8.181  4.629 0.5714285970
79448  -35.386  3.392  9.857 0.1428571492
117518  -32.875  5.117  8.414 0.7142857313
78606  -35.463  2.475  10.305 0.1428571492
73437  -30.145  -3.623  5.589 0.5714285970
75217  -31.019  -1.610  6.940 0.8571428657
76087  -30.866  -1.097  6.233 0.8571428657
75228  -30.569  -2.124  5.138 0.4285714328
76100  -30.739  -0.437  5.441 0.5714285970
117084  -31.593  3.646  6.520 0.8571428657
140759  -32.115  2.135  8.260 0.8571428657
134120  -31.849  4.352  6.599 0.8571428657
77738  -35.030  2.001  10.113 0.2857142985
117626  -32.426  3.988  8.421 0.8571428657
134029  -32.250  4.414  8.128 0.8571428657
117502  -32.730  6.389  6.402 0.8571428657
77733  -35.988  0.800  10.736 0.4285714328
134052  -33.882  3.325  9.437 0.7142857313
134104  -32.719  4.378  8.754 0.7142857313
73425  -29.620  -4.300  5.962 0.2857142985
74324  -30.681  -3.020  6.318 0.5714285970
131967  -31.562  1.005  7.412 0.8571428657
77775  -31.356  1.702  7.345 0.8571428657
78651  -31.932  2.022  7.736 0.8571428657
134062  -32.006  2.743  7.412 0.8571428657
76869  -34.016  0.888  9.934 0.4285714328
77743  -33.151  1.530  8.992 0.8571428657
117674  -32.304  2.952  8.004 0.8571428657
76856  -35.212  1.037  10.129 0.4285714328
67920  -30.563  -9.558  7.394 0.7142857313
68875  -29.954  -8.289  7.232 0.4285714328
69773  -31.712  -7.411  7.863 0.8571428657
69772  -30.787  -6.883  7.459 0.5714285970
71621  -29.939  -5.454  6.807 0.5714285970
71620  -29.361  -5.939  6.422 0.4285714328
70679  -31.500  -6.322  7.638 0.8571428657
70678  -30.734  -5.920  7.209 0.5714285970
72524  -30.012  -4.622  6.610 0.5714285970
121305  -31.435  -4.892  7.846 0.8571428657
72510  -31.138  -4.197  7.394 0.7142857313
72525  -30.531  -4.211  6.969 0.5714285970
75184  -33.251  -1.927  9.177 0.7142857313
75183  -32.971  -1.212  8.792 0.7142857313
142406  -32.872  0.005  8.901 0.7142857313
76884  -32.839  0.744  8.782 0.8571428657
122827  -35.629  -1.915  10.367 0.2857142985
121800  -34.249  -1.258  9.796 0.4285714328
76043  -33.914  -0.655  9.590 0.5714285970
65162  -31.181  -12.299  8.685 0.4285714328
66970  -29.712  -11.074  8.011 0.4285714328
67919  -29.788  -9.998  6.758 0.4285714328
137978  -32.482  -8.338  7.614 0.7142857313
68866  -31.686  -8.519  7.576 0.7142857313
71608  -31.260  -5.570  7.511 0.8571428657
73403  -33.601  -3.078  9.411 0.7142857313
74285  -34.754  -2.175  10.093 0.2857142985
141316  -33.930  -2.577  9.970 0.5714285970
74305  -33.426  -2.700  9.570 0.5714285970
65161  -30.325  -12.472  8.516 0.4285714328
65160  -29.326  -12.555  8.307 0.5714285970
66971  -30.772  -10.699  8.507 0.5714285970
66987  -30.226  -10.262  7.413 0.5714285970
73382  -34.357  -3.561  8.801 0.4285714328
74284  -34.556  -2.663  9.491 0.4285714328
62272  -29.308  -15.270  9.391 0.5714285970
66032  -34.722  -11.455  10.490 0.4285714328
66949  -35.087  -10.809  9.684 0.4285714328
69763  -35.078  -7.374  8.949 0.4285714328
68855  -34.784  -8.721  7.931 0.4285714328
70658  -35.476  -7.049  9.864 0.4285714328
59108  -29.642  -18.872  14.534 0.1428571492
67892  -35.244  -9.728  8.305 0.4285714328
67893  -35.621  -9.110  8.629 0.4285714328
68842  -35.683  -8.489  8.731 0.4285714328
60131  -29.925  -18.054  14.023 0.1428571492
130407  -31.079  -17.136  13.954 0.1428571492
62223  -32.473  -14.712  12.873 0.2857142985
65092  -36.095  -12.824  12.065 0.2857142985
66014  -36.807  -11.725  10.909 0.2857142985
66013  -36.013  -11.665  11.216 0.2857142985
64251  -34.065  -13.210  11.982 0.4285714328
66034  -36.358  -11.038  10.672 0.2857142985
66033  -35.548  -11.177  10.601 0.2857142985
132508  -35.074  -12.355  11.703 0.2857142985
66950  -35.871  -10.406  9.999 0.2857142985
59109  -30.407  -18.513  14.530 0.1428571492
59126  -30.739  -17.886  14.243 0.1428571492
60130  -29.019  -18.118  14.005 0.1428571492
136602  -31.748  -16.959  14.227 0.2857142985
61148  -32.233  -16.375  14.153 0.2857142985
63264  -35.202  -14.387  13.373 0.2857142985
63291  -35.876  -13.808  12.944 0.2857142985
63290  -35.041  -13.653  12.822 0.2857142985
63289  -33.856  -14.035  12.588 0.2857142985
64233  -35.615  -13.269  12.523 0.2857142985
61149  -33.689  -16.212  14.234 0.2857142985
60132  -32.368  -17.189  14.611 0.2857142985
62208  -33.711  -15.280  13.666 0.2857142985
118103  -30.587  -16.467  13.476 0.2857142985
56232  -28.176  -21.911  15.369 0.2857142985
132471  -29.845  -19.739  15.164 0.1428571492
54297  -26.333  -24.469  14.064 0.2857142985
53397  -26.769  -25.155  13.604 0.2857142985
53396  -25.802  -25.206  13.359 0.2857142985
57198  -28.799  -21.131  15.348 0.2857142985
53398  -27.665  -24.909  13.715 0.1428571492
52479  -26.188  -25.730  13.401 0.2857142985
52478  -25.284  -25.740  13.414 0.1428571492
119409  -33.012  -16.679  14.450 0.2857142985
62209  -34.610  -15.151  13.705 0.2857142985
64234  -36.379  -13.462  12.371 0.2857142985
138106  -34.510  -13.958  12.904 0.2857142985
65111  -36.439  -12.366  11.417 0.2857142985
66011  -34.530  -12.131  11.204 0.4285714328
67886  -36.461  -9.806  9.890 0.2857142985
68865  -30.796  -8.795  7.507 0.7142857313
71622  -30.691  -4.973  7.206 0.5714285970
69749  -35.237  -8.257  8.461 0.4285714328
72481  -34.294  -4.964  8.327 0.4285714328
72482  -35.613  -4.705  8.225 0.2857142985
74265  -35.824  -1.994  9.384 0.2857142985
134014  -31.244  6.036  5.002 0.7142857313
76868  -33.468  0.270  9.543 0.7142857313
117554  -32.104  5.137  6.237 0.8571428657
117614  -31.202  9.883  5.294 0.4285714328
117118  -31.433  8.970  4.980 0.5714285970
130130  -35.168  -0.171  10.083 0.2857142985
134103  -32.824  5.311  7.454 0.8571428657
117112  -32.361  7.958  5.957 0.8571428657
117082  -33.720  4.099  9.138 0.5714285970
88376  -33.076  14.629  5.354 0.2857142985
133992  -34.779  8.371  7.561 0.4285714328
117797  -34.358  9.023  7.297 0.4285714328
90623  -32.178  17.113  5.899 0.1428571492
86838  -35.846  12.889  5.745 0.2857142985
86151  -35.829  11.401  6.515 0.1428571492
90651  -34.486  17.813  3.977 0.2857142985
54298  -27.345  -24.467  13.944 0.1428571492
54275  -24.824  -23.351  14.327 0.2857142985
55283  -28.499  -22.914  14.830 0.1428571492
57217  -29.294  -20.377  15.220 0.1428571492
126476  -30.592  -19.233  15.189 0.1428571492
131362  -31.148  -18.506  14.930 0.1428571492
59128  -32.458  -17.950  14.897 0.1428571492
118455  -32.921  -15.837  13.942 0.2857142985
63263  -34.209  -14.476  13.232 0.2857142985
63292  -36.643  -14.045  12.763 0.2857142985
64252  -36.849  -13.133  11.607 0.2857142985
123581  -34.290  -13.615  12.473 0.2857142985
66986  -29.400  -10.673  6.816 0.2857142985
66951  -36.784  -10.422  10.329 0.2857142985
130829  -36.297  -9.224  9.678 0.2857142985
141206  -31.705  -8.902  7.356 0.5714285970
69782  -29.152  -7.758  6.634 0.4285714328
73436  -29.618  -4.190  4.943 0.2857142985
72523  -29.344  -5.052  6.248 0.5714285970
68825  -35.969  -8.852  9.317 0.2857142985
68841  -35.363  -8.949  8.029 0.4285714328
70638  -36.138  -7.434  10.022 0.1428571492
71586  -35.424  -6.407  8.203 0.4285714328
71587  -36.872  -6.322  8.745 0.1428571492
76897  -31.891  0.267  7.610 0.8571428657
136371  -36.735  -4.346  8.483 0.1428571492
75162  -34.024  -1.999  9.878 0.5714285970
75163  -34.967  -1.599  10.419 0.2857142985
76855  -34.243  0.032  10.025 0.5714285970
117569  -33.669  2.275  9.122 0.7142857313
134379  -32.717  5.422  6.678 0.8571428657
77735  -36.643  1.496  10.735 0.2857142985
78607  -36.318  2.262  10.449 0.1428571492
132487  -35.838  1.331  10.640 0.4285714328
80295  -35.959  3.928  9.752 0.1428571492
117604  -35.629  4.603  9.379 0.1428571492
134122  -34.973  5.955  9.109 0.1428571492
134035  -35.599  7.425  8.399 0.1428571492
89160  -31.407  16.146  6.170 0.1428571492
117098  -34.146  7.762  7.562 0.5714285970
83065  -36.098  6.847  8.974 0.1428571492
134036  -35.667  8.526  7.633 0.1428571492
86829  -34.508  12.502  6.533 0.2857142985
125783  -34.889  11.740  6.786 0.2857142985
84683  -35.566  9.798  7.201 0.2857142985
84675  -36.036  9.136  7.294 0.1428571492
84684  -36.343  9.737  6.619 0.1428571492
85461  -36.337  10.606  6.167 0.1428571492
88384  -35.863  14.647  4.932 0.2857142985
88385  -36.419  14.523  4.443 0.2857142985
87542  -36.500  13.546  4.582 0.1428571492
86847  -36.627  12.753  4.751 0.1428571492
55300  -28.756  -23.798  14.029 0.1428571492
58146  -30.531  -20.119  15.369 0.1428571492
74266  -36.427  -1.975  10.270 0.2857142985
86166  -37.059  11.532  4.497 0.1428571492
89181  -36.603  15.360  3.023 0.2857142985
56233  -29.144  -22.171  15.060 0.1428571492
61166  -31.070  -15.747  13.193 0.2857142985
60145  -30.228  -17.273  13.700 0.1428571492
65108  -33.896  -12.609  11.306 0.4285714328
67904  -31.159  -9.901  8.059 0.5714285970
67921  -31.496  -9.175  7.560 0.7142857313
76060  -32.686  -0.547  8.493 0.7142857313
127449  -30.912  -2.352  6.856 0.8571428657
126702  -31.830  -4.126  7.893 0.8571428657
73412  -31.535  -3.500  7.455 0.8571428657
76883  -32.479  0.138  8.239 0.8571428657
77774  -31.309  1.216  6.547 0.8571428657
84680  -32.939  10.012  6.476 0.7142857313
86149  -32.830  11.765  6.161 0.5714285970
87526  -33.185  13.311  6.190 0.2857142985
72501  -33.427  -4.105  8.744 0.4285714328
62257  -29.494  -15.587  10.213 0.5714285970
63262  -33.342  -14.503  13.044 0.2857142985
67884  -35.369  -10.286  9.060 0.4285714328
73427  -30.820  -3.558  6.997 0.5714285970
131364  -32.010  3.625  7.183 0.8571428657
139065  -30.777  15.449  4.472 0.2857142985
89163  -32.154  16.126  5.154 0.2857142985
90643  -31.294  17.131  3.920 0.2857142985
89169  -31.866  16.534  4.766 0.2857142985
91321  -33.210  18.037  4.192 0.2857142985
135511  -35.800  15.462  4.618 0.2857142985
90646  -35.035  17.237  4.413 0.2857142985
89907  -32.043  16.625  5.982 0.1428571492
88377  -34.218  14.429  5.163 0.2857142985
88378  -35.264  14.206  5.225 0.2857142985
87527  -34.076  13.212  6.240 0.2857142985
89164  -33.104  15.509  5.079 0.2857142985
89912  -34.501  16.593  4.704 0.2857142985
87536  -36.227  13.153  5.154 0.1428571492
86839  -36.470  12.508  5.381 0.1428571492
86160  -36.943  11.399  5.186 0.1428571492
85453  -35.733  10.488  6.835 0.1428571492
86840  -36.928  12.104  5.007 0.1428571492
88379  -36.022  13.880  5.075 0.1428571492
84674  -35.220  9.118  7.411 0.1428571492
85452  -33.619  10.592  6.752 0.5714285970
117839  -34.464  10.443  7.132 0.4285714328
117145  -34.003  11.939  6.779 0.5714285970
83887  -36.403  8.430  7.499 0.1428571492
134033  -34.194  6.688  8.258 0.1428571492
122967  -35.095  10.967  7.042 0.2857142985
117991  -33.535  8.776  7.052 0.5714285970
137140  -33.867  6.142  8.164 0.4285714328
117103  -33.946  7.145  7.834 0.5714285970
134012  -33.561  4.998  8.982 0.5714285970
134068  -33.393  5.797  7.808 0.7142857313
117516  -33.185  6.609  6.947 0.7142857313
117685  -34.639  3.739  9.487 0.5714285970
134119  -34.220  2.343  9.788 0.4285714328
117081  -32.151  3.761  7.980 0.8571428657
73426  -30.255  -3.872  6.427 0.5714285970
75216  -30.719  -2.047  6.044 0.5714285970
123070  -30.618  -1.402  5.402 0.4285714328
74336  -30.504  -2.829  5.328 0.4285714328
117904  -32.337  1.515  8.293 0.8571428657
117080  -32.803  2.151  8.468 0.8571428657
77744  -34.001  1.646  9.519 0.4285714328
117659  -32.754  3.543  8.859 0.8571428657
122687  -33.362  1.020  9.632 0.7142857313
68864  -29.908  -9.162  7.086 0.4285714328
68876  -30.760  -7.880  7.653 0.7142857313
69783  -29.956  -7.326  7.073 0.4285714328
70690  -29.978  -6.385  6.969 0.5714285970
70689  -29.328  -6.787  6.636 0.4285714328
75161  -33.657  -1.244  9.308 0.5714285970
76061  -33.249  -0.579  9.087 0.7142857313
66057  -30.504  -11.574  8.690 0.5714285970
134342  -29.691  -11.785  8.451 0.5714285970
73383  -35.639  -3.163  8.857 0.2857142985
66012  -35.251  -11.833  11.191 0.2857142985
69750  -35.647  -7.851  9.174 0.4285714328
70657  -35.118  -6.893  9.102 0.4285714328
67885  -35.788  -9.627  9.292 0.4285714328
62206  -32.031  -15.471  13.543 0.2857142985
62207  -32.885  -15.117  13.417 0.2857142985
65110  -35.712  -12.306  11.681 0.2857142985
65091  -35.333  -12.756  12.179 0.2857142985
65109  -34.595  -12.724  11.894 0.2857142985
64232  -34.803  -13.200  12.417 0.2857142985
59127  -31.648  -17.724  14.644 0.1428571492
61150  -34.301  -15.831  14.082 0.2857142985
52480  -26.988  -25.343  13.823 0.1428571492
54299  -28.267  -24.349  13.900 0.1428571492
54300  -29.221  -23.882  13.316 0.1428571492
138682  -30.799  6.088  3.480 0.5714285970
117649  -30.514  5.338  3.444 0.4285714328
117114  -30.046  4.960  3.310 0.4285714328
117119  -31.076  5.989  4.150 0.5714285970
123495  -30.189  4.308  3.583 0.4285714328
117802  -31.071  5.418  4.018 0.5714285970
134082  -31.040  6.431  4.312 0.4285714328
77807  -30.475  1.485  3.481 0.4285714328
79507  -30.162  3.148  3.979 0.4285714328
78678  -30.019  2.346  3.353 0.4285714328
117752  -30.883  4.433  5.042 0.5714285970
117106  -30.646  4.804  4.085 0.5714285970
131032  -30.604  0.078  4.642 0.5714285970
66035  -37.662  -11.770  10.499 0.1428571492
117956  -37.220  -11.067  10.545 0.1428571492
134935  -27.409  -17.443  12.288 0.2857142985
64267  -39.362  -12.925  9.768 0.1428571492
65129  -38.202  -12.492  10.429 0.1428571492
65131  -39.899  -12.162  9.518 0.1428571492
140993  -38.776  -12.739  10.117 0.1428571492
63313  -37.555  -14.172  11.714 0.1428571492
63327  -38.599  -14.305  10.073 0.1428571492
135197  -37.356  -13.624  11.505 0.1428571492
64266  -38.473  -13.321  10.347 0.1428571492
64282  -40.406  -13.667  8.531 0.1428571492
142092  -39.018  -13.730  9.668 0.1428571492
65114  -41.210  -12.547  11.162 0.1428571492
65133  -41.009  -12.776  10.150 0.1428571492
60141  -26.476  -18.186  13.226 0.2857142985
61151  -35.843  -15.965  13.893 0.1428571492
62212  -37.566  -15.275  12.877 0.1428571492
63266  -36.877  -14.689  13.000 0.1428571492
132836  -35.815  -15.093  13.558 0.1428571492
63293  -37.293  -14.436  12.467 0.1428571492
63328  -39.146  -14.865  9.116 0.1428571492
63314  -38.100  -14.546  11.016 0.1428571492
123693  -40.063  -14.054  7.882 0.1428571492
64283  -40.874  -13.864  8.316 0.1428571492
64268  -41.276  -13.608  9.766 0.1428571492
64236  -41.486  -13.128  11.987 0.1428571492
58159  -26.027  -18.815  13.782 0.2857142985
58142  -25.737  -19.603  14.122 0.2857142985
61138  -34.472  -16.695  14.445 0.1428571492
60136  -36.121  -16.809  14.123 0.1428571492
62211  -36.628  -15.430  13.409 0.1428571492
62274  -39.545  -15.231  8.310 0.1428571492
62238  -37.951  -14.840  12.054 0.1428571492
63370  -41.356  -14.769  7.024 0.1428571492
63329  -41.569  -14.480  9.272 0.1428571492
63350  -41.372  -14.580  7.978 0.1428571492
65093  -41.291  -12.311  12.191 0.1428571492
134228  -33.698  -16.961  14.572 0.1428571492
61139  -35.402  -16.749  14.330 0.1428571492
60135  -35.002  -17.606  14.544 0.1428571492
61154  -37.888  -16.762  13.288 0.1428571492
60146  -36.727  -17.399  13.842 0.1428571492
61201  -39.844  -16.376  10.151 0.1428571492
61153  -37.356  -16.129  13.346 0.1428571492
61210  -39.912  -16.152  9.041 0.1428571492
61183  -39.100  -16.126  11.840 0.1428571492
61218  -40.902  -15.857  7.035 0.1428571492
63315  -41.951  -14.473  10.573 0.1428571492
63351  -41.835  -15.228  8.831 0.1428571492
120813  -41.737  -14.073  11.765 0.1428571492
59113  -34.550  -18.603  14.609 0.1428571492
59129  -37.201  -18.169  13.633 0.1428571492
59115  -36.366  -18.467  13.783 0.1428571492
59114  -35.438  -18.429  14.207 0.1428571492
61168  -38.641  -16.613  12.662 0.1428571492
130263  -35.847  -17.562  14.191 0.1428571492
124696  -40.814  -17.805  9.120 0.1428571492
60181  -40.244  -17.316  10.493 0.1428571492
61220  -42.061  -16.824  7.731 0.1428571492
62276  -42.328  -16.021  8.873 0.1428571492
60198  -41.405  -16.786  7.560 0.1428571492
62284  -41.820  -15.743  6.955 0.1428571492
58161  -36.437  -19.525  13.555 0.1428571492
58151  -35.783  -19.104  13.852 0.1428571492
58150  -35.106  -19.302  14.215 0.1428571492
59139  -39.488  -18.379  12.419 0.1428571492
59130  -38.055  -18.443  13.404 0.1428571492
60182  -40.511  -18.088  9.891 0.1428571492
60161  -40.027  -17.722  12.050 0.1428571492
63330  -42.373  -15.307  9.770 0.1428571492
60190  -42.430  -17.839  8.507 0.1428571492
132434  -38.373  -17.493  13.164 0.1428571492
61152  -36.658  -16.441  13.729 0.1428571492
61169  -39.469  -16.926  12.174 0.1428571492
62240  -39.276  -15.780  10.762 0.1428571492
63265  -36.190  -14.483  13.273 0.1428571492
119848  -41.477  -13.681  12.793 0.1428571492
136079  -41.263  -11.995  13.105 0.1428571492
64253  -41.474  -13.395  10.894 0.1428571492
65112  -37.237  -12.472  10.946 0.1428571492
66036  -38.572  -11.674  10.149 0.1428571492
63316  -42.632  -15.444  10.608 0.1428571492
62241  -42.233  -15.182  11.653 0.1428571492
126308  -41.409  -12.811  12.967 0.1428571492
65965  -41.165  -11.173  13.239 0.1428571492
131008  -30.686  0.905  3.667 0.4285714328
65990  -41.130  -11.540  12.377 0.1428571492
66038  -40.287  -11.667  9.796 0.1428571492
66016  -40.993  -11.800  11.427 0.1428571492
118782  -38.126  -11.064  10.350 0.1428571492
135592  -37.203  -9.930  10.164 0.1428571492
134090  -30.731  6.795  3.768 0.4285714328
131186  -36.494  15.040  2.197 0.1428571492
117487  -31.248  7.284  4.482 0.4285714328
127100  -36.278  15.954  3.404 0.1428571492
62210  -35.284  -15.281  13.748 0.1428571492
60134  -34.124  -17.649  14.662 0.1428571492
60133  -33.206  -17.638  14.737 0.1428571492
62199  -34.994  -15.919  14.120 0.1428571492
64235  -37.041  -13.771  12.132 0.1428571492
68826  -36.634  -8.629  9.706 0.1428571492
69733  -36.112  -8.178  9.586 0.1428571492
131115  -37.626  -13.174  10.968 0.1428571492
65130  -39.085  -12.200  9.868 0.1428571492
65147  -40.187  -13.054  9.477 0.1428571492
64281  -39.784  -13.650  9.086 0.1428571492
66037  -39.553  -11.526  9.855 0.1428571492
65132  -40.455  -12.370  9.683 0.1428571492
63326  -37.851  -13.875  10.946 0.1428571492
65148  -40.648  -13.293  9.414 0.1428571492
63347  -39.421  -14.338  8.949 0.1428571492
65113  -40.815  -12.008  10.323 0.1428571492
62259  -38.670  -15.003  10.222 0.1428571492
63348  -39.703  -14.679  7.888 0.1428571492
62239  -38.527  -15.288  11.371 0.1428571492
63349  -40.651  -14.010  7.410 0.1428571492
62283  -40.738  -14.921  6.798 0.1428571492
62224  -38.387  -15.638  12.399 0.1428571492
61167  -38.035  -16.034  12.981 0.1428571492
62275  -41.793  -15.482  7.758 0.1428571492
59112  -33.766  -18.353  14.779 0.1428571492
60147  -37.591  -17.514  13.545 0.1428571492
61202  -40.299  -17.106  9.579 0.1428571492
61184  -39.895  -16.890  11.344 0.1428571492
58162  -37.249  -19.047  13.514 0.1428571492
60188  -41.641  -17.855  8.450 0.1428571492
135812  -42.117  -16.303  7.903 0.1428571492
62261  -42.910  -16.345  9.911 0.1428571492
60160  -39.187  -17.521  12.632 0.1428571492
142052  -38.809  -18.151  12.977 0.1428571492
53394  -23.455  -24.881  13.625 0.1428571492
53395  -24.794  -25.009  13.414 0.1428571492
138860  -23.957  -24.741  13.487 0.1428571492
54295  -24.228  -24.184  13.477 0.1428571492
56251  -24.937  -21.247  14.934 0.1428571492
56250  -24.012  -21.409  14.271 0.1428571492
57212  -24.390  -20.559  14.469 0.1428571492
57213  -25.398  -20.413  14.549 0.1428571492
59122  -24.367  -18.585  13.189 0.1428571492
60157  -25.689  -18.000  12.520 0.1428571492
59123  -25.437  -18.429  13.248 0.1428571492
140684  -25.793  -17.694  11.868 0.2857142985
60158  -26.597  -17.682  12.233 0.1428571492
119870  -27.726  -16.764  11.060 0.2857142985
63366  -29.338  -14.191  8.528 0.4285714328
125792  -30.056  -13.481  8.362 0.4285714328
76113  -30.366  -0.755  4.326 0.2857142985
76938  -30.300  0.175  3.795 0.2857142985
76923  -30.805  0.729  4.391 0.2857142985
80387  -28.273  4.044  1.465 0.2857142985
80382  -28.763  4.592  2.042 0.2857142985
117125  -29.812  5.252  3.108 0.2857142985
134042  -30.473  5.782  3.221 0.4285714328
60168  -25.433  -17.251  11.520 0.1428571492
60169  -26.322  -17.280  11.537 0.2857142985
55299  -23.790  -23.213  13.688 0.1428571492
58157  -23.990  -19.314  13.622 0.1428571492
59138  -24.892  -18.143  12.715 0.1428571492
60156  -24.900  -17.825  11.993 0.1428571492
61179  -25.932  -16.685  11.110 0.2857142985
60170  -27.156  -17.158  11.688 0.2857142985
61180  -26.829  -16.729  11.028 0.2857142985
61199  -28.209  -16.310  10.384 0.2857142985
62256  -28.689  -15.871  9.805 0.4285714328
62271  -28.381  -15.605  9.065 0.4285714328
63365  -28.286  -14.270  8.538 0.2857142985
74344  -30.277  -2.599  4.502 0.2857142985
75253  -29.992  -1.619  3.582 0.2857142985
124879  -29.737  -0.073  3.062 0.2857142985
76937  -30.260  0.768  2.983 0.2857142985
79519  -28.750  3.120  1.614 0.2857142985
78692  -27.513  2.984  1.678 0.2857142985
80383  -29.640  4.334  2.719 0.2857142985
75240  -30.419  -1.709  4.513 0.2857142985
76123  -29.758  -0.751  3.345 0.2857142985
125350  -29.652  -2.412  3.013 0.2857142985
76961  -29.245  0.364  2.027 0.2857142985
77826  -28.431  1.406  1.704 0.2857142985
132600  -29.696  0.955  2.309 0.2857142985
77817  -29.436  1.780  2.206 0.2857142985
78693  -28.086  2.423  1.564 0.2857142985
79506  -29.779  3.314  3.077 0.2857142985
76135  -29.166  -0.506  1.979 0.2857142985
76147  -28.352  -0.084  1.874 0.2857142985
77827  -29.137  1.167  1.881 0.2857142985
138059  -29.550  -14.676  8.917 0.4285714328
55279  -24.600  -22.266  14.668 0.1428571492
79513  -29.395  3.267  2.115 0.2857142985
78686  -29.261  2.539  1.965 0.2857142985
58158  -25.079  -19.066  13.689 0.1428571492
52477  -24.366  -25.352  13.636 0.1428571492
58141  -24.748  -19.817  14.132 0.1428571492
63344  -28.839  -14.894  8.823 0.4285714328
76959  -27.990  0.703  1.779 0.2857142985
66056  -28.933  -11.752  7.915 0.2857142985
92045  -35.199  19.268  0.812 0.1428571492
91356  -35.877  18.706  0.423 0.1428571492
91342  -35.493  18.561  2.148 0.1428571492
90653  -36.063  17.490  3.322 0.1428571492
136157  -36.353  17.023  2.812 0.1428571492
92055  -35.494  19.394  -0.158 0.1428571492
91333  -35.750  18.171  2.912 0.1428571492
91332  -33.902  18.455  3.552 0.1428571492
92030  -31.426  20.401  2.175 0.1428571492
66070  -28.831  -11.339  6.936 0.2857142985
89928  -36.611  16.921  2.045 0.1428571492
91357  -36.302  18.021  -0.055 0.1428571492
89914  -35.930  16.166  4.022 0.1428571492
91334  -36.180  18.230  2.028 0.1428571492
90663  -36.602  17.558  1.578 0.1428571492
89919  -35.717  17.029  4.021 0.1428571492
92032  -33.800  19.528  2.021 0.1428571492
92031  -32.535  20.035  2.170 0.1428571492
92017  -33.292  19.307  3.063 0.1428571492
91331  -32.505  18.758  3.660 0.1428571492
91330  -30.833  18.531  3.400 0.1428571492
90652  -35.425  17.698  3.744 0.1428571492
91347  -35.714  18.652  1.375 0.1428571492
92054  -34.542  19.878  0.215 0.1428571492
91348  -36.327  18.131  1.037 0.1428571492
134601  -34.913  18.175  3.404 0.1428571492
91346  -34.849  19.050  1.685 0.1428571492
92062  -34.980  20.105  -0.661 0.1428571492
91341  -34.610  18.705  2.684 0.1428571492
74366  -28.854  -2.128  1.875 0.1428571492
75252  -29.572  -1.671  2.537 0.1428571492
75266  -29.158  -1.497  1.854 0.1428571492
77825  -27.688  1.566  1.775 0.1428571492
78675  -25.160  1.840  3.325 0.1428571492
127575  -25.141  2.507  3.786 0.1428571492
74356  -30.054  -2.303  3.845 0.1428571492
128574  -27.448  2.317  1.811 0.1428571492
79503  -24.805  3.801  4.452 0.1428571492
130573  -26.026  3.457  3.559 0.1428571492
80378  -26.351  4.353  2.933 0.2857142985
72546  -28.863  -4.579  4.509 0.1428571492
74355  -29.175  -3.143  2.768 0.1428571492
76849  -35.751  0.316  10.658 0.1428571492
75265  -28.456  -1.522  1.713 0.1428571492
79518  -27.828  3.477  1.402 0.1428571492
81293  -27.859  4.838  1.633 0.1428571492
80379  -26.699  4.744  2.158 0.1428571492
122782  -26.995  5.471  2.270 0.2857142985
117824  -29.074  7.134  2.607 0.2857142985
117800  -28.796  11.045  3.671 0.2857142985
117139  -27.772  9.869  3.480 0.2857142985
86177  -28.579  11.568  3.947 0.2857142985
86821  -28.608  13.725  8.449 0.1428571492
117697  -29.863  6.404  2.913 0.2857142985
117133  -28.063  6.261  2.210 0.2857142985
118024  -30.054  7.847  3.366 0.2857142985
132914  -30.882  9.397  4.686 0.2857142985
117121  -29.339  8.590  3.336 0.2857142985
130801  -28.510  9.291  3.379 0.2857142985
117127  -28.486  10.217  3.490 0.2857142985
86179  -29.667  12.119  3.531 0.2857142985
86844  -28.827  13.424  3.490 0.1428571492
117138  -27.657  10.228  4.704 0.2857142985
89154  -29.676  15.753  6.828 0.1428571492
88367  -29.734  15.645  7.367 0.1428571492
117137  -27.528  9.253  3.664 0.1428571492
140388  -27.239  8.473  3.487 0.1428571492
81278  -26.617  4.311  3.746 0.2857142985
117810  -27.616  10.143  3.851 0.2857142985
86843  -28.696  12.295  4.125 0.1428571492
86163  -28.329  11.231  4.877 0.2857142985
86835  -29.111  12.792  5.020 0.1428571492
86834  -28.361  11.734  5.492 0.1428571492
80367  -24.083  4.819  4.990 0.2857142985
117129  -26.663  10.428  5.684 0.1428571492
86817  -28.919  12.551  8.236 0.1428571492
117141  -27.479  11.640  6.085 0.1428571492
136890  -21.138  5.834  8.156 0.1428571492
77734  -36.323  0.826  10.904 0.1428571492
72536  -29.058  -4.778  5.432 0.1428571492
73459  -29.093  -3.816  3.241 0.1428571492
76850  -36.617  -0.049  10.610 0.1428571492
75264  -27.630  -1.421  1.956 0.1428571492
76133  -27.261  -0.650  2.266 0.1428571492
76146  -27.655  0.022  2.091 0.1428571492
77804  -25.177  1.340  3.131 0.1428571492
78685  -27.002  2.822  2.122 0.1428571492
79512  -27.090  3.730  1.622 0.1428571492
81277  -25.318  4.316  4.463 0.2857142985
82249  -27.608  6.282  2.484 0.1428571492
117142  -28.178  7.025  2.443 0.1428571492
117675  -28.435  7.630  2.663 0.2857142985
118087  -27.829  7.765  2.796 0.1428571492
117779  -28.286  8.383  3.052 0.1428571492
117736  -26.814  10.977  5.865 0.1428571492
125086  -26.953  10.146  5.470 0.2857142985
120042  -27.357  11.351  5.886 0.1428571492
86825  -28.426  12.111  6.253 0.1428571492
86822  -29.307  13.001  7.605 0.1428571492
75150  -35.921  -1.622  10.584 0.1428571492
139104  -35.510  -0.349  10.569 0.1428571492
76036  -36.479  -1.007  10.469 0.1428571492
118516  -30.563  10.074  4.525 0.2857142985
87525  -29.606  13.862  5.646 0.1428571492
86178  -29.093  12.015  3.574 0.2857142985
86826  -29.363  12.877  6.537 0.1428571492
139362  -30.416  7.114  3.415 0.2857142985
118596  -28.921  -6.302  6.249 0.1428571492
118374  -30.949  8.740  4.274 0.2857142985
73450  -30.035  -3.455  4.623 0.1428571492
73384  -36.991  -3.252  8.957 0.1428571492
134006  -30.806  7.832  3.888 0.2857142985
80386  -27.425  4.273  1.415 0.1428571492
117855  -29.322  5.069  2.696 0.1428571492
117488  -29.596  5.761  2.839 0.1428571492
74367  -29.256  -2.333  2.200 0.1428571492
76134  -27.993  -0.794  1.694 0.1428571492
129131  -26.710  0.968  2.622 0.1428571492
136158  -28.096  -2.178  2.017 0.1428571492
74354  -28.585  -2.857  2.401 0.1428571492
77805  -26.033  1.455  2.954 0.1428571492
78676  -25.574  1.976  2.962 0.1428571492
79504  -25.334  3.182  4.015 0.1428571492
132176  -26.550  3.334  2.333 0.1428571492
74343  -29.675  -3.137  3.681 0.1428571492
80376  -24.641  4.515  4.691 0.1428571492
79505  -26.400  3.754  2.704 0.1428571492
79517  -26.981  4.394  1.592 0.1428571492
73449  -29.394  -4.035  4.001 0.1428571492
81286  -27.615  5.562  2.009 0.2857142985
81279  -26.396  5.190  2.831 0.2857142985
117126  -29.179  7.783  2.935 0.2857142985
117130  -29.935  7.086  3.010 0.2857142985
134108  -28.840  6.417  2.535 0.2857142985
117134  -27.977  10.593  3.752 0.2857142985
85477  -29.642  11.171  3.610 0.2857142985
87517  -27.861  14.155  9.456 0.1428571492
117096  -30.277  8.671  3.734 0.2857142985
117120  -30.405  9.432  4.109 0.2857142985
117563  -29.541  9.560  3.605 0.2857142985
138831  -27.514  8.483  3.194 0.1428571492
85467  -30.012  10.265  3.862 0.2857142985
85466  -27.714  10.604  5.282 0.2857142985
89155  -30.051  16.132  7.069 0.1428571492
81280  -26.868  5.867  2.809 0.1428571492
86148  -28.990  12.248  7.221 0.1428571492
61178  -24.992  -16.487  11.255 0.1428571492
61197  -26.325  -16.124  10.537 0.1428571492
62252  -24.784  -14.650  10.887 0.1428571492
63321  -25.254  -14.218  10.444 0.1428571492
63340  -25.575  -13.731  9.498 0.1428571492
62254  -26.674  -15.549  9.944 0.1428571492
63322  -26.204  -14.721  9.807 0.1428571492
138970  -27.313  -15.807  9.326 0.1428571492
63363  -26.348  -13.459  8.714 0.1428571492
63342  -27.454  -14.905  8.753 0.1428571492
63343  -28.102  -15.191  8.722 0.1428571492
63364  -27.262  -13.880  8.594 0.1428571492
64296  -27.029  -12.958  8.353 0.1428571492
64297  -27.896  -13.131  8.377 0.1428571492
65159  -28.284  -12.335  8.025 0.1428571492
138819  -28.622  -10.850  6.502 0.1428571492
66998  -28.860  -10.159  6.390 0.1428571492
141734  -26.363  4.103  4.211 0.1428571492
62255  -27.892  -16.005  9.465 0.1428571492
62235  -24.653  -15.523  11.091 0.1428571492
62253  -25.687  -15.222  10.528 0.1428571492
117136  -27.417  9.652  4.585 0.1428571492
67934  -29.321  -9.515  6.581 0.1428571492
64298  -28.919  -13.382  8.350 0.1428571492
61196  -25.506  -16.077  10.808 0.1428571492
61198  -27.335  -16.172  10.275 0.1428571492
62270  -27.627  -15.659  8.897 0.1428571492
63320  -24.213  -13.924  10.891 0.1428571492
63341  -26.609  -14.458  8.941 0.1428571492
62269  -26.942  -15.383  9.039 0.1428571492
64295  -26.339  -12.647  8.375 0.1428571492
64279  -24.614  -13.071  9.566 0.1428571492
61177  -23.931  -16.081  11.540 0.1428571492
60199  -41.945  -17.319  7.887 0.1428571492
61147  -31.433  -16.319  13.787 0.2857142985
61211  -40.713  -16.918  8.452 0.1428571492
61217  -40.323  -15.889  7.945 0.1428571492
61219  -41.669  -16.402  7.058 0.1428571492
61230  -41.318  -15.529  6.869 0.1428571492
62260  -39.293  -15.487  9.538 0.1428571492
62282  -39.977  -15.074  7.142 0.1428571492
62295  -41.237  -14.975  6.823 0.1428571492
63368  -40.352  -14.446  7.146 0.1428571492
63369  -40.903  -14.386  6.920 0.1428571492
64301  -40.970  -14.123  7.231 0.1428571492
75272  -28.726  -0.808  1.711 0.2857142985
76044  -34.594  -0.797  10.222 0.2857142985
76045  -35.309  -1.041  10.709 0.1428571492
76122  -29.429  -0.763  2.428 0.1428571492
76148  -28.892  -0.111  1.901 0.2857142985
76898  -32.172  0.823  8.020 0.8571428657
76948  -27.317  0.861  2.122 0.1428571492
76949  -29.535  0.169  2.453 0.2857142985
76960  -28.718  0.564  1.819 0.2857142985
77776  -31.747  1.427  7.796 0.8571428657
77788  -31.214  1.013  5.677 0.7142857313
77797  -30.760  1.401  4.259 0.7142857313
77806  -29.983  1.609  2.776 0.2857142985
77816  -26.938  1.779  2.254 0.1428571492
78614  -34.733  2.870  9.897 0.1428571492
78674  -24.687  1.946  4.007 0.1428571492
78677  -29.605  2.449  2.559 0.2857142985
78684  -26.259  2.412  2.600 0.1428571492
78694  -28.866  2.075  1.806 0.2857142985
79511  -26.706  4.092  1.994 0.1428571492
80310  -36.529  4.407  9.341 0.1428571492
80334  -20.549  5.708  9.551 0.1428571492
80377  -25.338  3.822  4.275 0.1428571492
80388  -29.050  3.841  1.803 0.2857142985
81272  -25.359  4.415  4.560 0.1428571492
81285  -27.191  4.892  1.705 0.1428571492
81287  -28.487  5.520  2.275 0.1428571492
83879  -36.058  7.952  7.979 0.1428571492
84682  -34.770  9.764  7.312 0.4285714328
86831  -36.286  12.126  6.004 0.1428571492
86848  -36.976  12.267  4.319 0.1428571492
87528  -35.008  13.096  6.133 0.2857142985
87534  -33.660  13.842  5.633 0.2857142985
89165  -34.154  15.248  5.026 0.2857142985
89171  -33.821  15.990  4.872 0.2857142985
89920  -36.176  16.664  3.411 0.1428571492
90658  -36.347  17.652  2.509 0.1428571492
117083  -27.832  9.055  3.414 0.2857142985
117089  -33.478  7.223  7.320 0.7142857313
117093  -31.481  3.115  6.066 0.8571428657
117113  -33.457  7.972  7.107 0.4285714328
117132  -27.551  9.985  4.710 0.1428571492
117143  -27.846  10.742  4.073 0.2857142985
117144  -27.713  7.126  2.759 0.2857142985
117496  -31.568  6.765  5.155 0.4285714328
117553  -32.353  4.812  7.055 0.8571428657
117559  -34.420  6.074  8.642 0.1428571492
117582  -31.275  2.206  6.572 1.0000000000
117655  -30.488  6.270  3.204 0.2857142985
117729  -30.568  5.645  3.278 0.5714285970
117749  -29.325  10.452  3.603 0.2857142985
122306  -30.682  2.869  4.745 0.7142857313
123125  -36.741  11.949  5.548 0.1428571492
126215  -36.440  16.241  2.660 0.1428571492
128809  -37.260  -16.848  13.617 0.1428571492
129268  -26.438  3.819  3.956 0.2857142985
132482  -25.777  2.785  3.123 0.1428571492
133958  -33.041  -8.137  7.845 0.7142857313
134067  -34.443  5.444  9.008 0.1428571492
134094  -33.171  5.908  6.876 0.8571428657
134106  -32.108  4.194  7.528 0.8571428657
135103  -36.581  3.656  9.764 0.1428571492
138921  -33.376  12.067  6.485 0.4285714328
139043  -40.869  -16.420  7.571 0.1428571492
139560  -35.905  13.371  5.384 0.1428571492
139683  -34.723  7.866  7.764 0.1428571492
140867  -30.523  -1.066  4.947 0.4285714328
141089  -26.546  4.291  2.383 0.1428571492
141163  -32.495  9.519  6.121 0.7142857313
141718  -30.540  5.544  3.210 0.2857142985
142677  -27.056  11.397  5.955 0.1428571492
142750  -31.758  4.660  6.003 0.8571428657
