#!ascii label  , from subject sub-05 vox2ras=TkReg
735
140229  32.170  -30.836  87.277 0.0000000000
61518  49.190  -11.860  66.981 0.0000000000
58493  59.320  -14.568  67.178 0.0000000000
54566  52.394  -18.122  76.115 0.0000000000
134484  37.588  -25.533  80.002 0.0000000000
45345  36.240  -27.847  84.278 0.0000000000
60496  55.019  -12.236  67.496 0.0000000000
63281  54.992  -9.620  71.257 0.0000000000
129255  49.643  -21.202  78.040 0.0000000000
48238  44.305  -25.695  80.790 0.0000000000
64240  62.341  -8.345  61.396 0.0000000000
59539  59.973  -13.297  63.075 0.0000000000
56443  48.287  -16.210  73.144 0.0000000000
62322  50.301  -10.685  73.709 0.0000000000
47332  34.465  -27.020  82.717 0.0000000000
123309  34.244  -29.314  85.688 0.0000000000
61501  51.565  -11.404  67.364 0.0000000000
62407  54.545  -10.468  68.982 0.0000000000
62388  52.031  -9.999  69.216 0.0000000000
121070  50.355  -26.063  76.199 0.0000000000
48204  39.901  -26.037  82.979 0.0000000000
116898  40.694  -25.646  80.171 0.0000000000
135251  42.934  -26.553  82.407 0.0000000000
62458  61.095  -9.724  61.229 0.0000000000
61542  63.402  -11.550  61.925 0.0000000000
61545  61.761  -11.905  62.413 0.0000000000
59477  57.213  -13.991  65.575 0.0000000000
59525  57.177  -13.874  63.312 0.0000000000
116033  59.999  -14.016  65.947 0.0000000000
58501  61.871  -14.028  65.795 0.0000000000
119342  59.634  -15.817  66.200 0.0000000000
52890  50.911  -20.227  77.244 0.0000000000
121246  49.906  -18.807  74.971 0.0000000000
57310  50.127  -15.864  76.047 0.0000000000
59389  49.303  -13.311  73.469 0.0000000000
59337  51.760  -13.346  76.442 0.0000000000
62295  53.215  -10.627  75.997 0.0000000000
56425  53.141  -16.580  74.769 0.0000000000
129578  37.070  -25.822  83.080 0.0000000000
59479  54.387  -13.643  65.617 0.0000000000
59453  57.506  -13.201  67.838 0.0000000000
60482  57.078  -12.374  69.154 0.0000000000
60453  56.463  -11.945  70.293 0.0000000000
129001  47.419  -24.618  79.371 0.0000000000
134811  49.872  -23.945  78.268 0.0000000000
51098  51.388  -23.074  77.450 0.0000000000
51126  52.490  -22.565  75.135 0.0000000000
52937  53.304  -20.637  73.290 0.0000000000
126250  45.151  -25.412  78.008 0.0000000000
47355  46.668  -26.089  81.067 0.0000000000
63393  63.235  -9.468  60.236 0.0000000000
59551  59.763  -12.625  61.469 0.0000000000
59520  61.970  -13.602  63.709 0.0000000000
130712  60.987  -15.300  62.159 0.0000000000
63301  48.937  -9.338  69.722 0.0000000000
64144  52.714  -8.733  72.818 0.0000000000
61393  53.904  -10.271  73.301 0.0000000000
42255  32.657  -30.978  87.215 0.0000000000
44297  33.150  -29.936  86.480 0.0000000000
42253  33.875  -30.917  86.269 0.0000000000
61502  50.633  -11.306  67.268 0.0000000000
62421  52.050  -10.869  67.975 0.0000000000
62411  50.540  -10.363  68.600 0.0000000000
47339  41.661  -26.497  83.101 0.0000000000
62459  59.074  -9.737  61.332 0.0000000000
61551  61.938  -11.016  62.012 0.0000000000
122268  60.714  -10.893  61.376 0.0000000000
59476  58.295  -13.929  66.498 0.0000000000
59500  58.222  -14.122  65.369 0.0000000000
59475  59.895  -14.390  66.620 0.0000000000
58491  60.900  -14.605  66.450 0.0000000000
53730  52.248  -19.514  76.502 0.0000000000
54555  50.873  -18.527  76.927 0.0000000000
56395  51.543  -16.913  76.895 0.0000000000
58379  50.780  -14.793  76.686 0.0000000000
57298  52.382  -15.627  77.041 0.0000000000
58364  53.147  -14.833  76.840 0.0000000000
55461  52.511  -16.535  75.955 0.0000000000
47341  35.690  -26.504  83.251 0.0000000000
47317  36.522  -26.869  84.283 0.0000000000
46387  38.181  -26.635  84.023 0.0000000000
60509  53.262  -12.918  66.319 0.0000000000
59480  53.440  -13.533  65.637 0.0000000000
60508  54.534  -12.728  66.793 0.0000000000
59464  55.922  -13.435  66.399 0.0000000000
121979  56.057  -12.387  67.877 0.0000000000
60495  56.987  -12.561  68.273 0.0000000000
61496  56.597  -11.895  68.662 0.0000000000
62362  55.280  -10.118  70.604 0.0000000000
140157  55.966  -11.051  70.096 0.0000000000
61447  55.780  -11.318  70.885 0.0000000000
60455  54.968  -12.168  70.716 0.0000000000
61425  55.452  -10.701  71.546 0.0000000000
49231  48.561  -25.021  79.504 0.0000000000
50224  49.081  -23.902  78.682 0.0000000000
49230  49.330  -25.076  79.159 0.0000000000
49265  50.797  -24.519  76.753 0.0000000000
50238  52.125  -23.039  75.641 0.0000000000
132682  42.639  -25.752  80.451 0.0000000000
117786  42.921  -25.773  79.313 0.0000000000
48258  44.399  -25.052  80.092 0.0000000000
49225  46.141  -24.668  80.032 0.0000000000
47356  46.103  -25.855  81.309 0.0000000000
64241  61.366  -7.960  61.626 0.0000000000
63375  63.273  -9.125  60.890 0.0000000000
59548  63.260  -13.186  61.380 0.0000000000
59524  58.157  -13.878  63.351 0.0000000000
59542  56.824  -13.748  62.421 0.0000000000
59552  58.349  -13.385  61.811 0.0000000000
60557  57.843  -12.836  61.236 0.0000000000
127816  59.359  -13.271  61.946 0.0000000000
59550  60.237  -12.870  62.233 0.0000000000
130906  60.961  -13.112  63.874 0.0000000000
57445  60.373  -15.778  64.529 0.0000000000
57433  61.791  -14.996  64.579 0.0000000000
51113  48.873  -22.441  77.096 0.0000000000
119631  48.830  -21.488  75.788 0.0000000000
55478  49.518  -17.008  74.106 0.0000000000
54602  48.956  -18.640  73.242 0.0000000000
129746  49.877  -11.696  73.547 0.0000000000
60442  48.427  -12.012  71.500 0.0000000000
61428  48.407  -10.899  71.199 0.0000000000
62364  47.761  -9.954  69.983 0.0000000000
63269  49.537  -9.264  71.341 0.0000000000
64158  50.501  -9.046  71.550 0.0000000000
63243  50.913  -9.471  73.257 0.0000000000
60394  53.500  -12.665  75.354 0.0000000000
62310  53.786  -9.928  74.598 0.0000000000
60412  53.331  -12.246  74.475 0.0000000000
130506  53.124  -11.990  72.384 0.0000000000
46381  34.394  -28.031  85.256 0.0000000000
45333  35.351  -28.807  85.022 0.0000000000
44322  35.499  -29.574  84.486 0.0000000000
43312  35.007  -30.214  85.097 0.0000000000
61499  53.569  -11.509  67.634 0.0000000000
61487  55.058  -10.961  68.552 0.0000000000
61489  53.041  -10.945  68.145 0.0000000000
62387  53.070  -9.994  69.319 0.0000000000
63298  53.649  -9.584  70.083 0.0000000000
48224  38.622  -25.482  81.700 0.0000000000
116705  39.789  -25.750  80.131 0.0000000000
48222  40.820  -25.901  81.898 0.0000000000
48221  42.346  -26.170  81.912 0.0000000000
47347  43.339  -26.530  81.848 0.0000000000
47345  45.441  -26.365  81.309 0.0000000000
127584  43.841  -27.489  81.647 0.0000000000
63358  61.767  -8.951  61.386 0.0000000000
62456  63.019  -10.325  61.985 0.0000000000
62457  62.375  -10.122  61.631 0.0000000000
61544  62.525  -11.682  62.486 0.0000000000
60548  62.741  -12.438  62.423 0.0000000000
58511  55.474  -14.149  64.241 0.0000000000
59501  57.289  -13.916  64.431 0.0000000000
117127  58.431  -14.085  64.369 0.0000000000
59499  59.668  -13.859  64.886 0.0000000000
118094  61.590  -13.146  64.828 0.0000000000
118702  61.452  -13.701  65.928 0.0000000000
57434  61.028  -15.628  65.603 0.0000000000
52882  50.017  -20.836  78.137 0.0000000000
52904  49.863  -20.211  77.420 0.0000000000
53742  50.278  -19.332  76.938 0.0000000000
55464  50.183  -17.426  75.950 0.0000000000
56427  49.205  -16.187  74.294 0.0000000000
58421  48.305  -14.752  73.056 0.0000000000
58400  49.611  -14.716  74.797 0.0000000000
59379  50.341  -13.124  74.820 0.0000000000
61366  50.919  -11.687  75.412 0.0000000000
62311  51.421  -9.995  74.932 0.0000000000
127092  51.960  -11.802  76.178 0.0000000000
59352  53.364  -13.410  76.004 0.0000000000
57339  53.177  -15.877  74.243 0.0000000000
47357  34.653  -26.374  81.078 0.0000000000
48227  35.872  -25.623  81.659 0.0000000000
48225  37.178  -25.237  81.529 0.0000000000
48190  38.329  -25.809  83.319 0.0000000000
134047  39.943  -26.715  84.103 0.0000000000
59478  55.268  -13.719  65.658 0.0000000000
59463  57.176  -13.668  66.676 0.0000000000
59462  58.253  -13.694  67.522 0.0000000000
59452  57.955  -13.592  68.180 0.0000000000
59425  57.415  -13.292  69.036 0.0000000000
59426  56.988  -12.967  69.409 0.0000000000
61486  56.006  -11.240  69.116 0.0000000000
61467  56.759  -12.007  69.769 0.0000000000
49258  47.713  -24.926  77.742 0.0000000000
50225  48.200  -24.016  77.778 0.0000000000
50231  48.711  -23.455  78.191 0.0000000000
51090  49.909  -23.004  78.088 0.0000000000
48270  50.069  -25.090  77.838 0.0000000000
50223  50.591  -23.205  77.976 0.0000000000
52053  50.223  -21.650  78.092 0.0000000000
52065  51.078  -22.040  77.367 0.0000000000
52078  51.998  -21.529  76.058 0.0000000000
52912  53.092  -20.321  75.258 0.0000000000
53752  53.396  -19.662  74.795 0.0000000000
52103  53.246  -21.070  74.127 0.0000000000
49249  46.518  -24.631  79.268 0.0000000000
49232  47.573  -25.124  79.887 0.0000000000
119821  47.807  -26.211  79.837 0.0000000000
46426  46.558  -26.688  80.928 0.0000000000
46441  47.018  -27.213  80.263 0.0000000000
63394  63.144  -8.702  59.680 0.0000000000
61561  58.733  -11.378  60.771 0.0000000000
126559  60.183  -11.861  61.251 0.0000000000
60550  61.148  -12.451  62.552 0.0000000000
59537  62.252  -13.400  62.691 0.0000000000
117558  61.954  -13.284  64.838 0.0000000000
58526  62.066  -14.413  64.089 0.0000000000
58568  62.034  -14.660  61.986 0.0000000000
52924  49.050  -20.562  74.399 0.0000000000
62425  47.750  -10.395  68.308 0.0000000000
62413  48.608  -10.136  68.604 0.0000000000
131680  50.506  -9.486  69.994 0.0000000000
64167  52.149  -9.144  71.286 0.0000000000
63267  54.437  -9.279  71.848 0.0000000000
63230  52.905  -9.057  74.760 0.0000000000
64128  54.632  -8.747  74.153 0.0000000000
119946  55.078  -9.743  72.190 0.0000000000
61427  54.153  -11.329  72.021 0.0000000000
117125  53.897  -19.025  73.975 0.0000000000
128006  52.840  -18.228  73.357 0.0000000000
116530  32.425  -31.831  87.158 0.0000000000
43289  31.995  -31.467  87.370 0.0000000000
43298  32.615  -30.410  87.034 0.0000000000
43297  33.320  -30.461  86.725 0.0000000000
61503  49.710  -11.317  67.387 0.0000000000
62423  50.142  -10.857  67.964 0.0000000000
126921  60.073  -10.030  61.121 0.0000000000
117695  59.052  -14.143  67.121 0.0000000000
58492  60.260  -14.760  66.714 0.0000000000
54553  52.155  -18.682  76.482 0.0000000000
55454  51.664  -17.357  76.765 0.0000000000
55453  52.083  -17.449  76.552 0.0000000000
123220  52.065  -15.949  77.086 0.0000000000
55452  52.163  -16.396  76.713 0.0000000000
56403  52.366  -16.224  76.567 0.0000000000
55470  52.578  -17.594  75.699 0.0000000000
46390  35.727  -27.565  84.452 0.0000000000
45363  36.591  -28.335  83.585 0.0000000000
60497  54.087  -12.095  67.191 0.0000000000
123631  53.795  -12.616  66.683 0.0000000000
60507  55.484  -12.881  67.017 0.0000000000
61497  55.579  -11.645  68.242 0.0000000000
63265  55.309  -9.992  71.466 0.0000000000
62345  55.401  -10.186  71.895 0.0000000000
48255  48.580  -25.606  79.396 0.0000000000
48254  49.223  -25.698  78.880 0.0000000000
48239  43.415  -25.977  80.836 0.0000000000
48259  43.603  -25.544  80.257 0.0000000000
48275  43.797  -25.587  79.194 0.0000000000
120504  44.986  -25.147  80.705 0.0000000000
48218  45.086  -25.828  81.120 0.0000000000
65084  62.015  -7.472  61.374 0.0000000000
64260  62.871  -7.851  61.199 0.0000000000
64239  63.011  -8.739  61.297 0.0000000000
59523  59.209  -13.804  63.728 0.0000000000
59540  58.788  -13.631  62.660 0.0000000000
116676  59.319  -15.821  63.565 0.0000000000
57456  60.272  -15.639  63.306 0.0000000000
52066  49.354  -21.795  77.710 0.0000000000
52080  49.218  -21.679  76.830 0.0000000000
135879  48.571  -16.659  73.272 0.0000000000
55491  48.328  -16.995  72.869 0.0000000000
137373  49.893  -10.783  72.986 0.0000000000
61412  49.366  -11.400  72.526 0.0000000000
62333  49.591  -10.240  72.323 0.0000000000
134843  48.695  -10.018  71.240 0.0000000000
62323  50.243  -9.851  72.902 0.0000000000
63255  50.472  -9.207  72.498 0.0000000000
119198  50.702  -10.055  73.657 0.0000000000
58399  52.997  -13.927  74.404 0.0000000000
59378  53.070  -13.050  74.470 0.0000000000
58409  52.465  -14.321  73.707 0.0000000000
58419  52.016  -13.740  73.001 0.0000000000
45335  34.058  -28.808  85.305 0.0000000000
45348  33.814  -28.268  84.832 0.0000000000
137036  34.504  -28.635  85.387 0.0000000000
45347  35.027  -28.147  85.232 0.0000000000
45334  34.764  -28.995  85.376 0.0000000000
44306  35.100  -29.481  85.204 0.0000000000
44307  34.574  -29.794  85.675 0.0000000000
61516  51.103  -11.821  66.664 0.0000000000
60510  51.601  -12.520  66.269 0.0000000000
61515  52.054  -12.080  66.909 0.0000000000
61500  52.554  -11.525  67.512 0.0000000000
62410  51.545  -10.362  68.549 0.0000000000
62409  52.542  -10.401  68.629 0.0000000000
63299  52.513  -9.739  69.964 0.0000000000
48223  39.816  -25.561  82.038 0.0000000000
129763  40.688  -26.118  82.633 0.0000000000
47338  42.275  -26.590  82.808 0.0000000000
48201  41.958  -26.420  82.714 0.0000000000
47348  42.703  -26.527  82.435 0.0000000000
48220  43.206  -26.371  81.854 0.0000000000
46414  43.575  -26.895  81.882 0.0000000000
63360  59.713  -8.826  61.543 0.0000000000
63359  60.671  -8.332  61.650 0.0000000000
58502  56.288  -13.944  64.829 0.0000000000
135045  59.050  -14.198  65.332 0.0000000000
59498  61.024  -13.477  65.530 0.0000000000
59474  60.802  -14.068  66.338 0.0000000000
57412  60.682  -15.108  66.482 0.0000000000
57425  61.294  -14.997  66.185 0.0000000000
57426  60.556  -15.561  66.206 0.0000000000
57435  60.036  -15.932  65.560 0.0000000000
52891  50.212  -20.223  77.878 0.0000000000
53733  50.058  -19.815  77.548 0.0000000000
53741  50.349  -19.207  77.062 0.0000000000
56405  50.390  -16.761  76.242 0.0000000000
55463  50.516  -17.623  76.437 0.0000000000
56416  49.993  -16.608  75.611 0.0000000000
56426  49.648  -16.435  74.839 0.0000000000
129149  49.755  -15.953  75.349 0.0000000000
57330  49.416  -15.579  74.725 0.0000000000
57320  49.809  -15.248  75.448 0.0000000000
59338  51.197  -14.068  76.640 0.0000000000
58389  50.520  -14.171  76.185 0.0000000000
59353  50.934  -13.278  76.121 0.0000000000
60395  50.594  -12.334  75.042 0.0000000000
60378  50.957  -12.427  75.743 0.0000000000
61352  51.321  -11.934  75.902 0.0000000000
60361  51.518  -12.541  76.129 0.0000000000
57308  53.034  -15.263  76.472 0.0000000000
58378  53.210  -14.218  76.463 0.0000000000
57318  53.319  -14.864  75.834 0.0000000000
118539  53.413  -15.318  74.905 0.0000000000
128252  53.251  -16.050  74.641 0.0000000000
47350  34.118  -27.307  81.951 0.0000000000
129610  34.074  -26.895  81.226 0.0000000000
47349  34.662  -26.728  81.858 0.0000000000
48192  36.439  -26.107  83.105 0.0000000000
48208  35.820  -25.998  82.392 0.0000000000
48207  36.493  -25.616  82.308 0.0000000000
48226  36.505  -25.341  81.623 0.0000000000
48206  37.232  -25.493  82.378 0.0000000000
119612  37.880  -25.429  82.150 0.0000000000
48191  37.652  -25.767  83.205 0.0000000000
59502  53.963  -14.020  65.015 0.0000000000
60506  56.590  -13.019  67.351 0.0000000000
60483  57.071  -12.250  68.854 0.0000000000
60494  57.364  -12.910  68.579 0.0000000000
128286  57.355  -12.907  68.976 0.0000000000
60467  57.057  -12.592  69.334 0.0000000000
62406  55.317  -10.692  69.284 0.0000000000
61446  56.193  -11.523  70.321 0.0000000000
61468  56.361  -11.395  69.811 0.0000000000
60468  56.760  -12.296  69.709 0.0000000000
59415  56.483  -12.464  69.873 0.0000000000
49248  47.081  -24.741  78.533 0.0000000000
130200  47.853  -24.325  78.653 0.0000000000
51091  49.342  -23.388  78.338 0.0000000000
51101  49.061  -22.702  78.010 0.0000000000
48285  49.958  -25.804  77.847 0.0000000000
48284  50.383  -25.356  77.165 0.0000000000
49256  51.102  -23.704  77.306 0.0000000000
50230  51.061  -23.295  77.805 0.0000000000
51099  51.090  -22.823  77.991 0.0000000000
136811  50.874  -22.186  77.980 0.0000000000
51088  51.218  -22.659  77.733 0.0000000000
51111  51.834  -22.445  75.921 0.0000000000
52091  52.431  -21.713  75.312 0.0000000000
52913  52.620  -20.914  75.659 0.0000000000
52090  53.016  -21.043  74.840 0.0000000000
52104  52.661  -21.778  74.618 0.0000000000
117782  39.280  -25.908  79.287 0.0000000000
117783  40.173  -25.749  79.244 0.0000000000
125393  44.147  -25.683  78.186 0.0000000000
48272  46.156  -25.055  78.304 0.0000000000
48273  45.600  -24.790  79.107 0.0000000000
48236  46.586  -25.649  81.007 0.0000000000
49224  46.764  -25.168  80.537 0.0000000000
48235  47.187  -25.736  80.531 0.0000000000
48256  47.861  -25.512  79.844 0.0000000000
116252  47.494  -27.799  79.355 0.0000000000
64273  63.399  -8.449  60.422 0.0000000000
128861  62.904  -9.730  59.701 0.0000000000
61550  63.157  -10.942  62.258 0.0000000000
58527  56.279  -14.143  63.005 0.0000000000
131179  55.520  -14.358  62.854 0.0000000000
125042  58.851  -12.798  61.323 0.0000000000
60561  58.323  -12.092  60.843 0.0000000000
60556  59.303  -12.034  60.935 0.0000000000
59538  60.929  -12.924  63.140 0.0000000000
60543  61.656  -13.132  63.006 0.0000000000
59497  61.828  -13.326  65.443 0.0000000000
59496  62.073  -13.521  65.245 0.0000000000
57443  61.663  -15.011  63.571 0.0000000000
58548  61.900  -14.447  63.014 0.0000000000
57454  61.522  -15.006  62.551 0.0000000000
52914  49.997  -20.109  76.189 0.0000000000
53762  49.752  -19.799  74.909 0.0000000000
59390  48.781  -14.034  73.264 0.0000000000
125180  47.406  -11.732  70.550 0.0000000000
63286  48.477  -9.533  70.097 0.0000000000
122973  47.386  -9.978  69.366 0.0000000000
62414  47.843  -9.796  68.923 0.0000000000
63319  49.072  -9.783  69.104 0.0000000000
62390  49.886  -9.756  69.362 0.0000000000
130357  49.652  -9.200  70.091 0.0000000000
64157  51.398  -8.969  71.852 0.0000000000
135167  51.125  -9.091  71.091 0.0000000000
64156  52.427  -8.819  72.098 0.0000000000
64166  53.314  -9.034  71.487 0.0000000000
64155  53.610  -8.932  72.490 0.0000000000
62304  52.717  -10.450  75.758 0.0000000000
63219  52.321  -9.774  75.184 0.0000000000
63218  53.127  -9.779  75.189 0.0000000000
61378  53.684  -10.495  74.334 0.0000000000
63228  54.560  -9.129  74.407 0.0000000000
62321  54.475  -9.499  74.013 0.0000000000
64142  54.902  -8.926  73.425 0.0000000000
62332  54.596  -9.472  73.034 0.0000000000
61410  54.663  -10.352  72.378 0.0000000000
61411  53.618  -11.219  72.825 0.0000000000
60441  52.502  -12.597  71.816 0.0000000000
52930  53.673  -20.485  73.773 0.0000000000
117460  53.583  -18.920  74.351 0.0000000000
129592  53.742  -20.121  73.624 0.0000000000
44308  33.692  -29.473  85.775 0.0000000000
44296  33.805  -29.804  86.287 0.0000000000
44295  34.087  -30.190  86.248 0.0000000000
42254  33.194  -31.232  86.816 0.0000000000
61517  50.168  -11.817  66.732 0.0000000000
62422  51.073  -10.868  67.940 0.0000000000
62389  50.996  -9.957  69.267 0.0000000000
47325  40.589  -26.541  83.874 0.0000000000
48202  41.217  -26.315  82.874 0.0000000000
47324  41.274  -26.523  83.518 0.0000000000
46407  42.190  -26.823  83.076 0.0000000000
127900  59.163  -14.192  66.245 0.0000000000
53731  51.516  -19.357  76.855 0.0000000000
53732  50.577  -19.477  77.223 0.0000000000
138216  51.111  -18.955  76.992 0.0000000000
55455  50.953  -17.650  76.752 0.0000000000
57309  50.754  -16.130  76.668 0.0000000000
120023  50.539  -15.433  76.550 0.0000000000
124173  51.628  -16.262  77.038 0.0000000000
57299  51.835  -15.523  77.123 0.0000000000
58366  52.323  -14.940  77.096 0.0000000000
59336  52.683  -14.217  76.877 0.0000000000
57297  52.734  -15.457  76.939 0.0000000000
56402  52.591  -15.781  76.624 0.0000000000
55469  52.824  -17.001  75.254 0.0000000000
47342  35.109  -26.483  82.588 0.0000000000
47318  35.519  -26.975  84.196 0.0000000000
47330  36.306  -26.554  83.810 0.0000000000
47329  37.049  -26.255  83.886 0.0000000000
47328  37.772  -26.120  83.839 0.0000000000
47316  37.365  -26.651  84.199 0.0000000000
120727  52.470  -12.683  66.387 0.0000000000
59466  54.050  -13.115  66.189 0.0000000000
59465  54.915  -13.314  66.280 0.0000000000
62385  55.006  -10.191  69.763 0.0000000000
62384  55.753  -10.751  69.931 0.0000000000
62361  55.652  -10.825  70.730 0.0000000000
60454  55.982  -12.067  70.642 0.0000000000
60438  55.507  -11.413  71.188 0.0000000000
60439  54.617  -11.673  71.414 0.0000000000
49247  48.387  -24.460  79.212 0.0000000000
49246  49.253  -24.587  78.958 0.0000000000
49245  49.680  -24.724  78.602 0.0000000000
48304  50.596  -25.181  76.164 0.0000000000
50239  51.556  -23.337  76.313 0.0000000000
133698  51.641  -22.972  76.551 0.0000000000
118077  41.623  -25.668  80.278 0.0000000000
117784  41.054  -25.662  79.267 0.0000000000
117785  41.994  -25.762  79.323 0.0000000000
123579  42.306  -25.771  78.408 0.0000000000
123580  43.233  -25.828  78.333 0.0000000000
48274  44.679  -25.148  79.076 0.0000000000
48257  45.238  -24.751  80.025 0.0000000000
48237  45.897  -25.125  80.874 0.0000000000
64259  63.237  -8.306  60.947 0.0000000000
60547  63.237  -12.355  62.113 0.0000000000
59541  57.761  -13.704  62.500 0.0000000000
59553  57.334  -13.408  61.732 0.0000000000
59521  61.541  -13.270  63.870 0.0000000000
139896  61.361  -15.506  64.929 0.0000000000
57444  61.178  -15.458  63.993 0.0000000000
54590  49.887  -18.015  74.497 0.0000000000
53773  49.566  -18.990  74.019 0.0000000000
54601  49.308  -17.933  73.663 0.0000000000
54613  48.387  -18.370  72.793 0.0000000000
60426  49.361  -12.465  73.000 0.0000000000
59399  48.918  -13.247  72.632 0.0000000000
60427  48.949  -12.339  72.164 0.0000000000
61413  48.817  -11.461  71.854 0.0000000000
61448  47.691  -10.727  70.433 0.0000000000
62365  47.258  -10.293  69.805 0.0000000000
62363  48.284  -9.997  70.626 0.0000000000
63270  48.889  -9.437  70.886 0.0000000000
63285  49.340  -9.230  70.537 0.0000000000
63268  50.068  -9.031  71.892 0.0000000000
64146  50.808  -9.066  72.269 0.0000000000
64131  51.979  -8.904  73.318 0.0000000000
61364  53.674  -11.880  75.699 0.0000000000
62302  53.406  -10.478  75.237 0.0000000000
61379  53.516  -11.576  74.943 0.0000000000
61394  53.503  -11.383  73.890 0.0000000000
60413  53.075  -12.340  73.533 0.0000000000
46408  33.891  -27.665  82.747 0.0000000000
45364  33.599  -28.057  83.762 0.0000000000
46392  34.200  -27.647  84.512 0.0000000000
46391  34.939  -27.583  84.752 0.0000000000
45346  35.631  -28.146  84.800 0.0000000000
44321  35.944  -28.675  84.331 0.0000000000
43313  34.479  -30.640  85.668 0.0000000000
60498  53.098  -12.245  66.988 0.0000000000
61498  54.557  -11.499  67.857 0.0000000000
61488  54.066  -10.915  68.279 0.0000000000
62408  53.561  -10.431  68.782 0.0000000000
62386  54.114  -9.966  69.499 0.0000000000
63297  54.659  -9.647  70.353 0.0000000000
47369  49.495  -26.315  78.361 0.0000000000
48244  38.232  -25.638  80.645 0.0000000000
48260  38.963  -25.918  80.102 0.0000000000
48243  39.304  -25.618  80.960 0.0000000000
48242  40.324  -25.503  81.089 0.0000000000
48241  41.201  -25.616  81.140 0.0000000000
134716  41.297  -26.259  82.563 0.0000000000
136759  41.642  -26.105  81.979 0.0000000000
48240  42.036  -25.943  81.244 0.0000000000
129194  42.788  -26.079  81.399 0.0000000000
48219  43.972  -26.357  81.239 0.0000000000
47346  44.222  -26.458  81.227 0.0000000000
46413  44.608  -27.065  81.446 0.0000000000
45401  44.925  -27.803  81.117 0.0000000000
63357  62.673  -9.402  61.437 0.0000000000
62451  62.845  -10.893  62.342 0.0000000000
61543  63.026  -11.546  62.428 0.0000000000
59535  62.951  -13.190  62.238 0.0000000000
58510  56.353  -13.916  63.876 0.0000000000
138516  57.720  -13.932  63.821 0.0000000000
59522  60.485  -13.350  64.352 0.0000000000
59473  61.291  -14.213  66.211 0.0000000000
57424  61.696  -15.010  65.443 0.0000000000
52079  49.530  -20.971  77.648 0.0000000000
52892  49.753  -20.429  77.983 0.0000000000
53753  50.161  -19.081  75.867 0.0000000000
54567  50.527  -18.533  76.691 0.0000000000
54568  50.336  -18.328  76.325 0.0000000000
54578  50.036  -18.090  75.565 0.0000000000
130326  49.954  -17.252  75.077 0.0000000000
56435  48.792  -16.330  73.694 0.0000000000
57351  47.976  -15.506  72.851 0.0000000000
57331  48.906  -15.554  74.059 0.0000000000
58401  49.121  -14.949  74.318 0.0000000000
58410  49.382  -14.163  74.042 0.0000000000
58390  50.016  -14.428  75.514 0.0000000000
59368  49.980  -13.915  74.768 0.0000000000
59380  49.882  -13.294  74.125 0.0000000000
60396  50.173  -12.419  74.273 0.0000000000
61395  50.466  -11.399  74.573 0.0000000000
62312  50.776  -10.420  74.425 0.0000000000
62306  51.001  -10.817  75.214 0.0000000000
62296  52.350  -11.079  76.031 0.0000000000
132857  52.850  -11.573  76.364 0.0000000000
134297  52.887  -13.635  76.677 0.0000000000
60345  53.158  -12.830  76.173 0.0000000000
60359  53.591  -12.221  75.878 0.0000000000
59366  53.619  -13.679  75.842 0.0000000000
58398  53.459  -14.383  75.132 0.0000000000
48262  36.921  -25.313  79.942 0.0000000000
48209  35.249  -26.113  81.749 0.0000000000
48246  35.831  -25.490  80.704 0.0000000000
116750  36.649  -25.261  80.765 0.0000000000
48245  37.342  -25.282  80.739 0.0000000000
134997  37.772  -25.368  81.376 0.0000000000
48205  38.773  -25.598  82.739 0.0000000000
48189  39.263  -26.097  83.403 0.0000000000
47327  38.722  -26.327  83.628 0.0000000000
48188  40.097  -26.283  83.661 0.0000000000
135657  55.573  -13.924  65.054 0.0000000000
128929  56.208  -13.818  65.681 0.0000000000
59461  58.573  -14.107  67.798 0.0000000000
58480  58.621  -14.597  67.794 0.0000000000
58461  58.215  -14.089  68.322 0.0000000000
59439  57.627  -13.530  68.605 0.0000000000
61485  56.794  -11.834  69.291 0.0000000000
49266  48.057  -24.900  76.801 0.0000000000
133169  48.444  -23.956  78.566 0.0000000000
50240  48.597  -23.267  77.367 0.0000000000
51100  49.730  -22.100  78.045 0.0000000000
48271  49.692  -25.292  78.409 0.0000000000
49244  50.071  -24.557  78.101 0.0000000000
49257  50.481  -24.487  77.514 0.0000000000
122733  50.549  -23.823  77.825 0.0000000000
51089  50.493  -22.502  78.075 0.0000000000
128205  50.522  -21.202  77.665 0.0000000000
51112  51.453  -22.661  77.019 0.0000000000
52903  51.299  -21.138  76.743 0.0000000000
52889  51.838  -20.185  76.701 0.0000000000
52902  52.609  -20.081  76.108 0.0000000000
52901  52.546  -19.149  76.035 0.0000000000
134574  52.899  -18.755  75.316 0.0000000000
52923  53.527  -20.441  74.387 0.0000000000
52116  53.120  -21.077  73.551 0.0000000000
128521  52.654  -21.836  74.157 0.0000000000
51140  52.431  -22.079  73.590 0.0000000000
123577  40.518  -25.739  78.401 0.0000000000
48286  46.821  -25.237  77.596 0.0000000000
49233  46.895  -24.831  79.910 0.0000000000
47362  48.739  -26.345  79.075 0.0000000000
135029  46.220  -26.341  81.294 0.0000000000
47354  47.130  -26.417  80.551 0.0000000000
46425  47.542  -26.890  79.972 0.0000000000
42256  31.596  -31.184  87.285 0.0000000000
61560  59.582  -10.966  60.848 0.0000000000
61552  61.059  -11.709  62.027 0.0000000000
60555  60.455  -12.361  61.818 0.0000000000
60549  62.061  -12.590  62.654 0.0000000000
59536  62.435  -13.730  62.409 0.0000000000
58509  62.114  -14.273  65.042 0.0000000000
59519  62.156  -13.765  64.489 0.0000000000
58525  62.030  -13.945  63.300 0.0000000000
58547  62.357  -14.159  62.324 0.0000000000
57470  62.022  -14.788  61.130 0.0000000000
61519  48.094  -11.638  67.201 0.0000000000
52905  49.527  -20.917  76.572 0.0000000000
52915  49.243  -20.740  75.442 0.0000000000
62415  46.800  -10.340  68.812 0.0000000000
61505  47.308  -10.889  67.693 0.0000000000
131398  48.123  -11.005  67.728 0.0000000000
62424  49.258  -10.813  68.018 0.0000000000
62412  49.596  -10.325  68.614 0.0000000000
63300  51.476  -9.771  69.953 0.0000000000
123956  50.208  -9.130  70.713 0.0000000000
138243  51.009  -9.387  70.488 0.0000000000
63284  51.858  -9.443  70.592 0.0000000000
63283  52.957  -9.400  70.693 0.0000000000
63282  54.177  -9.244  70.882 0.0000000000
63232  51.224  -9.711  74.107 0.0000000000
63242  51.666  -9.166  73.664 0.0000000000
64130  52.669  -8.702  73.417 0.0000000000
63217  53.592  -9.398  74.824 0.0000000000
64114  54.097  -8.417  74.420 0.0000000000
125210  53.496  -8.626  73.355 0.0000000000
64143  54.245  -8.831  73.201 0.0000000000
64154  54.700  -9.149  72.741 0.0000000000
63266  55.050  -9.615  72.264 0.0000000000
139085  55.437  -10.292  71.892 0.0000000000
61426  55.147  -11.039  71.763 0.0000000000
60440  53.470  -12.014  71.546 0.0000000000
54577  53.054  -18.021  74.772 0.0000000000
55476  53.212  -17.451  74.530 0.0000000000
53782  53.358  -20.080  73.300 0.0000000000
125383  53.577  -18.715  73.858 0.0000000000
55482  53.377  -17.595  73.980 0.0000000000
56434  53.152  -16.664  73.908 0.0000000000
43299  31.917  -30.509  86.998 0.0000000000
46396  41.774  -26.519  83.142 0.0000000000
46401  34.258  -27.349  83.612 0.0000000000
47326  39.736  -26.436  83.840 0.0000000000
47331  34.901  -26.814  83.514 0.0000000000
47340  41.171  -26.428  83.434 0.0000000000
48203  40.699  -26.280  83.348 0.0000000000
48261  38.277  -25.830  79.448 0.0000000000
53761  53.980  -19.745  74.008 0.0000000000
53772  53.745  -19.537  73.750 0.0000000000
54554  51.616  -18.397  76.754 0.0000000000
54589  53.452  -18.224  74.142 0.0000000000
55462  52.256  -17.015  76.396 0.0000000000
55477  53.298  -17.330  74.248 0.0000000000
55484  48.865  -17.130  73.429 0.0000000000
56391  52.984  -15.350  76.800 0.0000000000
56392  52.633  -15.918  76.731 0.0000000000
56393  52.208  -16.039  76.917 0.0000000000
56394  51.900  -16.440  76.952 0.0000000000
56404  50.951  -16.911  76.725 0.0000000000
56415  53.215  -15.719  75.186 0.0000000000
56433  53.297  -16.693  74.287 0.0000000000
57300  51.195  -15.518  76.973 0.0000000000
57319  50.190  -14.958  76.145 0.0000000000
57342  48.462  -15.516  73.449 0.0000000000
58363  53.221  -14.760  76.548 0.0000000000
58365  52.854  -14.926  77.073 0.0000000000
58367  51.590  -14.843  76.986 0.0000000000
58411  48.743  -14.800  73.746 0.0000000000
59335  53.021  -13.574  76.420 0.0000000000
59351  53.360  -14.188  76.224 0.0000000000
59367  50.377  -13.647  75.517 0.0000000000
59388  52.606  -13.400  73.692 0.0000000000
60346  52.854  -12.809  76.433 0.0000000000
60347  52.557  -13.455  76.586 0.0000000000
60360  52.325  -12.573  76.368 0.0000000000
60377  53.630  -12.770  75.825 0.0000000000
60414  49.701  -12.647  73.683 0.0000000000
60554  63.475  -12.312  61.385 0.0000000000
61338  53.190  -12.117  76.241 0.0000000000
61350  53.604  -11.278  75.721 0.0000000000
61351  53.434  -11.381  76.050 0.0000000000
61363  53.585  -10.933  75.225 0.0000000000
61365  51.523  -11.323  75.717 0.0000000000
61429  47.987  -11.581  70.936 0.0000000000
61504  48.840  -11.292  67.567 0.0000000000
62294  53.437  -10.803  75.723 0.0000000000
62303  53.362  -10.172  75.261 0.0000000000
62305  51.880  -10.572  75.486 0.0000000000
62334  49.003  -10.601  71.789 0.0000000000
62344  55.445  -10.635  71.481 0.0000000000
62346  49.234  -9.720  71.596 0.0000000000
63216  53.749  -9.595  74.739 0.0000000000
63229  54.224  -8.872  74.641 0.0000000000
63231  51.966  -9.269  74.558 0.0000000000
63241  54.962  -9.036  73.789 0.0000000000
63254  54.833  -9.164  72.880 0.0000000000
63256  49.845  -9.368  72.078 0.0000000000
63287  47.942  -9.842  69.739 0.0000000000
63302  48.172  -9.722  69.510 0.0000000000
63320  48.476  -9.689  69.199 0.0000000000
64100  53.666  -8.846  74.803 0.0000000000
64115  53.462  -8.540  74.467 0.0000000000
64116  52.617  -8.745  74.075 0.0000000000
64129  54.329  -8.393  73.922 0.0000000000
64132  51.220  -9.062  72.901 0.0000000000
64145  51.820  -8.902  72.685 0.0000000000
117871  49.874  -9.121  71.230 0.0000000000
119182  53.033  -14.256  76.762 0.0000000000
119285  51.969  -16.577  76.858 0.0000000000
123086  53.532  -8.300  74.045 0.0000000000
124075  52.794  -15.898  75.766 0.0000000000
127987  52.036  -14.143  76.801 0.0000000000
128689  50.677  -12.972  75.445 0.0000000000
129790  37.967  -25.554  82.843 0.0000000000
131238  47.233  -10.059  68.757 0.0000000000
131668  48.536  -10.754  68.029 0.0000000000
132372  51.409  -21.990  76.493 0.0000000000
133618  53.362  -13.552  75.126 0.0000000000
134717  52.158  -20.791  76.295 0.0000000000
138352  52.917  -19.619  75.534 0.0000000000
138798  53.053  -20.965  73.042 0.0000000000
139202  52.350  -15.778  76.891 0.0000000000
140025  37.413  -25.992  83.578 0.0000000000
140357  34.190  -29.763  86.044 0.0000000000
140381  52.856  -10.887  76.151 0.0000000000
