#!ascii label  , from subject sub-05 vox2ras=TkReg
1669
116224  14.050  -37.850  85.803 0.0000000000
58612  48.084  -14.118  58.992 0.0000000000
119550  33.390  -26.003  73.508 0.0000000000
48306  46.751  -25.530  76.211 0.0000000000
42376  26.757  -31.265  75.713 0.0000000000
38812  23.217  -36.291  84.853 0.0000000000
66779  55.380  -5.455  53.470 0.0000000000
62460  58.047  -9.452  61.880 0.0000000000
55554  43.361  -16.846  65.947 0.0000000000
122235  56.938  -1.664  45.422 0.0000000000
46429  33.255  -27.971  80.030 0.0000000000
37998  18.346  -36.501  84.770 0.0000000000
64287  57.476  -8.347  58.517 0.0000000000
63439  51.746  -9.928  55.885 0.0000000000
58534  49.159  -15.004  63.121 0.0000000000
58529  54.226  -14.538  63.493 0.0000000000
140385  44.017  -14.569  62.398 0.0000000000
49343  41.200  -24.220  69.715 0.0000000000
116703  40.315  -25.310  74.739 0.0000000000
42309  29.800  -31.776  81.286 0.0000000000
39630  27.430  -34.828  86.284 0.0000000000
40542  24.597  -33.663  80.521 0.0000000000
39701  19.413  -34.189  79.653 0.0000000000
45505  31.164  -28.468  74.091 0.0000000000
67569  60.464  -3.823  55.004 0.0000000000
66729  61.337  -5.064  58.603 0.0000000000
139632  53.451  -11.886  60.614 0.0000000000
60500  43.986  -12.210  67.288 0.0000000000
52952  45.875  -20.750  71.418 0.0000000000
67618  57.222  -4.691  49.284 0.0000000000
69355  61.791  -2.850  48.938 0.0000000000
72180  63.490  0.802  45.247 0.0000000000
44337  32.995  -29.561  83.662 0.0000000000
37991  15.912  -36.884  85.055 0.0000000000
37057  17.804  -37.707  88.316 0.0000000000
37059  15.700  -37.849  88.652 0.0000000000
64335  51.057  -7.981  54.789 0.0000000000
59484  49.488  -13.448  65.346 0.0000000000
60523  52.070  -13.113  65.863 0.0000000000
36107  9.100  -38.575  88.974 0.0000000000
57532  43.775  -15.798  59.519 0.0000000000
48424  34.323  -25.283  70.539 0.0000000000
119042  37.766  -25.223  70.848 0.0000000000
116697  36.727  -25.584  73.879 0.0000000000
42338  28.239  -31.071  78.330 0.0000000000
41392  27.258  -32.330  80.772 0.0000000000
42341  25.803  -31.807  78.243 0.0000000000
44469  28.702  -29.862  74.909 0.0000000000
43394  30.256  -30.566  77.547 0.0000000000
38810  25.418  -36.110  85.111 0.0000000000
66777  58.001  -5.416  53.708 0.0000000000
66750  60.860  -4.911  56.636 0.0000000000
66752  59.303  -6.048  55.850 0.0000000000
64262  56.902  -7.942  61.140 0.0000000000
124218  59.699  -6.759  61.472 0.0000000000
60606  47.582  -12.589  56.707 0.0000000000
61595  49.645  -11.440  57.418 0.0000000000
60569  50.941  -12.802  60.000 0.0000000000
57438  39.799  -15.142  64.497 0.0000000000
59515  41.208  -13.744  64.487 0.0000000000
129295  43.966  -14.846  67.234 0.0000000000
49301  44.404  -24.794  72.734 0.0000000000
51198  43.683  -22.378  70.616 0.0000000000
50264  47.228  -23.530  73.259 0.0000000000
66811  53.175  -5.568  51.234 0.0000000000
67621  54.349  -4.780  48.995 0.0000000000
66809  55.767  -5.174  51.207 0.0000000000
67600  58.663  -4.711  51.276 0.0000000000
72200  60.543  1.198  44.324 0.0000000000
121026  60.020  -1.409  44.339 0.0000000000
70335  62.888  -0.878  46.860 0.0000000000
69372  59.948  -2.985  45.881 0.0000000000
48300  33.500  -26.272  76.539 0.0000000000
117774  35.902  -25.411  76.173 0.0000000000
118863  34.678  -25.509  79.447 0.0000000000
38815  20.494  -36.232  84.949 0.0000000000
37070  22.981  -37.375  87.873 0.0000000000
37943  20.789  -37.015  88.467 0.0000000000
65974  52.914  -6.162  53.594 0.0000000000
65150  56.502  -6.579  55.478 0.0000000000
65153  53.649  -7.413  55.234 0.0000000000
63437  54.781  -9.178  56.718 0.0000000000
120994  54.800  -9.339  60.115 0.0000000000
58592  48.956  -14.937  60.773 0.0000000000
58571  52.069  -14.406  61.464 0.0000000000
58514  51.940  -14.188  63.973 0.0000000000
53870  42.675  -19.038  65.268 0.0000000000
51114  48.379  -22.983  76.402 0.0000000000
36141  11.948  -38.541  85.813 0.0000000000
36103  13.591  -38.751  89.049 0.0000000000
36105  11.095  -38.970  89.484 0.0000000000
58615  45.832  -14.729  57.977 0.0000000000
57504  46.536  -15.427  60.599 0.0000000000
58556  46.715  -14.714  62.613 0.0000000000
59510  46.392  -13.653  64.708 0.0000000000
49359  37.797  -25.136  68.404 0.0000000000
49305  40.987  -24.980  71.886 0.0000000000
48329  42.957  -25.685  75.263 0.0000000000
48314  39.116  -26.091  76.990 0.0000000000
48291  41.707  -25.576  77.562 0.0000000000
43325  31.012  -31.219  83.710 0.0000000000
41339  29.539  -32.522  87.163 0.0000000000
41364  29.033  -32.626  83.973 0.0000000000
40514  26.170  -34.171  82.860 0.0000000000
38850  23.766  -35.149  82.392 0.0000000000
41417  22.725  -32.989  78.018 0.0000000000
40545  22.150  -33.876  80.171 0.0000000000
38852  21.327  -35.405  82.669 0.0000000000
38855  18.988  -35.579  82.760 0.0000000000
38844  16.896  -36.180  82.860 0.0000000000
38012  14.398  -36.954  82.916 0.0000000000
49335  31.680  -24.585  70.490 0.0000000000
48428  30.423  -25.998  70.758 0.0000000000
47407  31.939  -26.904  73.412 0.0000000000
45466  31.915  -28.579  77.313 0.0000000000
43355  31.763  -30.461  80.561 0.0000000000
65933  63.047  -5.298  58.261 0.0000000000
65120  59.624  -7.138  59.082 0.0000000000
62527  49.144  -10.282  55.766 0.0000000000
62492  52.286  -10.722  58.901 0.0000000000
61553  55.895  -10.607  61.052 0.0000000000
59557  54.270  -14.020  60.849 0.0000000000
134029  56.787  -12.806  61.012 0.0000000000
58579  41.747  -14.740  62.038 0.0000000000
59512  44.344  -13.074  64.788 0.0000000000
61521  45.880  -11.216  66.957 0.0000000000
53006  43.499  -20.764  67.687 0.0000000000
54658  45.130  -18.555  67.978 0.0000000000
117039  48.511  -21.275  74.870 0.0000000000
54622  47.130  -18.596  71.938 0.0000000000
56475  46.064  -16.097  69.251 0.0000000000
128770  46.428  -14.124  69.959 0.0000000000
61449  47.036  -10.993  69.979 0.0000000000
131632  56.424  -3.591  46.685 0.0000000000
123360  59.641  -4.001  49.282 0.0000000000
131315  61.449  -3.165  52.108 0.0000000000
45336  33.544  -29.139  85.079 0.0000000000
37091  15.388  -37.345  85.735 0.0000000000
37074  15.909  -37.581  87.039 0.0000000000
127114  14.723  -38.021  86.794 0.0000000000
60512  49.615  -12.434  66.356 0.0000000000
60511  50.623  -12.499  66.145 0.0000000000
37062  7.923  -37.323  88.110 0.0000000000
117771  34.024  -25.354  72.067 0.0000000000
117773  35.827  -25.602  72.401 0.0000000000
116694  34.939  -25.617  73.007 0.0000000000
42361  26.927  -31.314  76.575 0.0000000000
42340  26.688  -31.559  78.117 0.0000000000
42351  26.212  -31.642  77.249 0.0000000000
43441  27.918  -30.027  73.582 0.0000000000
139323  27.495  -30.447  74.728 0.0000000000
133717  28.152  -30.566  76.133 0.0000000000
38811  23.979  -36.428  85.039 0.0000000000
37984  24.071  -36.545  85.979 0.0000000000
66778  57.008  -5.476  53.468 0.0000000000
66758  58.790  -5.742  55.147 0.0000000000
66759  57.772  -5.843  55.036 0.0000000000
63361  57.863  -8.604  62.147 0.0000000000
64243  58.889  -8.128  61.873 0.0000000000
59595  48.039  -12.857  58.097 0.0000000000
140456  48.608  -12.649  58.444 0.0000000000
59573  49.532  -13.368  59.511 0.0000000000
55585  42.243  -17.402  64.249 0.0000000000
139321  42.361  -16.121  65.066 0.0000000000
57428  41.773  -15.065  65.405 0.0000000000
56522  43.828  -16.197  66.376 0.0000000000
48347  45.649  -25.639  74.729 0.0000000000
49291  45.848  -24.865  73.166 0.0000000000
49272  47.452  -25.010  74.920 0.0000000000
66795  54.500  -5.487  52.261 0.0000000000
118278  55.032  -5.291  51.770 0.0000000000
66793  56.129  -5.234  52.870 0.0000000000
66792  57.117  -5.101  52.642 0.0000000000
70351  58.502  -0.917  44.587 0.0000000000
69394  58.515  -1.825  44.484 0.0000000000
69383  59.672  -2.553  45.097 0.0000000000
68479  57.890  -2.705  45.241 0.0000000000
47371  32.974  -26.724  78.220 0.0000000000
118105  34.092  -25.381  77.970 0.0000000000
48247  34.114  -26.194  79.563 0.0000000000
37997  19.112  -36.407  84.791 0.0000000000
130856  20.250  -36.676  86.699 0.0000000000
37957  19.642  -36.975  87.110 0.0000000000
116917  18.041  -37.700  90.386 0.0000000000
120931  19.468  -37.775  90.198 0.0000000000
123039  52.069  -6.461  53.502 0.0000000000
65964  53.301  -6.466  54.400 0.0000000000
65965  52.467  -6.692  54.250 0.0000000000
63452  51.999  -9.222  55.423 0.0000000000
64312  53.280  -8.880  55.705 0.0000000000
63438  53.495  -9.546  56.344 0.0000000000
63409  55.173  -9.281  58.345 0.0000000000
120592  53.807  -9.994  58.154 0.0000000000
58553  49.402  -15.095  62.220 0.0000000000
119250  50.888  -14.622  62.500 0.0000000000
58533  50.624  -14.505  63.304 0.0000000000
66797  52.219  -6.029  52.324 0.0000000000
121025  11.856  -38.964  87.077 0.0000000000
36126  10.413  -38.724  87.604 0.0000000000
57574  44.293  -15.313  57.840 0.0000000000
57530  45.941  -15.500  59.371 0.0000000000
117912  45.288  -15.591  59.078 0.0000000000
57483  44.156  -15.295  61.035 0.0000000000
57482  44.957  -15.216  61.169 0.0000000000
117605  45.815  -14.567  62.551 0.0000000000
58519  46.856  -13.960  63.980 0.0000000000
58538  45.412  -14.178  63.074 0.0000000000
117831  36.213  -25.149  68.387 0.0000000000
118851  39.010  -25.532  72.751 0.0000000000
48405  39.408  -25.148  71.544 0.0000000000
48370  40.628  -25.243  73.295 0.0000000000
48368  42.417  -25.400  73.650 0.0000000000
48330  42.064  -25.597  75.106 0.0000000000
48296  36.640  -25.202  77.604 0.0000000000
48316  37.177  -25.566  76.759 0.0000000000
135745  38.797  -25.932  78.517 0.0000000000
117785  41.994  -25.762  79.323 0.0000000000
125393  44.147  -25.683  78.186 0.0000000000
136137  30.712  -31.516  82.258 0.0000000000
41363  29.791  -32.208  83.647 0.0000000000
42301  29.634  -32.193  82.726 0.0000000000
41394  25.833  -32.929  80.216 0.0000000000
41375  26.983  -32.988  81.871 0.0000000000
39667  25.332  -34.080  81.781 0.0000000000
39655  25.313  -34.428  82.472 0.0000000000
40535  24.133  -34.308  81.053 0.0000000000
42355  22.737  -32.073  76.581 0.0000000000
40559  19.909  -33.786  79.166 0.0000000000
40567  21.276  -33.298  78.785 0.0000000000
39686  20.505  -34.048  80.428 0.0000000000
39671  21.799  -34.585  81.272 0.0000000000
39672  20.413  -34.610  81.265 0.0000000000
38854  19.570  -35.375  82.237 0.0000000000
116063  18.876  -34.996  80.900 0.0000000000
38023  15.108  -36.554  82.445 0.0000000000
131643  32.085  -24.239  69.326 0.0000000000
48439  30.924  -23.935  69.486 0.0000000000
45538  29.469  -28.671  72.514 0.0000000000
47416  30.524  -26.999  71.821 0.0000000000
47415  31.056  -26.754  72.047 0.0000000000
46486  31.433  -27.542  73.915 0.0000000000
46479  32.153  -27.402  75.249 0.0000000000
45492  31.434  -28.852  74.968 0.0000000000
42326  30.204  -31.421  79.798 0.0000000000
43381  31.264  -30.449  78.686 0.0000000000
43348  31.145  -31.101  81.045 0.0000000000
43341  31.779  -30.706  82.394 0.0000000000
40494  28.355  -33.688  86.346 0.0000000000
37030  13.272  -38.345  90.678 0.0000000000
37029  14.650  -37.941  90.818 0.0000000000
67559  61.570  -3.126  56.114 0.0000000000
66740  61.182  -4.988  57.627 0.0000000000
66739  61.818  -4.595  58.147 0.0000000000
66728  62.004  -5.032  59.019 0.0000000000
66719  62.362  -5.431  59.556 0.0000000000
64307  57.027  -7.985  56.646 0.0000000000
65137  58.781  -7.429  56.999 0.0000000000
64286  58.380  -8.085  58.295 0.0000000000
65101  60.663  -6.689  61.309 0.0000000000
61574  51.707  -11.628  59.636 0.0000000000
61593  51.122  -11.018  58.187 0.0000000000
62474  52.873  -11.088  60.139 0.0000000000
62472  54.469  -10.286  60.652 0.0000000000
130429  54.688  -11.463  60.600 0.0000000000
118032  52.972  -14.704  62.689 0.0000000000
126387  52.843  -14.390  61.356 0.0000000000
119949  54.710  -14.483  62.714 0.0000000000
58580  39.970  -14.662  62.111 0.0000000000
59490  42.840  -12.857  65.923 0.0000000000
59529  42.568  -13.251  64.437 0.0000000000
60518  43.988  -11.957  65.973 0.0000000000
60530  45.265  -12.325  65.773 0.0000000000
61522  45.002  -11.392  66.822 0.0000000000
49373  40.085  -24.028  67.792 0.0000000000
50307  41.723  -23.557  68.345 0.0000000000
138051  44.935  -21.801  71.304 0.0000000000
52181  43.311  -21.624  68.880 0.0000000000
52973  44.529  -20.715  69.534 0.0000000000
53833  44.510  -19.903  68.503 0.0000000000
52972  45.118  -20.139  70.085 0.0000000000
51127  48.622  -22.222  76.131 0.0000000000
126886  48.057  -17.773  72.596 0.0000000000
55500  46.959  -17.094  70.874 0.0000000000
56454  46.948  -16.358  71.300 0.0000000000
57368  46.049  -15.494  69.598 0.0000000000
58430  47.442  -14.913  71.667 0.0000000000
67620  55.370  -4.876  48.682 0.0000000000
67640  56.938  -4.172  47.756 0.0000000000
68452  57.986  -4.055  47.877 0.0000000000
67617  58.204  -4.494  49.369 0.0000000000
127453  59.787  -4.576  53.195 0.0000000000
67598  60.283  -4.289  51.408 0.0000000000
68419  60.729  -3.831  53.301 0.0000000000
136314  61.835  -2.093  53.619 0.0000000000
71303  61.801  0.146  43.811 0.0000000000
132901  62.741  -1.683  47.713 0.0000000000
122437  62.825  -0.205  49.925 0.0000000000
69341  62.613  -1.470  51.127 0.0000000000
45410  33.340  -28.620  81.745 0.0000000000
134264  33.851  -27.561  81.313 0.0000000000
45364  33.599  -28.057  83.762 0.0000000000
124799  17.134  -36.605  84.633 0.0000000000
125310  18.154  -37.299  86.736 0.0000000000
138962  16.990  -37.280  87.224 0.0000000000
116870  17.083  -37.570  88.788 0.0000000000
117666  17.309  -37.676  90.982 0.0000000000
64336  50.301  -8.237  54.663 0.0000000000
63469  49.972  -8.959  54.959 0.0000000000
58517  48.889  -14.377  63.980 0.0000000000
59506  50.527  -13.825  64.561 0.0000000000
138993  50.616  -13.120  65.665 0.0000000000
60510  51.601  -12.520  66.269 0.0000000000
36127  9.657  -38.257  87.475 0.0000000000
37061  8.858  -37.978  87.890 0.0000000000
37046  8.264  -38.144  88.694 0.0000000000
140293  43.191  -15.955  58.325 0.0000000000
57508  42.725  -15.623  60.493 0.0000000000
134051  36.496  -25.311  69.227 0.0000000000
123574  35.893  -25.549  70.837 0.0000000000
48391  37.577  -25.668  72.590 0.0000000000
133873  38.185  -25.625  73.852 0.0000000000
42327  29.259  -31.438  79.533 0.0000000000
42310  28.891  -31.876  81.090 0.0000000000
122970  27.562  -31.701  79.526 0.0000000000
41402  26.256  -32.375  79.782 0.0000000000
41404  24.722  -32.815  79.304 0.0000000000
39702  18.041  -34.783  79.498 0.0000000000
39717  17.463  -34.715  78.602 0.0000000000
44524  28.857  -29.224  72.650 0.0000000000
44489  29.513  -29.490  74.302 0.0000000000
44467  30.767  -29.646  75.504 0.0000000000
43422  29.440  -30.252  76.136 0.0000000000
43383  29.693  -30.984  78.156 0.0000000000
39631  26.721  -35.331  85.617 0.0000000000
67570  59.753  -4.570  54.463 0.0000000000
67560  60.747  -3.702  55.750 0.0000000000
66766  59.337  -5.164  54.742 0.0000000000
66751  60.015  -5.397  56.272 0.0000000000
65935  60.090  -6.185  57.600 0.0000000000
64276  57.166  -8.143  59.754 0.0000000000
65111  58.605  -7.425  60.236 0.0000000000
65087  58.825  -7.262  61.505 0.0000000000
120402  59.842  -7.786  61.932 0.0000000000
119188  48.644  -11.591  56.559 0.0000000000
60605  48.334  -12.161  56.951 0.0000000000
60583  50.175  -12.204  58.753 0.0000000000
60567  52.316  -12.464  60.404 0.0000000000
139707  55.740  -14.259  63.459 0.0000000000
58544  39.230  -14.685  63.628 0.0000000000
58543  39.748  -13.916  63.639 0.0000000000
58505  40.902  -14.289  64.834 0.0000000000
59468  42.587  -13.705  66.090 0.0000000000
59455  43.668  -13.084  67.172 0.0000000000
49330  42.165  -24.193  70.804 0.0000000000
50299  42.404  -23.412  69.579 0.0000000000
50280  43.636  -23.739  71.481 0.0000000000
50272  45.840  -23.314  72.291 0.0000000000
51167  46.229  -22.456  72.547 0.0000000000
66825  53.030  -5.098  50.259 0.0000000000
67622  52.946  -4.472  49.503 0.0000000000
66824  53.899  -5.273  50.582 0.0000000000
66823  55.366  -5.212  50.274 0.0000000000
66822  56.110  -5.155  50.397 0.0000000000
67608  57.558  -4.828  50.159 0.0000000000
66807  57.384  -5.007  51.810 0.0000000000
67592  58.717  -4.806  52.964 0.0000000000
72182  59.539  1.020  45.229 0.0000000000
71282  60.605  -0.772  44.024 0.0000000000
70348  61.842  -1.318  44.346 0.0000000000
71255  63.007  0.489  46.472 0.0000000000
70341  62.201  -1.670  45.095 0.0000000000
69370  61.718  -2.623  46.482 0.0000000000
127098  61.375  -3.180  47.905 0.0000000000
48354  33.778  -26.109  74.741 0.0000000000
116698  34.607  -25.727  74.687 0.0000000000
48317  34.633  -25.534  76.711 0.0000000000
48278  35.279  -24.865  78.403 0.0000000000
49234  36.168  -25.277  79.873 0.0000000000
38814  21.743  -36.018  85.304 0.0000000000
37969  22.968  -36.468  86.771 0.0000000000
38803  21.466  -36.232  86.036 0.0000000000
37955  21.788  -36.980  87.609 0.0000000000
37944  19.278  -37.395  88.336 0.0000000000
128990  20.573  -37.740  89.612 0.0000000000
66771  54.761  -5.758  54.174 0.0000000000
65962  56.035  -5.998  54.804 0.0000000000
65963  54.779  -6.235  54.845 0.0000000000
65152  55.199  -7.204  55.751 0.0000000000
65140  55.498  -7.862  56.274 0.0000000000
65154  52.283  -7.757  55.134 0.0000000000
64310  54.777  -8.366  56.215 0.0000000000
119864  56.008  -8.952  57.242 0.0000000000
64289  55.683  -8.861  59.147 0.0000000000
64263  56.100  -8.542  61.159 0.0000000000
63363  56.247  -9.121  61.757 0.0000000000
58602  49.064  -14.625  60.134 0.0000000000
58601  49.724  -14.148  60.022 0.0000000000
58573  50.374  -14.699  61.091 0.0000000000
116967  51.747  -14.547  62.231 0.0000000000
58530  53.340  -14.586  63.482 0.0000000000
59504  52.268  -13.958  64.744 0.0000000000
59503  53.129  -14.078  64.919 0.0000000000
138854  54.292  -14.237  64.594 0.0000000000
54689  42.934  -18.248  65.399 0.0000000000
49266  48.057  -24.900  76.801 0.0000000000
66827  51.609  -5.020  50.459 0.0000000000
66812  52.234  -5.777  51.487 0.0000000000
66796  53.664  -5.730  52.284 0.0000000000
72165  56.984  0.662  46.895 0.0000000000
71257  56.680  -0.362  46.353 0.0000000000
116978  12.949  -37.991  85.040 0.0000000000
36123  13.541  -38.617  87.264 0.0000000000
36124  12.746  -38.907  87.191 0.0000000000
119912  12.699  -38.972  88.834 0.0000000000
36094  11.544  -38.705  90.414 0.0000000000
36106  10.055  -39.062  89.329 0.0000000000
123734  46.657  -13.598  57.317 0.0000000000
58638  45.151  -13.877  57.014 0.0000000000
58613  47.327  -14.671  58.672 0.0000000000
57552  47.279  -15.234  59.252 0.0000000000
57503  47.371  -15.255  60.551 0.0000000000
57461  47.930  -15.079  61.849 0.0000000000
57505  45.181  -15.431  60.521 0.0000000000
57481  45.852  -15.390  61.120 0.0000000000
58535  48.206  -14.716  63.260 0.0000000000
58518  47.811  -14.089  63.942 0.0000000000
59486  47.721  -13.532  65.466 0.0000000000
60527  48.149  -13.050  66.083 0.0000000000
120227  39.883  -24.625  69.019 0.0000000000
48420  37.946  -25.162  69.975 0.0000000000
49333  39.657  -24.867  70.327 0.0000000000
49319  40.740  -24.701  71.146 0.0000000000
49303  42.710  -24.896  72.270 0.0000000000
137879  44.008  -25.527  74.285 0.0000000000
48326  45.447  -25.839  75.603 0.0000000000
116699  36.484  -25.578  74.715 0.0000000000
48334  38.004  -25.694  75.405 0.0000000000
48333  38.990  -25.631  75.394 0.0000000000
123576  39.665  -25.897  78.445 0.0000000000
134870  40.449  -25.835  76.970 0.0000000000
117779  41.396  -25.528  75.848 0.0000000000
48310  42.928  -25.653  76.633 0.0000000000
48288  44.453  -25.844  77.205 0.0000000000
48287  45.911  -25.483  77.340 0.0000000000
43315  31.246  -31.110  85.339 0.0000000000
42272  30.680  -31.617  85.519 0.0000000000
41354  29.393  -32.596  85.008 0.0000000000
40502  28.200  -33.406  85.405 0.0000000000
134346  28.031  -32.539  82.245 0.0000000000
40522  27.442  -33.277  83.105 0.0000000000
40504  26.857  -34.048  84.369 0.0000000000
39637  25.884  -34.936  84.086 0.0000000000
38837  24.540  -35.369  83.692 0.0000000000
117122  23.664  -35.642  83.643 0.0000000000
42364  24.448  -31.692  76.276 0.0000000000
41425  24.019  -32.179  77.858 0.0000000000
41405  23.897  -32.965  79.122 0.0000000000
41428  21.447  -32.984  77.222 0.0000000000
40566  22.179  -33.226  78.837 0.0000000000
40544  22.990  -33.906  80.193 0.0000000000
39684  22.592  -34.452  80.810 0.0000000000
135761  22.243  -35.357  82.570 0.0000000000
120038  21.914  -35.646  83.486 0.0000000000
38840  20.952  -35.693  83.399 0.0000000000
38841  19.304  -35.803  83.526 0.0000000000
38842  18.508  -35.817  83.399 0.0000000000
39674  18.193  -35.218  81.210 0.0000000000
38856  17.544  -35.836  82.549 0.0000000000
38009  17.176  -36.377  83.881 0.0000000000
38010  16.253  -36.488  83.558 0.0000000000
38001  15.676  -36.852  84.148 0.0000000000
135312  14.247  -37.530  84.476 0.0000000000
37103  13.360  -37.656  84.302 0.0000000000
37104  12.459  -37.691  84.231 0.0000000000
48437  33.342  -25.296  69.325 0.0000000000
48425  33.360  -24.948  70.370 0.0000000000
48412  32.408  -25.133  71.976 0.0000000000
119675  30.965  -25.402  70.644 0.0000000000
48413  31.551  -25.841  71.728 0.0000000000
48374  32.897  -26.379  73.675 0.0000000000
47399  32.882  -26.647  74.585 0.0000000000
47378  32.356  -26.976  76.759 0.0000000000
46454  32.631  -28.348  78.651 0.0000000000
44448  31.538  -29.218  76.827 0.0000000000
45453  32.149  -29.055  78.167 0.0000000000
45427  32.917  -28.815  80.335 0.0000000000
44364  32.372  -30.098  82.046 0.0000000000
44324  32.122  -30.339  84.312 0.0000000000
37060  14.929  -38.185  88.969 0.0000000000
37028  15.526  -37.840  90.624 0.0000000000
67552  61.924  -3.809  56.616 0.0000000000
119976  57.331  -6.293  55.415 0.0000000000
65936  59.553  -6.972  57.268 0.0000000000
136530  60.316  -6.030  58.395 0.0000000000
65110  59.255  -7.181  59.918 0.0000000000
65911  60.513  -6.418  60.783 0.0000000000
131290  61.507  -6.014  60.107 0.0000000000
63455  49.544  -9.596  55.397 0.0000000000
63440  50.791  -10.124  56.076 0.0000000000
61602  49.935  -10.835  57.014 0.0000000000
62507  50.690  -10.621  56.915 0.0000000000
62505  52.222  -10.533  57.327 0.0000000000
63411  53.822  -9.956  59.103 0.0000000000
63364  55.056  -9.816  61.032 0.0000000000
62470  57.367  -10.078  61.613 0.0000000000
59566  51.145  -13.680  60.356 0.0000000000
59564  52.763  -13.317  60.520 0.0000000000
59562  54.584  -13.212  60.597 0.0000000000
59543  55.996  -13.896  62.308 0.0000000000
59555  55.711  -13.651  61.533 0.0000000000
139372  55.506  -12.352  60.679 0.0000000000
61563  56.456  -11.479  60.750 0.0000000000
60561  58.323  -12.092  60.843 0.0000000000
57510  40.741  -15.614  60.651 0.0000000000
58578  42.719  -14.782  61.895 0.0000000000
58541  41.404  -13.698  63.566 0.0000000000
58540  42.574  -13.767  63.553 0.0000000000
58539  43.865  -14.067  63.197 0.0000000000
59511  45.420  -13.414  64.603 0.0000000000
60529  46.203  -12.557  65.861 0.0000000000
61519  48.094  -11.638  67.201 0.0000000000
50306  42.272  -22.985  68.393 0.0000000000
53023  43.098  -19.999  66.631 0.0000000000
53845  43.977  -19.209  66.981 0.0000000000
55541  44.512  -17.509  66.913 0.0000000000
50251  48.075  -23.503  75.549 0.0000000000
51155  47.662  -22.301  73.592 0.0000000000
52131  47.380  -21.138  72.433 0.0000000000
52939  48.423  -19.958  72.747 0.0000000000
52950  47.210  -20.247  71.891 0.0000000000
53804  46.273  -18.762  70.692 0.0000000000
136370  45.923  -17.562  68.655 0.0000000000
56506  45.094  -16.649  67.235 0.0000000000
57389  45.051  -15.359  67.800 0.0000000000
128857  44.755  -13.994  68.215 0.0000000000
59441  44.997  -12.522  68.578 0.0000000000
59401  47.962  -14.120  71.626 0.0000000000
137219  46.736  -12.804  70.048 0.0000000000
60471  45.531  -11.929  68.821 0.0000000000
61506  46.273  -10.744  68.262 0.0000000000
70336  56.314  -1.487  45.849 0.0000000000
68480  57.214  -2.833  45.562 0.0000000000
68470  58.104  -3.327  46.427 0.0000000000
68457  59.437  -3.451  47.518 0.0000000000
118634  61.027  -3.477  49.214 0.0000000000
67606  59.455  -4.466  50.729 0.0000000000
68434  60.730  -3.852  50.698 0.0000000000
68433  61.535  -3.267  50.425 0.0000000000
69334  62.296  -1.533  52.103 0.0000000000
44298  32.481  -30.147  86.412 0.0000000000
44309  33.010  -29.618  85.786 0.0000000000
37092  14.544  -37.603  85.332 0.0000000000
37083  14.669  -37.763  86.130 0.0000000000
61518  49.190  -11.860  66.981 0.0000000000
61517  50.168  -11.817  66.732 0.0000000000
48394  33.564  -25.652  72.697 0.0000000000
48393  34.294  -25.579  72.658 0.0000000000
48373  34.105  -25.751  73.373 0.0000000000
42362  26.120  -31.583  76.207 0.0000000000
126939  27.216  -30.779  75.237 0.0000000000
43423  27.484  -30.873  75.985 0.0000000000
37985  23.244  -36.208  85.894 0.0000000000
134281  56.116  -5.463  53.667 0.0000000000
66768  57.394  -5.720  54.287 0.0000000000
66769  56.494  -5.680  54.237 0.0000000000
120139  58.633  -8.879  61.788 0.0000000000
62459  59.074  -9.737  61.332 0.0000000000
59585  47.653  -13.651  58.351 0.0000000000
59584  48.300  -13.231  58.741 0.0000000000
59574  48.741  -13.662  59.284 0.0000000000
56538  42.823  -16.590  65.318 0.0000000000
56548  42.363  -16.572  64.709 0.0000000000
56523  42.967  -15.996  65.912 0.0000000000
129733  46.256  -25.704  75.513 0.0000000000
48346  46.732  -25.461  74.709 0.0000000000
48325  47.207  -25.428  75.500 0.0000000000
66794  55.194  -5.342  52.608 0.0000000000
69395  57.877  -1.594  44.707 0.0000000000
70342  57.383  -1.393  45.147 0.0000000000
129018  57.996  -2.198  44.737 0.0000000000
69385  57.383  -2.156  45.109 0.0000000000
47364  33.215  -27.093  78.843 0.0000000000
47370  33.635  -26.489  78.841 0.0000000000
47363  33.635  -27.092  79.620 0.0000000000
37972  19.638  -36.638  86.173 0.0000000000
37988  18.851  -36.686  85.533 0.0000000000
65975  51.189  -6.596  53.338 0.0000000000
65966  51.666  -6.942  54.053 0.0000000000
118541  52.639  -9.601  55.865 0.0000000000
63427  53.680  -9.871  57.209 0.0000000000
63428  52.931  -10.108  56.777 0.0000000000
120517  50.016  -14.946  62.824 0.0000000000
131274  49.801  -14.630  63.582 0.0000000000
36143  10.706  -38.392  86.116 0.0000000000
58628  43.808  -14.883  57.125 0.0000000000
57555  44.847  -15.542  58.536 0.0000000000
57575  43.296  -15.723  57.717 0.0000000000
58576  44.507  -14.860  61.788 0.0000000000
140083  44.839  -14.483  62.597 0.0000000000
118076  39.032  -25.411  73.718 0.0000000000
128735  39.788  -25.259  73.099 0.0000000000
119234  39.999  -25.118  73.952 0.0000000000
48352  40.883  -25.300  74.106 0.0000000000
116704  41.167  -25.511  74.911 0.0000000000
116289  37.358  -25.470  79.217 0.0000000000
48276  37.900  -25.722  78.485 0.0000000000
48261  38.277  -25.830  79.448 0.0000000000
42308  30.583  -31.544  81.533 0.0000000000
42300  30.078  -31.798  82.127 0.0000000000
40541  25.383  -33.423  80.709 0.0000000000
40533  25.699  -33.644  81.397 0.0000000000
40534  24.954  -33.898  81.224 0.0000000000
39700  19.998  -33.861  79.940 0.0000000000
39687  19.657  -34.441  80.531 0.0000000000
39673  19.571  -35.034  81.418 0.0000000000
117981  18.821  -34.595  80.087 0.0000000000
45522  29.991  -28.299  73.046 0.0000000000
46501  30.269  -27.865  72.215 0.0000000000
46495  30.565  -27.674  72.867 0.0000000000
46494  31.167  -27.372  73.140 0.0000000000
45521  30.757  -27.992  73.425 0.0000000000
46480  31.741  -27.813  74.673 0.0000000000
43356  31.053  -31.127  80.110 0.0000000000
42316  30.434  -31.555  80.672 0.0000000000
40489  27.872  -34.373  86.973 0.0000000000
37031  12.765  -38.312  91.239 0.0000000000
37018  13.454  -38.012  91.818 0.0000000000
68412  61.002  -3.426  54.432 0.0000000000
68401  61.427  -2.971  55.482 0.0000000000
66720  61.962  -5.469  59.695 0.0000000000
64298  57.731  -8.249  57.496 0.0000000000
61567  52.256  -11.632  60.158 0.0000000000
61573  52.188  -11.099  59.635 0.0000000000
128024  53.038  -11.624  60.520 0.0000000000
130102  53.753  -10.890  60.374 0.0000000000
61566  53.866  -11.447  60.556 0.0000000000
58550  53.832  -14.604  62.674 0.0000000000
58581  39.193  -14.943  62.054 0.0000000000
60501  43.550  -12.419  66.470 0.0000000000
60532  43.441  -12.477  65.694 0.0000000000
61523  44.291  -11.834  66.652 0.0000000000
60499  44.643  -11.622  67.395 0.0000000000
49356  40.333  -24.242  68.588 0.0000000000
50308  40.919  -23.844  68.044 0.0000000000
49355  41.071  -23.992  68.887 0.0000000000
52143  45.390  -21.451  71.457 0.0000000000
52962  44.743  -21.056  70.220 0.0000000000
52961  45.297  -20.834  70.808 0.0000000000
53798  45.734  -20.055  70.884 0.0000000000
120374  48.664  -17.815  73.072 0.0000000000
55492  47.754  -17.057  72.265 0.0000000000
56453  47.358  -16.340  71.966 0.0000000000
57360  47.109  -15.654  71.583 0.0000000000
57352  47.559  -15.574  72.197 0.0000000000
67619  56.376  -4.881  49.028 0.0000000000
67631  56.139  -4.516  48.213 0.0000000000
135229  56.872  -4.542  48.578 0.0000000000
67630  57.614  -4.409  48.564 0.0000000000
67578  60.185  -4.180  54.037 0.0000000000
68411  61.429  -2.822  53.922 0.0000000000
71280  62.803  0.423  44.645 0.0000000000
71302  62.556  0.763  43.896 0.0000000000
72199  63.288  1.248  44.225 0.0000000000
72179  63.919  1.193  45.616 0.0000000000
127972  62.172  -2.587  48.077 0.0000000000
70314  62.944  -0.954  49.372 0.0000000000
127971  62.623  -2.004  49.428 0.0000000000
69348  62.771  -1.193  50.176 0.0000000000
69349  62.224  -2.461  50.122 0.0000000000
132384  32.907  -29.201  82.153 0.0000000000
45387  33.469  -28.445  82.580 0.0000000000
45388  33.121  -28.929  83.209 0.0000000000
37990  16.741  -36.778  85.195 0.0000000000
37975  17.070  -36.881  85.965 0.0000000000
37976  16.216  -36.908  85.911 0.0000000000
117057  15.824  -37.867  87.795 0.0000000000
128294  16.469  -37.558  87.482 0.0000000000
37058  16.427  -37.682  88.280 0.0000000000
116724  17.164  -37.759  89.804 0.0000000000
37042  16.371  -37.670  89.215 0.0000000000
64337  49.520  -8.398  54.531 0.0000000000
64326  50.825  -8.817  54.973 0.0000000000
59507  49.151  -13.886  64.788 0.0000000000
135459  49.835  -13.772  64.861 0.0000000000
37086  9.012  -37.153  86.633 0.0000000000
137456  7.729  -37.823  88.698 0.0000000000
123572  34.641  -25.408  69.784 0.0000000000
138420  35.139  -25.382  69.545 0.0000000000
137606  34.867  -25.402  70.298 0.0000000000
48408  36.809  -25.550  72.046 0.0000000000
48392  36.723  -25.588  72.985 0.0000000000
48372  37.535  -25.663  73.467 0.0000000000
42328  28.376  -31.378  79.188 0.0000000000
124152  27.734  -31.365  78.823 0.0000000000
134914  26.465  -31.832  78.693 0.0000000000
42330  25.994  -32.166  79.045 0.0000000000
41403  25.519  -32.643  79.512 0.0000000000
41414  25.216  -32.321  78.782 0.0000000000
43431  28.014  -30.108  74.446 0.0000000000
44509  28.457  -29.632  73.106 0.0000000000
44490  28.647  -29.702  73.974 0.0000000000
44508  29.286  -29.132  73.350 0.0000000000
44468  29.675  -29.865  75.324 0.0000000000
122119  28.760  -30.237  75.755 0.0000000000
42349  28.481  -30.855  77.508 0.0000000000
43395  29.325  -30.760  77.438 0.0000000000
43384  28.963  -30.969  78.024 0.0000000000
42337  29.070  -31.160  78.703 0.0000000000
38822  25.976  -35.483  84.832 0.0000000000
38809  26.125  -35.956  85.475 0.0000000000
67571  58.889  -5.083  54.025 0.0000000000
66757  59.670  -5.214  55.498 0.0000000000
66741  60.477  -5.603  57.082 0.0000000000
65945  59.740  -6.199  56.698 0.0000000000
65112  57.787  -7.634  60.606 0.0000000000
64261  57.916  -7.618  61.454 0.0000000000
60615  47.330  -12.137  55.919 0.0000000000
61604  48.032  -11.930  56.270 0.0000000000
60576  49.632  -12.647  59.060 0.0000000000
60584  49.316  -12.290  58.420 0.0000000000
60575  50.249  -12.743  59.452 0.0000000000
60568  51.608  -12.216  60.028 0.0000000000
136143  51.595  -12.896  60.282 0.0000000000
57449  39.296  -15.362  63.864 0.0000000000
57439  39.634  -14.552  64.285 0.0000000000
57430  40.156  -14.672  64.853 0.0000000000
58495  42.630  -14.605  66.174 0.0000000000
58504  42.028  -14.294  65.635 0.0000000000
58494  43.249  -14.486  66.684 0.0000000000
59467  43.143  -13.311  66.592 0.0000000000
134824  43.662  -14.010  67.056 0.0000000000
49316  43.231  -24.402  71.800 0.0000000000
50281  42.921  -23.973  71.112 0.0000000000
49315  44.003  -24.241  72.081 0.0000000000
49290  46.801  -24.407  73.234 0.0000000000
134258  45.501  -24.006  72.157 0.0000000000
50271  46.614  -23.426  72.707 0.0000000000
51156  47.102  -22.740  73.068 0.0000000000
123265  54.803  -5.289  50.888 0.0000000000
66821  56.854  -5.128  50.926 0.0000000000
67581  57.830  -4.981  53.139 0.0000000000
67593  57.941  -4.900  52.457 0.0000000000
67580  58.525  -5.022  53.451 0.0000000000
67579  59.345  -4.756  53.667 0.0000000000
70350  59.213  -1.232  44.389 0.0000000000
71283  59.379  -0.207  44.512 0.0000000000
139437  59.856  -0.777  44.249 0.0000000000
70362  61.404  -0.727  43.882 0.0000000000
70349  60.932  -1.470  44.144 0.0000000000
69391  61.350  -2.057  44.726 0.0000000000
69382  60.641  -2.616  45.291 0.0000000000
69371  60.885  -2.972  46.159 0.0000000000
68467  61.133  -3.200  47.019 0.0000000000
68468  60.140  -3.236  46.806 0.0000000000
48319  33.609  -26.235  75.696 0.0000000000
48338  33.943  -26.080  75.252 0.0000000000
48318  34.054  -25.929  76.396 0.0000000000
48280  34.052  -25.689  78.745 0.0000000000
48279  34.569  -25.103  78.553 0.0000000000
49235  35.053  -24.955  79.074 0.0000000000
49250  35.738  -24.969  79.100 0.0000000000
48263  35.404  -25.297  79.722 0.0000000000
121048  21.203  -35.994  84.722 0.0000000000
136136  21.089  -36.150  85.391 0.0000000000
37956  20.490  -36.920  87.495 0.0000000000
37971  21.100  -36.697  86.865 0.0000000000
131546  21.145  -36.961  87.794 0.0000000000
37942  21.423  -37.279  88.332 0.0000000000
37054  21.065  -37.441  89.106 0.0000000000
37072  17.801  -37.578  87.403 0.0000000000
37958  18.790  -37.407  87.344 0.0000000000
37071  18.429  -37.631  88.002 0.0000000000
65973  53.826  -5.975  53.873 0.0000000000
65955  53.677  -6.858  54.896 0.0000000000
65954  54.442  -6.981  55.310 0.0000000000
136834  54.782  -7.641  55.876 0.0000000000
65162  51.308  -7.407  54.487 0.0000000000
65161  52.030  -7.235  54.740 0.0000000000
65155  51.683  -7.687  54.923 0.0000000000
64311  54.042  -8.852  56.113 0.0000000000
137973  53.646  -8.413  55.686 0.0000000000
64309  55.486  -8.778  56.736 0.0000000000
63425  55.374  -9.241  57.395 0.0000000000
64300  55.936  -8.968  58.045 0.0000000000
63395  54.952  -9.222  59.382 0.0000000000
64278  55.404  -8.917  60.308 0.0000000000
63376  55.539  -9.193  61.165 0.0000000000
117854  49.709  -14.664  60.617 0.0000000000
58574  49.601  -14.956  61.356 0.0000000000
58532  51.582  -14.443  63.129 0.0000000000
58531  52.488  -14.513  63.366 0.0000000000
59483  50.976  -13.418  65.162 0.0000000000
59505  51.422  -13.808  64.593 0.0000000000
59482  51.757  -13.517  65.277 0.0000000000
59502  53.963  -14.020  65.015 0.0000000000
58503  54.790  -14.012  64.901 0.0000000000
54705  42.540  -18.375  64.649 0.0000000000
53869  43.127  -18.761  65.941 0.0000000000
66813  51.514  -5.467  51.026 0.0000000000
65987  52.355  -6.125  53.023 0.0000000000
66782  52.911  -5.926  52.754 0.0000000000
66781  53.539  -5.861  53.142 0.0000000000
36140  12.640  -38.429  85.752 0.0000000000
36132  13.106  -38.601  86.466 0.0000000000
36133  12.307  -38.789  86.409 0.0000000000
36125  11.320  -38.993  87.777 0.0000000000
36114  12.283  -39.000  87.932 0.0000000000
117092  11.715  -38.998  88.674 0.0000000000
36104  12.107  -38.835  89.581 0.0000000000
36116  9.792  -38.599  88.286 0.0000000000
59605  46.326  -13.179  56.801 0.0000000000
59606  45.565  -13.261  56.725 0.0000000000
58627  44.724  -14.597  57.304 0.0000000000
58639  44.315  -14.031  56.624 0.0000000000
58626  45.521  -14.373  57.491 0.0000000000
58625  46.247  -14.223  57.672 0.0000000000
58614  46.477  -14.735  58.276 0.0000000000
57553  46.639  -15.289  58.916 0.0000000000
57529  46.776  -15.439  59.778 0.0000000000
57479  47.464  -15.148  61.347 0.0000000000
57480  46.771  -15.291  61.277 0.0000000000
57531  44.593  -15.715  59.254 0.0000000000
57506  44.466  -15.595  60.175 0.0000000000
57464  45.374  -14.939  61.864 0.0000000000
57463  46.270  -15.076  61.934 0.0000000000
58555  47.617  -14.901  62.598 0.0000000000
58536  47.232  -14.410  63.296 0.0000000000
59509  47.293  -13.882  64.777 0.0000000000
60528  47.179  -12.826  65.976 0.0000000000
49375  38.175  -24.658  67.599 0.0000000000
49358  38.710  -24.764  68.366 0.0000000000
49346  39.227  -24.860  69.092 0.0000000000
48421  37.230  -25.355  70.317 0.0000000000
122556  37.156  -25.404  69.596 0.0000000000
49306  40.184  -25.018  71.729 0.0000000000
49321  39.144  -25.004  70.812 0.0000000000
49320  39.936  -24.907  70.978 0.0000000000
49318  41.587  -24.629  71.326 0.0000000000
49304  41.860  -25.029  72.045 0.0000000000
48350  42.676  -25.553  74.474 0.0000000000
48367  43.376  -25.380  73.848 0.0000000000
48349  43.502  -25.639  74.694 0.0000000000
134034  44.184  -25.708  74.830 0.0000000000
48328  43.896  -25.814  75.506 0.0000000000
117324  35.038  -25.602  76.078 0.0000000000
48336  35.611  -25.602  75.328 0.0000000000
48315  38.123  -25.839  76.885 0.0000000000
139781  37.839  -25.775  76.204 0.0000000000
117776  38.605  -25.889  76.162 0.0000000000
117777  39.468  -25.875  76.157 0.0000000000
123579  42.306  -25.771  78.408 0.0000000000
123578  41.391  -25.664  78.417 0.0000000000
48312  41.129  -25.584  76.786 0.0000000000
48311  42.014  -25.458  76.691 0.0000000000
48290  42.612  -25.674  77.485 0.0000000000
48289  43.536  -25.824  77.377 0.0000000000
123844  45.213  -25.761  77.015 0.0000000000
134862  31.256  -31.078  84.503 0.0000000000
42285  30.799  -31.501  84.565 0.0000000000
137712  29.606  -32.415  84.290 0.0000000000
117421  28.492  -32.938  84.754 0.0000000000
42311  28.026  -32.071  80.949 0.0000000000
41382  28.410  -32.221  81.735 0.0000000000
41383  27.564  -32.537  81.596 0.0000000000
40523  26.756  -33.512  82.455 0.0000000000
40513  26.813  -33.826  83.373 0.0000000000
40512  27.428  -33.591  83.822 0.0000000000
39644  26.285  -34.354  83.686 0.0000000000
134952  26.368  -34.520  84.191 0.0000000000
39656  24.461  -34.822  82.433 0.0000000000
39646  24.845  -34.835  83.158 0.0000000000
39647  24.120  -35.193  83.045 0.0000000000
38838  23.496  -35.394  82.927 0.0000000000
41427  22.746  -32.446  77.250 0.0000000000
42354  23.524  -32.017  77.126 0.0000000000
41426  23.326  -32.485  77.707 0.0000000000
41416  23.571  -32.724  78.355 0.0000000000
41419  20.942  -33.237  77.918 0.0000000000
40557  21.682  -33.500  79.549 0.0000000000
40556  22.573  -33.477  79.566 0.0000000000
39683  23.393  -34.323  80.689 0.0000000000
39657  21.638  -34.953  81.994 0.0000000000
117429  21.323  -35.797  84.047 0.0000000000
138027  19.666  -35.624  82.909 0.0000000000
39689  17.376  -35.189  79.982 0.0000000000
39688  18.129  -34.964  80.463 0.0000000000
38857  16.431  -36.172  81.993 0.0000000000
125977  17.118  -35.909  82.136 0.0000000000
38843  17.720  -35.945  83.239 0.0000000000
38011  15.390  -36.721  83.280 0.0000000000
38002  14.827  -37.255  83.826 0.0000000000
37112  12.971  -37.433  83.472 0.0000000000
37113  12.150  -37.335  83.494 0.0000000000
49347  32.092  -24.163  70.028 0.0000000000
48438  32.697  -24.704  69.712 0.0000000000
48426  32.413  -24.653  70.587 0.0000000000
135438  32.788  -24.878  71.337 0.0000000000
49322  31.885  -25.008  71.411 0.0000000000
48440  29.969  -25.025  69.603 0.0000000000
134453  30.648  -24.547  69.681 0.0000000000
47408  31.463  -26.993  72.734 0.0000000000
48397  31.461  -26.515  72.158 0.0000000000
48376  31.767  -26.738  72.686 0.0000000000
48396  31.910  -26.286  72.275 0.0000000000
48375  32.249  -26.627  73.072 0.0000000000
48356  32.516  -26.645  73.956 0.0000000000
47400  32.189  -26.890  74.180 0.0000000000
46473  32.161  -27.520  76.186 0.0000000000
47385  32.482  -26.972  75.785 0.0000000000
46467  32.025  -27.631  77.090 0.0000000000
46466  32.440  -27.133  77.620 0.0000000000
46455  32.410  -28.042  77.805 0.0000000000
43409  30.452  -30.205  76.837 0.0000000000
44449  30.919  -29.753  76.418 0.0000000000
121074  31.043  -29.940  77.325 0.0000000000
43367  31.538  -30.524  79.554 0.0000000000
44412  31.979  -29.803  78.990 0.0000000000
44397  32.019  -29.931  79.895 0.0000000000
44396  32.432  -29.305  79.720 0.0000000000
44380  32.530  -29.687  80.606 0.0000000000
133069  32.694  -29.691  81.419 0.0000000000
44381  32.228  -30.114  81.225 0.0000000000
43335  31.170  -31.200  82.755 0.0000000000
43334  31.811  -30.713  83.361 0.0000000000
136964  31.578  -30.814  84.134 0.0000000000
43324  31.727  -30.688  84.935 0.0000000000
42244  30.119  -32.332  87.562 0.0000000000
37953  23.452  -36.888  87.397 0.0000000000
139958  13.842  -38.617  87.809 0.0000000000
36112  14.200  -38.547  88.387 0.0000000000
37016  15.314  -37.746  91.740 0.0000000000
37015  16.435  -37.745  91.634 0.0000000000
133559  15.901  -37.823  92.642 0.0000000000
67553  60.303  -4.484  55.983 0.0000000000
125855  61.075  -3.986  56.377 0.0000000000
66738  62.519  -4.718  58.352 0.0000000000
65947  57.422  -7.079  56.009 0.0000000000
65128  59.237  -7.655  58.013 0.0000000000
65127  59.923  -6.823  58.201 0.0000000000
65927  60.234  -6.354  59.110 0.0000000000
65102  59.167  -6.852  60.962 0.0000000000
65910  61.447  -6.301  60.732 0.0000000000
65918  62.130  -5.855  60.221 0.0000000000
63456  48.737  -9.831  55.150 0.0000000000
62526  49.913  -10.015  56.015 0.0000000000
61603  49.273  -11.230  56.791 0.0000000000
62493  51.815  -10.779  58.178 0.0000000000
62506  51.305  -10.768  57.500 0.0000000000
126818  52.503  -10.539  58.174 0.0000000000
62491  53.096  -10.326  58.719 0.0000000000
62481  53.433  -10.325  59.435 0.0000000000
62464  54.944  -10.315  60.913 0.0000000000
62463  55.452  -10.160  61.248 0.0000000000
62462  56.133  -9.928  61.579 0.0000000000
62471  56.611  -10.332  61.379 0.0000000000
140627  50.989  -14.371  60.787 0.0000000000
58591  50.408  -14.248  60.427 0.0000000000
58590  51.671  -14.194  60.817 0.0000000000
58570  53.596  -14.277  61.135 0.0000000000
58588  53.074  -14.016  60.730 0.0000000000
59563  53.636  -13.397  60.544 0.0000000000
59553  57.334  -13.408  61.732 0.0000000000
59554  56.452  -13.496  61.676 0.0000000000
59561  55.445  -13.073  60.810 0.0000000000
59560  56.086  -13.130  61.146 0.0000000000
60563  55.985  -12.425  60.795 0.0000000000
136380  40.568  -15.100  61.500 0.0000000000
134640  41.355  -15.252  61.364 0.0000000000
57485  42.280  -15.283  61.253 0.0000000000
59531  40.895  -13.555  64.128 0.0000000000
58542  40.484  -13.658  63.617 0.0000000000
118986  43.381  -13.005  64.587 0.0000000000
135020  43.306  -13.462  63.956 0.0000000000
59528  44.261  -13.515  63.950 0.0000000000
138603  44.862  -13.478  64.279 0.0000000000
60516  45.550  -11.800  66.335 0.0000000000
60515  46.532  -11.944  66.438 0.0000000000
61520  46.899  -11.343  67.056 0.0000000000
50288  43.291  -23.234  70.807 0.0000000000
128673  42.215  -23.374  68.892 0.0000000000
50298  43.000  -22.771  69.942 0.0000000000
52195  43.087  -21.421  68.077 0.0000000000
52196  42.362  -21.837  67.658 0.0000000000
52212  42.808  -21.075  67.409 0.0000000000
138567  43.204  -20.543  67.131 0.0000000000
131063  45.079  -19.328  68.560 0.0000000000
53844  44.517  -19.435  67.760 0.0000000000
54671  44.601  -18.491  67.201 0.0000000000
50241  48.375  -24.025  76.596 0.0000000000
49271  48.047  -24.796  75.729 0.0000000000
52092  48.282  -22.063  75.174 0.0000000000
52106  48.137  -21.816  74.230 0.0000000000
52118  47.848  -21.615  73.302 0.0000000000
129104  48.409  -19.074  72.733 0.0000000000
53774  48.965  -19.501  73.341 0.0000000000
53785  47.708  -19.458  72.190 0.0000000000
52940  47.883  -20.362  72.332 0.0000000000
53796  46.830  -19.388  71.662 0.0000000000
53797  46.183  -19.345  71.097 0.0000000000
119396  46.613  -18.658  71.270 0.0000000000
55506  46.820  -17.002  70.068 0.0000000000
130809  46.515  -17.692  69.854 0.0000000000
128830  46.130  -16.836  68.870 0.0000000000
127664  45.438  -16.978  67.855 0.0000000000
56486  45.514  -16.092  67.940 0.0000000000
56487  45.155  -15.796  67.342 0.0000000000
56476  45.806  -16.047  68.625 0.0000000000
58442  46.180  -14.864  69.957 0.0000000000
58453  45.726  -14.753  69.208 0.0000000000
59421  45.943  -14.005  69.429 0.0000000000
58470  45.240  -13.737  68.831 0.0000000000
59400  48.407  -14.023  72.413 0.0000000000
60458  47.281  -12.690  70.515 0.0000000000
60459  46.847  -11.971  70.057 0.0000000000
60470  46.218  -12.266  69.498 0.0000000000
61469  46.527  -11.276  69.453 0.0000000000
61491  45.708  -11.108  68.384 0.0000000000
62391  46.846  -10.455  69.369 0.0000000000
117527  55.868  -1.006  46.760 0.0000000000
66836  53.709  -4.870  49.728 0.0000000000
116133  53.583  -4.476  49.038 0.0000000000
124932  55.663  -3.133  46.166 0.0000000000
68472  56.429  -3.032  45.812 0.0000000000
68471  57.236  -3.283  46.203 0.0000000000
139743  57.784  -3.108  45.793 0.0000000000
68451  58.829  -3.784  48.138 0.0000000000
68450  59.754  -3.687  48.490 0.0000000000
68443  60.328  -3.771  49.216 0.0000000000
67607  58.472  -4.607  50.389 0.0000000000
131258  60.901  -3.891  52.267 0.0000000000
138238  60.128  -4.249  50.684 0.0000000000
68427  60.970  -3.758  51.514 0.0000000000
68426  61.505  -3.288  51.271 0.0000000000
69342  62.194  -2.589  51.142 0.0000000000
69335  61.882  -2.560  51.883 0.0000000000
69327  62.515  -1.310  53.660 0.0000000000
72181  59.981  1.777  44.870 0.0000000000
73096  59.707  2.803  44.809 0.0000000000
37082  15.897  -37.173  86.436 0.0000000000
117652  15.333  -37.704  86.562 0.0000000000
37075  15.237  -38.032  87.277 0.0000000000
60526  49.093  -12.964  65.910 0.0000000000
60525  49.947  -12.987  65.778 0.0000000000
48410  34.587  -25.372  71.393 0.0000000000
48409  35.414  -25.573  71.516 0.0000000000
117772  34.853  -25.574  72.163 0.0000000000
116695  35.812  -25.565  73.540 0.0000000000
135379  27.801  -30.990  77.705 0.0000000000
42339  27.441  -31.290  78.213 0.0000000000
42350  27.150  -31.299  77.457 0.0000000000
42352  25.322  -31.752  77.544 0.0000000000
123450  27.392  -30.424  74.011 0.0000000000
116106  27.954  -30.347  75.340 0.0000000000
43412  27.806  -30.865  76.879 0.0000000000
135327  24.702  -36.228  84.841 0.0000000000
37983  24.834  -36.561  85.653 0.0000000000
37967  24.648  -36.842  86.567 0.0000000000
66767  58.364  -5.614  54.412 0.0000000000
118542  57.401  -8.184  61.888 0.0000000000
64244  58.338  -7.846  61.829 0.0000000000
60593  47.995  -12.612  57.393 0.0000000000
59583  48.969  -12.888  58.986 0.0000000000
59572  50.332  -13.514  59.954 0.0000000000
56539  41.677  -15.686  64.976 0.0000000000
57429  40.916  -14.972  65.173 0.0000000000
133463  42.396  -15.749  65.371 0.0000000000
57419  43.122  -15.361  66.378 0.0000000000
57407  43.898  -15.421  66.809 0.0000000000
48365  45.316  -25.315  73.833 0.0000000000
140091  45.056  -25.034  73.174 0.0000000000
48364  46.309  -25.215  73.894 0.0000000000
49280  47.198  -24.826  74.139 0.0000000000
49289  47.476  -23.929  73.919 0.0000000000
66810  54.187  -5.463  51.500 0.0000000000
119732  55.716  -5.154  52.101 0.0000000000
66808  56.477  -5.076  51.943 0.0000000000
69393  59.344  -2.004  44.525 0.0000000000
69392  60.318  -2.060  44.645 0.0000000000
69384  58.690  -2.519  44.971 0.0000000000
69373  59.175  -2.900  45.612 0.0000000000
47377  33.019  -26.542  77.270 0.0000000000
48299  33.781  -25.997  77.259 0.0000000000
47376  33.534  -26.066  78.079 0.0000000000
38816  19.750  -36.133  84.323 0.0000000000
37986  20.514  -36.323  85.939 0.0000000000
37987  19.730  -36.452  85.271 0.0000000000
37041  17.877  -37.658  89.310 0.0000000000
37056  18.585  -37.577  88.861 0.0000000000
125806  52.908  -7.170  54.921 0.0000000000
64325  51.685  -8.451  55.134 0.0000000000
64324  52.512  -8.624  55.362 0.0000000000
134015  54.136  -9.480  56.752 0.0000000000
63426  54.543  -9.627  57.577 0.0000000000
63410  54.461  -9.627  58.684 0.0000000000
58575  48.780  -15.082  61.589 0.0000000000
58515  51.083  -14.078  63.870 0.0000000000
60522  52.761  -13.178  65.930 0.0000000000
36142  11.282  -38.283  85.621 0.0000000000
36134  11.513  -38.702  86.314 0.0000000000
120118  10.949  -38.795  86.905 0.0000000000
36115  10.732  -39.018  88.526 0.0000000000
57573  45.158  -14.962  57.963 0.0000000000
57554  45.756  -15.255  58.575 0.0000000000
57507  43.581  -15.632  60.390 0.0000000000
138683  44.689  -15.394  60.724 0.0000000000
58537  46.223  -14.134  63.295 0.0000000000
59526  46.073  -13.745  64.016 0.0000000000
48448  37.020  -25.235  68.100 0.0000000000
48390  38.355  -25.608  72.270 0.0000000000
48406  38.535  -25.276  71.404 0.0000000000
140206  38.994  -25.395  72.047 0.0000000000
134036  39.638  -25.247  72.280 0.0000000000
48389  40.400  -25.167  72.490 0.0000000000
48388  41.252  -25.250  72.644 0.0000000000
48369  41.519  -25.377  73.455 0.0000000000
48351  41.784  -25.481  74.281 0.0000000000
123416  36.232  -25.245  76.879 0.0000000000
138706  36.631  -25.474  76.252 0.0000000000
48295  37.548  -25.616  77.645 0.0000000000
48294  38.455  -25.889  77.716 0.0000000000
128535  30.420  -31.752  83.882 0.0000000000
42292  30.465  -31.800  82.991 0.0000000000
41372  29.211  -32.504  83.208 0.0000000000
41393  26.533  -32.585  80.503 0.0000000000
41384  26.791  -32.779  81.242 0.0000000000
41385  26.097  -33.094  80.965 0.0000000000
40532  26.394  -33.346  81.658 0.0000000000
40524  25.959  -33.896  82.086 0.0000000000
39645  25.623  -34.616  83.327 0.0000000000
39668  24.705  -34.428  81.773 0.0000000000
120570  24.000  -34.823  81.770 0.0000000000
129601  22.158  -32.848  77.418 0.0000000000
134699  19.808  -33.766  78.370 0.0000000000
40568  20.459  -33.490  78.616 0.0000000000
40558  20.707  -33.608  79.568 0.0000000000
40546  21.307  -33.862  80.231 0.0000000000
39685  21.796  -34.246  80.647 0.0000000000
116164  21.131  -34.299  80.903 0.0000000000
119790  21.134  -34.642  81.529 0.0000000000
39658  20.833  -35.024  82.005 0.0000000000
38853  20.370  -35.480  82.639 0.0000000000
39659  20.149  -35.152  81.884 0.0000000000
38866  18.732  -35.345  81.854 0.0000000000
38022  15.955  -36.423  82.667 0.0000000000
49360  31.404  -23.881  69.007 0.0000000000
49348  31.544  -23.958  69.802 0.0000000000
46508  29.898  -27.527  71.328 0.0000000000
47429  30.123  -26.771  71.112 0.0000000000
47428  30.715  -26.437  71.592 0.0000000000
46500  30.902  -27.219  72.412 0.0000000000
47401  31.699  -27.118  73.660 0.0000000000
46485  31.903  -27.217  74.438 0.0000000000
45491  31.969  -28.167  75.555 0.0000000000
45480  31.896  -28.334  76.491 0.0000000000
43382  30.489  -30.808  78.413 0.0000000000
134407  30.897  -30.314  78.021 0.0000000000
43368  30.780  -30.961  79.235 0.0000000000
43347  31.750  -30.608  81.524 0.0000000000
43342  31.182  -31.112  81.911 0.0000000000
36092  13.035  -38.727  89.755 0.0000000000
37045  13.951  -38.398  90.031 0.0000000000
121236  13.926  -37.997  90.997 0.0000000000
37017  14.390  -37.762  91.862 0.0000000000
67541  61.610  -4.477  57.097 0.0000000000
120577  62.542  -5.198  58.917 0.0000000000
140254  56.610  -7.295  56.062 0.0000000000
65138  57.961  -7.701  56.768 0.0000000000
64297  58.437  -7.886  57.488 0.0000000000
65086  60.103  -7.204  61.802 0.0000000000
61584  50.716  -11.578  58.453 0.0000000000
61594  50.461  -11.097  57.673 0.0000000000
61583  51.529  -11.223  58.922 0.0000000000
62482  52.860  -10.661  59.498 0.0000000000
62473  53.479  -10.590  59.968 0.0000000000
61565  54.491  -10.804  60.622 0.0000000000
61554  55.179  -10.715  60.804 0.0000000000
58551  52.547  -14.607  62.043 0.0000000000
130593  53.360  -14.661  61.914 0.0000000000
58569  54.321  -14.450  61.758 0.0000000000
60557  57.843  -12.836  61.236 0.0000000000
57486  39.844  -15.173  61.308 0.0000000000
127477  40.818  -14.724  62.164 0.0000000000
59514  42.021  -13.398  64.796 0.0000000000
59530  41.709  -13.504  64.207 0.0000000000
59513  42.769  -12.848  65.178 0.0000000000
60538  43.544  -12.684  65.183 0.0000000000
60531  44.039  -12.403  65.474 0.0000000000
59489  44.905  -12.805  65.308 0.0000000000
128149  44.469  -12.122  65.753 0.0000000000
60517  44.678  -11.808  66.212 0.0000000000
51197  44.450  -22.143  71.168 0.0000000000
52169  43.572  -21.834  69.766 0.0000000000
52156  44.251  -21.688  70.407 0.0000000000
52168  43.908  -21.147  69.222 0.0000000000
52180  43.681  -20.965  68.456 0.0000000000
53005  44.038  -20.282  68.082 0.0000000000
52987  44.231  -20.502  68.831 0.0000000000
53815  44.774  -19.976  69.177 0.0000000000
53814  45.507  -19.385  69.355 0.0000000000
119631  48.830  -21.488  75.788 0.0000000000
127091  47.447  -17.822  72.106 0.0000000000
130195  46.950  -17.876  71.449 0.0000000000
55499  47.249  -17.091  71.644 0.0000000000
56464  46.325  -16.181  69.918 0.0000000000
57367  46.346  -15.627  70.285 0.0000000000
130009  46.534  -15.203  70.568 0.0000000000
58441  46.740  -14.581  70.460 0.0000000000
67641  55.866  -4.076  47.390 0.0000000000
68459  57.526  -3.619  47.079 0.0000000000
67629  58.346  -4.245  48.557 0.0000000000
67628  59.014  -4.172  48.907 0.0000000000
67591  59.332  -4.701  52.497 0.0000000000
67599  59.431  -4.632  51.723 0.0000000000
67590  60.137  -4.444  52.392 0.0000000000
68418  61.434  -3.075  53.011 0.0000000000
71304  61.175  0.328  43.912 0.0000000000
72214  61.207  1.843  43.588 0.0000000000
72213  61.868  1.363  43.501 0.0000000000
72212  62.711  2.148  43.485 0.0000000000
70323  63.104  -0.752  48.573 0.0000000000
140085  63.045  -0.336  49.897 0.0000000000
46415  33.504  -28.264  80.977 0.0000000000
46428  33.747  -27.383  80.587 0.0000000000
45409  33.719  -27.992  81.870 0.0000000000
46408  33.891  -27.665  82.747 0.0000000000
45365  33.487  -29.031  84.156 0.0000000000
37989  17.605  -36.722  85.188 0.0000000000
37974  18.006  -36.906  85.987 0.0000000000
37959  17.342  -37.111  86.699 0.0000000000
37081  16.515  -37.048  86.733 0.0000000000
37073  17.094  -37.623  87.888 0.0000000000
65163  50.502  -7.560  54.380 0.0000000000
63453  51.273  -9.424  55.380 0.0000000000
58516  49.765  -14.146  64.296 0.0000000000
60524  51.277  -13.067  65.772 0.0000000000
36135  10.022  -38.280  86.690 0.0000000000
37077  9.213  -37.768  86.971 0.0000000000
37078  8.558  -37.207  87.265 0.0000000000
120958  8.628  -38.694  89.592 0.0000000000
57484  43.202  -15.303  61.157 0.0000000000
48422  36.395  -25.472  70.050 0.0000000000
122293  36.851  -25.398  71.057 0.0000000000
132450  36.165  -25.591  71.570 0.0000000000
48407  37.653  -25.478  71.699 0.0000000000
48371  38.297  -25.732  73.096 0.0000000000
116702  39.450  -25.344  74.634 0.0000000000
42317  29.523  -31.684  80.412 0.0000000000
42318  28.462  -31.717  80.148 0.0000000000
42319  27.639  -31.941  80.303 0.0000000000
122969  27.097  -31.612  78.785 0.0000000000
42329  26.719  -31.959  79.318 0.0000000000
42320  26.975  -32.105  80.051 0.0000000000
41395  25.061  -33.147  80.009 0.0000000000
40579  19.239  -33.810  77.648 0.0000000000
39715  19.195  -34.232  78.644 0.0000000000
127043  18.801  -34.525  79.305 0.0000000000
45506  30.243  -28.849  73.739 0.0000000000
44488  30.537  -29.342  74.568 0.0000000000
44450  30.197  -30.087  76.142 0.0000000000
43410  29.748  -30.417  76.795 0.0000000000
43411  28.804  -30.562  76.667 0.0000000000
43369  29.923  -31.161  78.964 0.0000000000
123127  60.005  -4.398  55.282 0.0000000000
65934  60.680  -5.522  58.055 0.0000000000
64275  58.083  -7.942  59.386 0.0000000000
65103  58.435  -7.281  61.094 0.0000000000
133329  59.298  -7.439  61.791 0.0000000000
60604  48.977  -11.774  57.197 0.0000000000
60592  49.308  -11.894  57.762 0.0000000000
60585  48.624  -12.270  57.769 0.0000000000
60591  49.957  -11.771  58.052 0.0000000000
60574  51.007  -12.082  59.290 0.0000000000
60566  53.152  -12.416  60.562 0.0000000000
58511  55.474  -14.149  64.241 0.0000000000
58528  55.070  -14.486  63.490 0.0000000000
136997  38.977  -14.793  63.224 0.0000000000
58561  39.422  -14.477  62.877 0.0000000000
58520  40.296  -13.900  64.344 0.0000000000
128253  41.406  -14.515  65.234 0.0000000000
59492  41.619  -13.870  65.031 0.0000000000
59491  42.247  -13.366  65.430 0.0000000000
50290  41.925  -23.911  70.049 0.0000000000
51183  43.966  -22.931  71.311 0.0000000000
121480  44.800  -24.142  72.171 0.0000000000
50273  45.086  -23.366  72.032 0.0000000000
51169  44.696  -22.766  71.714 0.0000000000
51182  45.065  -22.101  71.700 0.0000000000
52133  45.683  -21.894  72.116 0.0000000000
52142  45.983  -21.316  71.862 0.0000000000
134761  54.526  -5.136  49.984 0.0000000000
66835  55.099  -5.133  49.479 0.0000000000
66834  55.849  -5.135  49.608 0.0000000000
66833  56.683  -5.057  49.902 0.0000000000
125391  57.846  -4.920  51.050 0.0000000000
67601  58.104  -4.905  51.740 0.0000000000
123251  58.690  -4.814  52.118 0.0000000000
127822  60.083  0.778  44.826 0.0000000000
71265  58.642  0.170  44.977 0.0000000000
129349  60.299  -0.039  44.185 0.0000000000
71281  62.139  -0.354  44.211 0.0000000000
71264  62.875  0.465  45.595 0.0000000000
70347  62.479  -0.675  44.830 0.0000000000
70340  62.691  -0.687  45.787 0.0000000000
69380  62.275  -1.784  46.075 0.0000000000
69381  61.572  -2.420  45.580 0.0000000000
69369  62.283  -1.941  46.895 0.0000000000
69362  61.939  -2.663  47.316 0.0000000000
125807  33.470  -26.151  74.247 0.0000000000
48353  33.987  -25.850  74.320 0.0000000000
119236  34.152  -25.855  75.023 0.0000000000
48337  34.694  -25.741  75.312 0.0000000000
124568  34.296  -25.592  77.215 0.0000000000
48298  34.747  -25.026  77.631 0.0000000000
122611  35.337  -25.173  76.878 0.0000000000
48297  35.695  -24.907  77.623 0.0000000000
48277  36.546  -25.153  79.134 0.0000000000
47358  34.109  -26.621  80.412 0.0000000000
123005  34.664  -26.042  80.277 0.0000000000
116199  35.221  -25.854  80.970 0.0000000000
132764  35.147  -25.635  80.219 0.0000000000
42377  26.012  -31.471  75.240 0.0000000000
38813  22.511  -36.128  85.096 0.0000000000
38802  22.362  -36.147  85.979 0.0000000000
37970  22.049  -36.632  86.771 0.0000000000
37941  22.178  -37.367  88.075 0.0000000000
37973  18.852  -36.936  86.466 0.0000000000
138405  19.435  -37.265  87.684 0.0000000000
131145  20.034  -37.086  88.067 0.0000000000
118879  19.462  -37.501  89.428 0.0000000000
37055  20.284  -37.240  89.112 0.0000000000
66770  55.672  -5.631  54.189 0.0000000000
137010  55.325  -5.963  54.667 0.0000000000
65953  55.444  -6.550  55.263 0.0000000000
125701  54.114  -6.320  54.613 0.0000000000
65151  55.899  -7.161  55.896 0.0000000000
65139  56.241  -7.733  56.368 0.0000000000
64308  56.208  -8.442  56.786 0.0000000000
64323  53.170  -8.014  55.400 0.0000000000
64322  54.069  -7.952  55.685 0.0000000000
64299  56.777  -8.690  57.568 0.0000000000
64288  56.556  -8.615  58.828 0.0000000000
64277  56.259  -8.461  60.087 0.0000000000
64245  56.704  -8.450  61.759 0.0000000000
63362  57.001  -8.824  62.262 0.0000000000
134087  57.344  -9.278  62.226 0.0000000000
132943  48.556  -14.477  59.569 0.0000000000
140494  49.131  -14.086  59.707 0.0000000000
58572  51.161  -14.584  61.536 0.0000000000
58552  50.254  -14.897  61.921 0.0000000000
131706  50.364  -14.229  63.919 0.0000000000
59481  52.565  -13.600  65.418 0.0000000000
58513  52.818  -14.390  64.176 0.0000000000
118011  53.773  -14.422  64.302 0.0000000000
58512  54.622  -14.413  64.173 0.0000000000
55584  42.775  -17.471  64.931 0.0000000000
55569  43.105  -17.499  65.613 0.0000000000
48305  47.295  -25.288  76.878 0.0000000000
48324  47.621  -25.314  76.208 0.0000000000
66826  52.288  -5.349  50.689 0.0000000000
120417  52.851  -5.894  51.993 0.0000000000
66780  54.412  -5.652  53.127 0.0000000000
70343  57.105  -0.895  45.622 0.0000000000
37093  13.399  -38.174  85.778 0.0000000000
37076  13.962  -38.156  86.543 0.0000000000
36113  13.292  -38.895  88.065 0.0000000000
36093  12.468  -38.586  90.461 0.0000000000
37020  11.633  -38.301  92.136 0.0000000000
60607  46.806  -12.683  56.340 0.0000000000
140761  46.986  -13.090  56.894 0.0000000000
59596  47.403  -13.198  57.523 0.0000000000
59597  45.913  -13.746  57.175 0.0000000000
58624  46.986  -14.059  57.931 0.0000000000
58603  47.892  -14.925  59.350 0.0000000000
57527  48.246  -15.026  60.124 0.0000000000
57528  47.534  -15.233  59.782 0.0000000000
57502  48.126  -15.007  61.027 0.0000000000
58554  48.511  -15.076  62.471 0.0000000000
57556  43.876  -15.811  58.563 0.0000000000
123408  45.916  -15.520  60.204 0.0000000000
57462  47.120  -15.104  61.970 0.0000000000
59508  48.255  -13.906  64.743 0.0000000000
59485  48.649  -13.505  65.409 0.0000000000
60513  48.632  -12.440  66.565 0.0000000000
49374  39.115  -24.243  67.492 0.0000000000
49357  39.554  -24.459  68.402 0.0000000000
49344  40.463  -24.449  69.354 0.0000000000
48435  37.085  -25.346  68.813 0.0000000000
140209  37.706  -25.362  69.184 0.0000000000
135015  38.455  -25.089  70.604 0.0000000000
49334  38.933  -24.948  69.954 0.0000000000
48434  38.412  -25.166  69.156 0.0000000000
49345  39.780  -24.773  69.658 0.0000000000
49332  40.459  -24.647  70.244 0.0000000000
49331  41.349  -24.363  70.557 0.0000000000
49317  42.433  -24.541  71.538 0.0000000000
49302  43.514  -24.774  72.504 0.0000000000
48387  42.140  -25.307  72.807 0.0000000000
48386  42.992  -25.176  73.033 0.0000000000
48366  44.359  -25.289  73.625 0.0000000000
48348  44.713  -25.566  74.429 0.0000000000
116696  34.782  -25.655  73.924 0.0000000000
135445  35.508  -25.620  74.466 0.0000000000
117775  37.239  -25.628  75.893 0.0000000000
137071  37.181  -25.583  75.199 0.0000000000
116700  37.542  -25.604  74.434 0.0000000000
116701  38.535  -25.528  74.575 0.0000000000
48332  39.865  -25.526  75.424 0.0000000000
138728  39.221  -25.972  77.831 0.0000000000
48293  39.964  -25.952  77.565 0.0000000000
48313  39.887  -25.968  76.766 0.0000000000
117778  40.396  -25.713  76.181 0.0000000000
48331  40.622  -25.521  75.417 0.0000000000
117780  42.431  -25.575  75.905 0.0000000000
117781  43.200  -25.708  75.948 0.0000000000
48309  43.793  -25.866  76.466 0.0000000000
48308  44.762  -25.940  76.194 0.0000000000
48307  45.810  -25.747  76.382 0.0000000000
134740  46.477  -25.487  76.860 0.0000000000
43299  31.917  -30.509  86.998 0.0000000000
119115  30.523  -31.719  86.382 0.0000000000
42258  29.949  -32.029  86.775 0.0000000000
42286  30.092  -32.019  84.635 0.0000000000
42273  29.963  -32.041  85.744 0.0000000000
129301  29.388  -32.516  86.242 0.0000000000
41346  28.741  -32.976  85.791 0.0000000000
40495  27.701  -34.023  85.675 0.0000000000
42302  29.241  -31.994  81.933 0.0000000000
41373  28.778  -32.465  82.569 0.0000000000
134841  28.653  -32.706  83.270 0.0000000000
41374  27.461  -32.912  82.366 0.0000000000
120671  28.064  -32.794  82.892 0.0000000000
41355  28.120  -33.044  83.772 0.0000000000
40503  27.729  -33.554  84.661 0.0000000000
40496  26.998  -34.390  85.281 0.0000000000
124916  26.441  -34.757  84.712 0.0000000000
38836  25.173  -34.992  83.759 0.0000000000
38823  25.149  -35.631  84.325 0.0000000000
38824  24.261  -35.986  84.258 0.0000000000
38825  23.578  -36.070  84.368 0.0000000000
118199  25.309  -31.610  75.819 0.0000000000
42363  25.328  -31.716  76.723 0.0000000000
42353  24.480  -31.837  77.225 0.0000000000
42342  24.840  -31.915  78.080 0.0000000000
41415  24.385  -32.506  78.575 0.0000000000
40554  24.241  -33.276  79.840 0.0000000000
41418  21.800  -33.153  78.014 0.0000000000
41406  23.058  -33.119  78.939 0.0000000000
40555  23.421  -33.414  79.668 0.0000000000
40543  23.798  -33.824  80.326 0.0000000000
39669  23.369  -34.706  81.302 0.0000000000
120391  23.371  -35.020  81.912 0.0000000000
39670  22.582  -34.925  81.759 0.0000000000
38851  23.066  -35.321  82.424 0.0000000000
38839  22.862  -35.574  83.180 0.0000000000
38826  22.784  -35.850  84.154 0.0000000000
38827  21.913  -35.827  84.482 0.0000000000
38828  20.643  -35.934  84.155 0.0000000000
116581  20.114  -35.803  83.485 0.0000000000
38829  18.833  -36.038  84.167 0.0000000000
38876  17.510  -35.386  80.893 0.0000000000
38867  17.750  -35.567  81.828 0.0000000000
119568  18.201  -35.642  82.623 0.0000000000
38830  18.047  -36.185  83.988 0.0000000000
37999  17.667  -36.478  84.491 0.0000000000
38000  16.467  -36.639  84.417 0.0000000000
37102  15.125  -37.314  84.732 0.0000000000
37111  13.859  -37.392  83.613 0.0000000000
119951  13.755  -37.788  85.122 0.0000000000
37094  11.966  -37.998  85.106 0.0000000000
37105  11.438  -37.556  84.127 0.0000000000
37095  10.981  -37.838  84.928 0.0000000000
48436  34.020  -25.578  69.093 0.0000000000
126115  33.933  -25.350  69.810 0.0000000000
48452  32.699  -25.123  68.753 0.0000000000
48411  33.725  -25.090  71.314 0.0000000000
118066  33.131  -25.128  72.086 0.0000000000
49336  31.155  -24.620  70.111 0.0000000000
48414  31.001  -25.809  71.365 0.0000000000
49323  31.400  -25.225  70.961 0.0000000000
118605  32.030  -25.667  71.932 0.0000000000
48395  32.664  -25.974  72.576 0.0000000000
48355  33.214  -26.400  74.436 0.0000000000
48339  33.512  -26.372  74.952 0.0000000000
47391  33.058  -26.647  75.298 0.0000000000
47392  32.461  -26.991  74.884 0.0000000000
47384  32.954  -26.561  76.197 0.0000000000
132445  32.797  -27.500  78.372 0.0000000000
46442  33.070  -27.764  79.164 0.0000000000
45481  31.553  -29.096  75.931 0.0000000000
44413  31.530  -29.854  78.108 0.0000000000
44429  31.684  -29.376  77.523 0.0000000000
45441  32.346  -29.001  79.024 0.0000000000
45440  32.757  -28.532  79.493 0.0000000000
120612  33.038  -29.091  81.186 0.0000000000
44350  32.779  -29.779  82.891 0.0000000000
44351  32.260  -30.307  82.836 0.0000000000
44338  32.531  -30.124  83.580 0.0000000000
37968  23.774  -36.556  86.771 0.0000000000
37952  24.283  -37.120  87.309 0.0000000000
36122  14.368  -38.337  87.458 0.0000000000
136161  15.067  -38.197  88.081 0.0000000000
36102  14.301  -38.481  89.258 0.0000000000
37043  15.581  -37.873  89.597 0.0000000000
37027  16.388  -37.779  90.287 0.0000000000
66760  56.871  -5.844  54.992 0.0000000000
65952  58.274  -6.441  55.681 0.0000000000
132759  58.289  -7.123  56.326 0.0000000000
65946  59.025  -6.777  56.392 0.0000000000
65926  60.782  -5.659  58.908 0.0000000000
65121  58.969  -7.759  59.124 0.0000000000
139700  59.763  -6.540  61.033 0.0000000000
65919  59.925  -6.625  60.192 0.0000000000
121317  60.814  -6.170  59.754 0.0000000000
66721  61.476  -5.495  59.375 0.0000000000
63470  49.132  -9.105  54.818 0.0000000000
63454  50.379  -9.519  55.463 0.0000000000
61610  48.860  -10.963  56.170 0.0000000000
122648  49.559  -10.631  56.385 0.0000000000
62517  50.172  -10.453  56.490 0.0000000000
62516  51.509  -10.476  56.635 0.0000000000
133340  52.234  -10.238  56.426 0.0000000000
62504  53.034  -10.229  57.750 0.0000000000
63396  54.363  -9.608  59.626 0.0000000000
63379  53.881  -10.029  59.886 0.0000000000
63378  54.450  -9.771  60.423 0.0000000000
63377  55.027  -9.408  60.665 0.0000000000
125760  55.679  -9.640  61.419 0.0000000000
62461  56.797  -9.574  62.006 0.0000000000
58589  52.421  -14.080  60.785 0.0000000000
59565  51.973  -13.441  60.516 0.0000000000
60565  53.990  -12.243  60.557 0.0000000000
131179  55.520  -14.358  62.854 0.0000000000
58549  55.214  -14.157  62.077 0.0000000000
59542  56.824  -13.748  62.421 0.0000000000
59556  55.029  -13.969  61.100 0.0000000000
60564  54.973  -12.307  60.597 0.0000000000
61564  55.536  -11.587  60.666 0.0000000000
60562  57.352  -11.902  60.734 0.0000000000
122251  57.049  -10.830  60.910 0.0000000000
61562  57.847  -11.091  60.802 0.0000000000
62469  58.434  -10.407  61.039 0.0000000000
57509  41.820  -15.642  60.538 0.0000000000
58577  43.637  -14.842  61.778 0.0000000000
58560  40.147  -13.958  62.860 0.0000000000
58559  41.048  -14.038  62.827 0.0000000000
58558  42.113  -14.288  62.777 0.0000000000
58557  43.169  -14.369  62.571 0.0000000000
133487  44.764  -14.013  63.297 0.0000000000
59527  45.319  -13.761  63.752 0.0000000000
59488  45.860  -13.024  65.255 0.0000000000
59487  46.779  -13.369  65.397 0.0000000000
60514  47.599  -12.270  66.588 0.0000000000
50300  41.797  -23.770  69.225 0.0000000000
51222  43.008  -22.241  69.249 0.0000000000
51232  42.235  -22.539  67.939 0.0000000000
53857  42.799  -19.507  65.983 0.0000000000
132981  43.789  -20.045  67.239 0.0000000000
137698  43.642  -19.678  66.762 0.0000000000
53856  43.474  -19.281  66.397 0.0000000000
54672  43.755  -18.294  66.496 0.0000000000
55553  43.875  -17.207  66.439 0.0000000000
49279  47.694  -24.207  74.790 0.0000000000
50257  47.802  -23.312  74.606 0.0000000000
51128  48.206  -22.661  75.679 0.0000000000
50263  47.600  -23.038  73.800 0.0000000000
52119  47.034  -21.991  72.929 0.0000000000
52951  46.613  -20.901  71.815 0.0000000000
52924  49.050  -20.562  74.399 0.0000000000
53763  49.286  -19.863  73.995 0.0000000000
52931  48.794  -20.349  73.513 0.0000000000
52105  48.440  -21.146  73.887 0.0000000000
52117  48.232  -20.829  72.948 0.0000000000
128582  46.419  -20.114  71.440 0.0000000000
53805  45.846  -19.275  70.266 0.0000000000
54642  45.976  -18.727  69.540 0.0000000000
54632  46.641  -17.975  70.595 0.0000000000
54633  46.278  -18.422  70.059 0.0000000000
54657  45.725  -18.508  68.744 0.0000000000
55527  45.553  -17.713  68.172 0.0000000000
122115  44.464  -16.696  66.686 0.0000000000
56507  44.659  -15.961  66.796 0.0000000000
57390  44.577  -15.388  67.257 0.0000000000
58471  44.479  -15.017  67.667 0.0000000000
57373  45.726  -15.406  68.955 0.0000000000
122125  44.814  -14.854  68.119 0.0000000000
58483  44.228  -14.176  67.602 0.0000000000
59454  44.218  -13.057  67.798 0.0000000000
60485  44.458  -12.196  67.950 0.0000000000
58422  47.900  -14.795  72.327 0.0000000000
58440  47.350  -14.330  70.992 0.0000000000
59420  47.022  -13.661  70.315 0.0000000000
59408  48.469  -13.152  71.674 0.0000000000
59409  47.743  -13.447  70.985 0.0000000000
59430  46.283  -13.315  69.773 0.0000000000
59431  45.616  -12.968  69.228 0.0000000000
60484  44.983  -11.545  68.130 0.0000000000
61507  45.497  -11.100  67.614 0.0000000000
120249  46.376  -10.852  67.650 0.0000000000
62426  46.881  -10.485  68.305 0.0000000000
69386  56.663  -2.306  45.534 0.0000000000
125332  58.455  -3.033  45.718 0.0000000000
68469  59.109  -3.233  46.471 0.0000000000
68458  58.505  -3.570  47.272 0.0000000000
68456  60.417  -3.382  47.723 0.0000000000
68449  60.778  -3.501  48.554 0.0000000000
67616  59.140  -4.336  49.770 0.0000000000
67615  60.041  -4.125  50.002 0.0000000000
68442  60.836  -3.676  49.837 0.0000000000
68441  61.470  -3.201  49.675 0.0000000000
121572  61.940  -1.985  52.841 0.0000000000
36997  16.213  -38.045  93.128 0.0000000000
37044  14.804  -38.134  89.858 0.0000000000
37053  21.701  -37.694  88.611 0.0000000000
37954  22.636  -36.925  87.503 0.0000000000
43424  26.647  -31.140  75.036 0.0000000000
43454  27.754  -29.972  72.740 0.0000000000
48292  40.858  -25.669  77.622 0.0000000000
48327  44.777  -25.800  75.220 0.0000000000
48335  36.524  -25.532  75.587 0.0000000000
48385  43.734  -25.125  73.136 0.0000000000
48423  35.397  -25.449  70.075 0.0000000000
48427  30.619  -25.266  70.041 0.0000000000
49292  45.299  -24.548  72.630 0.0000000000
49300  46.114  -24.224  72.507 0.0000000000
50279  44.366  -23.536  71.791 0.0000000000
50289  42.626  -23.587  70.371 0.0000000000
51142  47.931  -22.527  74.430 0.0000000000
51168  45.413  -22.618  72.112 0.0000000000
51210  42.613  -22.866  69.077 0.0000000000
51223  42.683  -22.206  68.484 0.0000000000
52132  46.449  -21.627  72.313 0.0000000000
52155  44.862  -21.508  70.865 0.0000000000
54614  47.833  -18.517  72.399 0.0000000000
54688  43.208  -18.110  65.960 0.0000000000
55507  46.431  -16.907  69.463 0.0000000000
55515  46.196  -17.840  69.297 0.0000000000
55516  45.794  -16.842  68.328 0.0000000000
55540  45.099  -17.664  67.536 0.0000000000
55568  43.429  -17.629  66.108 0.0000000000
56444  47.836  -16.284  72.579 0.0000000000
56463  46.622  -16.279  70.598 0.0000000000
57361  46.637  -15.690  70.991 0.0000000000
57374  45.390  -15.372  68.377 0.0000000000
57420  42.455  -15.187  65.843 0.0000000000
58431  46.894  -15.063  71.109 0.0000000000
58454  45.255  -14.733  68.636 0.0000000000
59442  44.668  -13.068  68.319 0.0000000000
60443  47.934  -12.467  71.012 0.0000000000
61470  46.021  -11.415  68.996 0.0000000000
61490  46.362  -10.782  68.819 0.0000000000
69354  62.791  -1.970  48.655 0.0000000000
116182  31.172  -26.297  71.805 0.0000000000
119251  52.269  -14.564  62.695 0.0000000000
120560  34.295  -25.830  75.767 0.0000000000
120946  45.229  -15.566  59.766 0.0000000000
121348  36.154  -24.921  78.374 0.0000000000
122055  54.016  -10.295  60.317 0.0000000000
123573  35.087  -25.456  70.773 0.0000000000
123575  37.019  -25.309  78.402 0.0000000000
132835  48.336  -11.359  55.989 0.0000000000
134506  47.966  -22.759  75.121 0.0000000000
135325  42.548  -20.648  66.804 0.0000000000
137106  50.237  -13.460  65.254 0.0000000000
137529  36.157  -25.567  74.146 0.0000000000
137630  33.989  -26.020  75.714 0.0000000000
138042  18.214  -36.724  85.358 0.0000000000
139993  35.093  -25.704  74.939 0.0000000000
140610  27.267  -33.930  85.002 0.0000000000
140765  44.224  -21.299  69.814 0.0000000000
