#!ascii label  , from subject sub-05 vox2ras=TkReg
1833
119118  39.976  -63.140  16.315 0.6000000238
14981  40.930  -62.916  18.320 0.5000000000
16652  40.294  -61.380  16.121 0.6999999881
16661  40.096  -61.301  15.427 0.6000000238
16672  39.919  -61.282  14.613 0.6000000238
17442  38.859  -60.089  14.795 0.6000000238
15827  40.420  -62.271  17.095 0.6999999881
16651  40.461  -61.723  16.595 0.6000000238
16660  40.500  -61.946  15.692 0.5000000000
15853  40.726  -62.461  14.885 0.5000000000
16678  40.470  -61.836  14.257 0.5000000000
17450  39.345  -60.677  14.257 0.6000000238
15812  41.016  -62.049  18.273 0.5000000000
15813  40.582  -62.601  17.719 0.5000000000
15031  39.961  -63.636  15.675 0.6000000238
136361  39.478  -60.625  13.539 0.6000000238
14980  41.520  -63.206  18.559 0.5000000000
14979  42.281  -63.442  18.513 0.5000000000
18987  38.920  -58.301  16.217 0.6000000238
19000  38.679  -58.596  15.523 0.6999999881
18179  40.362  -59.537  17.090 0.6000000238
17415  39.982  -60.206  16.782 0.6999999881
18198  38.960  -59.241  16.149 0.6000000238
18211  38.681  -59.396  15.242 0.6000000238
119361  40.759  -60.564  17.477 0.6000000238
17429  40.408  -61.027  16.771 0.6999999881
18215  38.650  -59.425  14.449 0.6000000238
16625  41.484  -61.439  18.592 0.5000000000
17414  41.380  -60.640  18.222 0.5000000000
19017  38.674  -58.907  13.874 0.6000000238
15798  41.635  -62.351  18.793 0.5000000000
18221  39.199  -59.210  13.152 0.6000000238
124211  42.545  -62.275  19.060 0.5000000000
19031  39.739  -58.560  12.609 0.6000000238
19030  40.405  -57.991  12.117 0.6999999881
19042  40.184  -58.894  11.947 0.6000000238
19898  40.468  -57.049  12.098 0.6999999881
18231  40.417  -59.233  11.142 0.6000000238
19041  40.692  -58.314  11.354 0.6000000238
19054  41.994  -58.272  10.325 0.6000000238
19040  41.385  -57.794  10.850 0.6000000238
23370  45.124  -54.468  7.734 0.5000000000
23375  45.732  -52.654  6.908 0.6999999881
22532  44.931  -55.116  7.416 0.6000000238
24235  45.460  -52.607  6.742 0.8000000119
22540  44.458  -54.422  6.984 0.6999999881
119410  39.368  -56.783  16.580 0.6000000238
138975  38.996  -56.781  16.265 0.6999999881
130403  40.291  -58.733  16.960 0.6999999881
139447  39.774  -58.959  16.849 0.6999999881
19800  39.579  -57.568  16.735 0.6000000238
122207  38.585  -58.112  14.990 0.6999999881
19868  38.736  -57.442  14.877 0.6999999881
18178  41.204  -59.840  17.734 0.6000000238
18960  41.084  -58.991  17.261 0.6000000238
20733  39.042  -56.639  14.675 0.8000000119
18177  42.508  -59.237  17.892 0.5000000000
131480  41.743  -59.366  17.718 0.5000000000
19884  39.026  -57.306  13.998 0.8000000119
19016  39.099  -58.122  13.356 0.6000000238
18155  42.974  -59.825  18.406 0.5000000000
17413  41.971  -60.003  18.361 0.5000000000
20739  39.500  -56.440  13.681 0.8000000119
16623  43.268  -61.495  19.062 0.5000000000
20749  39.982  -56.716  12.780 0.8000000119
20748  40.592  -56.185  12.208 0.8000000119
19899  39.896  -57.617  12.708 0.6999999881
21633  41.200  -55.727  11.722 0.6999999881
22511  41.573  -54.684  11.135 0.6999999881
21632  41.711  -55.478  11.275 0.6999999881
20763  41.197  -56.498  11.558 0.6999999881
121824  42.169  -55.333  10.767 0.6000000238
20762  41.804  -55.993  11.210 0.6000000238
19908  41.613  -56.947  11.008 0.6000000238
23364  42.951  -54.134  9.735 0.6999999881
21643  42.916  -55.465  10.044 0.6999999881
21644  42.338  -55.831  10.656 0.6000000238
24215  45.020  -53.729  8.574 0.6999999881
21652  43.991  -55.708  9.262 0.6000000238
119548  45.509  -53.347  7.265 0.8000000119
24223  45.373  -52.850  8.222 0.8000000119
22528  44.629  -55.189  8.445 0.6000000238
25044  45.636  -52.179  7.202 0.8999999762
24230  42.711  -52.298  7.552 0.6999999881
130522  44.799  -51.367  7.071 0.8000000119
23376  43.748  -53.387  6.962 0.6999999881
21575  40.204  -55.089  17.034 0.6000000238
21587  39.457  -55.299  16.432 0.6999999881
22465  39.777  -54.525  16.433 0.6999999881
21593  39.408  -54.753  15.708 0.6000000238
122560  42.065  -56.543  17.055 0.4000000060
127776  40.996  -57.424  16.930 0.6000000238
19826  40.152  -56.875  16.996 0.6000000238
20723  39.072  -56.005  15.336 0.6999999881
19825  41.844  -57.328  17.031 0.6000000238
21599  39.383  -55.205  14.851 0.8000000119
18983  43.314  -57.932  16.944 0.4000000060
18958  42.938  -58.513  17.509 0.5000000000
18959  42.021  -58.690  17.392 0.6000000238
20732  39.333  -55.950  14.464 0.8000000119
18957  43.812  -58.568  17.300 0.5000000000
21609  39.593  -55.491  13.781 0.8000000119
18154  43.888  -59.732  18.326 0.4000000060
21623  40.586  -55.408  12.301 0.8000000119
135644  44.294  -60.327  18.544 0.5000000000
22512  40.805  -54.216  11.800 0.8000000119
139051  41.330  -53.033  10.859 0.8000000119
23356  41.057  -53.655  11.256 0.6999999881
22502  40.468  -54.634  12.362 0.8000000119
140282  42.613  -53.398  9.984 0.8000000119
25028  43.365  -51.598  10.051 0.8999999762
134756  43.235  -52.661  9.923 0.8999999762
23365  41.888  -53.769  10.425 0.6999999881
138563  44.545  -53.057  9.298 0.8999999762
22522  42.473  -54.702  10.292 0.6999999881
24216  43.778  -53.625  9.595 0.6000000238
24229  45.811  -52.568  7.241 0.8999999762
25036  45.260  -51.896  8.184 0.8999999762
25045  42.404  -51.319  7.774 0.8000000119
121153  41.484  -51.750  8.114 0.8000000119
25053  43.931  -51.541  7.118 0.8000000119
25899  44.179  -50.525  6.969 0.8000000119
24236  44.544  -52.562  6.836 0.6999999881
22464  40.262  -54.219  16.963 0.6999999881
24163  40.216  -52.886  16.579 0.6000000238
123747  39.708  -56.001  16.848 0.6000000238
22451  40.857  -54.455  17.273 0.5000000000
23312  39.918  -53.226  15.969 0.6999999881
22463  42.749  -54.812  17.005 0.4000000060
21573  41.996  -55.198  17.313 0.5000000000
20696  40.592  -55.946  17.175 0.6000000238
22479  39.487  -54.323  14.903 0.6999999881
125682  42.689  -56.278  16.733 0.5000000000
23329  39.496  -53.635  14.367 0.6999999881
130868  44.767  -55.617  15.655 0.5000000000
19824  42.779  -57.157  16.824 0.6000000238
124243  44.780  -57.677  14.977 0.4000000060
20722  44.458  -56.754  15.491 0.4000000060
24191  40.067  -52.560  13.121 0.8000000119
22492  39.855  -54.175  12.956 0.8000000119
131180  44.760  -58.334  15.142 0.4000000060
119819  40.351  -53.784  12.434 0.8000000119
23340  39.947  -53.363  13.030 0.8000000119
21608  39.938  -55.022  12.960 0.8000000119
18956  44.633  -58.780  17.093 0.3000000119
120961  41.648  -51.398  11.271 0.8000000119
25020  41.062  -51.861  11.831 0.8000000119
23357  40.693  -53.283  12.035 0.8000000119
25029  42.272  -51.919  10.532 0.8000000119
24208  40.973  -52.708  11.631 0.8000000119
136097  43.379  -50.828  10.223 0.8999999762
25879  43.796  -50.245  10.015 0.8999999762
25037  44.535  -52.218  9.350 0.8999999762
25886  44.669  -50.202  9.193 0.8999999762
25027  44.433  -51.137  9.477 0.8999999762
127686  44.973  -50.907  8.568 0.8999999762
25894  42.309  -50.421  8.031 0.8000000119
25046  41.363  -51.198  8.307 0.8000000119
25035  45.076  -51.100  7.699 0.8999999762
129220  44.926  -51.349  7.363 0.8999999762
25893  43.226  -50.758  7.394 0.8000000119
25898  44.748  -50.239  7.075 0.8000000119
23298  40.701  -53.811  17.182 0.6000000238
23311  40.237  -53.512  16.778 0.6000000238
138970  40.194  -51.897  16.424 0.6000000238
23297  41.429  -53.798  17.369 0.6000000238
22462  43.459  -54.468  16.642 0.4000000060
23310  42.892  -54.008  17.109 0.4000000060
22449  42.167  -54.325  17.382 0.4000000060
22450  41.511  -54.603  17.405 0.5000000000
23317  39.593  -53.327  15.124 0.6999999881
21585  43.323  -55.301  16.513 0.4000000060
24186  39.563  -52.740  14.521 0.6999999881
22470  44.758  -54.553  15.834 0.5000000000
21584  44.049  -54.994  16.143 0.4000000060
24192  39.598  -53.005  13.724 0.6999999881
21592  45.248  -54.964  15.283 0.5000000000
24998  40.304  -51.594  13.199 0.8000000119
24999  39.729  -52.162  13.916 0.8000000119
25006  41.159  -51.037  11.958 0.8000000119
24197  40.596  -52.341  12.402 0.8000000119
25873  42.454  -50.207  11.233 0.8000000119
26727  43.501  -49.569  10.578 0.8999999762
25018  42.553  -50.934  10.811 0.8999999762
26726  44.329  -49.501  9.735 0.8999999762
26739  45.231  -49.380  8.780 0.8999999762
25885  45.024  -50.050  8.173 1.0000000000
26751  41.957  -49.677  8.547 0.8000000119
25892  45.003  -49.847  7.340 1.0000000000
26758  43.413  -49.944  7.229 0.8000000119
26756  45.122  -49.423  6.789 1.0000000000
26757  44.403  -49.580  6.727 0.8000000119
24963  41.102  -52.201  16.942 0.6000000238
25826  40.739  -50.765  17.026 0.6000000238
24962  41.962  -51.980  17.049 0.6000000238
25827  39.945  -50.741  16.721 0.6999999881
23308  44.149  -53.208  16.355 0.4000000060
24162  43.471  -52.855  16.732 0.4000000060
23296  42.322  -53.482  17.283 0.4000000060
22461  44.184  -54.073  16.337 0.4000000060
120022  39.700  -51.844  14.877 0.6999999881
23328  45.733  -53.603  14.806 0.5000000000
23315  45.151  -53.145  15.279 0.4000000060
25855  40.721  -50.677  12.729 0.8000000119
25848  40.310  -50.634  13.681 0.8000000119
26709  41.468  -49.453  12.197 0.8000000119
27604  42.698  -48.945  11.600 0.8000000119
25019  41.815  -50.555  11.482 0.8000000119
26718  42.860  -49.627  11.247 0.8999999762
27618  44.034  -48.700  10.189 0.8999999762
27630  45.750  -48.611  8.467 1.0000000000
27642  45.971  -48.416  7.466 1.0000000000
26750  42.694  -49.577  7.735 0.8000000119
25887  41.437  -50.457  8.777 0.8000000119
28578  45.469  -48.037  6.872 1.0000000000
121532  43.497  -48.911  6.890 0.8000000119
27653  45.001  -48.753  6.585 0.8000000119
25825  42.498  -50.744  17.196 0.6000000238
25828  39.591  -50.635  16.165 0.6999999881
26684  40.196  -49.083  16.309 0.6999999881
24161  44.001  -52.252  16.290 0.4000000060
127337  43.332  -52.132  16.760 0.5000000000
24153  42.675  -52.591  17.054 0.5000000000
25842  39.625  -50.506  15.421 0.8000000119
26685  39.854  -49.302  15.868 0.8000000119
24173  44.592  -52.753  15.789 0.4000000060
25849  39.904  -50.475  14.573 0.8000000119
24992  45.972  -51.770  14.501 0.4000000060
24984  45.402  -51.838  14.901 0.4000000060
125759  40.548  -49.970  13.272 0.8000000119
26710  40.884  -49.710  12.641 0.8000000119
26719  42.054  -49.683  11.703 0.8000000119
125507  43.304  -49.021  11.079 0.8999999762
28536  42.839  -47.647  11.580 0.8000000119
28552  44.189  -47.705  10.106 1.0000000000
27631  45.151  -48.147  9.236 1.0000000000
29531  44.354  -46.781  9.863 1.0000000000
28560  45.726  -47.888  8.310 1.0000000000
29545  44.763  -46.581  7.861 1.0000000000
27644  42.951  -48.025  7.482 0.8999999762
135320  41.659  -48.927  8.911 0.8000000119
135452  42.042  -48.181  8.546 0.8999999762
120591  43.767  -47.092  7.708 1.0000000000
28562  42.439  -47.406  8.504 1.0000000000
30606  44.933  -45.419  7.722 1.0000000000
131041  44.770  -44.171  7.843 1.0000000000
29546  43.983  -46.147  7.904 1.0000000000
30607  43.689  -45.301  8.137 1.0000000000
32423  44.589  -43.498  8.025 1.0000000000
31548  44.400  -44.626  7.834 1.0000000000
26671  41.343  -49.985  17.223 0.6999999881
127896  40.480  -50.131  16.863 0.6999999881
27561  41.193  -48.458  16.929 0.6999999881
129219  42.753  -49.998  17.244 0.6000000238
26656  42.122  -50.225  17.380 0.6000000238
26672  39.950  -49.900  16.412 0.6999999881
25824  43.213  -50.649  16.899 0.6000000238
25841  44.535  -50.595  15.671 0.5000000000
27572  39.991  -48.506  15.972 0.8000000119
25847  45.541  -51.106  14.739 0.4000000060
26691  39.781  -49.627  15.096 0.8000000119
26696  40.522  -49.031  13.307 0.8000000119
122803  41.647  -48.185  12.454 0.8000000119
27592  41.190  -48.884  12.550 0.8000000119
133800  42.513  -48.258  11.826 0.6999999881
138156  42.080  -48.230  12.150 0.8000000119
28553  43.511  -47.249  10.929 0.8999999762
29517  42.668  -46.821  11.584 0.8000000119
29532  43.670  -46.306  10.708 1.0000000000
28561  45.008  -47.286  9.030 1.0000000000
30581  44.800  -45.891  9.715 1.0000000000
31516  44.454  -44.548  9.933 1.0000000000
29538  45.238  -46.356  8.830 1.0000000000
30594  45.550  -45.477  8.818 1.0000000000
140580  45.425  -44.255  8.502 1.0000000000
135669  45.461  -45.049  8.208 1.0000000000
29539  42.723  -46.591  8.622 1.0000000000
126174  41.864  -46.989  9.166 1.0000000000
126602  45.166  -44.100  8.075 1.0000000000
30595  42.739  -45.846  8.802 1.0000000000
123965  42.599  -45.174  8.756 1.0000000000
33251  43.818  -42.925  8.034 1.0000000000
32424  43.772  -43.855  8.037 1.0000000000
27560  42.026  -48.487  17.063 0.6999999881
27562  40.455  -48.441  16.527 0.6999999881
27558  44.243  -48.718  16.262 0.5000000000
118122  42.671  -49.082  17.149 0.6999999881
26669  43.502  -49.639  16.646 0.6000000238
126287  44.792  -49.943  15.455 0.5000000000
26668  44.246  -49.776  15.925 0.5000000000
28496  39.773  -47.892  15.309 0.8000000119
28502  39.812  -47.712  14.381 0.8000000119
27584  40.165  -47.986  13.632 0.6999999881
28507  40.686  -47.329  13.276 0.8000000119
131059  41.425  -47.375  12.718 0.8000000119
138721  41.055  -46.913  13.066 0.8000000119
136732  41.952  -46.911  12.295 0.6999999881
30567  42.810  -45.836  11.347 0.8999999762
31509  42.110  -44.490  11.668 0.8000000119
132804  41.813  -43.179  12.207 0.8000000119
34188  41.599  -41.673  12.628 0.8000000119
31508  42.775  -45.052  11.265 0.8999999762
32387  42.328  -43.637  11.658 0.8000000119
126488  42.352  -42.832  11.770 0.8000000119
30582  43.879  -45.308  10.525 1.0000000000
31517  43.194  -44.282  10.943 0.8999999762
33219  42.994  -42.418  11.214 0.8999999762
34206  42.082  -41.182  11.795 0.8000000119
32386  43.130  -43.253  11.116 0.8999999762
32401  44.021  -43.689  10.264 1.0000000000
31533  45.566  -44.742  8.890 1.0000000000
33243  44.887  -42.955  8.633 1.0000000000
32415  44.746  -43.268  8.277 1.0000000000
31535  42.005  -44.572  9.044 1.0000000000
34219  45.364  -41.685  8.028 1.0000000000
33250  44.640  -42.375  7.922 1.0000000000
32417  42.655  -43.175  8.577 1.0000000000
34223  45.235  -41.535  7.595 1.0000000000
35088  45.109  -40.947  7.065 1.0000000000
119900  43.620  -42.081  7.905 1.0000000000
120002  43.824  -47.868  16.609 0.6999999881
27559  42.799  -48.064  16.833 0.6999999881
28484  43.200  -47.293  16.676 0.6999999881
126718  41.773  -47.826  16.782 0.6999999881
128119  41.427  -47.087  16.535 0.6999999881
28495  44.466  -47.692  16.087 0.6000000238
130002  40.657  -47.014  16.216 0.6999999881
27571  44.849  -48.343  15.572 0.5000000000
127824  40.152  -47.011  15.637 0.6999999881
26683  44.816  -49.211  15.586 0.5000000000
29475  39.836  -47.027  14.798 0.6999999881
28506  40.689  -46.465  13.566 0.6999999881
129893  40.273  -46.521  14.368 0.6999999881
29497  41.367  -46.490  12.782 0.6999999881
30568  41.966  -45.329  11.788 0.6999999881
29518  42.015  -46.191  12.066 0.6999999881
32374  41.604  -43.869  12.291 0.8000000119
34175  41.393  -41.814  13.553 0.8000000119
35042  41.480  -41.168  13.308 0.8000000119
35060  41.753  -40.813  12.656 0.8000000119
136085  42.711  -41.719  11.288 0.8999999762
35059  42.248  -40.361  11.884 0.8000000119
34205  42.794  -41.121  10.992 1.0000000000
35078  42.726  -40.381  10.835 0.8000000119
32400  44.665  -43.259  9.491 1.0000000000
126634  43.627  -41.914  10.448 1.0000000000
129000  44.887  -42.312  8.536 1.0000000000
130304  45.244  -40.625  8.013 1.0000000000
32418  41.490  -43.288  9.169 1.0000000000
128762  41.273  -43.936  9.275 1.0000000000
35087  45.264  -40.755  7.414 1.0000000000
36065  44.126  -40.370  7.131 1.0000000000
35089  43.863  -40.962  7.108 1.0000000000
33252  42.249  -41.948  8.303 1.0000000000
116800  43.397  -40.045  7.403 1.0000000000
139478  44.123  -45.878  16.236 0.6999999881
29457  42.901  -46.528  16.696 0.6999999881
29458  41.945  -46.379  16.671 0.6000000238
29459  41.121  -46.296  16.351 0.6000000238
30499  40.886  -45.662  16.215 0.6000000238
30509  40.633  -45.334  15.796 0.6999999881
116309  40.535  -45.895  14.351 0.6999999881
30520  40.493  -45.296  14.998 0.6999999881
30530  40.747  -45.701  13.709 0.6999999881
30551  40.891  -45.082  13.264 0.6999999881
33190  41.300  -42.577  13.765 0.8000000119
30550  41.402  -45.634  12.567 0.6999999881
119177  41.382  -43.140  12.984 0.8000000119
135248  42.178  -39.815  13.618 0.8000000119
36031  42.317  -39.221  13.052 0.8000000119
114681  42.520  -38.953  12.061 0.8000000119
36059  43.075  -39.596  10.279 0.8000000119
114683  42.815  -38.699  10.992 0.8000000119
35083  44.184  -40.188  9.201 1.0000000000
137451  43.193  -40.300  10.022 1.0000000000
117062  43.307  -38.747  10.134 0.6999999881
36063  43.965  -39.199  9.409 1.0000000000
36062  44.551  -39.754  8.464 1.0000000000
116093  44.600  -39.439  7.964 1.0000000000
117038  44.376  -38.562  7.839 1.0000000000
136883  40.557  -43.433  9.308 1.0000000000
114694  44.259  -39.225  7.623 1.0000000000
36996  43.812  -38.678  7.498 1.0000000000
34225  42.906  -41.305  7.751 1.0000000000
34226  41.602  -41.387  8.406 1.0000000000
33246  40.385  -42.716  9.001 1.0000000000
31445  40.839  -44.521  16.020 0.6000000238
31452  40.616  -44.587  15.422 0.6999999881
32364  40.748  -44.392  14.048 0.6999999881
32349  40.684  -43.973  14.920 0.6999999881
32363  41.074  -43.433  14.070 0.6999999881
33179  41.277  -42.725  14.549 0.8000000119
35029  41.448  -41.224  14.112 0.6999999881
36015  42.167  -39.965  14.390 0.6999999881
136749  42.726  -37.914  13.309 0.6999999881
115930  42.598  -38.394  12.774 0.6999999881
115356  42.905  -38.176  11.929 0.6999999881
114688  43.440  -37.515  10.387 0.8000000119
115873  43.213  -37.869  11.109 0.6999999881
115771  43.827  -38.338  9.456 0.8999999762
117296  44.350  -38.016  8.422 1.0000000000
115831  44.163  -37.614  7.589 1.0000000000
33254  39.552  -41.955  8.803 1.0000000000
129310  44.147  -38.247  7.574 1.0000000000
125490  41.420  -40.692  8.353 1.0000000000
131068  43.110  -44.985  16.549 0.6000000238
30497  42.186  -44.795  16.628 0.6000000238
31444  41.361  -44.599  16.401 0.6000000238
32324  42.609  -43.282  16.556 0.6000000238
32325  41.928  -43.197  16.277 0.6000000238
32333  41.458  -43.186  15.796 0.6000000238
32348  41.151  -43.233  15.097 0.6000000238
34154  41.580  -41.433  15.027 0.6999999881
36000  42.262  -40.107  15.214 0.6999999881
36954  42.271  -38.527  14.790 0.6999999881
36971  42.466  -38.504  13.699 0.6999999881
37905  42.667  -37.738  14.169 0.6999999881
37919  43.207  -37.438  13.337 0.6999999881
115854  43.589  -37.132  12.653 0.6999999881
45235  51.794  -30.000  12.531 0.3000000119
115943  43.621  -37.164  11.044 0.6999999881
114684  43.426  -37.469  11.905 0.6999999881
115404  52.261  -29.109  11.506 0.3000000119
115458  43.782  -36.844  9.947 0.8000000119
130711  37.808  -45.254  10.702 0.8999999762
114695  44.113  -37.033  8.492 1.0000000000
31519  38.706  -44.158  9.995 1.0000000000
32419  39.663  -43.216  9.264 1.0000000000
31537  39.198  -43.678  9.566 1.0000000000
114698  43.468  -37.315  7.363 1.0000000000
36994  42.286  -38.090  8.006 1.0000000000
36066  43.445  -39.205  7.493 1.0000000000
35090  42.493  -40.303  8.018 1.0000000000
33253  40.790  -41.830  8.631 1.0000000000
36067  42.139  -39.184  8.167 1.0000000000
31442  43.709  -44.313  16.458 0.6000000238
31443  42.825  -44.120  16.611 0.6000000238
33148  43.135  -42.569  16.658 0.6000000238
35003  43.977  -40.879  16.678 0.6000000238
128964  43.297  -40.993  16.531 0.6999999881
124034  42.571  -41.118  16.168 0.6999999881
135883  42.282  -41.896  16.348 0.6000000238
35015  42.582  -40.211  15.847 0.6999999881
39516  50.248  -35.370  16.276 0.3000000119
38699  49.362  -35.689  16.724 0.3000000119
34153  42.058  -40.859  15.511 0.6999999881
36943  42.190  -39.314  15.150 0.6999999881
126841  42.902  -37.251  14.729 0.6999999881
43149  50.361  -31.538  13.147 0.3000000119
44177  50.997  -30.653  13.260 0.4000000060
45216  51.321  -29.825  13.064 0.4000000060
44178  50.057  -30.640  13.361 0.4000000060
30572  37.457  -45.950  10.927 0.6999999881
30573  36.553  -46.042  10.620 0.6999999881
48043  50.814  -27.159  13.002 0.3000000119
115253  51.981  -28.770  12.172 0.3000000119
38775  44.304  -36.130  11.264 0.6999999881
128344  37.297  -44.565  10.331 0.8999999762
114836  51.316  -26.543  11.619 0.3000000119
121459  51.545  -28.430  12.721 0.3000000119
114692  44.331  -36.217  9.121 0.8000000119
31520  37.585  -43.772  9.912 0.8999999762
115817  51.418  -27.612  12.496 0.3000000119
46271  51.163  -28.921  13.363 0.3000000119
38780  44.346  -36.361  8.137 0.8000000119
114699  43.687  -36.733  7.184 1.0000000000
33247  38.677  -42.112  9.204 1.0000000000
132466  42.057  -37.029  6.461 1.0000000000
35091  40.161  -40.414  8.751 1.0000000000
34227  39.772  -41.160  8.682 1.0000000000
114703  42.777  -37.753  7.433 1.0000000000
116321  40.900  -39.668  8.633 1.0000000000
36995  41.261  -38.038  8.632 1.0000000000
137504  41.055  -38.928  8.709 1.0000000000
35982  44.833  -39.281  16.660 0.6999999881
35983  43.931  -39.365  16.766 0.6999999881
134196  48.642  -37.335  15.869 0.3000000119
37868  48.218  -36.823  16.534 0.4000000060
35984  43.114  -39.359  16.675 0.6999999881
35985  42.615  -39.380  16.309 0.6999999881
35999  42.338  -39.517  15.767 0.6999999881
38700  48.515  -35.975  17.128 0.4000000060
37890  42.542  -37.872  15.310 0.6999999881
40363  49.542  -34.786  16.939 0.3000000119
39505  48.328  -35.358  17.498 0.5000000000
37889  43.185  -37.194  15.574 0.6999999881
38738  43.373  -36.693  14.627 0.6999999881
40349  48.605  -34.800  17.368 0.5000000000
37904  43.210  -37.060  13.966 0.6999999881
42085  49.294  -32.639  15.376 0.4000000060
128924  47.239  -33.351  16.482 0.6000000238
135428  47.528  -32.834  15.982 0.5000000000
37918  43.557  -36.913  13.290 0.6999999881
42133  50.098  -32.066  13.191 0.3000000119
38767  43.930  -36.397  12.798 0.6999999881
131106  48.020  -29.120  13.396 0.4000000060
43134  47.888  -31.686  14.591 0.4000000060
38776  43.934  -36.707  11.838 0.6999999881
131676  35.746  -46.002  10.547 0.6999999881
46261  49.232  -28.352  14.072 0.4000000060
126763  49.580  -31.257  13.303 0.4000000060
43150  48.892  -30.948  13.297 0.4000000060
29523  36.210  -46.678  11.173 0.6000000238
48044  50.311  -26.628  13.456 0.3000000119
129604  50.411  -27.508  13.682 0.3000000119
45217  50.702  -29.804  13.479 0.4000000060
43151  48.158  -30.883  13.571 0.4000000060
135393  44.290  -36.112  10.253 0.6999999881
39578  44.471  -35.478  10.605 0.6999999881
30586  36.936  -45.311  10.457 0.6999999881
46274  48.743  -29.185  13.542 0.4000000060
45218  49.826  -29.810  13.515 0.4000000060
43135  47.474  -31.016  13.964 0.4000000060
131477  44.645  -35.473  9.460 0.8000000119
46272  50.643  -28.325  13.618 0.3000000119
122785  50.369  -29.032  13.700 0.3000000119
131345  48.635  -30.034  12.879 0.4000000060
39580  44.566  -35.665  8.359 0.8000000119
32420  38.554  -42.909  9.263 1.0000000000
130862  44.497  -35.170  7.687 0.8999999762
117018  42.962  -36.509  6.551 1.0000000000
114696  40.224  -36.948  7.548 1.0000000000
37940  40.981  -37.290  7.003 1.0000000000
116328  40.829  -36.615  6.368 1.0000000000
36068  40.336  -38.979  9.287 1.0000000000
35084  39.607  -39.693  9.331 1.0000000000
36993  40.735  -38.319  9.513 1.0000000000
36060  39.412  -39.387  9.882 1.0000000000
35002  44.568  -40.213  16.605 0.6000000238
36926  46.175  -38.643  16.532 0.6000000238
36927  45.275  -38.550  16.762 0.6000000238
36928  44.306  -38.544  16.842 0.6999999881
37870  46.743  -38.045  16.790 0.5000000000
36929  43.433  -38.667  16.829 0.6999999881
37869  47.375  -37.232  16.779 0.5000000000
38701  47.758  -36.428  17.071 0.4000000060
128046  43.249  -38.246  16.736 0.6999999881
37873  42.816  -38.078  16.251 0.6999999881
37848  46.982  -36.425  17.292 0.6000000238
37871  44.210  -37.020  16.788 0.6999999881
119355  47.736  -35.065  17.635 0.6000000238
38703  43.746  -36.662  16.172 0.6999999881
40350  47.760  -34.486  17.302 0.6000000238
40351  46.806  -34.649  17.464 0.6000000238
38718  43.614  -36.287  15.349 0.6999999881
39531  43.991  -35.519  15.145 0.6999999881
41208  48.182  -33.392  16.262 0.5000000000
41190  46.427  -33.407  16.628 0.6000000238
40365  45.289  -33.998  16.248 0.6000000238
136675  43.844  -36.012  14.421 0.6000000238
44193  46.278  -29.900  11.794 0.4000000060
42121  48.572  -31.506  13.903 0.4000000060
42087  47.290  -32.323  15.383 0.4000000060
42075  46.053  -32.993  16.065 0.5000000000
40382  44.806  -34.413  15.611 0.6000000238
39556  44.070  -35.786  13.474 0.6999999881
46275  47.345  -29.028  13.389 0.4000000060
42088  46.390  -32.357  15.295 0.5000000000
39565  44.262  -35.628  12.557 0.6999999881
44181  46.721  -29.933  11.986 0.5000000000
43119  46.976  -31.603  14.693 0.4000000060
42106  46.285  -31.643  14.542 0.4000000060
39574  44.384  -35.532  11.633 0.6999999881
31521  36.499  -44.563  10.366 0.8999999762
30587  36.074  -45.307  10.321 0.6999999881
46273  49.525  -29.113  13.728 0.4000000060
43152  47.772  -30.338  12.742 0.4000000060
45220  48.289  -29.789  12.753 0.4000000060
31539  37.541  -42.969  9.478 0.8999999762
39585  43.990  -35.170  7.069 0.8999999762
33248  37.890  -42.393  9.534 0.8999999762
35092  39.113  -40.409  9.231 1.0000000000
34222  38.242  -41.585  9.674 1.0000000000
114704  41.770  -36.115  6.150 1.0000000000
34221  38.880  -41.269  9.186 1.0000000000
114700  39.955  -36.520  6.810 1.0000000000
35085  38.684  -39.817  9.817 1.0000000000
35086  38.374  -40.583  9.750 1.0000000000
115932  40.278  -36.780  8.076 1.0000000000
114685  40.990  -38.151  11.583 0.8999999762
138046  41.191  -37.587  10.457 1.0000000000
117541  40.845  -37.841  9.888 1.0000000000
119028  39.804  -39.260  10.686 1.0000000000
131492  40.907  -38.048  10.742 1.0000000000
36056  40.194  -39.172  11.512 1.0000000000
36057  39.545  -39.672  11.536 0.8999999762
116442  40.664  -38.678  12.034 1.0000000000
36044  40.250  -39.317  12.399 0.8999999762
37849  46.379  -37.233  17.299 0.6000000238
37850  45.526  -37.165  17.428 0.6999999881
37851  44.797  -37.128  17.193 0.6999999881
38685  46.089  -36.459  17.545 0.6999999881
39507  44.732  -36.038  17.180 0.6999999881
125656  46.749  -35.593  17.576 0.6000000238
39506  46.033  -35.027  17.584 0.6000000238
39519  44.489  -35.540  16.658 0.6999999881
39518  45.223  -35.415  17.305 0.6999999881
40366  44.866  -34.759  16.547 0.6000000238
125747  44.373  -35.120  15.817 0.6000000238
119594  44.455  -34.748  14.889 0.6000000238
45222  46.681  -29.125  12.855 0.3000000119
137789  46.149  -34.499  17.402 0.6000000238
40352  45.610  -34.411  17.126 0.6000000238
39545  44.186  -35.161  14.168 0.6000000238
44192  46.307  -29.528  12.093 0.4000000060
45236  45.897  -29.592  11.884 0.4000000060
40381  45.118  -33.698  15.350 0.6000000238
40399  44.761  -34.100  14.855 0.6000000238
134176  44.785  -33.413  14.627 0.5000000000
39555  44.235  -34.838  13.167 0.6000000238
42107  45.687  -32.103  14.734 0.4000000060
43154  46.083  -30.032  11.618 0.5000000000
43137  45.834  -31.303  13.863 0.4000000060
43136  46.785  -30.883  13.659 0.4000000060
40419  44.389  -34.751  12.105 0.6000000238
132911  46.599  -30.060  11.950 0.5000000000
138520  46.440  -30.552  12.817 0.4000000060
40430  44.649  -34.675  9.790 0.6000000238
43138  45.749  -30.779  12.689 0.4000000060
42122  44.823  -31.556  12.998 0.4000000060
129339  36.862  -43.886  10.254 0.8999999762
40437  44.400  -34.249  7.504 0.8999999762
40432  44.681  -34.635  8.472 0.8000000119
32402  36.833  -43.104  9.915 0.8999999762
33249  37.300  -42.620  9.710 0.8999999762
34208  37.861  -42.124  10.564 0.8999999762
34215  37.691  -42.105  9.864 0.8999999762
120505  40.412  -35.902  6.454 1.0000000000
116058  41.013  -37.124  9.528 1.0000000000
35080  38.439  -40.289  10.394 1.0000000000
35079  38.949  -39.684  10.469 0.8999999762
36973  40.630  -38.636  13.078 1.0000000000
36033  40.043  -39.307  13.316 1.0000000000
36045  39.753  -39.900  12.696 0.8999999762
124736  39.955  -38.542  13.749 1.0000000000
36016  38.892  -39.176  14.133 0.8999999762
38686  45.267  -36.395  17.436 0.6999999881
46263  46.783  -28.727  14.229 0.3000000119
121719  45.725  -29.051  13.097 0.3000000119
44182  45.041  -29.551  12.315 0.3000000119
127368  44.406  -33.884  13.907 0.6000000238
44201  45.666  -29.867  10.516 0.5000000000
134025  44.983  -29.611  10.274 0.4000000060
41237  44.555  -32.542  13.994 0.5000000000
125049  44.290  -33.720  12.617 0.5000000000
43167  45.888  -30.178  10.965 0.5000000000
41251  44.324  -32.497  12.954 0.5000000000
43176  45.955  -30.398  10.317 0.5000000000
40425  44.374  -34.690  10.997 0.6000000238
42134  45.027  -31.238  11.713 0.5000000000
119990  44.484  -33.531  8.905 0.6999999881
42160  45.614  -31.255  9.604 0.5000000000
42147  45.615  -31.178  10.431 0.5000000000
128084  44.736  -33.390  7.840 0.6000000238
40442  43.718  -34.067  6.915 0.8999999762
114706  41.365  -34.988  6.367 0.8999999762
114702  42.351  -35.305  6.435 0.8999999762
39583  40.720  -35.159  6.685 0.8999999762
114682  41.596  -37.100  10.694 0.8999999762
118130  41.637  -36.395  10.086 0.8999999762
114691  40.810  -36.298  8.646 0.8999999762
114701  39.787  -36.008  6.888 1.0000000000
35074  38.693  -40.615  11.551 0.8999999762
34214  38.162  -41.240  10.109 0.8999999762
35061  39.145  -40.212  12.064 0.8999999762
36972  41.204  -38.014  12.577 0.8000000119
37921  40.416  -37.861  13.707 0.6999999881
34189  38.371  -41.279  12.252 0.8999999762
36034  39.352  -39.827  13.616 0.8999999762
35062  38.810  -40.732  12.620 0.8999999762
45206  45.928  -28.801  14.108 0.3000000119
138701  45.025  -29.182  13.511 0.3000000119
45224  44.582  -29.495  13.384 0.4000000060
44183  44.020  -29.921  13.118 0.3000000119
44195  44.397  -29.876  12.016 0.3000000119
43168  43.581  -30.467  11.932 0.4000000060
44202  44.699  -29.628  10.991 0.4000000060
44211  45.931  -30.163  9.958 0.5000000000
43186  44.944  -30.122  9.516 0.4000000060
124653  44.380  -32.391  11.723 0.5000000000
126994  44.369  -33.680  11.410 0.5000000000
43185  45.642  -30.841  9.347 0.5000000000
121516  44.625  -32.362  10.449 0.5000000000
126988  44.324  -33.598  10.170 0.5000000000
42171  45.185  -31.612  8.650 0.5000000000
121089  44.749  -32.439  9.250 0.5000000000
42187  44.438  -32.469  7.348 0.6000000238
41289  44.393  -33.196  7.315 0.6000000238
41274  42.729  -32.575  8.198 0.6999999881
41291  42.770  -33.122  6.741 0.6999999881
40443  42.578  -34.034  6.485 0.6999999881
40433  42.142  -33.502  7.604 0.6999999881
134989  41.483  -34.558  7.287 0.8000000119
40438  41.858  -33.903  6.662 0.8000000119
34207  38.443  -41.384  11.078 0.8999999762
38779  41.686  -35.562  9.374 0.8999999762
114693  40.641  -35.491  7.687 0.8999999762
136893  41.381  -37.366  11.993 0.6999999881
34176  38.358  -41.121  13.226 0.8999999762
118592  38.170  -40.688  13.901 0.8999999762
36957  38.554  -38.426  14.341 1.0000000000
44170  43.805  -29.923  14.356 0.3000000119
43156  43.389  -30.531  12.839 0.4000000060
137407  43.352  -30.576  14.833 0.3000000119
43177  43.775  -29.983  10.945 0.4000000060
43157  42.629  -31.511  13.345 0.3000000119
43187  43.491  -30.813  10.373 0.4000000060
139325  43.327  -30.907  11.720 0.4000000060
43169  42.780  -31.486  12.364 0.4000000060
43194  44.972  -30.926  8.846 0.4000000060
42148  42.628  -32.141  11.112 0.4000000060
42161  43.717  -31.154  9.221 0.4000000060
42173  43.289  -31.752  8.440 0.5000000000
42172  44.160  -31.356  8.201 0.5000000000
39581  41.941  -34.607  8.647 0.6000000238
114687  41.865  -36.466  11.202 0.6999999881
135119  41.075  -37.510  13.349 0.6999999881
35030  38.545  -39.988  14.222 0.8999999762
35031  37.781  -40.107  14.460 0.8999999762
37908  38.167  -37.618  14.580 0.8999999762
36958  37.693  -38.419  14.495 0.8000000119
36018  37.275  -39.222  14.477 0.8000000119
37909  37.221  -37.586  14.734 0.6999999881
38744  36.760  -36.653  14.732 0.8000000119
44160  43.435  -30.289  15.511 0.3000000119
118479  42.190  -32.414  13.915 0.4000000060
42135  42.335  -32.447  12.125 0.4000000060
42123  42.218  -32.266  13.058 0.4000000060
41252  42.075  -33.507  12.141 0.5000000000
116788  42.855  -31.910  10.200 0.5000000000
117065  42.087  -33.733  11.428 0.5000000000
40420  42.019  -34.216  12.034 0.5000000000
41261  42.436  -33.024  10.593 0.5000000000
39575  42.062  -34.723  11.342 0.5000000000
40426  42.207  -34.000  10.629 0.5000000000
39579  42.149  -34.760  10.085 0.6000000238
38777  41.988  -35.631  10.742 0.6999999881
38768  41.964  -35.763  11.929 0.6999999881
37920  41.376  -37.100  12.711 0.6999999881
38756  40.764  -37.087  14.067 0.6999999881
37906  40.095  -37.390  14.510 0.6999999881
37907  39.176  -37.645  14.503 0.8000000119
38742  38.604  -36.834  14.812 0.6999999881
45192  43.960  -28.975  15.923 0.3000000119
44150  43.154  -29.991  16.429 0.3000000119
44161  42.847  -30.790  16.168 0.4000000060
43120  42.980  -31.254  15.292 0.3000000119
42109  42.091  -32.699  14.878 0.4000000060
41238  42.158  -32.945  13.617 0.4000000060
119487  42.243  -33.243  12.977 0.4000000060
41239  41.904  -33.758  13.806 0.3000000119
40410  41.944  -34.397  12.986 0.5000000000
39566  41.997  -34.937  12.259 0.6000000238
40400  41.511  -34.655  14.116 0.3000000119
39567  41.821  -35.483  12.862 0.5000000000
39557  41.473  -35.353  13.690 0.4000000060
120524  41.530  -36.043  13.429 0.6000000238
38769  41.654  -36.309  12.756 0.6999999881
140490  41.654  -36.675  12.031 0.6999999881
124266  41.263  -36.727  13.461 0.6999999881
122309  40.422  -36.605  14.650 0.6000000238
42090  42.399  -32.158  15.490 0.3000000119
41224  41.902  -33.203  14.384 0.3000000119
131551  41.619  -34.049  14.759 0.3000000119
42091  41.669  -32.785  15.693 0.3000000119
41192  41.138  -33.426  15.837 0.3000000119
41193  40.495  -33.398  16.205 0.3000000119
40401  41.084  -34.733  14.939 0.3000000119
41210  40.716  -33.945  15.871 0.4000000060
38739  41.099  -36.212  14.156 0.5000000000
39546  41.036  -35.371  14.451 0.5000000000
40384  40.468  -34.590  15.535 0.5000000000
38740  40.626  -35.886  14.679 0.6000000238
38719  39.877  -35.850  14.937 0.6000000238
46240  42.724  -28.474  17.784 0.4000000060
44140  41.885  -29.890  17.339 0.3000000119
136999  42.213  -30.968  16.625 0.3000000119
44152  41.659  -30.689  17.130 0.3000000119
42076  41.720  -32.144  16.236 0.3000000119
120968  40.930  -31.949  16.670 0.3000000119
42077  41.024  -32.743  16.262 0.3000000119
43104  40.263  -31.728  16.858 0.3000000119
42078  40.167  -32.615  16.586 0.3000000119
40367  40.120  -34.070  16.071 0.4000000060
42079  39.258  -32.846  16.813 0.4000000060
39533  39.248  -35.300  15.443 0.6000000238
40368  39.371  -34.048  16.022 0.4000000060
41195  38.992  -33.465  16.349 0.4000000060
40386  38.863  -34.691  15.748 0.5000000000
38720  38.957  -36.041  15.073 0.6000000238
131587  36.223  -36.080  14.381 0.6999999881
38745  35.968  -36.752  14.184 0.8000000119
46221  42.309  -27.706  17.952 0.4000000060
45185  41.985  -29.112  17.722 0.3000000119
44141  41.159  -30.288  17.459 0.3000000119
44142  40.454  -30.421  17.346 0.3000000119
43090  40.225  -31.086  17.121 0.3000000119
124029  39.627  -32.150  16.775 0.4000000060
42080  38.494  -32.917  16.440 0.4000000060
43121  38.126  -32.207  15.923 0.4000000060
40369  38.546  -33.944  15.820 0.4000000060
40387  38.084  -34.759  15.557 0.5000000000
42092  37.995  -33.186  15.515 0.4000000060
38721  38.018  -36.137  15.264 0.6000000238
129602  37.861  -34.053  15.245 0.4000000060
39548  36.840  -35.615  14.841 0.6999999881
40402  37.408  -34.829  15.061 0.4000000060
41227  37.147  -33.565  14.096 0.4000000060
39558  36.797  -34.719  14.335 0.6000000238
124068  36.865  -34.069  13.699 0.5000000000
39549  36.177  -35.368  14.087 0.6000000238
39559  35.547  -35.285  13.355 0.6999999881
47989  42.372  -26.837  17.985 0.3000000119
122873  41.158  -28.916  17.687 0.3000000119
45187  40.738  -29.646  17.514 0.3000000119
45188  40.008  -29.678  17.275 0.3000000119
44143  39.697  -30.516  16.927 0.3000000119
130412  39.047  -30.986  16.384 0.4000000060
124213  38.288  -31.273  16.026 0.3000000119
44162  37.833  -30.646  15.649 0.3000000119
126866  37.671  -32.355  15.155 0.3000000119
137624  37.112  -31.237  14.831 0.3000000119
41226  37.570  -33.587  14.730 0.4000000060
42110  37.363  -32.946  14.669 0.3000000119
43141  36.956  -31.962  14.632 0.3000000119
42111  36.680  -32.777  14.037 0.3000000119
43142  36.324  -31.904  13.882 0.3000000119
41240  36.530  -33.439  13.511 0.3000000119
42124  36.302  -32.608  13.282 0.4000000060
41241  36.154  -33.923  13.146 0.5000000000
40411  36.220  -34.581  13.569 0.5000000000
40412  35.628  -34.483  12.901 0.5000000000
47156  41.040  -27.400  18.111 0.3000000119
46241  40.727  -28.152  17.849 0.3000000119
128438  40.381  -28.887  17.486 0.3000000119
129971  39.671  -28.879  17.104 0.3000000119
44153  39.048  -30.226  16.428 0.3000000119
44163  37.359  -30.541  14.972 0.3000000119
121418  37.162  -30.235  14.211 0.3000000119
134052  36.399  -31.160  13.507 0.3000000119
41253  35.981  -33.198  12.826 0.4000000060
42137  35.733  -33.051  11.969 0.5000000000
41254  35.558  -33.858  12.279 0.5000000000
47991  40.586  -26.640  18.104 0.3000000119
47173  40.236  -27.370  17.857 0.3000000119
46242  39.996  -28.107  17.425 0.3000000119
46249  39.102  -28.866  16.473 0.3000000119
45195  38.683  -29.607  16.199 0.3000000119
45201  37.962  -29.765  15.561 0.3000000119
45209  37.629  -29.629  14.600 0.3000000119
45225  37.274  -29.579  13.627 0.3000000119
43158  36.358  -31.731  12.948 0.4000000060
43170  36.178  -31.486  12.125 0.4000000060
42149  35.808  -32.190  11.689 0.4000000060
43180  35.444  -31.960  11.054 0.4000000060
41262  35.250  -33.546  11.622 0.5000000000
42150  35.229  -32.863  11.291 0.4000000060
50041  41.686  -24.719  18.484 0.3000000119
49021  41.565  -25.681  18.336 0.3000000119
46248  39.421  -28.074  16.836 0.3000000119
47186  39.118  -28.059  15.865 0.3000000119
46255  38.607  -28.920  15.746 0.3000000119
45208  38.287  -28.958  14.915 0.3000000119
46265  37.944  -28.867  14.096 0.3000000119
45226  36.720  -29.948  12.981 0.3000000119
45237  37.065  -29.352  12.681 0.3000000119
127527  36.442  -30.735  12.709 0.3000000119
44196  36.425  -30.710  11.685 0.4000000060
43179  35.999  -31.354  11.302 0.3000000119
50042  40.902  -25.273  18.264 0.3000000119
49034  40.318  -25.873  17.996 0.3000000119
49035  39.756  -25.777  17.494 0.3000000119
48007  39.902  -26.585  17.741 0.3000000119
47185  39.341  -27.210  16.377 0.3000000119
137857  39.155  -27.393  15.681 0.3000000119
47193  38.860  -27.551  15.072 0.3000000119
135988  38.743  -28.349  15.176 0.3000000119
46264  38.443  -28.202  14.514 0.3000000119
46277  37.551  -28.706  13.251 0.3000000119
50897  40.683  -23.739  18.330 0.3000000119
48008  39.492  -26.502  17.100 0.3000000119
50054  39.478  -24.982  17.201 0.3000000119
49046  39.384  -25.737  16.753 0.3000000119
48033  39.025  -26.703  15.585 0.3000000119
46276  38.054  -28.035  13.743 0.3000000119
46283  37.354  -28.651  12.315 0.3000000119
50906  40.114  -23.385  17.874 0.3000000119
51828  39.703  -22.683  17.414 0.3000000119
49047  39.093  -25.024  16.408 0.3000000119
50066  39.140  -24.230  16.880 0.4000000060
49061  38.665  -25.842  15.174 0.3000000119
48034  38.639  -26.644  14.695 0.3000000119
47198  38.452  -27.367  14.211 0.3000000119
50067  38.864  -24.274  16.025 0.4000000060
50919  39.052  -23.471  16.417 0.4000000060
135300  39.400  -22.093  17.095 0.3000000119
51847  38.919  -22.700  15.989 0.4000000060
28571  44.927  -47.383  7.397 1.0000000000
27643  44.224  -47.963  6.850 0.8999999762
36955  39.760  -37.952  14.133 0.6999999881
38743  37.659  -36.825  14.828 0.8000000119
128204  37.325  -36.153  15.135 0.6999999881
125610  39.297  -59.967  16.356 0.6000000238
18210  38.987  -60.075  15.701 0.6000000238
19885  38.684  -58.089  14.253 0.6000000238
16624  42.179  -61.512  19.012 0.5000000000
128952  43.564  -60.510  18.693 0.5000000000
18961  40.370  -57.945  16.906 0.6000000238
20709  41.192  -56.678  17.084 0.5000000000
18982  44.141  -58.251  16.371 0.4000000060
19823  43.597  -57.405  16.232 0.5000000000
22493  39.560  -54.512  13.888 0.6999999881
24217  41.982  -52.819  10.348 0.8999999762
24164  40.036  -52.319  16.116 0.6999999881
120200  43.846  -56.028  16.045 0.5000000000
20721  45.252  -56.465  15.080 0.5000000000
24993  39.898  -51.287  14.189 0.8000000119
18981  44.905  -58.708  16.182 0.4000000060
25007  40.756  -51.515  12.425 0.8000000119
126461  39.802  -51.875  15.652 0.6999999881
27645  42.470  -48.889  8.060 0.8000000119
25818  41.670  -50.758  17.220 0.6000000238
127025  44.517  -52.013  15.692 0.4000000060
24185  45.652  -52.598  14.775 0.4000000060
27578  39.981  -48.698  14.429 0.8000000119
28570  45.678  -47.715  7.585 1.0000000000
25840  45.157  -50.489  15.156 0.5000000000
25823  43.888  -50.573  16.286 0.5000000000
130523  43.457  -48.680  16.734 0.6999999881
128337  45.075  -45.207  9.547 1.0000000000
29537  45.219  -47.058  8.148 1.0000000000
34224  44.471  -41.503  7.370 1.0000000000
31496  41.400  -44.753  12.378 0.8000000119
35082  45.095  -41.124  8.438 1.0000000000
36042  42.344  -39.648  12.255 0.8000000119
35077  43.482  -40.984  9.748 1.0000000000
33233  44.518  -42.527  9.479 1.0000000000
114690  43.759  -37.577  9.566 0.8000000119
115915  44.066  -36.820  7.613 1.0000000000
124742  42.854  -41.798  16.644 0.6000000238
34142  41.901  -41.669  15.835 0.6999999881
42084  50.083  -32.936  15.311 0.4000000060
30585  38.191  -44.650  10.419 1.0000000000
31538  38.258  -43.470  9.546 1.0000000000
42105  48.790  -32.106  14.519 0.4000000060
37939  40.747  -37.506  8.864 1.0000000000
41188  49.108  -33.739  16.442 0.4000000060
42086  48.279  -32.527  15.491 0.5000000000
40364  48.458  -34.163  16.858 0.5000000000
44180  47.500  -29.917  12.307 0.4000000060
126048  40.145  -38.824  10.044 1.0000000000
42089  45.757  -32.711  15.406 0.5000000000
36017  38.127  -39.234  14.349 0.8000000119
41273  45.072  -32.514  8.087 0.5000000000
41290  43.616  -33.100  6.864 0.6999999881
41281  43.575  -32.505  7.176 0.6000000238
41269  42.776  -32.276  9.338 0.5000000000
40431  42.431  -33.603  9.352 0.5000000000
38741  39.613  -36.816  14.857 0.6999999881
39535  37.623  -35.505  15.328 0.6000000238
44154  38.390  -30.388  16.082 0.3000000119
19919  42.191  -57.342  10.398 0.5000000000
19918  42.920  -56.936  9.845 0.5000000000
18252  42.400  -59.768  9.736 0.5000000000
19066  42.857  -57.830  9.835 0.5000000000
17465  41.545  -60.229  10.133 0.5000000000
18239  41.744  -59.234  10.216 0.5000000000
19067  42.675  -58.782  9.884 0.5000000000
135690  41.489  -61.278  10.370 0.5000000000
16693  41.076  -61.814  11.838 0.4000000060
17464  40.413  -60.268  11.214 0.5000000000
16685  40.700  -61.774  12.626 0.4000000060
18232  40.017  -59.776  11.761 0.5000000000
119870  40.522  -61.794  13.443 0.5000000000
17460  39.812  -60.391  12.282 0.5000000000
27606  39.239  -48.616  11.867 0.6999999881
27607  38.906  -49.521  12.105 0.6999999881
27621  39.773  -48.620  10.994 0.8000000119
124940  40.979  -48.862  9.581 0.8000000119
27620  40.381  -48.723  10.261 0.8000000119
27632  41.401  -48.300  9.262 0.8999999762
120185  38.727  -47.894  12.182 0.6999999881
28555  40.078  -47.868  10.620 0.8999999762
27633  40.805  -47.940  9.867 0.8999999762
28554  41.084  -46.930  9.863 0.8999999762
28538  38.468  -47.082  12.189 0.6000000238
28537  39.337  -47.622  11.467 0.8000000119
127214  40.418  -47.263  10.376 0.8999999762
30583  41.140  -45.942  10.320 0.8999999762
30596  41.762  -45.362  9.564 0.8999999762
133802  46.334  -42.205  14.759 0.5000000000
127222  44.898  -43.864  15.885 0.5000000000
32322  44.261  -43.660  16.285 0.5000000000
30508  44.736  -45.406  15.960 0.6000000238
30495  44.004  -45.166  16.409 0.5000000000
29456  44.491  -46.217  15.961 0.6000000238
29499  37.648  -47.058  12.275 0.6000000238
29520  39.073  -46.440  11.586 0.8999999762
29519  39.816  -47.001  10.924 0.8999999762
29533  40.443  -46.466  10.673 0.8999999762
30597  40.880  -45.146  10.234 0.8999999762
31536  41.065  -44.477  9.705 0.8999999762
34152  45.403  -41.538  15.605 0.5000000000
34141  44.601  -41.176  16.310 0.5000000000
34151  46.154  -41.122  15.178 0.5000000000
32332  44.936  -43.075  16.023 0.5000000000
33147  44.019  -42.769  16.406 0.5000000000
34169  46.565  -41.554  14.719 0.5000000000
33156  45.617  -42.445  15.379 0.5000000000
30571  38.364  -45.788  11.210 0.8999999762
29521  38.028  -46.371  11.824 0.6999999881
30570  39.259  -45.644  11.172 0.8999999762
128585  40.193  -45.509  10.818 0.8999999762
31518  39.948  -44.473  10.142 0.8999999762
135742  45.562  -40.618  15.917 0.5000000000
122771  43.751  -41.758  16.563 0.5000000000
35014  46.453  -40.332  15.195 0.5000000000
35013  47.147  -40.061  14.618 0.5000000000
30584  39.178  -44.905  10.669 0.8999999762
35997  46.088  -39.816  15.834 0.5000000000
36941  46.466  -39.197  15.900 0.5000000000
117303  46.963  -38.708  16.128 0.5000000000
36940  47.624  -38.773  15.513 0.5000000000
36925  47.537  -38.143  16.250 0.4000000060
140074  35.331  -44.503  10.629 0.6000000238
119848  34.935  -44.355  10.990 0.6000000238
31522  35.774  -44.550  10.465 0.8000000119
32404  35.553  -44.098  10.831 0.6999999881
32389  35.317  -43.756  11.779 0.6999999881
33223  34.707  -43.253  12.335 0.6999999881
33224  33.699  -43.289  12.194 0.6999999881
32388  36.013  -43.661  11.218 0.8000000119
32403  36.297  -43.845  10.501 0.8000000119
33203  35.563  -43.114  12.563 0.6999999881
33204  34.972  -42.441  12.739 0.6999999881
135037  34.392  -41.833  12.919 0.6999999881
33221  37.148  -42.728  11.330 0.8000000119
33202  36.785  -42.853  12.536 0.8000000119
33235  37.056  -42.601  10.123 0.8000000119
34180  35.096  -41.665  13.242 0.6999999881
33193  35.774  -42.385  13.052 0.6999999881
33192  36.565  -42.340  13.168 0.8000000119
34190  37.991  -42.049  11.794 0.8000000119
34179  35.991  -41.580  13.482 0.6999999881
34178  36.877  -41.567  13.519 0.8000000119
125524  34.893  -39.600  13.820 0.6000000238
130498  37.483  -41.536  13.404 0.8000000119
35033  35.814  -39.940  14.308 0.6000000238
36020  35.385  -39.000  14.204 0.6000000238
137220  34.687  -38.806  13.671 0.6000000238
35032  36.831  -40.060  14.453 0.8000000119
36019  36.323  -39.150  14.451 0.6000000238
36974  34.923  -38.173  14.019 0.6000000238
35045  37.353  -40.852  13.900 0.8000000119
37922  34.556  -37.402  13.636 0.6000000238
36960  35.860  -38.271  14.397 0.6000000238
38757  35.191  -36.688  13.741 0.6999999881
37911  35.455  -37.446  14.149 0.6000000238
118512  35.118  -36.042  13.404 0.6000000238
36959  36.781  -38.370  14.600 0.6999999881
37910  36.360  -37.522  14.486 0.6999999881
15864  41.038  -62.556  13.934 0.4000000060
16686  39.882  -61.097  12.897 0.5000000000
17455  39.439  -60.167  13.011 0.5000000000
18240  40.932  -59.670  10.591 0.5000000000
29540  41.849  -46.275  9.480 0.8999999762
36924  48.213  -38.110  15.639 0.3000000119
33236  36.628  -43.241  10.648 0.8000000119
16701  42.213  -60.812  9.645 0.5000000000
16694  40.951  -61.131  11.214 0.5000000000
32331  45.601  -43.581  15.389 0.5000000000
33222  36.524  -43.301  11.700 0.8000000119
136655  36.209  -42.892  12.803 0.6999999881
133136  37.448  -42.400  12.459 0.8000000119
35047  35.188  -40.705  13.810 0.6999999881
35046  36.334  -40.787  13.960 0.6999999881
26689  45.907  -49.236  14.514 0.4000000060
27583  46.741  -48.614  13.436 0.4000000060
27577  45.647  -48.316  14.545 0.4000000060
27576  46.205  -48.477  14.023 0.4000000060
28501  45.507  -47.482  14.646 0.5000000000
126008  46.543  -47.719  13.620 0.4000000060
28505  47.144  -47.957  12.978 0.4000000060
138699  45.539  -46.155  15.047 0.5000000000
29466  45.019  -46.144  15.497 0.5000000000
29473  46.614  -46.230  14.134 0.5000000000
132635  46.715  -46.909  13.683 0.4000000060
120189  46.230  -47.136  14.182 0.4000000060
138621  47.614  -46.551  12.711 0.4000000060
29485  47.176  -46.343  13.404 0.4000000060
28500  45.977  -47.822  14.173 0.4000000060
29496  48.037  -46.808  12.227 0.4000000060
30507  45.522  -45.354  15.244 0.5000000000
132548  45.892  -46.611  14.657 0.5000000000
30528  47.593  -45.687  12.871 0.4000000060
30549  48.103  -44.973  12.456 0.4000000060
33232  50.953  -43.055  10.524 0.4000000060
32399  50.103  -43.782  10.701 0.4000000060
127226  48.851  -45.021  11.749 0.4000000060
32397  51.639  -43.425  9.938 0.4000000060
31515  50.440  -44.301  10.311 0.4000000060
123933  46.097  -45.024  14.692 0.5000000000
30519  46.067  -45.777  14.693 0.5000000000
133839  46.994  -44.636  13.706 0.4000000060
36988  56.244  -38.956  11.800 0.3000000119
30529  47.140  -45.503  13.620 0.4000000060
36054  55.766  -39.689  11.741 0.3000000119
31494  48.733  -44.169  12.270 0.4000000060
138628  56.159  -40.161  11.316 0.3000000119
127678  55.425  -40.417  11.530 0.3000000119
117706  54.142  -41.545  11.465 0.3000000119
33213  52.720  -42.392  10.899 0.3000000119
33214  51.899  -42.451  10.799 0.4000000060
32383  50.068  -43.149  10.969 0.4000000060
31507  49.254  -44.123  11.712 0.4000000060
116298  55.072  -41.233  11.253 0.3000000119
33212  53.676  -42.313  11.016 0.3000000119
33231  51.692  -42.995  10.227 0.4000000060
32346  46.725  -43.409  14.190 0.4000000060
31463  46.485  -44.336  14.323 0.4000000060
31479  47.450  -44.055  13.381 0.4000000060
37930  56.009  -37.687  12.345 0.3000000119
132236  54.406  -39.092  12.638 0.3000000119
36055  55.033  -39.938  12.066 0.3000000119
35054  53.515  -40.399  12.145 0.3000000119
34183  52.872  -41.023  11.855 0.3000000119
34202  51.439  -41.963  11.589 0.4000000060
33216  50.307  -42.599  11.256 0.4000000060
129011  49.354  -42.988  11.456 0.4000000060
35072  54.443  -40.613  11.842 0.3000000119
35073  53.651  -41.039  11.777 0.3000000119
34201  52.334  -41.784  11.473 0.3000000119
124791  46.229  -43.743  14.782 0.4000000060
36027  52.029  -39.437  13.415 0.3000000119
35038  50.616  -40.146  13.002 0.3000000119
35057  50.155  -40.868  12.523 0.4000000060
35058  49.420  -40.862  12.922 0.4000000060
33199  48.642  -41.976  12.602 0.4000000060
33200  47.726  -42.799  13.470 0.4000000060
36025  53.786  -39.023  12.954 0.3000000119
36041  52.373  -39.849  12.817 0.3000000119
35037  51.526  -40.014  12.965 0.3000000119
120019  50.131  -41.583  12.100 0.4000000060
33198  49.170  -41.966  12.070 0.4000000060
118584  48.317  -42.697  12.803 0.4000000060
36040  53.232  -39.728  12.605 0.3000000119
124658  51.899  -40.403  12.539 0.3000000119
34185  50.847  -41.424  12.137 0.4000000060
34204  49.822  -42.045  11.826 0.4000000060
32372  48.507  -43.357  12.456 0.4000000060
35055  52.628  -40.382  12.307 0.3000000119
34203  50.578  -42.098  11.703 0.4000000060
32385  49.021  -43.375  11.794 0.4000000060
126937  47.844  -39.958  14.246 0.4000000060
137962  48.119  -40.287  14.040 0.4000000060
34168  47.269  -41.424  14.351 0.4000000060
32347  46.263  -42.986  14.831 0.4000000060
36029  50.217  -39.520  13.528 0.3000000119
35041  48.334  -40.721  13.798 0.4000000060
34174  47.990  -41.407  13.903 0.4000000060
33178  46.819  -42.610  14.352 0.4000000060
35039  49.767  -40.260  13.139 0.4000000060
35040  48.877  -40.796  13.370 0.4000000060
33188  48.174  -42.088  13.373 0.4000000060
33189  47.194  -42.895  13.911 0.4000000060
35048  34.301  -41.077  13.297 0.6000000238
34191  33.534  -41.532  12.587 0.6000000238
35063  34.302  -40.087  13.346 0.5000000000
138378  33.856  -38.517  12.814 0.5000000000
36975  34.204  -38.230  13.211 0.5000000000
38758  34.256  -36.515  13.246 0.5000000000
39560  34.673  -35.639  13.025 0.5000000000
39568  35.071  -35.014  12.798 0.4000000060
47218  37.616  -27.859  11.940 0.3000000119
47229  38.018  -27.062  11.566 0.3000000119
47240  38.025  -27.085  10.468 0.3000000119
125480  38.537  -25.791  14.334 0.3000000119
48040  38.432  -26.515  13.863 0.3000000119
47217  37.992  -27.071  12.526 0.3000000119
48055  38.416  -26.299  12.156 0.3000000119
48063  38.276  -26.233  11.189 0.3000000119
47247  38.133  -27.000  9.282 0.3000000119
48077  38.482  -26.225  8.826 0.3000000119
49074  38.656  -25.057  14.762 0.3000000119
49080  38.690  -25.021  13.919 0.3000000119
48046  38.388  -26.380  13.029 0.3000000119
49086  38.643  -25.571  12.677 0.3000000119
116112  38.648  -25.459  11.792 0.3000000119
49088  38.554  -25.404  10.683 0.3000000119
49094  38.596  -25.450  9.441 0.3000000119
50129  39.101  -24.870  7.502 0.3000000119
50920  38.788  -23.535  15.600 0.3000000119
50096  38.614  -24.353  14.379 0.3000000119
121439  38.754  -24.944  13.135 0.3000000119
50104  38.659  -24.343  13.580 0.3000000119
50113  38.746  -24.823  12.367 0.3000000119
132753  38.675  -24.190  12.161 0.3000000119
50117  38.678  -24.508  11.306 0.3000000119
122561  38.886  -24.726  8.656 0.3000000119
51856  38.646  -22.078  14.717 0.3000000119
50942  38.506  -23.647  14.038 0.3000000119
50961  38.542  -23.586  13.294 0.3000000119
50969  38.483  -23.519  12.484 0.3000000119
50975  38.452  -23.504  11.496 0.3000000119
51902  38.163  -22.600  11.875 0.3000000119
52708  38.671  -21.932  15.548 0.3000000119
51862  38.397  -23.008  13.741 0.3000000119
120088  38.477  -22.168  13.863 0.3000000119
139886  38.920  -20.140  15.356 0.3000000119
53539  38.664  -20.584  14.736 0.3000000119
55230  38.472  -19.006  14.106 0.3000000119
53550  38.485  -20.734  13.803 0.3000000119
55209  38.885  -18.876  15.040 0.3000000119
134132  38.618  -18.302  14.605 0.3000000119
56183  38.935  -17.088  15.234 0.3000000119
123735  48.801  -45.920  11.566 0.4000000060
26688  46.194  -49.934  13.904 0.4000000060
29516  48.526  -46.645  11.744 0.4000000060
128866  47.629  -47.357  12.558 0.4000000060
32396  52.036  -43.374  9.749 0.4000000060
31514  51.114  -44.240  9.784 0.4000000060
30566  49.507  -45.494  11.147 0.4000000060
117629  57.058  -38.793  11.316 0.3000000119
35071  56.840  -40.263  11.021 0.3000000119
34198  56.157  -40.903  10.931 0.3000000119
34213  55.669  -41.835  10.694 0.3000000119
33229  53.100  -42.965  10.414 0.3000000119
33230  52.233  -42.970  10.164 0.3000000119
36980  56.703  -38.078  11.673 0.3000000119
36965  55.232  -38.122  12.679 0.3000000119
36967  53.280  -38.461  13.599 0.3000000119
37915  55.321  -37.285  13.030 0.3000000119
36012  48.169  -39.543  14.333 0.4000000060
36011  48.856  -39.371  14.215 0.4000000060
36010  49.681  -39.115  14.044 0.4000000060
36970  50.852  -39.028  13.755 0.3000000119
36028  51.133  -39.510  13.409 0.3000000119
36013  47.517  -39.397  14.781 0.4000000060
34209  34.105  -42.469  12.571 0.6000000238
52693  38.933  -21.763  16.453 0.3000000119
53538  39.156  -20.107  16.033 0.3000000119
54337  39.122  -19.468  15.528 0.3000000119
130567  38.975  -17.988  15.380 0.3000000119
55208  39.315  -18.724  15.777 0.3000000119
37929  56.640  -37.178  11.757 0.3000000119
26682  45.302  -49.661  15.069 0.4000000060
28494  44.913  -47.537  15.242 0.5000000000
31495  48.133  -44.140  12.900 0.4000000060
36039  55.186  -39.090  12.371 0.3000000119
50928  38.599  -23.604  14.800 0.3000000119
116304  38.690  -24.554  9.924 0.3000000119
122916  38.309  -22.658  12.994 0.3000000119
137501  38.244  -21.793  13.154 0.3000000119
57050  39.175  -16.426  15.721 0.3000000119
25846  46.207  -50.917  14.111 0.3000000119
26695  46.774  -49.558  13.237 0.3000000119
138346  42.275  -53.098  7.724 0.6000000238
24231  41.252  -52.476  8.223 0.6999999881
23378  40.897  -53.168  8.610 0.6999999881
27582  47.278  -48.804  12.822 0.3000000119
19848  45.100  -58.454  14.696 0.3000000119
19867  45.343  -57.639  14.471 0.3000000119
25030  40.188  -51.620  9.774 0.6999999881
137262  46.707  -51.829  14.033 0.3000000119
25040  40.276  -52.512  9.430 0.6999999881
24225  40.838  -52.431  8.665 0.6999999881
25867  46.942  -50.889  12.918 0.3000000119
26708  46.945  -50.230  12.831 0.3000000119
24224  40.957  -51.775  8.418 0.6999999881
26707  47.406  -49.660  12.444 0.3000000119
28534  49.509  -47.371  10.934 0.3000000119
27603  48.827  -48.026  11.280 0.3000000119
27591  47.727  -48.879  12.254 0.3000000119
29529  50.586  -46.419  10.039 0.3000000119
29530  50.063  -45.953  10.588 0.3000000119
28535  48.890  -47.223  11.453 0.3000000119
20731  45.835  -56.578  14.279 0.3000000119
22477  46.385  -54.149  14.281 0.4000000060
135518  40.023  -50.893  10.077 0.6999999881
24997  47.093  -51.662  13.207 0.3000000119
23327  46.260  -53.122  14.410 0.3000000119
25039  40.721  -51.809  9.046 0.6999999881
25866  47.337  -50.558  12.375 0.3000000119
135035  47.841  -50.219  11.883 0.3000000119
125766  48.547  -48.781  11.327 0.3000000119
28515  48.215  -47.523  11.913 0.3000000119
29536  51.180  -45.940  9.429 0.3000000119
21598  45.637  -55.553  14.876 0.4000000060
126134  39.662  -51.202  10.459 0.6999999881
23338  47.349  -53.342  13.180 0.3000000119
23339  46.959  -53.327  13.983 0.3000000119
25017  47.713  -51.018  11.836 0.3000000119
25005  47.392  -51.379  12.470 0.3000000119
25888  40.789  -50.400  9.377 0.6999999881
123243  48.413  -50.004  11.443 0.3000000119
25038  41.004  -51.226  8.771 0.6999999881
129983  50.781  -44.774  9.971 0.3000000119
29515  49.357  -46.497  11.211 0.3000000119
127779  51.785  -44.750  9.141 0.3000000119
30579  50.756  -45.495  10.013 0.3000000119
25881  40.153  -50.284  9.946 0.6999999881
132652  47.750  -51.861  11.871 0.3000000119
26741  40.518  -49.573  9.806 0.6999999881
122743  48.620  -51.077  10.919 0.3000000119
25016  48.190  -51.457  11.338 0.3000000119
26740  41.242  -49.692  9.250 0.6999999881
31531  51.681  -44.216  9.410 0.3000000119
24205  48.223  -52.340  11.229 0.3000000119
32413  51.942  -43.721  9.523 0.3000000119
36952  49.280  -38.627  14.639 0.3000000119
22533  43.077  -54.807  7.548 0.5000000000
22535  40.746  -54.002  8.440 0.6999999881
22534  41.636  -54.345  7.965 0.6000000238
122247  40.795  -54.820  8.301 0.6000000238
119814  42.738  -53.977  7.390 0.6000000238
24218  39.426  -52.797  10.084 0.6999999881
25031  39.686  -52.013  10.256 0.6999999881
21607  46.422  -56.011  13.669 0.3000000119
25021  39.294  -51.540  10.837 0.6999999881
122798  46.591  -54.965  13.792 0.4000000060
25882  39.681  -50.321  10.687 0.6999999881
22491  47.071  -54.210  13.617 0.4000000060
26720  39.552  -49.451  11.333 0.6999999881
23345  47.728  -53.378  12.218 0.3000000119
139505  47.996  -53.031  11.502 0.3000000119
23354  48.519  -53.147  10.902 0.3000000119
25854  46.578  -50.444  13.386 0.3000000119
26728  40.007  -49.489  10.508 0.6999999881
23377  41.421  -53.465  8.106 0.6000000238
25026  48.668  -51.743  10.679 0.3000000119
22501  48.009  -54.383  12.153 0.3000000119
135397  43.373  -57.872  9.494 0.5000000000
21651  44.502  -55.804  8.276 0.5000000000
20786  43.920  -56.643  8.349 0.5000000000
20774  43.225  -56.195  9.845 0.4000000060
18270  38.905  -59.825  7.731 0.4000000060
17480  37.458  -60.784  8.163 0.5000000000
122177  43.970  -56.185  9.110 0.4000000060
20781  43.693  -56.698  9.357 0.5000000000
132309  44.663  -55.635  7.710 0.5000000000
16702  36.624  -61.202  8.297 0.4000000060
16703  35.743  -61.608  8.450 0.4000000060
17479  38.216  -60.289  7.939 0.5000000000
17473  35.396  -61.032  9.513 0.4000000060
16712  35.189  -62.666  7.892 0.4000000060
17471  37.143  -60.405  9.058 0.4000000060
18262  37.923  -59.874  8.675 0.5000000000
19075  38.913  -58.381  8.455 0.5000000000
19936  39.694  -57.484  8.491 0.4000000060
21659  41.921  -55.160  8.045 0.5000000000
20788  40.557  -56.208  8.415 0.4000000060
19935  40.103  -56.820  8.506 0.4000000060
20787  41.084  -55.641  8.243 0.4000000060
16704  34.732  -61.901  8.514 0.4000000060
118748  32.474  -58.936  11.020 0.4000000060
18255  36.736  -59.962  9.822 0.4000000060
19922  33.249  -57.841  10.515 0.4000000060
18254  37.501  -59.510  9.455 0.5000000000
19913  34.129  -57.533  10.721 0.4000000060
18253  38.318  -58.812  9.001 0.5000000000
19901  35.651  -56.833  11.774 0.4000000060
120965  34.707  -56.814  11.152 0.4000000060
119800  38.820  -58.032  8.940 0.5000000000
19931  38.926  -57.356  9.279 0.5000000000
20752  35.895  -56.154  12.202 0.4000000060
21636  35.342  -55.362  11.914 0.4000000060
19937  39.239  -57.682  8.757 0.5000000000
19930  39.548  -56.797  8.934 0.6000000238
21661  39.997  -55.376  8.935 0.6000000238
21660  40.328  -55.417  8.592 0.5000000000
18244  32.977  -59.714  10.538 0.4000000060
19060  33.093  -58.746  10.553 0.4000000060
19059  34.153  -58.595  10.621 0.4000000060
19069  37.713  -58.604  9.884 0.5000000000
18241  37.047  -59.271  10.074 0.4000000060
19045  34.972  -58.228  11.129 0.4000000060
19920  38.283  -57.740  9.979 0.5000000000
19912  35.295  -57.579  11.408 0.4000000060
20783  39.206  -56.415  9.368 0.5000000000
129436  35.719  -54.833  12.342 0.4000000060
21653  39.855  -55.107  9.151 0.6000000238
22536  40.267  -54.683  8.773 0.6000000238
131530  33.867  -59.546  10.458 0.4000000060
18242  36.424  -59.496  10.515 0.4000000060
137012  34.803  -59.424  10.697 0.4000000060
19058  35.325  -58.897  11.049 0.4000000060
19044  35.864  -58.284  11.379 0.4000000060
127180  38.583  -56.884  9.878 0.5000000000
19911  36.364  -57.435  11.668 0.4000000060
137135  36.410  -56.653  12.076 0.4000000060
21626  36.049  -55.602  12.453 0.4000000060
23371  40.480  -53.836  8.897 0.6000000238
22523  40.032  -54.394  9.221 0.6000000238
22529  39.536  -54.850  9.555 0.6000000238
17474  34.305  -61.264  9.534 0.4000000060
17467  34.881  -60.308  10.318 0.4000000060
18233  36.188  -58.944  11.094 0.4000000060
19921  37.932  -57.269  10.608 0.5000000000
19056  37.537  -58.088  10.726 0.5000000000
19043  36.705  -58.223  11.245 0.5000000000
19910  37.217  -57.476  11.303 0.5000000000
19900  37.090  -56.711  11.914 0.5000000000
20776  38.802  -56.072  9.888 0.5000000000
20777  38.177  -56.522  10.560 0.5000000000
20765  37.753  -56.243  11.424 0.5000000000
20751  36.627  -56.100  12.398 0.4000000060
21654  39.411  -55.598  9.443 0.6000000238
21625  36.658  -55.264  12.559 0.5000000000
131423  40.650  -53.136  9.026 0.6000000238
23372  39.991  -53.524  9.418 0.6000000238
21645  38.993  -55.331  10.045 0.6000000238
20764  38.363  -55.794  10.665 0.5000000000
20750  37.308  -55.895  12.220 0.5000000000
126916  39.585  -54.192  9.660 0.6000000238
21634  38.516  -55.123  10.806 0.6000000238
21635  37.922  -55.464  11.563 0.5000000000
23366  39.175  -53.593  10.163 0.6000000238
25868  38.371  -50.977  12.283 0.5000000000
25008  38.375  -51.682  12.070 0.6000000238
24198  38.051  -52.291  12.270 0.5000000000
25022  38.824  -51.414  11.504 0.6000000238
24210  38.573  -52.227  11.556 0.6000000238
139903  37.591  -53.098  12.531 0.5000000000
22524  38.933  -54.474  10.338 0.6000000238
22513  38.162  -54.533  11.539 0.5000000000
21624  37.421  -55.058  12.258 0.5000000000
140138  36.959  -54.736  12.563 0.5000000000
137832  36.744  -53.524  12.617 0.5000000000
25875  38.816  -50.490  11.840 0.5000000000
124593  38.326  -50.104  12.597 0.5000000000
128610  39.294  -50.128  11.461 0.6000000238
25874  39.277  -50.852  11.148 0.6000000238
23347  38.321  -52.987  11.786 0.6000000238
135146  38.089  -53.707  11.995 0.5000000000
24209  39.073  -52.159  10.828 0.6000000238
24219  38.782  -52.887  10.837 0.6000000238
20793  43.782  -56.602  7.974 0.4000000060
122030  45.151  -54.212  7.129 0.5000000000
120623  44.327  -55.264  7.447 0.4000000060
19065  43.668  -57.902  9.022 0.5000000000
125365  43.843  -57.795  7.963 0.5000000000
19928  43.839  -57.106  8.813 0.5000000000
21657  44.289  -56.099  8.115 0.5000000000
18261  38.605  -59.287  8.231 0.5000000000
17472  36.307  -60.736  9.316 0.4000000060
17466  35.970  -60.259  10.187 0.4000000060
128322  33.658  -56.571  10.496 0.4000000060
20766  35.070  -56.079  11.501 0.4000000060
18243  35.651  -59.581  10.712 0.4000000060
17468  33.688  -60.532  10.211 0.4000000060
23358  38.515  -53.670  11.038 0.6000000238
19061  32.448  -58.025  10.723 0.3000000119
20767  34.171  -56.044  10.799 0.3000000119
19923  33.206  -57.095  10.397 0.3000000119
21637  34.035  -55.065  10.876 0.3000000119
20768  33.225  -55.627  10.477 0.3000000119
21646  32.283  -55.264  10.699 0.3000000119
14212  41.736  -64.038  18.101 0.5000000000
14995  40.393  -63.436  17.697 0.5000000000
14996  39.913  -63.846  17.253 0.5000000000
15012  40.031  -63.077  17.091 0.6000000238
15797  42.881  -62.952  18.693 0.5000000000
15839  40.315  -62.441  16.416 0.6000000238
16639  41.034  -61.254  18.087 0.5000000000
16640  40.727  -61.635  17.476 0.6999999881
16671  40.407  -61.785  14.952 0.5000000000
16679  39.858  -61.257  13.780 0.5000000000
16697  41.007  -60.520  10.656 0.5000000000
17390  42.598  -60.674  18.825 0.5000000000
17391  41.884  -60.833  18.698 0.5000000000
17430  39.675  -60.699  16.098 0.6000000238
17441  39.441  -60.711  15.157 0.6000000238
17451  38.967  -59.904  13.825 0.6000000238
18175  44.291  -59.114  17.859 0.3000000119
18176  43.419  -59.087  17.968 0.5000000000
18180  39.541  -59.437  16.701 0.6999999881
18226  39.687  -59.517  12.450 0.6000000238
18962  39.703  -58.343  16.806 0.6000000238
18984  42.414  -57.943  17.138 0.6000000238
18985  41.370  -58.143  17.003 0.6000000238
18986  39.259  -58.079  16.572 0.6000000238
18999  44.661  -58.422  15.640 0.4000000060
19008  38.568  -58.749  14.696 0.6999999881
19055  41.090  -58.730  10.676 0.5000000000
19057  36.977  -58.837  10.719 0.4000000060
19068  38.465  -58.101  9.403 0.5000000000
19822  44.304  -57.728  15.600 0.4000000060
19827  39.001  -57.424  16.319 0.6000000238
19849  38.690  -57.769  15.653 0.6999999881
19909  40.945  -57.405  11.501 0.6999999881
19929  43.466  -57.377  9.454 0.5000000000
19934  43.851  -57.159  8.166 0.5000000000
20694  42.183  -55.899  17.067 0.4000000060
20695  41.521  -55.910  17.207 0.5000000000
20707  43.777  -56.948  15.767 0.5000000000
20708  43.283  -56.633  16.307 0.5000000000
20710  39.046  -56.124  16.263 0.6999999881
20724  38.809  -56.848  15.711 0.6999999881
20738  40.020  -55.866  12.920 0.8000000119
20775  42.274  -56.455  10.565 0.6000000238
20780  44.047  -56.410  8.648 0.4000000060
20782  39.675  -55.860  9.115 0.6000000238
20789  39.971  -56.047  8.785 0.6000000238
21574  41.099  -55.201  17.323 0.6000000238
21586  42.672  -55.568  16.834 0.4000000060
21597  46.119  -55.273  14.295 0.4000000060
21622  41.108  -55.069  11.798 0.8000000119
21658  43.204  -55.565  7.732 0.4000000060
21665  44.100  -55.896  7.796 0.4000000060
22469  45.269  -54.064  15.333 0.5000000000
22471  39.679  -53.992  15.634 0.6000000238
22478  45.756  -54.575  14.824 0.5000000000
22490  47.507  -54.251  12.843 0.4000000060
22503  37.354  -54.161  12.421 0.5000000000
22504  36.370  -54.293  12.502 0.5000000000
22521  43.618  -54.947  9.556 0.6000000238
23295  42.981  -53.315  17.004 0.4000000060
23309  43.538  -53.653  16.712 0.4000000060
23316  44.728  -53.629  15.882 0.4000000060
23341  39.615  -53.725  13.568 0.8000000119
23346  40.363  -53.043  12.591 0.8000000119
23355  48.286  -53.747  11.524 0.3000000119
23363  44.390  -54.452  9.071 0.6000000238
23382  45.235  -53.301  6.844 0.6999999881
24154  41.720  -52.845  17.240 0.6000000238
24172  45.005  -52.291  15.251 0.4000000060
24174  39.728  -52.554  15.359 0.6999999881
24184  46.277  -52.376  14.413 0.3000000119
24189  47.144  -52.514  13.604 0.3000000119
24190  46.750  -52.618  14.156 0.3000000119
24196  47.462  -52.388  12.633 0.3000000119
24206  47.761  -52.608  11.850 0.3000000119
24207  41.455  -52.242  11.067 0.8000000119
24968  44.244  -51.374  15.976 0.5000000000
24969  43.609  -51.417  16.581 0.5000000000
24970  42.839  -51.541  17.029 0.6000000238
24971  41.300  -51.435  17.020 0.6000000238
24972  40.389  -51.539  16.773 0.6000000238
24973  39.815  -51.436  16.290 0.6999999881
24985  44.915  -51.388  15.337 0.4000000060
24986  39.650  -51.233  15.611 0.6999999881
24994  39.719  -51.082  14.971 0.8000000119
25051  45.447  -52.276  6.925 0.8999999762
25052  45.048  -52.114  6.806 0.8000000119
25872  48.276  -50.694  11.400 0.3000000119
25880  43.061  -50.245  10.759 0.8999999762
26670  42.140  -49.676  17.352 0.6000000238
26690  40.230  -49.750  14.067 0.8000000119
26706  48.126  -49.342  11.777 0.3000000119
26725  48.740  -49.419  11.058 0.3000000119
26738  45.687  -49.125  7.774 1.0000000000
26749  45.676  -48.964  6.990 1.0000000000
27570  45.307  -48.814  15.067 0.4000000060
27573  39.844  -48.793  15.362 0.8000000119
27590  48.159  -48.447  11.816 0.3000000119
27593  40.902  -48.136  12.940 0.8000000119
27594  38.479  -48.591  12.428 0.6999999881
27605  41.968  -48.811  12.101 0.8000000119
27617  49.074  -48.718  10.736 0.3000000119
27619  43.347  -48.228  11.184 0.8999999762
27652  45.740  -48.513  6.846 1.0000000000
28483  43.884  -46.762  16.314 0.6000000238
28485  42.354  -47.212  16.711 0.6999999881
28486  40.843  -47.734  16.599 0.6999999881
28487  40.182  -47.734  16.142 0.8000000119
28516  47.656  -48.152  12.365 0.3000000119
28551  49.978  -46.767  10.597 0.3000000119
28563  41.564  -47.639  9.220 0.8999999762
29460  40.619  -46.232  15.929 0.6000000238
29467  44.636  -46.867  15.637 0.5000000000
29468  40.355  -46.185  15.184 0.6999999881
29474  45.162  -46.820  15.050 0.5000000000
29484  47.119  -47.145  13.140 0.4000000060
29498  41.042  -45.878  13.202 0.6999999881
30496  43.442  -45.840  16.499 0.6999999881
30498  41.511  -45.493  16.517 0.6000000238
30518  46.587  -45.251  14.214 0.5000000000
30548  48.130  -45.939  12.112 0.4000000060
30569  39.847  -46.173  11.224 0.8999999762
30580  50.188  -45.061  10.480 0.3000000119
30592  51.308  -44.935  9.475 0.3000000119
30593  45.220  -45.888  8.216 1.0000000000
31450  45.201  -44.523  15.628 0.5000000000
31451  44.507  -44.493  16.171 0.5000000000
31464  45.893  -44.428  15.047 0.4000000060
31465  40.621  -45.171  14.190 0.6999999881
31480  46.901  -43.946  13.747 0.4000000060
31481  41.093  -44.101  13.131 0.8000000119
31506  49.701  -44.466  11.048 0.4000000060
31530  52.119  -44.327  9.178 0.3000000119
31532  45.491  -44.559  8.229 1.0000000000
31534  43.147  -44.577  8.362 1.0000000000
31547  45.194  -44.633  7.834 1.0000000000
32323  43.411  -43.446  16.540 0.6000000238
32334  40.871  -43.877  15.663 0.6999999881
32362  47.278  -43.418  13.616 0.4000000060
32373  47.934  -43.405  13.141 0.4000000060
32375  36.111  -43.356  12.215 0.8000000119
32384  49.579  -43.583  11.257 0.4000000060
32398  50.863  -43.648  10.219 0.4000000060
32414  51.542  -43.809  9.709 0.4000000060
32416  45.120  -43.684  8.571 1.0000000000
33149  42.440  -42.500  16.490 0.6000000238
33150  41.888  -42.442  16.090 0.6000000238
33157  44.722  -42.123  16.074 0.5000000000
33158  41.499  -42.366  15.325 0.6000000238
33177  47.489  -42.197  14.024 0.4000000060
33191  37.230  -42.193  13.126 0.8000000119
33201  41.699  -42.528  12.399 0.8000000119
33215  51.137  -42.570  10.991 0.4000000060
33217  49.541  -42.557  11.580 0.4000000060
33218  48.854  -42.629  11.969 0.4000000060
33220  42.095  -42.040  11.803 0.8000000119
33234  43.879  -42.815  10.463 1.0000000000
33242  44.917  -42.249  8.105 1.0000000000
33244  42.815  -42.547  8.306 1.0000000000
33245  41.719  -42.557  8.837 1.0000000000
34170  45.984  -41.766  15.071 0.5000000000
34171  41.329  -41.992  14.414 0.6999999881
34177  37.847  -41.740  12.925 0.8000000119
34184  51.872  -41.096  12.076 0.3000000119
34186  49.592  -41.454  12.345 0.4000000060
34187  49.040  -41.386  12.740 0.4000000060
34199  54.652  -42.116  10.947 0.3000000119
34200  53.245  -41.692  11.474 0.3000000119
34220  44.582  -41.815  9.079 1.0000000000
35004  43.637  -40.162  16.579 0.6999999881
35005  43.022  -40.189  16.283 0.6999999881
35026  48.557  -40.097  13.874 0.4000000060
35027  47.676  -40.619  14.227 0.4000000060
35028  46.885  -40.835  14.692 0.5000000000
35043  39.332  -40.374  12.949 0.8999999762
35044  38.791  -40.505  13.494 0.8999999762
35053  54.241  -39.705  12.414 0.3000000119
35056  51.135  -40.652  12.528 0.3000000119
35081  45.594  -41.138  7.576 1.0000000000
35093  44.758  -40.557  7.274 1.0000000000
35981  45.725  -39.226  16.385 0.6000000238
35996  46.767  -39.621  15.205 0.5000000000
35998  45.393  -39.862  16.390 0.6000000238
36014  42.294  -39.239  14.128 0.8000000119
36026  52.886  -39.246  13.243 0.3000000119
36030  49.327  -39.804  13.672 0.3000000119
36032  41.738  -40.517  13.643 0.8000000119
36035  34.157  -39.070  13.168 0.5000000000
36043  42.121  -40.064  12.860 0.8000000119
36061  44.959  -40.209  7.998 1.0000000000
36064  44.696  -40.006  7.743 1.0000000000
36069  44.206  -39.766  7.364 1.0000000000
36912  45.827  -37.924  17.059 0.6000000238
36913  44.930  -37.816  17.034 0.6999999881
36930  42.777  -38.736  16.638 0.6999999881
36942  42.278  -38.738  15.922 0.6999999881
36953  48.344  -38.839  14.861 0.4000000060
36956  39.285  -38.467  14.156 1.0000000000
36966  54.494  -38.554  12.834 0.3000000119
36968  52.449  -38.756  13.752 0.3000000119
36969  51.595  -38.901  13.803 0.3000000119
36981  55.940  -38.407  12.254 0.3000000119
36992  40.585  -38.349  10.226 1.0000000000
37867  49.012  -36.531  16.309 0.4000000060
37872  43.537  -37.545  16.473 0.6999999881
38684  47.720  -35.765  17.509 0.5000000000
38687  44.646  -36.569  17.165 0.6999999881
38702  44.239  -36.246  16.714 0.6999999881
38717  43.898  -35.813  16.027 0.6999999881
38755  43.671  -36.473  13.751 0.6999999881
38766  44.271  -36.138  12.048 0.6999999881
39517  48.906  -35.270  17.282 0.4000000060
39532  39.928  -35.126  15.321 0.5000000000
39534  38.385  -35.403  15.505 0.5000000000
39547  40.487  -35.268  14.963 0.6000000238
39550  35.712  -36.039  13.825 0.6999999881
39582  44.201  -36.046  7.362 1.0000000000
40383  41.188  -34.085  15.453 0.3000000119
40385  39.668  -34.649  15.727 0.4000000060
41178  47.010  -33.926  17.045 0.6000000238
41179  46.233  -33.992  17.170 0.6000000238
41189  47.730  -33.918  16.733 0.5000000000
41191  45.827  -33.594  16.629 0.6000000238
41194  39.753  -33.417  16.373 0.4000000060
41206  49.692  -33.274  15.995 0.4000000060
41207  48.956  -33.043  15.970 0.4000000060
41209  45.584  -33.259  15.848 0.6000000238
41223  45.209  -32.785  14.874 0.5000000000
41225  41.612  -33.392  15.218 0.3000000119
41282  42.649  -32.803  7.150 0.6999999881
42074  46.751  -32.847  16.030 0.4000000060
42108  45.086  -31.804  13.986 0.5000000000
42120  49.350  -31.838  13.619 0.4000000060
42136  36.077  -32.384  12.465 0.4000000060
42179  45.012  -32.021  7.803 0.6000000238
42180  44.391  -31.822  7.571 0.5000000000
42181  43.427  -32.022  7.687 0.6000000238
43089  40.901  -31.118  17.194 0.3000000119
43102  42.410  -31.542  16.157 0.3000000119
43103  41.634  -31.416  16.720 0.3000000119
43105  39.647  -31.440  16.774 0.4000000060
43106  38.874  -32.024  16.593 0.4000000060
43122  37.588  -31.443  15.342 0.3000000119
43139  43.267  -30.830  14.095 0.3000000119
43140  42.649  -31.891  14.561 0.4000000060
43153  47.094  -30.151  12.244 0.4000000060
43155  45.596  -30.552  11.880 0.5000000000
43178  43.004  -31.311  11.484 0.4000000060
43193  44.947  -31.463  8.421 0.5000000000
44171  36.686  -31.043  14.309 0.3000000119
44179  49.143  -30.373  13.202 0.4000000060
44184  36.749  -30.427  13.567 0.3000000119
44191  51.500  -30.546  12.823 0.3000000119
44194  45.704  -29.846  11.294 0.5000000000
45184  42.779  -29.430  17.255 0.4000000060
45186  41.383  -29.569  17.547 0.3000000119
45194  39.365  -29.634  16.732 0.3000000119
45219  49.024  -29.773  13.201 0.4000000060
45221  47.492  -29.536  12.555 0.4000000060
45223  45.417  -29.316  12.625 0.3000000119
45234  52.097  -29.517  12.103 0.3000000119
46252  46.938  -28.301  15.081 0.3000000119
46260  50.031  -28.280  13.924 0.3000000119
47174  39.647  -27.307  17.328 0.3000000119
47204  51.073  -27.980  13.238 0.3000000119
48021  39.311  -26.388  16.330 0.3000000119
48054  50.641  -26.366  12.744 0.3000000119
48071  38.336  -26.245  10.050 0.3000000119
49022  40.939  -26.010  18.229 0.3000000119
49060  39.051  -25.799  15.962 0.3000000119
49106  39.096  -25.635  7.082 0.3000000119
50053  40.216  -24.946  17.822 0.3000000119
50081  38.671  -24.323  15.196 0.3000000119
50907  39.406  -23.439  17.203 0.4000000060
52743  38.411  -21.391  13.613 0.3000000119
53519  38.710  -20.936  15.764 0.3000000119
54338  38.810  -19.677  14.784 0.3000000119
54355  38.552  -19.945  13.988 0.3000000119
114686  43.249  -38.086  10.285 0.8000000119
114689  44.372  -38.860  8.545 1.0000000000
114697  39.766  -36.487  7.194 1.0000000000
114705  43.207  -35.169  6.732 0.8999999762
114837  51.143  -26.796  12.323 0.3000000119
115625  42.554  -39.610  11.384 0.8000000119
115629  41.631  -37.065  11.444 0.8999999762
115819  44.011  -36.583  10.917 0.6999999881
116248  41.360  -37.625  11.255 0.8999999762
118004  51.493  -27.142  11.904 0.3000000119
118203  42.899  -35.953  6.267 0.8999999762
118786  43.681  -29.684  16.009 0.3000000119
119348  38.731  -24.278  12.848 0.3000000119
119478  47.553  -44.829  13.140 0.4000000060
119696  46.073  -30.603  9.874 0.5000000000
119811  41.673  -49.140  17.214 0.6999999881
120136  49.167  -40.386  13.408 0.4000000060
120219  43.576  -36.056  6.681 1.0000000000
121158  41.363  -61.833  11.095 0.5000000000
121239  40.717  -49.289  16.827 0.6999999881
122171  40.313  -61.066  11.946 0.4000000060
122600  40.044  -47.138  13.944 0.6999999881
122617  53.966  -38.298  13.272 0.3000000119
122747  40.372  -62.757  15.684 0.6000000238
123359  43.341  -58.395  9.501 0.5000000000
123405  50.890  -46.822  9.418 0.3000000119
123629  41.262  -43.861  16.169 0.6000000238
123744  39.314  -42.583  9.091 1.0000000000
123916  38.567  -21.373  14.308 0.3000000119
123929  40.474  -38.657  10.966 1.0000000000
124171  42.139  -33.000  11.521 0.5000000000
124416  48.549  -41.384  13.307 0.4000000060
124753  39.297  -58.734  16.620 0.6000000238
124966  39.974  -53.904  16.371 0.6000000238
125070  42.166  -47.640  12.116 0.6999999881
125347  40.930  -45.092  16.254 0.6000000238
125650  45.867  -35.793  17.565 0.6999999881
125736  40.487  -51.075  9.476 0.6999999881
125785  38.793  -25.055  15.592 0.4000000060
125975  38.604  -21.358  15.055 0.3000000119
126062  41.788  -40.662  14.665 0.6999999881
126238  46.672  -51.137  13.508 0.3000000119
126393  37.364  -34.110  14.415 0.4000000060
127024  45.009  -48.856  9.313 1.0000000000
127055  45.686  -50.227  14.556 0.4000000060
127202  41.989  -43.961  16.474 0.6000000238
127221  44.977  -44.004  9.287 1.0000000000
127296  40.259  -43.830  9.525 1.0000000000
127439  40.443  -52.324  16.669 0.6000000238
127894  44.020  -37.871  16.922 0.6999999881
128247  38.572  -25.688  13.500 0.3000000119
128315  42.506  -45.671  16.684 0.6000000238
128515  42.393  -43.936  8.729 1.0000000000
128827  39.635  -49.995  15.859 0.6999999881
129061  41.306  -50.188  12.083 0.8000000119
129453  38.693  -22.792  15.174 0.3000000119
129824  40.809  -53.044  17.060 0.6000000238
129877  48.401  -30.167  12.807 0.4000000060
129926  46.881  -41.995  14.431 0.4000000060
129962  39.711  -24.190  17.554 0.3000000119
130176  40.287  -24.138  18.055 0.3000000119
130313  51.672  -29.223  12.685 0.3000000119
130602  49.199  -34.341  16.916 0.5000000000
131521  43.151  -55.952  16.438 0.5000000000
131623  39.488  -57.225  13.299 0.8000000119
132077  43.114  -37.760  12.663 0.6999999881
132702  39.541  -53.829  15.001 0.6999999881
133889  41.438  -42.339  13.060 0.8000000119
133917  40.577  -44.667  14.747 0.6999999881
134269  42.097  -62.872  18.899 0.5000000000
134537  37.924  -41.243  13.505 0.8000000119
135326  37.615  -56.864  11.181 0.5000000000
135423  38.905  -40.060  11.132 0.8999999762
135639  39.503  -39.066  13.839 1.0000000000
135857  56.526  -36.510  11.871 0.3000000119
135995  56.585  -39.561  11.351 0.3000000119
136023  39.969  -36.258  7.523 1.0000000000
136282  47.031  -39.134  15.423 0.5000000000
136468  40.662  -41.093  8.453 1.0000000000
136619  38.503  -22.897  14.395 0.3000000119
136889  46.945  -29.664  12.171 0.5000000000
136933  45.281  -55.633  15.276 0.5000000000
136995  40.088  -60.394  11.778 0.5000000000
137151  38.581  -45.245  10.866 1.0000000000
137405  41.235  -37.792  11.867 0.8999999762
137544  40.905  -38.065  13.211 0.6999999881
137791  41.725  -56.416  11.106 0.6000000238
137984  44.283  -29.860  10.255 0.4000000060
138312  42.445  -40.745  11.436 0.8999999762
138435  48.027  -37.558  16.222 0.4000000060
138484  40.771  -58.481  16.961 0.6999999881
138700  43.087  -31.094  12.642 0.4000000060
138845  44.850  -32.611  7.618 0.5000000000
139165  45.149  -48.084  14.938 0.5000000000
139351  46.397  -49.164  13.867 0.4000000060
139568  39.167  -55.443  15.797 0.6999999881
139966  38.485  -33.408  16.063 0.4000000060
140050  42.069  -51.303  17.113 0.6000000238
