#!ascii label  , from subject sub-05 vox2ras=TkReg
1330
123393  32.296  -52.829  21.570 0.8999999762
126500  33.074  -53.027  21.621 0.8000000119
22397  33.061  -55.054  21.158 0.6999999881
22396  33.742  -54.528  20.878 0.8000000119
132590  30.996  -52.559  21.339 0.8999999762
134426  33.745  -53.179  21.352 1.0000000000
118118  34.182  -55.005  20.072 0.8000000119
22413  34.342  -54.156  20.351 0.8999999762
21539  34.375  -55.757  19.550 0.8000000119
116394  34.514  -54.965  19.072 0.6999999881
118710  34.586  -55.854  18.770 0.6999999881
127966  30.113  -51.889  21.426 0.8000000119
24118  30.718  -51.886  21.351 0.8999999762
24932  31.142  -51.250  21.406 0.8999999762
24933  30.332  -51.290  21.491 0.8999999762
24915  28.928  -52.148  23.016 0.8999999762
24116  32.669  -52.206  21.619 0.8999999762
24115  33.629  -52.354  21.417 1.0000000000
23258  34.692  -53.347  20.321 0.8999999762
24132  35.242  -52.835  19.950 1.0000000000
23271  35.089  -53.338  19.554 0.8999999762
23272  34.709  -53.890  19.815 0.8999999762
23282  34.746  -54.032  19.017 0.8000000119
117318  34.449  -55.995  17.913 0.6999999881
25787  31.711  -50.549  21.618 0.8999999762
24912  30.702  -50.706  21.733 0.8999999762
24913  29.952  -50.942  21.985 0.8999999762
24914  29.520  -51.600  22.484 0.8999999762
24902  29.256  -51.585  23.579 0.8999999762
24931  32.126  -51.359  21.461 0.8999999762
119905  34.286  -52.155  20.921 1.0000000000
22434  34.654  -54.515  18.320 0.8000000119
22452  34.743  -54.522  17.375 0.8000000119
138322  34.641  -54.772  16.793 0.8000000119
21588  34.369  -54.946  16.320 0.8000000119
22472  34.156  -54.257  15.612 0.8000000119
25774  30.441  -50.534  22.583 0.8999999762
24903  28.438  -51.991  23.963 0.8999999762
24904  27.612  -51.811  24.259 0.8999999762
25772  31.867  -49.929  22.081 0.8999999762
25754  28.774  -51.109  24.261 0.8999999762
24896  27.446  -51.129  24.245 0.8000000119
123680  27.113  -52.164  24.217 0.8000000119
125229  32.605  -50.760  21.482 0.8999999762
25762  27.040  -50.476  24.135 0.6999999881
24905  26.810  -51.331  24.050 0.6999999881
128864  25.978  -51.162  23.406 0.6999999881
25785  33.539  -50.572  21.420 0.8999999762
139600  25.673  -50.502  23.143 0.6999999881
26593  24.983  -50.067  22.967 0.6999999881
25784  34.415  -50.649  20.943 1.0000000000
24929  33.973  -51.462  21.163 1.0000000000
24944  34.791  -51.537  20.519 1.0000000000
24139  35.462  -52.635  19.326 1.0000000000
130333  35.377  -52.145  19.904 1.0000000000
24144  35.500  -52.280  18.528 0.8999999762
23281  35.141  -53.173  18.595 0.8000000119
23300  34.771  -53.857  18.033 0.8000000119
123169  34.933  -53.711  17.128 0.8000000119
23313  34.617  -53.306  16.480 0.8000000119
22466  34.588  -54.165  16.475 0.8000000119
23318  34.226  -53.456  15.742 0.8000000119
23319  33.811  -53.440  14.782 0.8000000119
25773  31.143  -50.139  22.188 0.8999999762
25775  29.867  -51.115  23.139 0.8999999762
25760  30.833  -49.946  23.054 0.8999999762
25761  30.050  -50.392  23.581 0.8999999762
132458  29.548  -51.042  23.913 0.8999999762
26575  28.448  -50.096  24.467 0.8999999762
25786  32.691  -50.044  21.827 0.8999999762
25763  26.281  -50.466  23.638 0.6999999881
26623  33.654  -49.799  21.775 0.8999999762
26591  26.593  -49.593  23.744 0.6000000238
26592  25.792  -49.812  23.274 0.6000000238
120929  34.302  -49.898  21.411 1.0000000000
127427  25.012  -48.296  22.542 0.5000000000
28425  25.558  -47.438  22.305 0.5000000000
25795  35.091  -50.598  20.349 1.0000000000
123167  35.448  -51.262  19.834 1.0000000000
24949  35.660  -51.822  19.204 1.0000000000
140116  34.928  -53.267  17.738 0.8000000119
24155  35.343  -51.873  17.827 0.8999999762
24156  34.909  -52.243  17.233 0.8000000119
116356  34.946  -52.984  17.111 0.8000000119
140613  34.973  -51.592  17.324 0.8999999762
24165  34.511  -52.548  16.564 0.8000000119
128411  34.469  -51.772  16.720 0.8999999762
138650  34.194  -52.841  15.968 0.8000000119
24175  33.681  -52.743  15.153 0.8000000119
25753  29.284  -50.331  24.214 0.8999999762
26609  31.580  -49.627  22.705 0.8999999762
26586  32.030  -49.056  23.159 0.8999999762
26576  27.524  -49.813  24.320 0.8000000119
26607  33.266  -49.292  22.239 0.8999999762
27499  32.832  -48.760  22.812 0.8999999762
26590  27.270  -48.930  23.860 0.6999999881
132410  25.986  -49.116  23.240 0.6000000238
26610  25.306  -49.125  23.004 0.6000000238
28414  27.066  -48.055  23.363 0.6999999881
27500  26.236  -47.711  23.001 0.6000000238
27501  25.747  -48.370  22.967 0.5000000000
26631  34.852  -49.857  20.851 1.0000000000
28424  26.117  -46.956  22.464 0.5000000000
28436  25.935  -46.601  21.612 0.5000000000
25803  35.482  -50.412  19.681 1.0000000000
25811  35.668  -50.078  18.896 1.0000000000
127919  35.684  -50.968  19.075 1.0000000000
24964  35.406  -50.993  17.717 0.8999999762
128106  35.518  -49.734  19.623 1.0000000000
139704  35.681  -50.703  18.378 0.8999999762
24965  34.663  -51.009  17.029 0.8999999762
24974  33.850  -51.124  16.221 0.8999999762
24166  33.771  -52.104  15.896 0.8999999762
25820  35.047  -50.205  17.337 0.8999999762
25829  34.158  -50.301  16.710 0.8999999762
24975  33.213  -51.488  15.415 0.8999999762
136564  33.462  -50.386  16.119 0.8999999762
26587  31.217  -49.274  23.413 0.8999999762
26588  30.413  -49.500  23.719 0.8999999762
26574  29.077  -49.293  24.395 0.8999999762
26573  29.922  -48.928  24.247 0.8999999762
27468  29.468  -48.300  24.472 1.0000000000
27470  28.151  -49.183  24.333 0.8000000119
27482  31.640  -48.636  23.895 0.8999999762
26606  34.303  -49.174  21.999 0.8999999762
27498  33.766  -48.578  22.601 0.8999999762
27484  27.893  -48.363  23.807 0.6999999881
120693  26.848  -47.039  22.931 0.6999999881
129696  34.883  -49.344  21.466 1.0000000000
117739  26.546  -46.400  22.012 0.5000000000
26622  35.339  -49.063  20.970 1.0000000000
27522  35.537  -48.399  20.484 1.0000000000
26630  35.579  -49.143  20.069 1.0000000000
26638  35.583  -49.246  19.232 1.0000000000
27530  35.562  -48.461  19.567 1.0000000000
118617  35.428  -47.693  19.911 1.0000000000
26649  35.466  -49.396  18.426 0.8999999762
26657  35.094  -49.439  17.695 0.8999999762
26658  34.366  -49.490  17.066 0.8999999762
123463  32.842  -50.839  11.938 0.6999999881
25859  32.956  -50.478  12.425 0.8000000119
25004  31.404  -51.200  12.125 0.8000000119
25860  31.885  -51.021  12.410 0.8000000119
27481  32.473  -48.349  23.564 0.8999999762
28411  32.023  -47.938  24.264 1.0000000000
27466  31.166  -48.113  24.459 1.0000000000
28394  29.848  -47.514  24.648 1.0000000000
27469  28.688  -48.454  24.292 0.6999999881
139661  28.318  -47.838  23.891 0.6999999881
27497  34.552  -48.416  22.332 0.8999999762
27480  33.335  -48.077  23.250 0.8999999762
28413  27.659  -47.533  23.472 0.6999999881
29381  27.304  -46.271  22.404 0.6000000238
27512  35.060  -48.692  21.787 1.0000000000
29393  26.399  -45.984  20.952 0.4000000060
27511  35.368  -48.103  21.369 1.0000000000
28466  35.350  -47.719  19.025 1.0000000000
27549  35.035  -48.784  18.118 1.0000000000
25851  30.069  -51.749  13.068 0.8999999762
25002  35.567  -51.092  12.769 0.6000000238
131373  34.184  -50.363  12.402 0.6000000238
24995  31.168  -51.649  12.510 0.8999999762
25850  30.752  -51.660  12.779 0.8999999762
135173  33.735  -47.435  23.559 0.8999999762
139648  32.910  -47.531  24.012 0.8999999762
28395  28.987  -47.514  24.379 0.8000000119
29367  27.742  -46.701  23.106 0.6999999881
30439  26.844  -45.250  21.144 0.4000000060
27496  35.062  -47.827  22.199 1.0000000000
118725  35.430  -47.683  20.694 1.0000000000
28457  35.102  -47.008  19.485 1.0000000000
28467  34.711  -46.998  18.732 1.0000000000
25844  30.711  -51.167  14.449 0.8999999762
25833  29.972  -50.801  15.372 0.8999999762
25862  29.922  -51.542  12.189 0.8999999762
26697  36.777  -49.749  13.301 0.6000000238
25857  36.172  -50.464  13.208 0.6000000238
25003  34.388  -50.880  12.127 0.6000000238
26699  34.166  -49.930  12.710 0.8000000119
26700  33.172  -49.997  12.869 0.8000000119
25861  30.953  -51.176  12.206 0.8999999762
138711  32.241  -47.266  24.493 0.8999999762
28393  30.688  -47.478  24.749 0.8999999762
29346  30.256  -46.700  24.813 0.6999999881
29345  31.881  -46.740  24.843 0.8999999762
123670  31.086  -46.823  24.995 0.8999999762
28412  28.284  -47.053  23.798 0.6000000238
28423  34.314  -47.777  22.933 1.0000000000
28410  34.360  -46.931  23.448 1.0000000000
128639  33.590  -46.782  23.993 1.0000000000
29366  28.451  -46.231  23.398 0.6000000238
29380  28.055  -45.946  22.665 0.6000000238
136075  28.579  -44.595  21.967 0.5000000000
28422  34.934  -47.043  22.790 1.0000000000
28421  35.238  -47.034  22.056 1.0000000000
28435  35.340  -47.157  21.239 1.0000000000
28446  35.251  -47.024  20.307 1.0000000000
29425  35.136  -46.355  19.848 1.0000000000
29426  34.645  -46.342  19.174 1.0000000000
28475  34.055  -46.887  17.989 1.0000000000
135155  34.178  -47.674  17.495 1.0000000000
28476  33.486  -47.224  17.262 1.0000000000
27551  33.501  -48.074  16.938 1.0000000000
118870  32.416  -48.166  16.588 1.0000000000
27564  31.693  -48.815  16.099 0.8999999762
27563  32.835  -48.740  16.391 0.8999999762
25832  31.418  -50.319  15.327 0.8999999762
26702  30.613  -50.774  12.392 0.8999999762
26711  38.092  -49.231  12.710 0.6000000238
132438  37.117  -49.312  13.193 0.6000000238
26698  35.829  -49.656  13.047 0.6000000238
25858  35.237  -50.429  12.772 0.6000000238
26701  31.981  -50.285  12.747 0.8000000119
29344  32.749  -46.592  24.536 0.8999999762
134177  30.784  -46.351  24.983 0.6999999881
29348  28.919  -46.538  24.153 0.6000000238
29365  29.049  -45.648  23.742 0.6000000238
118976  34.219  -46.002  23.813 0.8999999762
30404  29.293  -44.928  23.009 0.6000000238
30421  28.991  -44.749  22.318 0.5000000000
29364  34.810  -46.338  23.213 1.0000000000
29391  35.460  -46.376  21.636 1.0000000000
29410  35.437  -46.292  20.702 1.0000000000
132692  35.321  -45.781  20.067 1.0000000000
30468  34.845  -45.694  19.443 1.0000000000
30482  34.351  -45.724  18.733 1.0000000000
29442  34.249  -46.360  18.576 1.0000000000
29449  33.543  -46.449  17.371 1.0000000000
28488  32.927  -47.583  16.844 1.0000000000
123052  31.429  -48.307  16.288 1.0000000000
27565  30.518  -49.083  16.162 0.8999999762
26676  29.532  -49.945  15.696 0.8999999762
26686  29.084  -50.840  14.869 0.8999999762
26703  29.266  -50.916  13.035 0.8999999762
119701  37.296  -48.959  12.942 0.6000000238
26713  36.595  -49.035  13.027 0.6000000238
26714  35.098  -49.332  12.652 0.6000000238
26715  34.292  -49.052  12.789 0.6999999881
27585  33.172  -49.109  13.240 0.6999999881
27587  29.944  -50.454  12.987 0.8999999762
27586  32.047  -49.185  13.277 0.6999999881
139119  31.086  -49.339  13.355 0.8999999762
30382  29.718  -45.043  24.114 0.6999999881
31358  29.688  -44.449  23.334 0.6000000238
29343  33.463  -46.068  24.359 0.8999999762
120419  32.181  -46.107  24.906 0.8000000119
139222  31.172  -45.401  24.884 0.6999999881
30403  33.900  -45.350  24.480 0.8000000119
29379  35.277  -46.185  22.509 1.0000000000
30401  34.913  -45.433  23.294 0.8000000119
30420  35.364  -45.190  22.373 0.8999999762
125100  35.631  -45.773  21.277 1.0000000000
30456  35.541  -45.422  20.637 1.0000000000
30467  35.281  -45.113  19.830 1.0000000000
31419  34.751  -44.959  18.988 1.0000000000
30487  34.146  -45.171  18.084 1.0000000000
29461  32.889  -46.888  16.773 1.0000000000
28489  32.178  -47.627  16.534 1.0000000000
125627  30.592  -48.450  16.128 0.8999999762
27566  29.678  -48.857  16.035 0.8999999762
26693  29.026  -50.122  14.080 0.8999999762
27597  35.942  -48.777  12.426 0.6000000238
27599  33.937  -48.172  12.885 0.6999999881
27588  29.536  -49.594  13.699 0.8999999762
28517  38.036  -47.732  12.504 0.6000000238
27595  37.497  -48.427  12.673 0.6000000238
133082  32.959  -48.122  13.238 0.6999999881
118061  31.813  -48.060  13.399 0.6999999881
116219  30.461  -45.768  24.776 0.6999999881
31357  30.278  -44.323  23.889 0.6000000238
31335  33.471  -44.700  24.841 0.8000000119
31336  32.455  -44.781  24.938 0.8000000119
133977  31.521  -44.796  24.788 0.6999999881
30381  30.649  -44.894  24.534 0.6999999881
30402  34.575  -45.181  24.103 0.6999999881
31356  34.321  -44.580  24.473 0.8000000119
31354  35.024  -44.513  22.950 0.6999999881
31372  35.372  -44.311  22.084 0.6999999881
31392  35.489  -44.072  21.228 0.8000000119
140018  35.488  -43.922  20.677 0.8000000119
31408  35.462  -44.513  20.506 0.8000000119
134062  35.484  -43.776  20.162 0.8000000119
118087  35.277  -44.357  19.596 0.8999999762
31431  35.213  -44.204  18.758 0.8999999762
131260  34.749  -44.592  18.305 1.0000000000
30488  33.726  -45.704  17.334 1.0000000000
29462  31.978  -46.967  16.232 1.0000000000
30501  33.697  -45.423  16.319 1.0000000000
119818  33.291  -46.090  16.705 1.0000000000
28490  31.236  -47.721  16.191 1.0000000000
29463  31.002  -46.989  15.850 1.0000000000
28491  30.171  -47.815  15.846 0.8999999762
28492  29.221  -48.227  15.590 0.8999999762
27567  28.892  -49.190  15.414 0.8999999762
27574  28.767  -49.187  14.662 0.8999999762
125464  36.746  -48.098  12.404 0.6000000238
28519  36.237  -48.197  12.020 0.6000000238
27598  35.243  -48.594  12.335 0.6000000238
133741  34.698  -48.230  12.451 0.6999999881
27579  29.110  -48.804  14.127 0.8999999762
28509  30.479  -48.607  13.513 0.8999999762
28508  32.673  -47.167  12.802 0.6999999881
28510  29.556  -48.163  13.551 0.8999999762
120542  32.871  -43.967  24.953 0.6999999881
140330  31.155  -43.317  24.392 0.6000000238
32237  30.020  -43.762  23.167 0.6000000238
32235  34.651  -43.731  24.185 0.6999999881
32219  33.135  -43.120  24.852 0.6000000238
124979  34.947  -43.949  23.494 0.6999999881
32250  35.255  -43.730  22.773 0.6999999881
32269  35.646  -43.418  21.901 0.6999999881
128832  35.856  -42.983  19.977 0.8000000119
32300  35.509  -43.605  19.327 0.8000000119
32312  35.519  -43.464  18.454 0.8000000119
31437  34.701  -44.568  17.527 1.0000000000
31436  35.241  -44.066  17.911 0.8000000119
139043  33.180  -45.770  16.264 1.0000000000
30502  32.652  -46.151  16.151 1.0000000000
30503  31.703  -46.253  15.659 1.0000000000
30510  33.001  -45.440  15.799 1.0000000000
30511  32.280  -45.632  15.523 1.0000000000
30504  30.662  -46.225  15.498 1.0000000000
30505  29.486  -46.186  15.401 1.0000000000
29465  29.411  -47.262  15.434 1.0000000000
117434  29.008  -47.581  15.269 0.8999999762
28520  35.777  -48.248  11.960 0.6000000238
28503  28.831  -47.844  14.434 0.8999999762
28518  37.338  -47.732  12.429 0.6000000238
124571  35.234  -47.898  11.989 0.6999999881
28511  29.175  -47.528  13.858 0.8999999762
28521  34.478  -47.549  12.285 0.6999999881
29486  31.762  -46.858  13.132 0.6999999881
136336  30.248  -47.528  13.378 0.8999999762
32218  34.025  -42.996  24.474 0.6000000238
33045  32.397  -42.445  24.750 0.5000000000
33057  34.709  -42.758  23.954 0.6999999881
32234  35.138  -43.254  23.511 0.6999999881
123049  35.997  -42.619  22.246 0.6999999881
33070  35.639  -42.977  22.844 0.6999999881
33089  36.052  -42.804  21.414 0.6999999881
33106  36.095  -42.756  20.719 0.6999999881
33123  35.850  -42.840  19.004 0.8000000119
33135  35.707  -42.643  18.157 0.8000000119
32316  35.387  -43.262  17.609 0.8000000119
32327  34.665  -43.696  16.114 0.8999999762
31447  34.327  -44.706  16.008 1.0000000000
32326  35.163  -43.016  16.719 0.8000000119
32328  34.010  -44.005  15.247 0.8999999762
31453  33.572  -44.842  15.426 1.0000000000
31454  32.526  -44.874  14.978 1.0000000000
30512  31.356  -45.433  15.115 1.0000000000
139059  29.347  -45.554  15.264 1.0000000000
29469  28.907  -46.553  15.032 0.8999999762
125985  28.877  -47.405  14.871 0.8999999762
29470  28.402  -45.516  14.462 0.8999999762
29489  28.901  -46.821  14.092 0.8999999762
28539  36.684  -47.405  11.950 0.6000000238
28541  35.026  -47.051  11.778 0.6000000238
28522  33.613  -47.347  12.554 0.6999999881
29487  30.855  -46.700  13.296 0.8000000119
29488  29.866  -46.863  13.411 0.8999999762
29522  37.072  -46.565  11.461 0.6000000238
29500  34.185  -46.778  11.937 0.6999999881
29501  32.414  -46.292  12.394 0.6999999881
30531  30.552  -45.981  13.179 0.8000000119
125551  29.137  -46.431  13.587 0.8999999762
29502  31.471  -45.828  12.843 0.6999999881
30532  29.758  -45.886  13.079 0.8999999762
33044  33.296  -42.338  24.550 0.5000000000
34034  32.613  -41.768  24.368 0.5000000000
135315  33.398  -41.723  24.212 0.5000000000
33056  35.266  -42.463  23.382 0.6999999881
124273  35.778  -42.292  22.912 0.6999999881
34088  36.379  -42.266  21.833 0.6999999881
34101  36.701  -41.589  20.662 0.6999999881
33105  36.353  -42.265  20.292 0.6999999881
33134  36.223  -42.078  18.651 0.8000000119
33141  35.546  -42.432  17.281 0.8000000119
124562  34.899  -42.755  15.939 0.8000000119
130699  33.273  -44.206  14.768 1.0000000000
31455  31.536  -44.482  14.579 1.0000000000
30513  30.028  -45.540  15.325 1.0000000000
33151  35.399  -42.086  16.287 0.8000000119
32335  34.298  -42.878  15.242 0.8000000119
123358  32.307  -43.693  14.387 0.8999999762
31456  30.470  -44.803  14.822 1.0000000000
31457  29.357  -45.032  15.031 1.0000000000
140396  31.499  -43.892  14.394 0.8999999762
30514  28.770  -45.444  14.947 1.0000000000
30515  28.025  -44.874  14.545 1.0000000000
29490  28.477  -45.846  13.808 0.8999999762
30521  27.724  -44.883  14.097 0.8999999762
28540  35.831  -47.506  11.618 0.6000000238
29525  34.701  -46.293  11.361 0.6000000238
30556  28.592  -45.149  13.014 0.8999999762
29526  33.848  -46.064  11.492 0.6999999881
28523  33.278  -46.567  12.069 0.6999999881
30553  32.193  -45.504  12.140 0.6999999881
30554  30.543  -45.319  12.407 0.6999999881
30555  29.469  -45.222  12.662 0.8000000119
119067  31.439  -45.203  12.122 0.6999999881
31501  28.857  -44.463  12.703 0.8000000119
31502  27.762  -44.167  13.058 0.8999999762
33043  34.062  -42.170  24.148 0.6000000238
34047  33.969  -41.321  23.829 0.5000000000
34045  35.386  -41.644  23.242 0.6999999881
34046  34.699  -41.930  23.654 0.5000000000
34087  36.722  -41.490  21.701 0.6999999881
34064  36.136  -41.770  22.574 0.6999999881
34063  36.327  -40.792  22.513 0.6999999881
34948  36.936  -40.819  20.972 0.6999999881
34970  36.913  -40.986  20.001 0.6999999881
34112  36.556  -41.690  19.922 0.6999999881
34127  36.652  -41.506  19.210 0.6999999881
34132  36.562  -41.181  18.263 0.8000000119
33140  35.951  -41.867  17.802 0.8000000119
136272  35.753  -41.754  17.048 0.8000000119
33152  34.911  -42.074  15.476 0.8000000119
34991  36.016  -40.396  16.733 0.8000000119
34144  35.173  -41.256  15.801 0.8000000119
33160  33.699  -42.296  14.668 0.8000000119
124758  31.163  -43.337  14.328 0.8999999762
131143  29.633  -44.224  14.600 1.0000000000
34155  34.535  -41.310  15.299 0.8000000119
34156  33.817  -41.422  14.926 0.8000000119
31458  28.397  -44.428  14.714 1.0000000000
32338  28.782  -43.538  14.576 1.0000000000
29524  35.478  -46.532  11.218 0.6000000238
31466  27.605  -44.290  14.301 1.0000000000
30552  33.004  -45.848  11.789 0.6999999881
135815  32.783  -45.169  11.830 0.6999999881
118779  27.488  -44.365  13.629 0.8999999762
32350  27.572  -43.721  13.898 1.0000000000
31498  32.063  -44.703  11.905 0.6999999881
31499  31.001  -44.653  11.758 0.8000000119
31500  30.060  -44.591  12.039 0.8000000119
34935  36.690  -40.546  21.728 0.6999999881
122582  36.605  -38.977  21.660 0.6999999881
35916  36.943  -39.880  21.173 0.6999999881
34947  37.173  -40.333  20.436 0.6999999881
34969  37.306  -40.228  19.684 0.6999999881
35956  37.469  -39.465  19.398 0.6999999881
34983  36.915  -40.243  18.376 0.6999999881
34982  37.300  -40.056  18.999 0.6999999881
34990  36.471  -40.373  17.559 0.8000000119
34133  36.154  -41.157  17.299 0.8000000119
35006  35.445  -40.391  16.019 0.8000000119
35973  36.272  -39.628  16.973 0.8000000119
35007  34.770  -40.431  15.485 0.8000000119
33161  32.759  -42.561  14.450 0.8999999762
33162  31.713  -42.613  14.386 0.8999999762
34157  33.011  -41.607  14.684 0.8000000119
123353  32.140  -41.790  14.629 0.8999999762
32337  29.973  -43.352  14.446 0.8999999762
30575  34.494  -45.563  11.112 0.6000000238
133965  31.315  -41.838  14.519 0.8999999762
33163  30.362  -42.309  14.408 0.8999999762
33165  28.457  -43.167  14.336 1.0000000000
30588  35.196  -45.126  10.570 0.6000000238
33181  28.123  -43.205  14.042 0.8999999762
33194  28.640  -42.470  13.700 0.8999999762
117128  30.593  -43.846  11.608 0.8000000119
32379  29.619  -43.687  12.153 0.8999999762
33210  28.342  -43.163  13.029 0.8000000119
35915  37.281  -38.977  20.901 0.6999999881
36890  37.677  -38.801  20.008 0.6999999881
35964  37.258  -39.430  18.531 0.6999999881
36901  37.553  -38.497  18.918 0.6999999881
35972  36.734  -39.531  17.769 0.6999999881
35016  33.914  -40.579  15.280 0.8000000119
126984  32.412  -40.974  14.758 0.8000000119
128987  33.140  -40.774  15.009 0.8000000119
135923  32.569  -40.321  15.104 0.8000000119
33164  29.152  -42.779  14.454 0.8999999762
30576  33.622  -45.247  11.503 0.6000000238
128348  31.886  -40.383  14.773 0.8000000119
123075  30.895  -40.479  14.476 0.8999999762
34158  29.528  -41.384  14.319 0.8999999762
129462  29.240  -42.074  14.198 0.8999999762
31510  34.407  -44.833  11.189 0.6000000238
34172  28.804  -41.510  13.839 0.8999999762
119283  31.531  -43.960  11.620 0.6999999881
33209  28.670  -42.462  13.137 0.8000000119
116731  30.143  -42.946  11.473 0.6999999881
118276  29.152  -42.781  12.307 0.8000000119
36868  37.565  -38.142  20.685 0.6999999881
129377  37.769  -37.882  19.765 0.6999999881
134344  37.617  -37.564  18.980 0.6999999881
35008  34.006  -39.562  15.594 0.8000000119
126470  33.082  -39.982  15.479 0.8000000119
134513  32.334  -39.686  15.167 0.8000000119
127502  30.608  -41.283  14.425 0.8999999762
35017  29.723  -40.538  14.408 0.8999999762
31511  33.786  -44.555  11.613 0.6000000238
35018  28.825  -40.578  14.179 0.8999999762
31497  33.025  -44.495  11.825 0.6999999881
138532  32.343  -44.020  11.802 0.6999999881
35034  28.522  -40.485  13.761 0.8999999762
33207  30.970  -42.236  11.460 0.6999999881
33208  29.897  -42.048  11.713 0.8000000119
34181  28.584  -41.330  13.350 0.8000000119
116142  29.089  -41.757  12.563 0.8000000119
34194  29.704  -41.140  11.996 0.8000000119
37791  37.567  -37.256  20.517 0.6999999881
38629  37.428  -36.639  20.134 0.6000000238
32390  34.354  -44.057  11.768 0.6000000238
126099  31.292  -39.778  14.579 0.8000000119
36002  30.014  -39.760  14.433 0.8999999762
36003  29.000  -39.822  14.295 0.8999999762
32391  33.583  -44.051  11.928 0.6000000238
35019  28.576  -39.937  14.008 0.8999999762
32377  32.118  -43.348  11.743 0.8000000119
34195  28.780  -40.779  12.709 0.8000000119
35068  29.466  -40.395  12.081 0.8000000119
122287  28.864  -39.680  12.675 0.8000000119
32376  32.944  -43.681  11.939 0.6999999881
36947  30.527  -39.034  14.265 0.8000000119
140364  33.351  -42.429  12.325 0.5000000000
33205  32.766  -42.867  12.024 0.6000000238
34192  32.669  -42.012  12.094 0.6000000238
33206  31.928  -42.503  11.701 0.6999999881
35035  28.564  -39.605  13.645 0.8000000119
116599  31.855  -41.505  11.689 0.6000000238
117327  31.425  -40.584  11.559 0.6000000238
35067  30.429  -40.513  11.616 0.6999999881
125850  29.862  -39.714  11.698 0.8000000119
35049  28.498  -40.205  13.315 0.8000000119
36049  30.923  -39.745  11.349 0.6000000238
36961  29.404  -38.018  13.956 0.8000000119
36962  28.505  -38.277  13.658 0.8999999762
34191  33.534  -41.532  12.587 0.6000000238
36050  29.196  -38.808  12.135 0.8000000119
36051  28.370  -38.511  12.981 0.8000000119
36977  28.189  -37.970  13.233 0.8000000119
36985  30.225  -38.886  11.336 0.6000000238
37912  30.580  -37.447  13.816 0.8000000119
37926  28.593  -37.697  13.388 0.8000000119
125408  32.693  -41.266  12.136 0.6000000238
35066  32.320  -40.600  11.979 0.6000000238
37934  28.560  -37.593  12.961 0.8000000119
36048  31.949  -39.743  11.724 0.6000000238
37938  29.178  -37.738  12.189 0.6999999881
37932  31.583  -37.821  11.364 0.6000000238
37937  29.927  -37.541  11.517 0.6000000238
37933  29.544  -37.259  12.356 0.6999999881
36984  31.442  -38.805  11.324 0.6000000238
38747  31.422  -36.779  14.003 0.8000000119
37913  29.394  -37.274  13.359 0.8000000119
35065  33.053  -40.725  12.382 0.6000000238
35064  33.684  -40.466  12.799 0.5000000000
37925  29.135  -37.129  13.101 0.8000000119
36046  33.754  -39.620  12.839 0.6000000238
36047  32.954  -39.814  12.408 0.6000000238
38774  29.967  -36.482  12.627 0.6000000238
36983  32.602  -38.943  11.930 0.6000000238
37936  30.738  -37.219  11.199 0.6000000238
36982  33.187  -38.225  11.949 0.6000000238
128790  31.730  -36.991  11.315 0.6000000238
37935  30.864  -36.354  11.001 0.6000000238
126947  31.656  -35.994  13.651 0.8000000119
38748  30.312  -36.809  13.429 0.8000000119
39538  32.381  -35.424  14.108 0.8000000119
39551  30.637  -34.930  13.276 0.6999999881
36036  33.507  -38.852  12.502 0.6000000238
39573  30.136  -35.608  11.955 0.6000000238
39572  29.556  -34.555  12.630 0.6000000238
38773  29.695  -35.413  12.961 0.6999999881
36976  33.679  -38.149  12.465 0.5000000000
129611  30.822  -35.558  11.221 0.6000000238
37924  33.317  -37.607  12.110 0.5000000000
38772  31.965  -36.077  10.879 0.6000000238
37923  33.763  -37.484  12.904 0.5000000000
40404  31.558  -34.276  13.697 0.6999999881
40405  30.149  -33.940  13.275 0.6000000238
39561  29.576  -34.315  12.877 0.6000000238
128988  29.753  -35.085  12.766 0.6000000238
140408  29.528  -34.213  12.572 0.6000000238
40413  29.727  -33.989  12.761 0.6000000238
38759  33.367  -36.737  12.498 0.5000000000
39577  29.846  -34.607  11.894 0.6000000238
38771  32.954  -36.077  11.821 0.6000000238
39571  32.639  -35.526  11.263 0.6000000238
38770  33.737  -35.867  12.641 0.5000000000
39569  34.277  -35.169  12.496 0.4000000060
40422  33.951  -34.625  11.911 0.5000000000
126769  31.348  -33.389  13.587 0.6000000238
121512  30.711  -33.316  12.998 0.6000000238
39576  31.648  -35.066  11.275 0.6000000238
40424  29.791  -33.918  12.392 0.6000000238
41242  30.616  -32.338  13.074 0.6000000238
40429  32.332  -34.388  11.588 0.6000000238
41265  32.895  -33.750  11.533 0.6000000238
39570  33.333  -35.323  12.053 0.5000000000
40428  33.439  -34.293  11.539 0.6000000238
40427  34.211  -34.086  11.412 0.5000000000
40421  34.936  -34.562  12.291 0.4000000060
41255  34.827  -34.096  11.658 0.4000000060
41266  31.436  -33.630  12.144 0.6000000238
140550  30.532  -32.189  12.885 0.5000000000
42114  30.787  -31.711  13.574 0.5000000000
41230  31.165  -32.531  13.629 0.5000000000
135728  30.998  -34.303  11.885 0.6000000238
121853  31.080  -32.619  12.536 0.5000000000
41264  33.895  -33.683  11.213 0.5000000000
41263  34.663  -33.599  11.287 0.4000000060
43146  31.157  -31.462  13.866 0.4000000060
128300  32.167  -32.957  11.812 0.6000000238
42153  31.372  -31.963  11.950 0.5000000000
42152  33.361  -32.939  11.098 0.4000000060
131503  32.477  -32.307  11.315 0.6000000238
42165  32.162  -31.290  11.400 0.4000000060
42163  34.126  -32.375  10.595 0.4000000060
43189  34.097  -31.644  10.268 0.4000000060
44204  31.356  -30.444  11.641 0.4000000060
42164  33.230  -32.033  10.679 0.4000000060
42162  34.832  -32.414  10.833 0.4000000060
43190  33.297  -31.030  10.502 0.4000000060
45230  32.016  -29.986  12.608 0.4000000060
45231  31.119  -30.152  12.207 0.4000000060
44213  32.240  -30.395  10.855 0.4000000060
43196  34.814  -31.333  9.786 0.4000000060
134797  34.163  -31.085  9.918 0.4000000060
44224  33.707  -30.449  9.790 0.4000000060
44225  32.902  -30.231  10.213 0.4000000060
45241  32.044  -29.465  11.972 0.4000000060
46296  31.905  -28.851  11.049 0.4000000060
128083  31.387  -30.022  11.684 0.4000000060
118351  35.427  -30.194  8.977 0.3000000119
45273  32.974  -29.516  9.687 0.4000000060
45261  32.008  -29.170  10.643 0.4000000060
46295  32.274  -28.184  11.015 0.4000000060
46307  31.989  -28.832  10.757 0.4000000060
24988  31.671  -51.754  13.584 0.8999999762
27541  34.850  -47.851  18.169 1.0000000000
25830  33.013  -50.840  15.483 0.8999999762
26673  33.382  -49.574  16.359 0.8999999762
126463  32.656  -50.107  15.584 0.8999999762
26659  33.725  -48.883  16.862 1.0000000000
24976  32.435  -51.379  14.605 0.8999999762
26674  32.161  -49.406  15.769 0.8999999762
42125  30.304  -31.505  12.960 0.4000000060
43181  30.579  -31.069  11.982 0.4000000060
44197  30.400  -30.705  12.652 0.4000000060
43161  31.359  -31.049  13.754 0.4000000060
24117  31.631  -52.140  21.450 0.8999999762
24114  34.240  -52.883  20.954 1.0000000000
21556  34.580  -55.205  18.094 0.8000000119
24930  33.103  -51.443  21.451 1.0000000000
26608  32.367  -49.444  22.435 0.8999999762
24955  35.627  -51.451  18.424 0.8999999762
23299  35.132  -52.642  17.838 0.8000000119
124399  35.299  -49.791  20.246 1.0000000000
24987  32.817  -52.038  14.549 0.8000000119
25819  35.634  -50.118  17.970 0.8999999762
27483  30.767  -48.772  24.060 0.8999999762
27467  30.287  -48.183  24.539 1.0000000000
29392  27.008  -45.720  21.721 0.4000000060
30423  27.649  -45.599  22.187 0.4000000060
123307  35.384  -48.572  18.744 1.0000000000
27550  34.473  -48.563  17.434 0.8999999762
25013  31.547  -51.435  11.838 0.6999999881
25843  31.297  -51.521  13.805 0.8999999762
25011  34.817  -51.543  12.048 0.6000000238
29347  29.605  -46.068  24.416 0.6999999881
30438  27.692  -44.938  21.803 0.4000000060
25831  32.049  -50.739  14.755 0.8999999762
25863  29.402  -51.385  12.739 0.8999999762
125828  29.591  -51.234  12.341 0.8999999762
131472  34.918  -49.994  12.802 0.6999999881
117744  31.360  -46.099  25.030 0.8000000119
29448  33.847  -45.969  18.088 1.0000000000
26675  30.752  -49.792  15.898 0.8999999762
26692  29.114  -50.867  13.843 0.8999999762
117611  35.585  -45.724  21.872 1.0000000000
26687  28.784  -50.203  14.767 0.8999999762
31355  34.827  -44.595  23.897 0.6999999881
30437  35.601  -45.014  21.433 0.8999999762
133113  31.041  -47.511  13.341 0.8000000119
32221  30.623  -43.735  23.797 0.6000000238
32236  33.867  -43.856  24.782 0.8000000119
32220  32.140  -43.223  24.916 0.6000000238
117875  35.719  -43.398  20.858 0.6999999881
30500  34.289  -45.080  16.951 1.0000000000
29464  30.136  -46.916  15.581 1.0000000000
126306  31.629  -42.592  24.666 0.6000000238
33058  30.528  -43.021  23.405 0.5000000000
32317  35.106  -43.913  17.068 0.8999999762
34035  31.752  -41.904  24.399 0.5000000000
33088  36.472  -42.237  21.099 0.6999999881
33122  36.294  -42.249  19.491 0.8000000119
29477  28.140  -45.479  14.025 0.8999999762
34899  33.478  -40.471  23.745 0.5000000000
135605  35.794  -41.036  23.039 0.6999999881
32336  33.447  -43.311  14.655 0.8999999762
34143  35.636  -41.172  16.552 0.8000000119
33159  34.365  -42.016  15.017 0.8000000119
32365  27.698  -43.716  13.312 0.8999999762
34913  35.817  -40.233  23.127 0.6999999881
124354  37.069  -40.748  19.060 0.6999999881
32378  31.200  -43.139  11.470 0.8000000119
35932  37.388  -39.642  20.270 0.6999999881
35987  35.110  -39.572  15.693 0.8000000119
37781  37.311  -37.615  21.179 0.6000000238
34193  30.758  -41.338  11.560 0.6999999881
36021  29.179  -38.989  14.080 0.8999999762
36990  29.520  -38.125  11.689 0.6999999881
36989  30.501  -38.046  11.237 0.6000000238
38778  30.322  -36.802  11.668 0.6000000238
38761  29.849  -36.486  12.908 0.6999999881
37931  32.627  -37.658  11.665 0.6000000238
128057  32.669  -36.862  11.764 0.6000000238
44188  30.987  -30.522  13.020 0.4000000060
120905  30.642  -30.637  12.229 0.4000000060
46286  32.607  -28.825  11.624 0.4000000060
18916  29.543  -58.795  20.325 0.4000000060
18934  29.228  -58.035  19.916 0.4000000060
19786  28.502  -57.074  18.428 0.4000000060
18915  30.302  -58.653  20.694 0.4000000060
19785  29.006  -57.175  19.400 0.4000000060
20674  28.738  -56.279  19.050 0.4000000060
19773  31.549  -57.794  20.921 0.3000000119
19775  29.494  -57.242  20.358 0.4000000060
18913  32.482  -58.511  20.343 0.4000000060
18932  33.707  -57.887  19.419 0.4000000060
18931  34.193  -57.956  18.816 0.4000000060
19791  34.435  -57.563  18.239 0.4000000060
20673  29.179  -56.354  19.828 0.5000000000
21541  28.479  -55.359  18.932 0.4000000060
127476  30.649  -56.970  21.185 0.4000000060
19762  29.961  -56.936  20.876 0.4000000060
19772  32.234  -57.788  20.774 0.5000000000
18912  33.092  -57.727  20.222 0.4000000060
19783  34.293  -57.199  19.151 0.4000000060
128434  34.463  -56.781  17.685 0.5000000000
121113  34.291  -56.749  16.845 0.6000000238
19828  34.238  -57.485  16.503 0.5000000000
20712  33.976  -56.709  16.009 0.6000000238
20726  33.691  -56.750  15.111 0.4000000060
21527  29.309  -55.494  20.096 0.5000000000
22423  28.138  -54.404  18.869 0.5000000000
22435  27.558  -54.440  18.572 0.5000000000
21543  25.519  -55.134  19.085 0.5000000000
20648  30.065  -56.368  21.096 0.6000000238
20660  29.591  -56.325  20.601 0.6000000238
19760  31.732  -57.048  21.399 0.5000000000
20647  31.861  -56.082  21.543 0.6000000238
20659  32.795  -57.104  20.972 0.5000000000
132422  33.472  -56.878  20.427 0.5000000000
20672  34.063  -56.488  19.847 0.4000000060
117508  34.468  -56.414  19.193 0.6000000238
132516  34.352  -56.148  17.180 0.6000000238
20711  34.180  -55.860  16.349 0.6000000238
21594  33.965  -55.107  15.557 0.6000000238
20725  33.845  -55.941  15.413 0.6000000238
116116  33.573  -56.001  14.433 0.6000000238
21540  28.840  -54.673  19.464 0.5000000000
22425  26.826  -53.908  19.418 0.5000000000
21529  25.761  -55.349  19.926 0.5000000000
21509  30.842  -56.028  21.382 0.6000000238
21510  29.773  -55.454  20.921 0.6000000238
20646  32.584  -56.382  21.309 0.6000000238
21508  31.484  -55.237  21.464 0.6000000238
20658  33.635  -56.160  20.558 0.5000000000
21507  32.427  -55.546  21.390 0.6000000238
21525  34.045  -55.775  20.173 0.6000000238
21576  34.536  -55.379  17.115 0.6000000238
21595  33.627  -55.160  14.640 0.6000000238
22415  28.256  -53.676  19.402 0.6000000238
22403  26.595  -54.040  20.067 0.5000000000
20661  26.398  -55.823  20.849 0.5000000000
128117  30.462  -54.892  21.249 0.6000000238
130519  29.868  -54.484  20.710 0.6000000238
22414  28.891  -53.847  19.893 0.6000000238
128459  26.784  -55.598  21.562 0.5000000000
20649  26.651  -56.538  21.766 0.5000000000
22400  30.269  -53.933  20.909 0.6000000238
21526  33.663  -55.400  20.665 0.6000000238
22473  33.787  -54.280  14.644 0.6999999881
23260  28.275  -53.172  19.901 0.6000000238
23261  27.731  -53.056  19.811 0.6000000238
22402  27.073  -53.786  20.709 0.6000000238
22401  29.538  -53.841  20.395 0.6000000238
23248  27.690  -53.081  20.579 0.6000000238
122389  27.570  -53.815  21.494 0.6000000238
20625  26.894  -55.768  22.318 0.6000000238
20610  26.358  -56.132  22.954 0.6000000238
123235  29.726  -53.129  20.897 0.6000000238
130297  25.295  -57.120  23.380 0.5000000000
22399  31.119  -54.288  21.332 0.6000000238
21479  25.234  -55.634  23.312 0.6000000238
23330  33.233  -53.427  13.706 0.6999999881
121114  28.163  -52.932  20.352 0.6000000238
22388  27.612  -54.352  22.336 0.6000000238
23246  28.833  -52.793  20.896 0.6000000238
23247  28.319  -52.807  21.062 0.6000000238
21492  27.307  -55.051  22.489 0.6000000238
21478  26.102  -55.569  23.239 0.6000000238
124942  30.812  -53.313  21.243 0.6000000238
121737  25.694  -54.893  23.344 0.6000000238
125118  31.617  -53.784  21.405 0.6000000238
118793  32.984  -54.357  21.321 0.6000000238
24187  32.813  -52.608  13.839 0.6999999881
134803  28.373  -52.770  21.854 0.6999999881
21476  27.403  -54.742  22.966 0.6999999881
23245  31.614  -53.049  21.459 0.6000000238
24120  28.807  -52.519  21.521 0.6999999881
123493  30.303  -52.507  21.274 0.6999999881
24119  29.542  -52.373  21.379 0.6999999881
23223  28.044  -52.984  22.695 0.6999999881
23224  27.688  -53.914  23.063 0.6999999881
135608  27.044  -54.864  23.178 0.6000000238
22379  26.176  -54.164  23.492 0.6999999881
23226  26.175  -53.335  23.742 0.6000000238
138064  25.268  -54.269  23.413 0.5000000000
127503  31.127  -51.862  12.283 0.8000000119
24934  29.762  -51.622  21.698 0.6999999881
24102  29.179  -52.099  21.994 0.6999999881
24093  28.246  -52.595  23.386 0.6999999881
23225  27.013  -53.726  23.686 0.6999999881
23228  24.467  -53.899  23.146 0.5000000000
24095  26.896  -52.886  24.111 0.6999999881
118574  25.924  -52.539  23.735 0.6000000238
24096  24.729  -53.019  23.274 0.6000000238
36001  33.027  -39.231  15.637 0.6999999881
36914  36.428  -38.832  17.201 0.6999999881
35986  35.768  -39.606  16.258 0.6999999881
129940  34.622  -38.879  15.816 0.6999999881
36902  37.091  -38.646  17.896 0.6000000238
36933  33.845  -38.488  15.699 0.6999999881
136411  32.490  -39.080  15.347 0.6999999881
129331  31.739  -39.134  14.743 0.6999999881
37831  37.168  -37.577  18.125 0.6000000238
119582  36.498  -37.909  17.303 0.6000000238
122657  35.386  -38.746  16.184 0.6999999881
36932  34.633  -38.113  16.152 0.6999999881
37830  37.360  -36.878  18.756 0.6000000238
36944  32.985  -38.563  15.441 0.6999999881
37892  32.747  -37.812  14.884 0.6999999881
37893  31.854  -37.719  14.330 0.6999999881
37852  36.396  -36.895  17.410 0.6000000238
38704  35.599  -36.706  17.032 0.6000000238
37875  34.703  -37.221  16.505 0.6999999881
37876  34.175  -37.486  15.956 0.6999999881
37891  33.450  -37.674  15.484 0.6999999881
38724  32.956  -36.981  15.123 0.6999999881
38746  32.383  -36.449  14.465 0.6999999881
38669  37.028  -36.158  18.536 0.6000000238
118054  36.906  -36.729  18.107 0.6000000238
38689  35.703  -36.192  17.437 0.5000000000
37874  35.219  -37.035  16.760 0.6000000238
38705  34.342  -36.767  16.368 0.5000000000
38723  33.723  -36.713  15.761 0.6999999881
39537  33.448  -35.212  15.171 0.6999999881
45248  36.830  -30.106  11.151 0.3000000119
44203  36.470  -30.744  10.601 0.3000000119
124093  34.932  -31.832  10.387 0.3000000119
18917  28.954  -58.803  19.586 0.4000000060
129796  28.297  -57.902  18.049 0.3000000119
19802  28.036  -57.335  17.623 0.4000000060
140641  30.549  -59.253  20.648 0.3000000119
20697  28.052  -56.607  17.848 0.4000000060
18140  32.621  -59.245  20.028 0.4000000060
20685  27.701  -55.832  17.869 0.4000000060
18933  33.150  -58.588  19.750 0.4000000060
18944  33.801  -58.710  18.927 0.4000000060
18963  34.368  -58.271  17.639 0.4000000060
19801  34.425  -57.509  17.322 0.5000000000
19850  33.884  -57.535  15.656 0.4000000060
21559  26.634  -55.020  18.024 0.4000000060
21600  33.203  -55.238  13.565 0.6000000238
20662  25.785  -56.508  20.355 0.5000000000
130658  26.396  -56.861  21.036 0.5000000000
19763  26.372  -57.507  21.623 0.5000000000
22480  33.197  -54.209  13.448 0.6000000238
19721  26.049  -57.012  23.056 0.5000000000
129895  24.609  -57.270  23.417 0.4000000060
21480  24.260  -55.539  23.026 0.5000000000
128442  31.890  -52.586  12.809 0.6999999881
22380  24.786  -54.816  23.218 0.5000000000
24194  31.506  -52.095  12.688 0.8000000119
126557  23.528  -53.866  22.761 0.5000000000
24097  23.904  -53.112  22.929 0.6000000238
34936  36.308  -39.788  22.214 0.6000000238
37815  37.599  -37.059  19.570 0.6000000238
39508  36.055  -35.506  17.694 0.5000000000
40353  35.583  -34.944  17.424 0.5000000000
39510  34.861  -35.381  17.113 0.5000000000
39536  34.057  -35.390  16.050 0.5000000000
40388  34.078  -34.413  15.710 0.5000000000
40389  33.527  -34.084  14.705 0.5000000000
45258  36.972  -29.547  10.670 0.3000000119
131794  36.898  -30.105  10.311 0.3000000119
43195  35.504  -30.933  9.401 0.3000000119
23244  32.451  -53.649  21.481 0.6000000238
22398  32.154  -54.572  21.427 0.6000000238
21506  33.175  -55.871  21.101 0.6000000238
132429  27.701  -52.515  24.114 0.8000000119
128259  36.038  -38.999  16.535 0.6999999881
36946  31.182  -38.351  14.190 0.6999999881
136403  32.879  -34.567  14.277 0.6000000238
43188  35.796  -31.418  10.538 0.3000000119
127981  31.699  -51.773  12.969 0.8000000119
24203  31.054  -52.026  11.998 0.6999999881
135356  29.710  -58.090  20.494 0.4000000060
19774  30.293  -57.684  20.844 0.4000000060
119917  31.751  -58.434  20.675 0.3000000119
19761  31.051  -57.558  21.087 0.5000000000
21558  27.303  -54.958  18.057 0.5000000000
18988  34.381  -58.109  16.935 0.3000000119
134836  33.477  -57.537  14.716 0.4000000060
20675  25.097  -55.860  19.551 0.5000000000
23227  25.340  -53.598  23.520 0.6000000238
37853  35.920  -37.384  16.792 0.6999999881
36931  35.297  -37.807  16.529 0.6999999881
38688  36.514  -36.141  17.839 0.6000000238
39509  35.287  -35.729  17.401 0.5000000000
38690  34.797  -36.325  17.015 0.6000000238
124451  32.984  -36.094  15.276 0.6999999881
39499  36.620  -35.477  18.382 0.5000000000
38722  34.183  -36.141  16.311 0.5000000000
129109  33.643  -35.899  15.801 0.5000000000
130617  36.827  -34.792  19.247 0.5000000000
40370  35.043  -34.351  16.974 0.5000000000
41212  33.727  -33.389  15.346 0.5000000000
23342  31.190  -52.697  12.105 0.6000000238
24201  33.794  -51.972  11.602 0.5000000000
23351  31.198  -52.332  11.509 0.6000000238
24202  31.813  -51.765  11.533 0.6000000238
127230  35.378  -52.343  12.142 0.5000000000
25012  33.140  -51.292  11.645 0.6000000238
25776  24.402  -50.833  22.862 0.5000000000
24200  36.564  -52.618  12.662 0.5000000000
24193  36.727  -51.842  12.820 0.5000000000
26611  23.925  -50.002  22.992 0.4000000060
135768  23.508  -49.426  22.581 0.4000000060
138675  24.191  -48.187  22.239 0.4000000060
25010  35.969  -51.819  12.696 0.5000000000
25009  37.876  -51.517  12.538 0.5000000000
25001  36.460  -51.222  13.066 0.5000000000
27502  24.672  -47.583  21.836 0.4000000060
25869  37.797  -50.692  12.909 0.5000000000
25856  37.057  -50.533  13.252 0.5000000000
28437  25.198  -46.840  21.341 0.4000000060
31373  29.432  -44.286  22.433 0.4000000060
31374  29.006  -44.295  21.849 0.4000000060
31393  28.333  -44.272  21.595 0.4000000060
34048  32.058  -41.212  23.915 0.4000000060
34049  31.206  -41.478  23.730 0.4000000060
138987  30.084  -43.186  22.896 0.4000000060
32251  29.637  -43.327  22.400 0.4000000060
35878  32.094  -39.889  23.328 0.4000000060
132807  30.102  -42.617  22.659 0.4000000060
137001  29.254  -43.825  21.871 0.4000000060
34066  30.143  -41.741  22.188 0.4000000060
33071  29.558  -42.446  22.026 0.4000000060
32271  28.752  -43.654  21.484 0.4000000060
33046  31.012  -42.320  24.130 0.4000000060
34050  30.576  -42.044  23.172 0.4000000060
34900  32.484  -40.460  23.691 0.4000000060
34901  31.500  -40.558  23.362 0.4000000060
34915  30.846  -40.348  22.506 0.4000000060
34065  30.752  -41.158  22.862 0.4000000060
126929  30.350  -40.922  22.153 0.4000000060
34089  29.858  -41.127  21.712 0.4000000060
32270  29.145  -43.038  21.758 0.4000000060
34916  30.298  -40.279  21.782 0.4000000060
34090  29.327  -41.324  21.285 0.4000000060
33091  29.234  -42.365  21.432 0.4000000060
34898  34.388  -40.581  23.576 0.4000000060
35893  32.218  -39.242  22.951 0.4000000060
35894  31.470  -39.740  22.834 0.4000000060
34897  35.189  -40.782  23.357 0.5000000000
35876  34.029  -39.736  23.556 0.4000000060
35877  32.978  -39.613  23.498 0.4000000060
124601  31.512  -39.055  22.437 0.4000000060
36835  30.965  -39.102  21.953 0.4000000060
35895  30.894  -39.656  22.140 0.4000000060
35917  30.490  -39.519  21.614 0.4000000060
34937  29.666  -40.559  21.489 0.4000000060
35890  35.454  -39.403  22.771 0.5000000000
35891  34.526  -39.158  22.998 0.5000000000
36832  33.236  -38.342  22.771 0.4000000060
138579  32.877  -38.897  22.988 0.4000000060
36833  32.289  -38.323  22.564 0.4000000060
36830  35.038  -38.571  22.603 0.5000000000
35892  33.618  -38.981  23.152 0.4000000060
37767  32.503  -37.510  22.370 0.4000000060
121450  34.639  -37.677  22.556 0.4000000060
124797  33.650  -37.731  22.580 0.4000000060
129406  32.944  -37.799  22.581 0.4000000060
38608  32.430  -36.853  22.242 0.4000000060
119922  34.703  -36.843  22.620 0.4000000060
39468  33.728  -35.472  22.585 0.4000000060
121290  33.179  -36.214  22.563 0.4000000060
39469  32.636  -35.473  22.483 0.4000000060
36851  36.414  -38.138  22.068 0.5000000000
37763  36.231  -37.280  22.334 0.5000000000
38606  35.127  -36.253  22.448 0.4000000060
136388  33.085  -34.870  22.415 0.4000000060
41144  31.925  -33.428  22.166 0.3000000119
36850  37.023  -38.240  21.418 0.5000000000
37766  33.110  -37.181  22.452 0.4000000060
133757  32.269  -36.085  22.282 0.4000000060
37765  33.914  -36.986  22.568 0.4000000060
39467  34.674  -35.465  22.416 0.4000000060
40305  34.110  -34.752  22.175 0.4000000060
40317  32.542  -34.097  22.031 0.3000000119
38620  37.185  -36.955  21.244 0.5000000000
38605  35.952  -36.430  22.253 0.5000000000
138869  33.518  -34.013  21.720 0.4000000060
41143  32.775  -33.352  21.930 0.3000000119
42019  32.148  -32.571  21.981 0.3000000119
39479  36.406  -35.890  21.761 0.5000000000
136560  37.350  -36.602  20.741 0.4000000060
127231  37.202  -36.085  20.393 0.5000000000
120026  35.444  -34.133  21.834 0.3000000119
40316  34.601  -34.072  21.894 0.4000000060
130038  33.508  -33.037  21.938 0.4000000060
43044  31.490  -31.951  21.658 0.3000000119
42020  31.290  -32.758  21.999 0.3000000119
39480  36.351  -35.210  21.710 0.3000000119
38630  37.040  -36.129  21.228 0.4000000060
39488  37.128  -35.353  20.864 0.4000000060
38648  37.256  -36.265  19.463 0.4000000060
38649  37.031  -35.617  19.077 0.4000000060
41142  34.299  -33.261  21.878 0.3000000119
43043  32.325  -31.758  21.557 0.3000000119
43058  30.852  -31.488  21.173 0.3000000119
43045  30.670  -32.251  21.605 0.3000000119
40315  35.960  -34.662  21.803 0.3000000119
43057  31.670  -31.251  21.152 0.3000000119
121694  30.213  -31.072  20.673 0.3000000119
40326  36.708  -34.663  21.279 0.3000000119
117983  37.012  -34.635  20.377 0.3000000119
135087  36.273  -34.642  18.144 0.4000000060
130621  35.708  -34.068  17.643 0.4000000060
40371  34.513  -34.919  16.487 0.4000000060
41157  35.745  -33.111  21.364 0.3000000119
41141  35.243  -33.494  21.719 0.3000000119
40327  36.118  -33.823  21.433 0.3000000119
41156  36.342  -33.108  20.873 0.3000000119
41168  36.676  -33.085  20.195 0.3000000119
40344  36.457  -33.895  18.970 0.4000000060
41180  36.283  -33.083  18.586 0.3000000119
130870  36.155  -33.809  18.235 0.4000000060
41196  35.437  -33.398  17.164 0.4000000060
41197  34.947  -33.474  16.412 0.4000000060
123727  34.585  -34.157  16.292 0.4000000060
41211  34.362  -33.500  15.853 0.4000000060
126637  36.704  -33.842  20.705 0.3000000119
121690  36.383  -32.275  17.909 0.3000000119
42082  35.382  -32.564  16.615 0.4000000060
42083  34.671  -32.720  15.961 0.4000000060
42094  34.108  -32.100  15.628 0.4000000060
120545  33.916  -32.685  15.576 0.4000000060
41228  33.048  -33.159  14.735 0.4000000060
40403  32.549  -33.760  14.186 0.5000000000
43074  36.685  -31.485  18.293 0.3000000119
43091  36.597  -31.363  17.555 0.3000000119
42081  36.143  -31.985  17.078 0.3000000119
123506  35.714  -31.764  16.464 0.4000000060
43108  35.636  -31.141  16.084 0.4000000060
44164  35.180  -31.181  15.526 0.4000000060
43123  34.486  -31.550  15.367 0.3000000119
43124  33.584  -31.840  15.270 0.4000000060
42112  32.757  -31.992  14.977 0.3000000119
129137  32.550  -32.387  14.762 0.3000000119
41229  32.030  -32.802  14.284 0.4000000060
43145  32.045  -31.600  14.360 0.3000000119
42113  31.691  -32.011  14.348 0.3000000119
130684  36.817  -30.834  17.984 0.3000000119
128956  36.165  -29.785  16.894 0.3000000119
43107  36.236  -31.202  16.772 0.3000000119
44172  35.408  -30.315  15.688 0.3000000119
44173  34.971  -30.812  14.886 0.3000000119
44185  34.356  -30.716  14.166 0.3000000119
43159  33.588  -31.174  14.266 0.3000000119
43160  32.670  -31.196  14.002 0.3000000119
44186  33.531  -30.718  13.601 0.3000000119
44155  36.468  -30.462  17.361 0.3000000119
44156  35.946  -30.400  16.486 0.3000000119
137538  35.251  -29.949  15.037 0.3000000119
45211  35.028  -29.998  14.307 0.3000000119
45228  34.413  -29.932  13.428 0.3000000119
45229  33.217  -30.007  12.945 0.3000000119
44187  32.320  -30.623  13.305 0.3000000119
45239  34.054  -29.440  12.518 0.3000000119
46285  33.650  -28.846  11.870 0.3000000119
36852  35.925  -38.815  22.295 0.5000000000
137838  32.307  -53.293  12.920 0.6000000238
23350  32.559  -52.272  11.169 0.5000000000
126364  31.691  -52.814  10.910 0.5000000000
137832  36.744  -53.524  12.617 0.5000000000
22505  35.244  -53.788  11.903 0.5000000000
23349  34.523  -52.755  11.594 0.5000000000
116853  26.395  -52.011  23.923 0.6000000238
120523  25.120  -52.335  23.264 0.6000000238
25764  25.289  -50.997  22.917 0.6000000238
25777  23.458  -50.719  22.740 0.5000000000
26613  22.678  -50.527  22.181 0.5000000000
26624  22.732  -49.437  22.014 0.4000000060
27503  23.420  -48.625  22.169 0.4000000060
27513  23.635  -47.823  21.428 0.4000000060
28438  24.428  -47.245  20.947 0.4000000060
31394  27.371  -44.480  21.438 0.3000000119
32272  27.889  -43.746  21.300 0.4000000060
33092  28.836  -42.706  21.263 0.4000000060
36834  31.323  -38.416  22.086 0.4000000060
35918  30.046  -39.912  21.437 0.4000000060
36855  29.484  -38.344  20.799 0.4000000060
36853  30.819  -37.812  21.772 0.4000000060
36854  30.639  -38.726  21.623 0.4000000060
37768  31.748  -37.499  22.068 0.4000000060
129489  30.291  -37.084  21.405 0.4000000060
40306  32.145  -34.838  22.531 0.4000000060
40318  31.558  -34.230  22.383 0.4000000060
39470  31.608  -35.906  22.150 0.4000000060
140113  31.980  -35.479  22.376 0.4000000060
42021  30.556  -32.968  21.918 0.3000000119
24199  37.360  -52.126  12.656 0.5000000000
29394  25.804  -46.340  20.650 0.4000000060
34949  29.059  -40.624  21.202 0.4000000060
35933  29.438  -39.885  21.223 0.4000000060
127475  31.054  -37.028  21.820 0.4000000060
131620  32.997  -41.147  23.978 0.4000000060
37782  36.805  -37.488  21.713 0.5000000000
130829  33.252  -32.514  15.182 0.4000000060
23348  35.901  -53.274  12.350 0.5000000000
33090  29.550  -41.801  21.500 0.4000000060
34091  29.147  -41.972  21.003 0.4000000060
34914  34.985  -39.944  23.391 0.5000000000
125559  30.141  -38.124  21.290 0.4000000060
130892  29.977  -39.141  21.155 0.4000000060
36831  34.105  -38.403  22.749 0.4000000060
37764  35.492  -37.062  22.625 0.5000000000
36829  35.637  -37.964  22.436 0.5000000000
38621  36.635  -36.690  21.803 0.5000000000
39466  35.665  -35.512  22.104 0.4000000060
39487  37.127  -35.457  19.922 0.4000000060
40336  36.805  -33.872  19.871 0.3000000119
41181  35.957  -33.218  17.848 0.4000000060
42068  35.827  -32.683  17.356 0.4000000060
42093  35.034  -31.877  15.917 0.4000000060
42095  33.483  -32.164  15.359 0.4000000060
135680  35.597  -29.416  15.497 0.3000000119
122855  23.654  -56.244  22.910 0.4000000060
21493  23.340  -55.371  22.713 0.4000000060
21494  22.532  -55.196  22.617 0.4000000060
22389  23.000  -54.556  22.637 0.3000000119
22381  23.900  -54.673  22.834 0.4000000060
123015  22.705  -53.775  22.529 0.3000000119
21611  32.030  -55.364  12.851 0.5000000000
23235  23.210  -53.220  22.633 0.5000000000
23236  22.590  -52.967  22.343 0.3000000119
21610  32.252  -54.515  12.898 0.5000000000
22494  31.633  -53.607  12.457 0.5000000000
24104  24.299  -52.331  22.904 0.5000000000
24105  23.348  -52.402  22.557 0.4000000060
22495  31.327  -54.202  12.174 0.5000000000
22508  31.043  -54.134  11.504 0.3000000119
22507  31.034  -53.176  11.588 0.4000000060
22517  31.460  -54.571  10.935 0.3000000119
22516  31.432  -53.660  10.866 0.3000000119
21638  32.497  -54.586  10.656 0.3000000119
22514  34.569  -54.266  11.386 0.3000000119
22515  32.795  -53.754  10.668 0.3000000119
27515  22.775  -48.460  21.304 0.3000000119
129436  35.719  -54.833  12.342 0.4000000060
22506  33.529  -53.134  11.045 0.4000000060
135473  28.344  -43.035  21.262 0.3000000119
33107  28.376  -42.210  20.939 0.3000000119
34102  28.709  -41.320  20.902 0.3000000119
34950  28.595  -40.488  20.854 0.3000000119
129685  29.213  -39.130  20.697 0.3000000119
37783  29.722  -37.585  20.945 0.3000000119
37792  29.138  -37.587  20.584 0.3000000119
37793  28.441  -37.588  20.333 0.3000000119
38609  31.665  -36.598  22.047 0.3000000119
38622  30.886  -36.158  21.793 0.3000000119
122199  29.600  -36.855  20.804 0.3000000119
39481  31.254  -35.187  22.328 0.3000000119
39482  30.375  -35.309  21.762 0.3000000119
38623  30.070  -36.112  21.107 0.3000000119
39483  29.631  -35.441  21.274 0.3000000119
40320  29.862  -34.569  21.652 0.3000000119
40319  30.639  -34.419  22.144 0.3000000119
21601  33.086  -55.982  13.606 0.5000000000
27514  23.114  -47.944  20.655 0.3000000119
36869  28.776  -38.350  20.447 0.3000000119
24106  22.519  -52.165  22.068 0.3000000119
25788  22.295  -50.069  21.510 0.3000000119
20686  25.040  -55.853  18.643 0.4000000060
20676  24.607  -56.444  19.217 0.4000000060
20663  24.957  -56.613  19.808 0.4000000060
18128  24.978  -59.684  20.861 0.4000000060
18097  25.404  -59.396  21.739 0.3000000119
19777  25.431  -57.425  20.179 0.4000000060
18900  25.882  -58.669  21.325 0.4000000060
18881  25.689  -58.617  22.243 0.4000000060
18918  26.180  -58.091  21.115 0.4000000060
18870  24.589  -58.440  23.259 0.3000000119
19724  24.172  -57.796  23.464 0.3000000119
18869  25.335  -58.249  23.005 0.4000000060
20612  23.005  -56.897  22.823 0.3000000119
19739  22.371  -57.563  22.960 0.3000000119
20627  22.703  -56.002  22.674 0.3000000119
19723  24.938  -57.767  23.381 0.4000000060
121148  23.914  -57.086  23.242 0.3000000119
18920  24.936  -58.264  19.967 0.4000000060
21578  26.298  -55.750  17.632 0.3000000119
21495  21.701  -55.587  22.650 0.3000000119
18111  25.393  -59.027  20.714 0.4000000060
18127  30.037  -59.398  20.570 0.3000000119
18899  26.072  -58.187  21.787 0.4000000060
18914  31.025  -58.214  20.869 0.3000000119
18919  25.845  -58.248  20.589 0.4000000060
18935  28.798  -57.981  18.934 0.3000000119
18943  34.265  -58.332  18.325 0.4000000060
19722  25.517  -57.603  23.151 0.5000000000
19725  23.308  -57.693  23.265 0.3000000119
19738  25.960  -57.797  22.562 0.5000000000
19776  26.147  -57.532  20.758 0.4000000060
19778  24.646  -57.233  19.553 0.4000000060
19784  33.731  -57.228  19.792 0.4000000060
20611  25.686  -56.372  23.296 0.5000000000
20626  26.525  -56.560  22.589 0.6000000238
20683  34.525  -56.663  18.531 0.6000000238
20684  28.244  -56.061  18.414 0.4000000060
20698  27.558  -56.665  17.301 0.4000000060
21477  26.869  -55.303  22.952 0.6000000238
21511  27.249  -54.787  21.755 0.6000000238
21512  26.656  -54.741  20.908 0.5000000000
21528  26.254  -54.809  20.228 0.5000000000
21542  26.188  -54.501  19.413 0.5000000000
21557  27.888  -55.147  18.437 0.5000000000
21560  25.817  -55.331  18.297 0.4000000060
21577  27.050  -55.742  17.611 0.3000000119
22378  27.086  -54.446  23.347 0.6000000238
22416  27.096  -53.347  19.902 0.5000000000
22422  34.508  -54.429  19.683 0.8000000119
22424  27.478  -53.745  19.158 0.5000000000
22436  26.913  -54.344  18.620 0.5000000000
23234  27.969  -53.324  21.869 0.6999999881
23243  34.105  -53.678  20.966 0.8000000119
23259  28.828  -53.272  20.382 0.6000000238
24094  27.686  -53.210  23.710 0.6999999881
24103  28.581  -52.496  22.383 0.6999999881
24133  34.783  -52.493  20.412 1.0000000000
24895  28.059  -51.400  24.294 0.8000000119
24906  25.576  -51.745  23.309 0.6999999881
24907  24.787  -51.627  22.905 0.6000000238
24916  23.875  -51.561  22.726 0.5000000000
24917  22.986  -51.446  22.422 0.3000000119
25000  37.228  -51.331  12.920 0.5000000000
25755  27.867  -50.677  24.408 0.8000000119
25852  29.584  -51.313  14.090 0.8999999762
26589  29.745  -49.687  24.073 0.8999999762
26612  23.199  -50.006  22.665 0.5000000000
26712  37.575  -49.768  13.143 0.6000000238
27485  26.480  -48.622  23.350 0.6000000238
27596  36.643  -48.525  12.611 0.6000000238
28392  31.534  -47.421  24.672 0.8999999762
28497  28.822  -48.302  15.076 0.8999999762
29476  28.707  -46.490  14.385 0.8999999762
29503  28.227  -45.286  13.427 0.8999999762
30380  32.905  -45.587  24.781 0.8000000119
30405  28.717  -45.448  22.864 0.6000000238
30422  28.306  -45.201  22.282 0.5000000000
30533  28.872  -45.656  13.228 0.8999999762
30534  27.849  -45.060  13.698 0.8999999762
30557  27.927  -44.763  13.278 0.8999999762
30574  35.134  -45.899  10.837 0.6000000238
31337  31.858  -44.061  24.766 0.6000000238
31338  31.031  -44.185  24.350 0.6999999881
31446  34.690  -44.457  16.705 0.8999999762
32339  27.937  -43.656  14.410 1.0000000000
32380  28.477  -43.610  12.767 0.8999999762
33180  28.673  -42.575  14.094 0.8999999762
33195  28.107  -43.226  13.563 0.8999999762
35050  28.521  -39.297  13.313 0.8000000119
36037  28.488  -38.639  13.449 0.8000000119
36915  35.972  -38.256  16.651 0.6999999881
36945  32.258  -38.509  14.787 0.6999999881
36991  28.496  -37.984  12.572 0.6999999881
38607  34.229  -36.188  22.675 0.4000000060
38725  32.329  -37.146  14.577 0.6999999881
38760  30.614  -36.018  13.246 0.8000000119
39520  34.447  -35.660  16.669 0.4000000060
40304  35.095  -34.750  22.103 0.4000000060
40423  32.973  -34.911  11.470 0.6000000238
41256  30.719  -33.283  12.920 0.6000000238
42016  35.015  -32.702  21.615 0.3000000119
42138  30.437  -31.571  12.543 0.4000000060
42151  34.373  -33.005  11.013 0.4000000060
43143  34.052  -31.339  14.814 0.4000000060
43144  33.057  -31.603  14.750 0.3000000119
43162  30.414  -31.035  13.271 0.4000000060
43171  30.128  -30.994  12.590 0.4000000060
44214  31.713  -29.779  10.997 0.4000000060
44223  34.664  -30.714  9.449 0.3000000119
45240  32.941  -29.419  12.254 0.4000000060
45242  31.713  -29.536  11.505 0.4000000060
45249  31.759  -29.353  11.111 0.4000000060
45260  32.310  -29.680  10.399 0.4000000060
45274  32.246  -28.526  10.274 0.4000000060
46287  32.029  -28.967  11.382 0.4000000060
118517  26.426  -57.150  22.423 0.5000000000
118883  31.935  -45.472  24.951 0.8000000119
119541  33.407  -53.781  21.366 0.6000000238
120610  31.142  -59.082  20.686 0.3000000119
124642  26.557  -54.893  23.293 0.6000000238
125378  32.370  -38.288  11.614 0.6000000238
125390  28.949  -55.614  19.428 0.5000000000
126346  29.505  -46.878  24.532 0.8000000119
127203  24.697  -56.492  23.317 0.4000000060
128055  24.362  -49.086  22.720 0.5000000000
128418  34.183  -29.856  9.272 0.4000000060
129341  26.188  -54.761  18.618 0.4000000060
130663  28.663  -39.195  13.827 0.8999999762
131227  29.376  -54.594  20.198 0.6000000238
132349  31.583  -41.126  14.582 0.8000000119
134444  36.764  -35.418  21.383 0.3000000119
135590  32.363  -29.057  10.086 0.4000000060
135899  35.460  -31.364  9.904 0.3000000119
136857  30.761  -44.045  14.435 1.0000000000
137388  33.150  -35.491  22.557 0.4000000060
137693  35.274  -47.537  21.751 1.0000000000
137719  25.446  -52.952  23.576 0.6000000238
139460  33.193  -56.493  20.957 0.5000000000
140612  34.718  -41.268  23.521 0.5000000000
