#!ascii label  , from subject sub-05 vox2ras=TkReg
323
23185  38.596  -53.483  27.074 0.0000000000
18119  50.677  -59.239  20.801 0.0000000000
17284  40.703  -60.017  27.832 0.0000000000
18879  43.720  -58.865  22.369 0.0000000000
117575  48.841  -62.790  25.491 0.0000000000
16507  45.946  -61.938  26.748 0.0000000000
15681  48.123  -63.070  28.500 0.0000000000
118843  46.571  -59.148  21.159 0.0000000000
137049  45.424  -55.420  22.832 0.0000000000
19696  38.844  -57.407  27.162 0.0000000000
18077  42.336  -59.725  24.358 0.0000000000
116732  46.546  -61.567  23.982 0.0000000000
16551  49.494  -62.109  22.323 0.0000000000
14136  52.641  -64.662  25.136 0.0000000000
24024  41.209  -52.343  29.454 0.0000000000
22257  40.174  -54.555  30.372 0.0000000000
20522  39.278  -56.454  30.955 0.0000000000
127464  42.866  -53.798  23.759 0.0000000000
15695  46.105  -62.167  28.792 0.0000000000
18121  48.953  -59.336  20.569 0.0000000000
19756  47.850  -57.535  21.682 0.0000000000
18847  39.656  -58.547  26.928 0.0000000000
17306  41.623  -60.324  26.324 0.0000000000
15707  47.036  -62.192  26.635 0.0000000000
118340  45.482  -61.569  25.138 0.0000000000
16524  47.363  -61.963  24.887 0.0000000000
131147  47.830  -61.997  22.805 0.0000000000
15737  48.882  -62.424  23.988 0.0000000000
14943  52.200  -63.505  22.672 0.0000000000
23114  42.295  -53.623  32.254 0.0000000000
22258  39.712  -55.108  30.896 0.0000000000
22243  40.987  -54.211  32.811 0.0000000000
19719  42.158  -57.210  23.523 0.0000000000
21491  43.229  -55.891  23.197 0.0000000000
23241  45.677  -53.182  22.197 0.0000000000
24113  44.847  -52.065  22.204 0.0000000000
17282  42.486  -60.347  28.622 0.0000000000
16510  43.304  -61.250  27.396 0.0000000000
16498  44.821  -61.608  28.256 0.0000000000
116470  47.038  -62.377  27.763 0.0000000000
15704  49.018  -63.335  27.323 0.0000000000
18110  45.072  -59.054  21.584 0.0000000000
19735  44.261  -57.047  22.188 0.0000000000
19758  45.610  -57.410  21.691 0.0000000000
21487  46.946  -55.017  22.320 0.0000000000
18891  52.809  -58.557  21.699 0.0000000000
120029  38.366  -55.102  27.120 0.0000000000
18862  41.519  -58.414  24.521 0.0000000000
18084  42.581  -59.324  23.776 0.0000000000
16521  43.812  -61.410  25.634 0.0000000000
17309  43.980  -61.025  23.863 0.0000000000
17329  44.545  -60.322  22.348 0.0000000000
17327  46.320  -61.040  22.336 0.0000000000
129571  48.069  -61.554  21.823 0.0000000000
129035  50.191  -60.676  20.772 0.0000000000
136113  50.208  -63.250  25.378 0.0000000000
15735  50.524  -62.716  23.667 0.0000000000
15764  51.113  -62.457  21.959 0.0000000000
121171  51.933  -61.112  21.462 0.0000000000
24843  39.879  -51.124  29.506 0.0000000000
24026  39.131  -52.465  29.045 0.0000000000
23156  40.295  -53.670  29.544 0.0000000000
23158  38.962  -54.052  28.861 0.0000000000
21392  38.635  -55.481  29.046 0.0000000000
19675  38.430  -57.129  28.945 0.0000000000
126005  39.008  -58.605  28.949 0.0000000000
18799  39.748  -57.613  30.932 0.0000000000
119860  40.049  -59.193  29.382 0.0000000000
126132  44.161  -54.657  23.266 0.0000000000
24048  38.759  -52.807  27.498 0.0000000000
24047  39.250  -52.212  27.151 0.0000000000
24055  38.978  -53.015  26.698 0.0000000000
18120  49.888  -59.229  20.623 0.0000000000
18911  48.658  -58.430  20.884 0.0000000000
18051  40.204  -59.606  27.516 0.0000000000
18061  40.873  -59.765  26.421 0.0000000000
17293  41.126  -60.286  27.130 0.0000000000
15716  48.180  -62.672  26.015 0.0000000000
15717  47.421  -62.213  25.712 0.0000000000
15723  48.024  -62.377  25.089 0.0000000000
133087  48.629  -62.493  24.670 0.0000000000
135310  52.935  -64.660  22.869 0.0000000000
23115  41.489  -53.873  32.608 0.0000000000
18880  43.099  -58.128  22.830 0.0000000000
20608  42.454  -56.383  23.339 0.0000000000
19736  43.390  -57.197  22.490 0.0000000000
24926  45.172  -51.569  21.294 0.0000000000
16499  43.958  -61.117  28.249 0.0000000000
127195  44.338  -61.099  28.997 0.0000000000
15683  46.964  -62.459  28.696 0.0000000000
15694  46.465  -62.310  28.115 0.0000000000
15693  47.638  -62.734  28.252 0.0000000000
15706  47.639  -62.683  27.367 0.0000000000
15692  48.328  -63.106  27.892 0.0000000000
18109  45.745  -59.541  21.526 0.0000000000
18898  45.292  -58.178  21.484 0.0000000000
18897  46.172  -58.013  21.253 0.0000000000
20644  46.720  -56.682  22.061 0.0000000000
21505  47.674  -55.169  21.945 0.0000000000
22395  46.800  -54.198  22.140 0.0000000000
19697  38.642  -56.588  27.010 0.0000000000
20583  38.997  -56.198  26.392 0.0000000000
120321  39.155  -57.055  26.475 0.0000000000
18861  42.049  -58.926  24.075 0.0000000000
16509  44.155  -61.581  27.258 0.0000000000
17291  43.509  -61.403  26.398 0.0000000000
121390  44.388  -61.658  26.286 0.0000000000
16525  45.614  -61.480  24.241 0.0000000000
16526  44.661  -61.444  24.466 0.0000000000
16537  44.810  -61.310  23.588 0.0000000000
17319  44.230  -60.693  23.079 0.0000000000
17318  44.974  -61.040  22.793 0.0000000000
135671  45.204  -60.591  22.261 0.0000000000
16553  46.391  -61.533  22.947 0.0000000000
16552  48.693  -62.013  22.581 0.0000000000
16573  49.051  -61.565  21.721 0.0000000000
17344  48.668  -61.062  21.235 0.0000000000
121611  49.985  -61.624  21.398 0.0000000000
11890  51.931  -67.555  25.397 0.0000000000
13345  52.827  -65.134  25.550 0.0000000000
13340  52.806  -65.835  25.967 0.0000000000
14126  52.353  -64.676  25.808 0.0000000000
14917  51.798  -64.149  25.073 0.0000000000
15720  50.351  -62.941  24.569 0.0000000000
134019  51.210  -63.448  24.176 0.0000000000
15752  52.511  -62.824  22.425 0.0000000000
15753  51.617  -62.943  22.567 0.0000000000
15763  51.923  -62.389  21.979 0.0000000000
16571  51.463  -61.865  21.558 0.0000000000
133511  52.699  -61.157  21.945 0.0000000000
25700  41.346  -50.443  29.499 0.0000000000
24842  40.756  -51.280  29.599 0.0000000000
24025  40.259  -52.294  29.655 0.0000000000
118255  41.513  -54.055  30.254 0.0000000000
117182  41.619  -54.035  29.528 0.0000000000
140439  40.545  -54.330  29.849 0.0000000000
23157  39.428  -53.587  29.204 0.0000000000
22299  39.382  -54.472  29.316 0.0000000000
22300  38.861  -54.729  28.918 0.0000000000
22276  39.652  -54.864  29.996 0.0000000000
21355  39.552  -55.797  31.493 0.0000000000
21365  39.180  -55.734  30.447 0.0000000000
20523  38.811  -56.410  30.097 0.0000000000
18822  38.622  -57.923  28.712 0.0000000000
19650  39.046  -57.083  30.516 0.0000000000
18793  40.221  -57.783  31.845 0.0000000000
138905  39.868  -57.460  31.508 0.0000000000
120212  39.636  -58.188  30.318 0.0000000000
20622  44.748  -56.041  22.675 0.0000000000
21490  44.025  -55.524  23.068 0.0000000000
21489  44.848  -55.102  23.096 0.0000000000
24909  44.265  -51.747  22.577 0.0000000000
18122  47.460  -59.809  20.926 0.0000000000
18896  47.108  -58.184  21.147 0.0000000000
121805  39.416  -57.846  26.684 0.0000000000
18846  40.030  -58.366  26.300 0.0000000000
17305  42.173  -60.220  25.330 0.0000000000
16506  46.544  -61.963  26.376 0.0000000000
16519  46.144  -61.758  25.799 0.0000000000
16518  46.865  -61.843  25.557 0.0000000000
138415  46.953  -61.689  24.740 0.0000000000
16535  47.286  -61.882  24.180 0.0000000000
119304  47.125  -61.873  23.293 0.0000000000
136795  47.700  -62.123  23.611 0.0000000000
16534  48.362  -62.245  23.400 0.0000000000
16533  49.185  -62.315  23.206 0.0000000000
14916  52.101  -64.396  24.041 0.0000000000
14154  52.628  -64.743  23.469 0.0000000000
14942  53.050  -63.476  22.598 0.0000000000
117444  40.770  -54.193  30.631 0.0000000000
138157  39.393  -55.250  30.265 0.0000000000
121995  40.319  -54.516  31.424 0.0000000000
22244  40.533  -54.520  32.433 0.0000000000
21354  40.044  -55.143  31.964 0.0000000000
21474  42.526  -55.308  23.531 0.0000000000
22376  42.898  -54.568  23.593 0.0000000000
23231  45.479  -53.844  22.696 0.0000000000
23232  44.937  -53.399  22.667 0.0000000000
23242  45.063  -52.715  22.307 0.0000000000
24927  44.637  -51.323  21.820 0.0000000000
17283  41.496  -60.244  28.174 0.0000000000
119034  41.910  -60.696  27.363 0.0000000000
120634  42.658  -60.913  27.645 0.0000000000
16508  45.047  -61.906  27.086 0.0000000000
130897  45.739  -62.140  27.907 0.0000000000
16497  46.473  -62.157  27.257 0.0000000000
125702  47.661  -62.562  26.522 0.0000000000
18095  44.367  -59.458  21.980 0.0000000000
120121  43.828  -57.886  22.207 0.0000000000
19759  44.831  -57.568  21.831 0.0000000000
20645  45.179  -56.789  22.134 0.0000000000
20621  45.651  -56.029  22.435 0.0000000000
19757  46.926  -57.427  21.679 0.0000000000
20620  46.452  -55.933  22.306 0.0000000000
21488  46.118  -55.254  22.652 0.0000000000
23230  46.135  -53.932  22.483 0.0000000000
23240  46.455  -53.527  21.852 0.0000000000
18118  51.434  -59.318  21.085 0.0000000000
22337  38.411  -54.188  27.086 0.0000000000
23184  38.791  -53.904  26.424 0.0000000000
21440  38.732  -55.345  26.430 0.0000000000
18867  42.557  -58.593  23.510 0.0000000000
18083  43.167  -59.295  23.209 0.0000000000
17304  43.063  -60.971  25.499 0.0000000000
122847  44.544  -61.565  25.372 0.0000000000
16527  43.704  -61.157  24.758 0.0000000000
17311  42.885  -60.461  24.624 0.0000000000
17320  43.548  -60.279  23.455 0.0000000000
18096  43.839  -59.864  22.653 0.0000000000
18094  45.061  -59.947  21.825 0.0000000000
17328  45.826  -60.418  21.946 0.0000000000
121591  46.273  -59.973  21.495 0.0000000000
16574  47.068  -61.474  22.311 0.0000000000
17345  47.304  -60.790  21.443 0.0000000000
17357  48.049  -60.664  21.018 0.0000000000
17355  49.578  -60.076  20.586 0.0000000000
139765  50.259  -59.867  20.596 0.0000000000
14907  49.724  -63.569  27.424 0.0000000000
12619  52.398  -66.782  26.110 0.0000000000
14913  50.595  -63.647  26.083 0.0000000000
15714  49.709  -63.324  26.026 0.0000000000
15736  49.762  -62.512  23.888 0.0000000000
15755  49.968  -62.487  22.977 0.0000000000
15734  51.129  -62.979  23.304 0.0000000000
15754  50.759  -62.658  22.751 0.0000000000
16550  50.297  -62.317  22.090 0.0000000000
16572  50.727  -61.994  21.540 0.0000000000
17342  51.001  -61.200  21.042 0.0000000000
17341  51.688  -60.233  21.196 0.0000000000
18108  52.236  -59.399  21.468 0.0000000000
26520  40.426  -49.227  28.904 0.0000000000
25701  40.562  -50.513  29.542 0.0000000000
119737  40.085  -50.151  29.307 0.0000000000
24850  39.561  -50.737  29.017 0.0000000000
139578  38.970  -51.970  28.720 0.0000000000
24040  38.760  -52.669  28.334 0.0000000000
23154  42.504  -54.052  29.033 0.0000000000
23155  41.029  -53.430  29.572 0.0000000000
117086  39.684  -52.712  29.417 0.0000000000
24027  38.794  -53.383  28.642 0.0000000000
23177  38.494  -53.574  27.807 0.0000000000
22329  38.417  -54.542  27.719 0.0000000000
127785  38.430  -55.288  27.800 0.0000000000
21409  38.413  -55.782  28.391 0.0000000000
20547  38.473  -56.311  29.204 0.0000000000
137938  38.479  -56.942  27.694 0.0000000000
133998  38.645  -57.746  27.870 0.0000000000
18821  38.969  -58.512  28.185 0.0000000000
18042  39.471  -59.072  28.702 0.0000000000
18800  38.988  -57.718  30.063 0.0000000000
18041  40.191  -59.554  28.499 0.0000000000
20623  43.767  -56.383  22.696 0.0000000000
22387  43.401  -55.043  23.392 0.0000000000
22386  43.540  -54.200  23.472 0.0000000000
116229  44.268  -53.754  23.145 0.0000000000
23233  43.692  -53.297  23.426 0.0000000000
11903  51.542  -68.079  24.715 0.0000000000
14896  48.641  -63.329  28.415 0.0000000000
14905  50.962  -64.087  26.659 0.0000000000
14918  50.908  -63.619  25.224 0.0000000000
14930  53.340  -64.049  22.596 0.0000000000
14931  52.388  -64.196  22.950 0.0000000000
14932  51.693  -63.694  23.191 0.0000000000
15682  47.728  -62.955  28.937 0.0000000000
15705  48.251  -63.022  26.941 0.0000000000
15721  49.523  -62.723  24.849 0.0000000000
15722  47.970  -62.277  24.213 0.0000000000
16500  43.245  -60.724  28.380 0.0000000000
16520  45.280  -61.811  26.066 0.0000000000
16536  45.662  -61.429  23.336 0.0000000000
16554  45.725  -61.066  22.589 0.0000000000
16570  52.148  -61.735  21.771 0.0000000000
17294  40.571  -59.850  27.071 0.0000000000
17310  43.363  -60.616  24.094 0.0000000000
17343  49.370  -60.941  20.995 0.0000000000
17346  46.576  -60.665  21.777 0.0000000000
17354  50.917  -60.092  20.776 0.0000000000
17356  48.803  -60.336  20.757 0.0000000000
18031  39.630  -58.742  29.699 0.0000000000
18052  39.604  -59.055  27.659 0.0000000000
18062  40.192  -59.213  26.786 0.0000000000
18076  42.917  -59.989  23.871 0.0000000000
18123  47.404  -58.903  20.934 0.0000000000
18810  38.976  -58.230  29.513 0.0000000000
18811  38.651  -57.641  29.384 0.0000000000
18834  39.144  -58.196  27.386 0.0000000000
19641  39.549  -57.084  31.311 0.0000000000
19651  38.632  -57.058  29.720 0.0000000000
19737  42.731  -57.221  22.969 0.0000000000
20565  38.384  -56.571  28.353 0.0000000000
20624  43.077  -56.623  22.871 0.0000000000
20643  47.259  -55.880  22.149 0.0000000000
21366  38.748  -55.827  29.715 0.0000000000
21391  39.080  -55.217  29.665 0.0000000000
21426  38.401  -56.011  27.596 0.0000000000
21441  38.549  -55.838  26.904 0.0000000000
22383  46.367  -54.562  22.538 0.0000000000
22384  45.649  -54.604  22.867 0.0000000000
22385  44.887  -54.228  23.007 0.0000000000
23134  41.477  -53.832  31.478 0.0000000000
23135  40.827  -54.012  31.961 0.0000000000
23148  40.981  -54.114  29.800 0.0000000000
23149  40.019  -54.338  29.577 0.0000000000
23167  38.621  -54.184  28.368 0.0000000000
24039  39.333  -51.560  29.106 0.0000000000
24100  44.408  -52.749  22.780 0.0000000000
24111  46.069  -52.797  21.411 0.0000000000
24112  45.380  -52.303  21.735 0.0000000000
117816  46.359  -61.568  24.926 0.0000000000
122735  42.508  -57.831  23.339 0.0000000000
124520  38.453  -57.268  28.295 0.0000000000
125869  48.237  -59.863  20.688 0.0000000000
126782  39.231  -51.359  28.564 0.0000000000
128778  39.571  -51.942  29.421 0.0000000000
133159  45.755  -58.765  21.342 0.0000000000
133229  38.587  -55.012  28.337 0.0000000000
133438  38.568  -54.636  26.594 0.0000000000
134081  45.967  -56.682  22.016 0.0000000000
136309  46.810  -60.093  21.274 0.0000000000
137350  44.439  -58.402  21.832 0.0000000000
137498  45.031  -51.801  21.779 0.0000000000
138538  44.325  -57.710  21.977 0.0000000000
140472  46.268  -57.248  21.714 0.0000000000
