#!ascii label  , from subject sub-05 vox2ras=TkReg
303
68937  33.451  -3.259  8.236 0.0000000000
57118  29.239  -16.061  11.458 0.0000000000
73489  33.089  1.802  6.022 0.0000000000
115495  29.745  11.817  1.348 0.0000000000
57101  27.862  -16.745  12.074 0.0000000000
75253  35.066  3.746  3.151 0.0000000000
131967  34.324  7.528  5.713 0.0000000000
65667  30.015  -7.786  7.136 0.0000000000
62175  30.901  -11.007  7.890 0.0000000000
64867  32.457  -9.079  7.258 0.0000000000
70808  35.260  -1.996  3.711 0.0000000000
129086  34.296  -5.329  6.226 0.0000000000
71718  33.532  -0.093  6.794 0.0000000000
72646  34.626  0.738  2.290 0.0000000000
132089  30.152  9.280  2.207 0.0000000000
115274  32.811  9.389  3.659 0.0000000000
60139  30.890  -13.899  9.827 0.0000000000
131946  33.652  6.365  5.819 0.0000000000
114964  31.789  7.538  5.767 0.0000000000
67265  31.519  -5.797  8.935 0.0000000000
65665  31.472  -7.589  7.985 0.0000000000
66433  32.977  -6.102  8.472 0.0000000000
57119  28.207  -16.176  11.497 0.0000000000
72625  33.714  0.538  6.579 0.0000000000
71729  34.631  -0.071  4.924 0.0000000000
131052  34.701  1.358  5.040 0.0000000000
76134  34.884  4.157  2.234 0.0000000000
119298  34.874  2.850  1.798 0.0000000000
131876  29.031  11.384  0.066 0.0000000000
131837  29.001  8.810  0.360 0.0000000000
131877  30.155  10.123  1.781 0.0000000000
85357  33.624  14.831  1.004 0.0000000000
82774  33.793  12.682  1.853 0.0000000000
81886  32.791  11.501  2.981 0.0000000000
81885  33.460  11.303  2.599 0.0000000000
80201  34.002  8.765  2.813 0.0000000000
62150  31.979  -11.977  7.999 0.0000000000
61130  31.131  -13.034  8.857 0.0000000000
56229  26.557  -17.805  12.157 0.0000000000
74363  34.816  3.312  5.142 0.0000000000
140393  34.544  4.294  5.659 0.0000000000
76119  34.470  5.168  5.148 0.0000000000
132500  34.372  6.184  2.752 0.0000000000
63098  29.278  -10.535  7.757 0.0000000000
63994  30.401  -9.793  7.843 0.0000000000
63094  31.592  -10.652  7.597 0.0000000000
62172  32.565  -11.064  7.560 0.0000000000
69840  34.374  -2.738  6.603 0.0000000000
67262  33.777  -4.956  7.212 0.0000000000
134973  35.132  -2.999  5.356 0.0000000000
69825  31.698  -3.122  8.225 0.0000000000
69842  31.729  -1.978  7.164 0.0000000000
70754  33.539  -1.379  7.724 0.0000000000
71716  34.657  -0.779  5.473 0.0000000000
71752  35.141  -0.482  3.175 0.0000000000
71761  34.989  -0.642  1.315 0.0000000000
119868  34.770  1.983  3.210 0.0000000000
73515  34.504  1.205  1.462 0.0000000000
115399  30.423  7.598  2.656 0.0000000000
82769  30.513  12.354  1.956 0.0000000000
131957  31.298  10.913  2.857 0.0000000000
131903  31.443  9.423  3.543 0.0000000000
115596  31.967  8.045  4.319 0.0000000000
133914  33.518  8.102  3.984 0.0000000000
78614  34.292  7.575  2.884 0.0000000000
59150  29.248  -14.427  9.792 0.0000000000
61150  30.060  -12.166  9.223 0.0000000000
66468  33.824  -7.132  6.882 0.0000000000
63983  34.133  -9.251  7.352 0.0000000000
116370  31.459  7.123  6.080 0.0000000000
115967  30.830  7.127  5.539 0.0000000000
68064  32.437  -4.536  8.537 0.0000000000
67243  32.354  -6.249  9.095 0.0000000000
67263  33.117  -5.174  8.119 0.0000000000
119154  26.711  -19.333  12.681 0.0000000000
73488  33.809  1.312  5.979 0.0000000000
73487  34.340  2.034  5.909 0.0000000000
77002  34.486  5.237  2.172 0.0000000000
76141  34.680  4.549  1.259 0.0000000000
132214  29.579  11.005  1.323 0.0000000000
82766  33.634  11.922  2.133 0.0000000000
81040  34.018  10.634  2.135 0.0000000000
61147  32.519  -12.105  8.495 0.0000000000
126093  31.978  -12.492  8.424 0.0000000000
58126  27.591  -15.727  10.773 0.0000000000
123703  33.902  4.060  5.767 0.0000000000
116034  32.501  4.110  6.148 0.0000000000
115281  33.479  7.583  5.910 0.0000000000
76975  34.428  6.196  5.536 0.0000000000
77805  34.561  7.086  5.533 0.0000000000
76994  34.399  5.548  3.402 0.0000000000
124269  34.623  7.096  4.662 0.0000000000
82786  29.421  12.895  -0.162 0.0000000000
64870  29.592  -9.165  7.270 0.0000000000
65677  30.147  -8.488  7.353 0.0000000000
64859  31.866  -8.446  7.474 0.0000000000
64868  31.473  -9.361  7.524 0.0000000000
128499  31.851  -9.953  7.524 0.0000000000
139814  32.042  -10.382  7.508 0.0000000000
63992  32.511  -9.773  7.431 0.0000000000
56228  27.531  -17.546  12.319 0.0000000000
69852  35.043  -2.343  5.244 0.0000000000
69853  34.773  -2.513  5.921 0.0000000000
69862  35.312  -2.367  4.445 0.0000000000
68066  30.617  -4.200  7.532 0.0000000000
71706  32.497  -0.364  7.763 0.0000000000
71705  33.463  -0.561  7.657 0.0000000000
69841  32.527  -1.958  7.774 0.0000000000
70770  34.106  -1.294  7.142 0.0000000000
71704  34.155  -0.670  6.573 0.0000000000
72640  34.941  0.522  3.338 0.0000000000
71740  35.155  -0.174  4.046 0.0000000000
116016  35.027  0.033  2.571 0.0000000000
128897  34.977  -0.872  2.240 0.0000000000
134333  34.911  -0.006  1.954 0.0000000000
140403  35.013  3.583  4.743 0.0000000000
74389  34.987  2.283  4.117 0.0000000000
132513  35.260  2.893  3.411 0.0000000000
116920  34.554  2.133  1.630 0.0000000000
72660  34.686  0.639  0.493 0.0000000000
115366  29.776  8.420  1.872 0.0000000000
115759  30.705  8.742  3.068 0.0000000000
84530  32.911  14.207  1.268 0.0000000000
84547  32.515  14.895  0.785 0.0000000000
82776  31.675  12.755  1.845 0.0000000000
127399  31.415  12.152  2.535 0.0000000000
131930  32.879  10.313  3.425 0.0000000000
115411  31.976  10.718  3.412 0.0000000000
115258  32.127  10.008  3.731 0.0000000000
132895  31.435  8.592  3.787 0.0000000000
131849  32.155  8.910  4.056 0.0000000000
132184  32.722  8.282  4.576 0.0000000000
131929  32.997  8.477  4.033 0.0000000000
80208  34.509  9.221  2.239 0.0000000000
79374  34.283  8.332  2.418 0.0000000000
78620  34.355  7.771  1.856 0.0000000000
59151  28.533  -14.131  9.693 0.0000000000
63097  30.250  -10.620  7.913 0.0000000000
62176  30.006  -11.015  8.128 0.0000000000
62151  30.597  -11.480  8.447 0.0000000000
60153  31.292  -13.427  9.368 0.0000000000
61131  30.468  -13.045  9.226 0.0000000000
60154  30.627  -13.581  9.423 0.0000000000
59149  30.193  -14.327  9.893 0.0000000000
68082  34.268  -4.377  6.669 0.0000000000
67279  33.590  -5.857  7.234 0.0000000000
139589  33.882  -6.516  6.739 0.0000000000
115788  32.206  4.843  6.027 0.0000000000
114946  31.417  6.062  6.170 0.0000000000
131969  32.342  7.067  6.092 0.0000000000
131945  33.705  7.963  5.650 0.0000000000
66455  30.650  -6.577  8.146 0.0000000000
65666  30.678  -7.493  7.725 0.0000000000
65649  31.296  -6.945  8.526 0.0000000000
65648  31.895  -7.133  8.678 0.0000000000
65664  32.219  -7.563  7.894 0.0000000000
56227  28.492  -17.327  12.480 0.0000000000
57100  28.799  -16.588  12.157 0.0000000000
56226  29.521  -17.153  12.565 0.0000000000
126711  34.987  -2.513  2.813 0.0000000000
69867  35.461  -2.700  3.549 0.0000000000
71719  32.861  0.253  7.375 0.0000000000
71717  34.010  -0.085  5.867 0.0000000000
72624  34.280  0.877  5.713 0.0000000000
72633  34.821  0.649  4.491 0.0000000000
73502  34.854  1.408  3.978 0.0000000000
75264  35.104  3.274  2.410 0.0000000000
75271  34.773  3.565  1.433 0.0000000000
75275  34.331  3.362  0.512 0.0000000000
115241  29.571  9.434  0.999 0.0000000000
83654  33.557  13.463  1.629 0.0000000000
82775  32.876  12.668  1.955 0.0000000000
82768  32.330  12.099  2.535 0.0000000000
81879  33.082  10.969  3.184 0.0000000000
81041  33.566  10.475  2.830 0.0000000000
115561  33.670  9.545  2.993 0.0000000000
80209  34.265  9.970  2.441 0.0000000000
119644  34.654  9.994  1.826 0.0000000000
61163  31.739  -11.627  7.896 0.0000000000
61164  31.348  -11.577  8.105 0.0000000000
61148  31.640  -12.282  8.375 0.0000000000
124479  31.709  -12.951  8.794 0.0000000000
57102  26.909  -17.037  11.805 0.0000000000
57120  27.286  -16.366  11.385 0.0000000000
58125  28.582  -15.670  10.715 0.0000000000
74366  33.137  2.665  6.117 0.0000000000
74365  33.945  2.254  5.989 0.0000000000
75228  33.969  3.159  5.827 0.0000000000
75227  34.594  3.841  5.710 0.0000000000
76118  34.837  4.201  4.747 0.0000000000
76104  33.728  4.969  5.643 0.0000000000
133311  34.828  4.186  3.793 0.0000000000
130467  34.597  4.626  3.119 0.0000000000
121196  34.304  6.114  1.581 0.0000000000
82778  29.204  12.195  0.072 0.0000000000
82777  30.018  12.602  0.626 0.0000000000
63105  30.316  -10.353  7.969 0.0000000000
63104  31.137  -10.662  7.823 0.0000000000
64860  30.960  -8.504  7.641 0.0000000000
63993  31.171  -10.120  7.629 0.0000000000
63095  31.539  -10.977  7.644 0.0000000000
62173  31.878  -11.320  7.626 0.0000000000
122392  32.331  -11.626  7.860 0.0000000000
62149  33.047  -11.482  8.132 0.0000000000
69823  33.946  -2.869  7.508 0.0000000000
68062  33.791  -4.043  7.688 0.0000000000
68936  34.022  -3.607  7.430 0.0000000000
68956  34.400  -3.540  6.655 0.0000000000
68095  34.794  -4.159  6.004 0.0000000000
119011  35.374  -3.067  4.775 0.0000000000
68968  35.455  -3.678  5.051 0.0000000000
68094  35.361  -4.389  5.255 0.0000000000
67266  30.594  -5.810  8.191 0.0000000000
68939  31.442  -4.008  8.406 0.0000000000
68938  32.515  -3.579  8.547 0.0000000000
138471  31.927  -2.483  7.833 0.0000000000
116563  32.636  -2.723  8.349 0.0000000000
69824  33.284  -2.179  7.929 0.0000000000
70753  33.920  -2.060  7.286 0.0000000000
70784  34.662  -1.573  6.031 0.0000000000
70797  35.247  -1.567  4.311 0.0000000000
71739  35.290  -1.074  3.820 0.0000000000
70811  35.065  -1.529  3.019 0.0000000000
70812  34.669  -2.099  2.137 0.0000000000
120145  34.710  -1.516  1.457 0.0000000000
74381  34.779  2.595  4.979 0.0000000000
118339  34.676  1.266  3.006 0.0000000000
74396  34.850  2.469  2.470 0.0000000000
73508  34.555  1.630  2.346 0.0000000000
72654  34.748  0.333  1.369 0.0000000000
115376  30.419  7.133  3.467 0.0000000000
135367  30.835  12.871  1.071 0.0000000000
83656  31.366  13.342  0.996 0.0000000000
137542  30.245  11.838  2.186 0.0000000000
115741  30.857  10.370  2.576 0.0000000000
115610  31.909  11.485  3.037 0.0000000000
132134  31.453  10.192  3.157 0.0000000000
114973  30.835  9.699  2.745 0.0000000000
114976  31.017  7.823  3.855 0.0000000000
115579  30.529  7.322  4.633 0.0000000000
114952  31.497  7.627  4.846 0.0000000000
115735  32.694  7.969  5.537 0.0000000000
115558  34.394  7.650  5.425 0.0000000000
115552  33.446  8.702  3.413 0.0000000000
115843  33.996  8.098  3.402 0.0000000000
78607  34.306  7.518  4.096 0.0000000000
120087  34.460  6.971  3.419 0.0000000000
77820  34.356  6.950  2.119 0.0000000000
128071  28.367  -14.712  9.915 0.0000000000
58139  28.898  -15.129  10.150 0.0000000000
61149  31.013  -12.290  8.726 0.0000000000
130860  29.717  -13.100  9.379 0.0000000000
122786  29.599  -14.907  10.147 0.0000000000
66453  33.338  -6.670  7.588 0.0000000000
65663  33.085  -7.404  7.404 0.0000000000
139052  34.339  -7.412  6.775 0.0000000000
65675  33.728  -7.869  7.011 0.0000000000
63991  33.291  -9.149  7.193 0.0000000000
63984  33.202  -9.823  7.417 0.0000000000
62174  31.487  -11.143  7.722 0.0000000000
63093  33.069  -10.446  7.536 0.0000000000
63096  31.062  -10.860  7.880 0.0000000000
63985  32.457  -10.393  7.490 0.0000000000
64866  33.281  -8.531  7.121 0.0000000000
64869  30.536  -9.395  7.670 0.0000000000
65676  32.792  -8.171  7.148 0.0000000000
66434  32.533  -6.837  8.562 0.0000000000
66435  31.845  -6.626  9.067 0.0000000000
66454  31.136  -6.332  8.713 0.0000000000
67264  32.407  -5.479  8.742 0.0000000000
67278  34.254  -6.046  6.266 0.0000000000
68063  33.264  -4.194  8.218 0.0000000000
68065  30.952  -4.931  8.279 0.0000000000
68081  34.826  -5.040  5.570 0.0000000000
68969  34.911  -3.439  5.815 0.0000000000
70755  32.947  -1.151  7.998 0.0000000000
70783  35.005  -1.578  4.998 0.0000000000
71728  35.073  -0.847  4.574 0.0000000000
73495  34.729  1.920  4.790 0.0000000000
74364  34.362  2.925  5.614 0.0000000000
74380  35.200  3.012  4.387 0.0000000000
75226  34.835  3.897  5.359 0.0000000000
75243  35.174  3.539  4.044 0.0000000000
76102  34.665  4.375  5.485 0.0000000000
76103  34.400  5.527  5.741 0.0000000000
76127  34.444  5.016  3.969 0.0000000000
76988  34.500  6.079  4.650 0.0000000000
77813  34.471  6.375  3.801 0.0000000000
83657  30.377  13.258  0.439 0.0000000000
114974  30.349  11.092  2.222 0.0000000000
115341  32.526  7.780  5.277 0.0000000000
115383  34.365  6.901  5.791 0.0000000000
115704  34.013  7.858  4.463 0.0000000000
117210  30.402  6.441  5.626 0.0000000000
121566  34.368  -2.033  6.588 0.0000000000
125777  34.499  4.036  0.712 0.0000000000
126046  31.694  -4.905  8.576 0.0000000000
131904  32.521  10.944  3.331 0.0000000000
132181  33.602  8.135  5.098 0.0000000000
132963  31.909  -10.886  7.467 0.0000000000
138631  32.168  14.450  0.951 0.0000000000
139194  32.368  10.513  3.518 0.0000000000
140222  33.971  -5.553  6.645 0.0000000000
