#!ascii label  , from subject sub-06 vox2ras=TkReg
1232
45848  -12.103  -14.208  93.579 0.0000000000
51196  -36.508  -10.447  73.326 0.0000000000
57197  -35.635  -4.850  73.058 0.0000000000
53988  -29.896  -7.299  79.941 0.0000000000
66249  -40.003  4.345  62.754 0.0000000000
65114  -33.230  3.953  67.072 0.0000000000
50074  -38.284  -11.081  77.912 0.0000000000
52100  -32.312  -9.922  76.601 0.0000000000
141263  -45.511  5.727  65.371 0.0000000000
73897  -45.601  12.929  64.732 0.0000000000
77479  -47.647  16.950  62.903 0.0000000000
62104  -38.349  0.604  73.190 0.0000000000
61056  -33.513  -0.538  70.290 0.0000000000
123764  -37.588  5.832  71.276 0.0000000000
70864  -37.980  10.037  69.142 0.0000000000
52002  -24.225  -9.195  82.697 0.0000000000
43997  -10.202  -17.278  97.226 0.0000000000
55156  -39.134  -6.875  72.044 0.0000000000
59057  -37.889  -2.188  76.905 0.0000000000
130957  -24.461  -6.098  77.871 0.0000000000
55120  -29.578  -5.859  74.060 0.0000000000
75824  -44.690  14.610  55.698 0.0000000000
80150  -49.311  20.072  59.490 0.0000000000
67241  -37.524  5.086  64.759 0.0000000000
69051  -42.082  7.012  68.733 0.0000000000
47719  -13.291  -12.267  89.882 0.0000000000
41270  -7.003  -20.536  93.684 0.0000000000
69988  -45.343  9.232  65.024 0.0000000000
64107  -37.602  2.526  71.806 0.0000000000
48902  -22.726  -11.312  81.405 0.0000000000
44926  -11.521  -16.750  95.173 0.0000000000
53134  -36.900  -8.409  70.008 0.0000000000
53095  -37.993  -9.209  72.972 0.0000000000
56148  -28.353  -4.934  78.782 0.0000000000
56174  -26.993  -4.899  75.941 0.0000000000
55078  -30.465  -5.678  76.766 0.0000000000
51174  -35.109  -11.154  75.159 0.0000000000
52141  -33.131  -8.898  73.912 0.0000000000
52156  -34.275  -9.692  71.915 0.0000000000
54997  -28.850  -6.349  82.955 0.0000000000
57115  -26.295  -4.692  81.460 0.0000000000
72937  -40.539  11.467  61.208 0.0000000000
75814  -42.826  14.050  56.866 0.0000000000
79263  -48.314  18.432  61.704 0.0000000000
62141  -32.835  1.624  69.359 0.0000000000
66181  -35.218  5.107  65.835 0.0000000000
69938  -40.521  9.034  68.283 0.0000000000
49933  -18.505  -10.545  85.252 0.0000000000
121068  -16.715  -10.331  88.238 0.0000000000
49868  -15.701  -10.928  89.887 0.0000000000
48804  -13.982  -12.060  87.071 0.0000000000
121782  -8.372  -20.327  93.276 0.0000000000
143772  -37.967  -10.947  75.331 0.0000000000
52132  -39.366  -9.806  74.582 0.0000000000
52088  -40.335  -9.893  76.729 0.0000000000
52987  -31.499  -8.899  81.649 0.0000000000
53024  -30.939  -8.953  78.617 0.0000000000
51113  -33.396  -10.929  79.299 0.0000000000
50087  -35.846  -11.563  77.486 0.0000000000
67243  -42.970  4.428  63.898 0.0000000000
69097  -42.847  7.150  62.869 0.0000000000
71909  -43.236  10.053  62.632 0.0000000000
121085  -43.299  13.195  62.608 0.0000000000
76675  -44.170  15.712  60.930 0.0000000000
76652  -46.991  15.244  64.312 0.0000000000
60045  -34.833  -1.619  74.252 0.0000000000
59090  -33.572  -2.512  72.101 0.0000000000
62122  -35.086  0.946  72.377 0.0000000000
64119  -35.257  2.753  71.344 0.0000000000
66138  -35.378  4.886  69.695 0.0000000000
136025  -35.809  6.616  68.212 0.0000000000
69904  -37.250  8.438  70.945 0.0000000000
49959  -23.328  -9.605  84.050 0.0000000000
135541  -19.906  -11.424  82.794 0.0000000000
77524  -48.417  16.606  53.766 0.0000000000
44902  -8.232  -16.080  96.914 0.0000000000
54115  -38.221  -7.056  70.333 0.0000000000
57213  -37.950  -5.720  72.246 0.0000000000
54075  -40.533  -6.828  73.899 0.0000000000
57179  -37.936  -5.414  74.598 0.0000000000
131105  -36.495  -3.992  75.154 0.0000000000
61022  -37.541  -0.087  74.830 0.0000000000
54043  -31.686  -7.033  75.438 0.0000000000
56086  -25.392  -5.037  83.938 0.0000000000
142217  -24.275  -7.452  80.497 0.0000000000
77497  -45.692  16.683  59.604 0.0000000000
78390  -46.709  16.777  57.721 0.0000000000
77516  -47.923  16.359  55.693 0.0000000000
80161  -50.224  19.699  57.275 0.0000000000
44056  -10.752  -16.397  90.471 0.0000000000
44035  -10.522  -17.377  92.180 0.0000000000
66221  -38.798  4.509  64.527 0.0000000000
69046  -37.436  7.208  66.977 0.0000000000
68135  -39.080  5.545  67.371 0.0000000000
66184  -41.236  2.790  66.705 0.0000000000
67192  -44.056  4.539  68.560 0.0000000000
127847  -12.011  -13.677  91.507 0.0000000000
43080  -10.282  -18.058  94.099 0.0000000000
42184  -8.404  -18.600  95.085 0.0000000000
43071  -6.415  -18.708  95.256 0.0000000000
135337  -11.273  -15.051  93.565 0.0000000000
125626  -36.684  -9.794  72.085 0.0000000000
52174  -36.995  -9.299  71.536 0.0000000000
52145  -37.650  -9.781  73.336 0.0000000000
55043  -29.125  -5.712  79.185 0.0000000000
55053  -29.185  -5.342  78.288 0.0000000000
55054  -29.880  -6.349  78.745 0.0000000000
51195  -35.703  -10.626  73.721 0.0000000000
51206  -34.785  -10.398  73.275 0.0000000000
51207  -35.566  -10.331  72.729 0.0000000000
52172  -35.213  -9.522  71.163 0.0000000000
143936  -30.396  -8.102  81.882 0.0000000000
53952  -29.805  -7.341  82.984 0.0000000000
55023  -29.111  -7.033  81.293 0.0000000000
56128  -28.248  -5.584  80.591 0.0000000000
74880  -41.935  13.831  58.095 0.0000000000
57224  -37.141  -5.438  70.996 0.0000000000
122960  -36.102  -5.130  70.973 0.0000000000
64159  -32.696  2.862  67.773 0.0000000000
63195  -32.683  2.309  66.424 0.0000000000
66179  -33.736  4.321  66.223 0.0000000000
120146  -16.967  -11.023  84.596 0.0000000000
140132  -17.833  -10.266  86.862 0.0000000000
49914  -15.849  -10.308  85.632 0.0000000000
49899  -15.062  -10.451  87.205 0.0000000000
48833  -14.686  -11.598  85.780 0.0000000000
51144  -38.060  -11.180  76.733 0.0000000000
51164  -39.037  -10.547  76.515 0.0000000000
127085  -39.301  -10.657  77.330 0.0000000000
52004  -33.048  -10.098  82.318 0.0000000000
52029  -32.005  -9.941  80.348 0.0000000000
139784  -33.483  -10.763  80.756 0.0000000000
50057  -37.380  -11.435  79.302 0.0000000000
120679  -36.218  -11.366  78.604 0.0000000000
50088  -37.030  -11.342  77.306 0.0000000000
50113  -36.656  -11.363  76.327 0.0000000000
67229  -44.501  4.665  64.903 0.0000000000
67255  -43.680  5.435  63.258 0.0000000000
68159  -45.220  6.268  63.572 0.0000000000
71902  -45.401  10.893  65.326 0.0000000000
70932  -44.535  9.811  63.145 0.0000000000
72918  -44.234  11.543  63.886 0.0000000000
141359  -43.162  11.584  63.008 0.0000000000
74844  -44.688  13.230  64.015 0.0000000000
75771  -44.975  14.385  63.851 0.0000000000
74840  -46.157  13.845  64.715 0.0000000000
61029  -36.782  -0.143  73.538 0.0000000000
134728  -34.955  -0.594  73.626 0.0000000000
130377  -37.015  0.854  72.906 0.0000000000
65066  -37.757  4.190  71.814 0.0000000000
64121  -36.714  2.641  71.738 0.0000000000
65076  -35.912  4.054  71.089 0.0000000000
64134  -34.664  3.569  70.957 0.0000000000
67160  -36.678  4.980  70.218 0.0000000000
68087  -36.512  6.506  69.691 0.0000000000
69001  -37.590  7.349  71.279 0.0000000000
52965  -24.425  -7.872  84.001 0.0000000000
125217  -23.823  -8.249  84.814 0.0000000000
51038  -24.007  -9.717  83.053 0.0000000000
48881  -21.594  -11.587  81.939 0.0000000000
78401  -49.666  17.531  54.510 0.0000000000
78402  -50.288  17.890  53.921 0.0000000000
129194  -9.097  -17.186  97.209 0.0000000000
123413  -38.532  -7.626  71.604 0.0000000000
122524  -37.423  -7.865  69.742 0.0000000000
144247  -38.749  -6.755  71.354 0.0000000000
119886  -38.424  -5.729  71.267 0.0000000000
56237  -38.717  -5.852  72.229 0.0000000000
53072  -40.601  -8.689  75.529 0.0000000000
53085  -39.739  -8.784  74.075 0.0000000000
55099  -41.310  -6.377  75.458 0.0000000000
134393  -38.669  -3.895  76.802 0.0000000000
57181  -39.386  -5.639  75.295 0.0000000000
58122  -38.036  -4.290  76.217 0.0000000000
58144  -37.035  -4.991  74.722 0.0000000000
58120  -37.091  -2.683  76.246 0.0000000000
58132  -36.477  -2.539  75.666 0.0000000000
60015  -38.479  -0.987  76.286 0.0000000000
56184  -27.940  -5.462  74.832 0.0000000000
52085  -31.650  -9.336  77.110 0.0000000000
54009  -30.987  -7.938  77.138 0.0000000000
53058  -31.971  -9.016  76.199 0.0000000000
53093  -32.334  -7.432  73.090 0.0000000000
57080  -27.520  -4.281  84.557 0.0000000000
56134  -25.490  -4.992  79.792 0.0000000000
56117  -25.372  -5.363  81.441 0.0000000000
55042  -24.381  -6.327  79.603 0.0000000000
129167  -24.540  -8.687  78.885 0.0000000000
77476  -46.015  16.362  61.918 0.0000000000
77489  -44.765  16.204  60.736 0.0000000000
77486  -46.286  16.576  61.156 0.0000000000
80141  -48.410  19.130  60.430 0.0000000000
78379  -47.488  17.741  59.734 0.0000000000
78380  -47.926  18.113  59.019 0.0000000000
77512  -47.049  16.223  56.643 0.0000000000
78392  -48.307  17.648  57.306 0.0000000000
78393  -48.956  17.713  56.709 0.0000000000
80158  -49.414  19.833  58.577 0.0000000000
60068  -33.360  -1.517  71.500 0.0000000000
58166  -33.284  -3.349  70.735 0.0000000000
65155  -37.837  3.996  63.091 0.0000000000
66220  -38.013  4.670  64.298 0.0000000000
69935  -36.713  8.672  68.571 0.0000000000
69045  -36.740  7.501  67.320 0.0000000000
70895  -38.360  9.203  67.989 0.0000000000
69939  -41.288  8.438  68.695 0.0000000000
129816  -40.060  6.973  67.545 0.0000000000
130240  -40.750  5.432  68.375 0.0000000000
66162  -39.841  3.971  67.350 0.0000000000
127406  -41.223  4.342  68.339 0.0000000000
65104  -42.402  3.407  67.501 0.0000000000
67191  -43.250  5.167  68.883 0.0000000000
48778  -14.035  -11.741  89.620 0.0000000000
48746  -14.038  -11.866  91.449 0.0000000000
47700  -13.327  -12.526  91.771 0.0000000000
47709  -12.653  -12.889  90.102 0.0000000000
45902  -11.531  -14.264  89.526 0.0000000000
46776  -12.140  -13.470  89.328 0.0000000000
43091  -9.891  -18.538  91.691 0.0000000000
43086  -10.695  -18.004  93.302 0.0000000000
41286  -8.824  -18.883  92.767 0.0000000000
41271  -8.054  -20.682  93.531 0.0000000000
41257  -8.483  -19.091  94.081 0.0000000000
42201  -7.474  -18.915  94.323 0.0000000000
43072  -7.065  -18.607  95.305 0.0000000000
42200  -6.782  -19.217  94.443 0.0000000000
50020  -35.472  -11.092  81.651 0.0000000000
69053  -47.270  7.380  67.197 0.0000000000
69080  -46.026  7.301  65.035 0.0000000000
70905  -46.103  8.565  66.356 0.0000000000
63134  -37.548  1.627  71.986 0.0000000000
134827  -24.540  -10.228  80.736 0.0000000000
50016  -24.093  -11.107  81.641 0.0000000000
44917  -12.219  -16.154  96.865 0.0000000000
44020  -11.019  -17.418  95.924 0.0000000000
53119  -36.480  -8.939  70.461 0.0000000000
53107  -37.768  -9.021  72.071 0.0000000000
54090  -38.994  -7.721  72.375 0.0000000000
61013  -39.585  -0.783  75.905 0.0000000000
143113  -26.383  -4.265  78.566 0.0000000000
56160  -25.796  -4.843  77.047 0.0000000000
56161  -27.028  -4.460  77.415 0.0000000000
55077  -29.282  -5.163  76.582 0.0000000000
135262  -29.985  -5.238  75.925 0.0000000000
123668  -34.118  -11.122  75.710 0.0000000000
52129  -33.081  -9.082  74.906 0.0000000000
52130  -33.519  -9.759  74.290 0.0000000000
52142  -33.603  -9.404  73.349 0.0000000000
131354  -33.891  -9.719  70.530 0.0000000000
54988  -29.203  -5.774  83.879 0.0000000000
56099  -27.870  -5.101  83.004 0.0000000000
56110  -27.683  -5.247  82.133 0.0000000000
57136  -26.868  -4.440  79.988 0.0000000000
71927  -39.714  10.156  61.139 0.0000000000
75815  -43.502  14.577  56.521 0.0000000000
78352  -48.844  17.269  63.668 0.0000000000
78360  -47.660  17.243  62.380 0.0000000000
61063  -33.335  0.069  69.750 0.0000000000
65139  -34.446  3.893  64.715 0.0000000000
67224  -36.143  5.360  65.454 0.0000000000
72870  -39.403  11.768  69.783 0.0000000000
71862  -39.524  10.559  68.685 0.0000000000
72884  -40.612  11.483  68.841 0.0000000000
48835  -20.494  -10.564  85.858 0.0000000000
49916  -19.737  -10.653  86.567 0.0000000000
49870  -18.418  -10.301  89.185 0.0000000000
49884  -15.933  -10.550  88.943 0.0000000000
49867  -14.839  -11.199  89.179 0.0000000000
47726  -13.220  -12.338  88.388 0.0000000000
47725  -12.598  -13.070  87.856 0.0000000000
47745  -13.681  -12.923  86.542 0.0000000000
51188  -37.576  -10.701  74.490 0.0000000000
124031  -37.826  -10.212  73.890 0.0000000000
52119  -38.549  -10.602  75.216 0.0000000000
52120  -39.578  -10.009  75.464 0.0000000000
52996  -30.801  -8.347  80.828 0.0000000000
53989  -30.313  -7.746  79.406 0.0000000000
53007  -30.915  -8.930  79.577 0.0000000000
52050  -31.869  -10.120  79.501 0.0000000000
51141  -32.716  -10.761  78.076 0.0000000000
50054  -34.730  -11.100  79.330 0.0000000000
50085  -34.379  -11.504  78.148 0.0000000000
51159  -33.833  -11.277  76.736 0.0000000000
138572  -34.947  -11.319  75.871 0.0000000000
51175  -36.244  -11.262  75.283 0.0000000000
52977  -31.537  -8.773  82.481 0.0000000000
66240  -41.000  3.473  63.658 0.0000000000
67261  -40.428  5.169  62.022 0.0000000000
67262  -41.254  5.311  62.276 0.0000000000
69096  -42.236  6.460  62.491 0.0000000000
136257  -41.452  8.247  63.019 0.0000000000
69099  -44.218  7.784  63.430 0.0000000000
70930  -43.086  9.258  62.735 0.0000000000
70939  -41.319  9.663  62.859 0.0000000000
72925  -41.172  11.163  61.903 0.0000000000
73918  -41.483  12.745  61.709 0.0000000000
74854  -42.129  13.587  61.429 0.0000000000
76673  -42.870  14.557  60.587 0.0000000000
75775  -43.911  14.864  62.431 0.0000000000
140629  -45.390  15.564  63.152 0.0000000000
76660  -47.332  15.806  63.894 0.0000000000
75763  -47.749  14.589  65.404 0.0000000000
77465  -48.825  16.469  64.311 0.0000000000
59075  -34.885  -3.022  74.300 0.0000000000
57196  -34.721  -4.277  72.589 0.0000000000
59082  -34.356  -2.551  73.595 0.0000000000
60055  -33.917  -1.470  72.401 0.0000000000
61057  -34.031  -0.118  70.959 0.0000000000
63133  -36.774  1.718  71.736 0.0000000000
62130  -34.727  1.256  71.895 0.0000000000
62129  -34.145  0.866  71.267 0.0000000000
120511  -33.782  2.469  70.688 0.0000000000
64148  -33.556  3.677  69.176 0.0000000000
121973  -34.094  4.650  68.526 0.0000000000
67186  -34.639  5.277  67.494 0.0000000000
68086  -36.059  6.378  69.058 0.0000000000
69018  -36.510  7.811  69.129 0.0000000000
71848  -37.772  10.243  70.420 0.0000000000
71839  -38.494  10.597  71.386 0.0000000000
72859  -38.767  11.364  71.120 0.0000000000
48838  -22.513  -10.197  85.243 0.0000000000
129840  -22.651  -11.118  82.764 0.0000000000
48867  -22.218  -11.102  83.343 0.0000000000
123770  -21.115  -11.393  84.077 0.0000000000
49958  -19.681  -11.034  84.054 0.0000000000
57225  -37.897  -5.531  71.281 0.0000000000
57198  -36.633  -5.426  72.904 0.0000000000
53084  -38.902  -9.395  73.819 0.0000000000
53097  -39.117  -8.632  73.422 0.0000000000
55140  -39.898  -6.494  73.289 0.0000000000
56215  -39.575  -5.695  74.343 0.0000000000
56227  -38.926  -5.865  72.980 0.0000000000
57199  -38.288  -5.801  72.992 0.0000000000
57189  -37.178  -5.265  73.823 0.0000000000
58142  -35.949  -4.249  74.458 0.0000000000
59067  -35.885  -2.446  75.120 0.0000000000
133637  -36.780  -0.427  74.866 0.0000000000
61030  -38.150  0.152  73.939 0.0000000000
60028  -39.102  -0.522  75.242 0.0000000000
62097  -38.983  0.196  74.139 0.0000000000
54008  -30.838  -7.343  77.762 0.0000000000
54026  -31.155  -6.714  76.781 0.0000000000
55098  -30.528  -5.967  74.814 0.0000000000
53069  -32.357  -7.531  75.039 0.0000000000
54060  -31.818  -6.863  74.345 0.0000000000
54980  -24.866  -6.167  85.262 0.0000000000
53951  -24.803  -6.951  83.714 0.0000000000
56098  -26.422  -4.658  83.407 0.0000000000
135120  -25.316  -5.821  82.670 0.0000000000
120096  -24.383  -7.974  81.671 0.0000000000
52024  -24.664  -9.717  80.047 0.0000000000
76681  -43.493  15.489  59.623 0.0000000000
126124  -44.179  15.733  58.421 0.0000000000
76691  -44.506  15.737  57.804 0.0000000000
78371  -46.942  17.291  60.186 0.0000000000
77507  -46.146  16.568  58.246 0.0000000000
76695  -45.546  15.521  56.592 0.0000000000
121905  -46.126  15.390  56.087 0.0000000000
76700  -46.994  15.007  54.925 0.0000000000
76701  -47.456  15.541  54.599 0.0000000000
77517  -48.526  16.840  55.265 0.0000000000
79288  -49.930  18.447  55.916 0.0000000000
45859  -11.416  -14.736  91.882 0.0000000000
44940  -10.787  -15.645  92.724 0.0000000000
44045  -10.720  -16.434  91.043 0.0000000000
57209  -34.448  -4.468  71.665 0.0000000000
123752  -39.207  4.301  63.696 0.0000000000
67187  -35.336  5.873  67.112 0.0000000000
68131  -36.126  6.275  66.583 0.0000000000
67211  -37.448  5.944  66.156 0.0000000000
69955  -39.324  8.615  67.533 0.0000000000
69068  -38.864  6.314  67.134 0.0000000000
129502  -38.211  5.591  66.196 0.0000000000
67228  -39.194  4.190  66.041 0.0000000000
66203  -39.556  3.611  65.617 0.0000000000
66223  -40.130  3.426  64.735 0.0000000000
66204  -41.933  2.712  65.321 0.0000000000
66206  -43.987  3.750  65.669 0.0000000000
67214  -45.473  4.895  66.575 0.0000000000
46730  -13.120  -13.660  94.158 0.0000000000
46743  -12.990  -13.138  92.872 0.0000000000
46742  -12.363  -13.649  92.441 0.0000000000
45876  -11.529  -14.549  91.228 0.0000000000
44986  -11.168  -15.929  89.349 0.0000000000
44025  -10.942  -16.032  93.568 0.0000000000
43081  -10.897  -17.514  94.675 0.0000000000
44019  -10.427  -17.830  95.580 0.0000000000
42218  -8.885  -18.932  93.619 0.0000000000
42204  -9.394  -18.704  95.027 0.0000000000
44008  -9.400  -18.072  96.452 0.0000000000
44007  -8.206  -18.000  96.567 0.0000000000
44006  -7.511  -17.597  96.320 0.0000000000
41269  -6.314  -20.670  93.934 0.0000000000
42199  -6.305  -19.131  94.596 0.0000000000
52158  -36.396  -10.182  72.598 0.0000000000
52144  -37.082  -10.080  72.929 0.0000000000
55044  -29.558  -6.574  79.587 0.0000000000
136274  -29.960  -7.106  79.253 0.0000000000
53970  -30.228  -8.034  81.312 0.0000000000
53969  -29.711  -7.441  81.538 0.0000000000
53978  -29.805  -7.433  80.797 0.0000000000
55033  -29.305  -6.815  80.408 0.0000000000
75791  -41.900  14.002  59.083 0.0000000000
57211  -36.345  -5.494  72.064 0.0000000000
57210  -35.325  -5.022  71.996 0.0000000000
64160  -33.250  3.508  68.009 0.0000000000
131653  -32.834  3.381  67.309 0.0000000000
64174  -32.794  3.217  66.599 0.0000000000
65124  -33.168  3.626  66.020 0.0000000000
65115  -33.977  4.469  67.129 0.0000000000
49931  -16.192  -11.156  84.965 0.0000000000
120442  -16.880  -10.524  85.432 0.0000000000
49930  -15.378  -11.303  85.357 0.0000000000
49913  -14.930  -10.571  86.031 0.0000000000
50073  -38.069  -11.154  77.249 0.0000000000
51145  -38.584  -10.931  76.819 0.0000000000
51128  -38.745  -10.946  77.263 0.0000000000
122788  -33.668  -10.492  82.026 0.0000000000
51078  -33.068  -10.393  81.455 0.0000000000
51079  -33.970  -11.006  81.406 0.0000000000
122149  -37.439  -11.222  78.255 0.0000000000
50072  -36.731  -11.354  77.956 0.0000000000
120662  -37.410  -11.248  77.595 0.0000000000
50089  -37.537  -11.293  76.994 0.0000000000
51058  -33.749  -10.241  82.698 0.0000000000
67230  -45.229  4.981  65.634 0.0000000000
68158  -44.613  5.492  63.806 0.0000000000
68146  -45.254  5.777  64.693 0.0000000000
72910  -45.438  11.823  65.032 0.0000000000
72909  -44.760  11.035  64.489 0.0000000000
73902  -44.829  12.141  64.305 0.0000000000
73901  -44.246  12.375  63.801 0.0000000000
126524  -45.417  13.788  64.356 0.0000000000
61038  -37.421  0.301  73.265 0.0000000000
61037  -36.575  0.235  73.037 0.0000000000
66120  -37.568  4.924  71.302 0.0000000000
126038  -36.966  4.374  71.509 0.0000000000
66132  -36.907  4.866  70.897 0.0000000000
66131  -36.473  4.472  70.872 0.0000000000
67161  -37.014  5.334  70.689 0.0000000000
140236  -37.052  6.025  70.670 0.0000000000
52975  -24.312  -8.478  83.210 0.0000000000
51995  -24.233  -8.753  83.835 0.0000000000
133471  -24.163  -9.247  83.251 0.0000000000
79290  -50.387  18.121  54.661 0.0000000000
80166  -50.848  18.980  54.803 0.0000000000
43998  -10.889  -17.099  96.993 0.0000000000
44905  -10.483  -16.966  97.655 0.0000000000
44904  -9.708  -16.941  97.695 0.0000000000
43996  -9.596  -17.497  97.036 0.0000000000
55170  -38.938  -6.109  71.711 0.0000000000
54044  -41.287  -7.657  75.558 0.0000000000
142741  -38.133  -3.316  76.794 0.0000000000
58121  -37.456  -3.474  76.363 0.0000000000
53996  -24.120  -7.064  78.324 0.0000000000
52086  -32.076  -10.130  77.587 0.0000000000
121736  -25.017  -5.439  79.170 0.0000000000
55052  -24.508  -6.128  78.696 0.0000000000
125145  -47.183  16.495  62.658 0.0000000000
120750  -46.796  16.501  61.838 0.0000000000
77478  -47.289  16.818  62.047 0.0000000000
80149  -48.623  19.303  59.653 0.0000000000
79274  -48.031  18.524  59.830 0.0000000000
138982  -48.492  18.670  58.860 0.0000000000
78388  -48.314  17.942  58.221 0.0000000000
143126  -48.794  18.394  58.229 0.0000000000
79280  -49.241  18.887  58.259 0.0000000000
80157  -48.828  19.472  58.907 0.0000000000
60077  -32.985  -1.507  70.444 0.0000000000
59099  -32.992  -2.446  71.134 0.0000000000
66218  -35.982  4.438  64.275 0.0000000000
66236  -36.604  4.111  63.651 0.0000000000
66219  -37.082  4.616  64.232 0.0000000000
66237  -37.536  4.310  63.686 0.0000000000
70879  -37.484  9.475  68.719 0.0000000000
70880  -38.324  9.797  68.561 0.0000000000
69050  -41.310  7.547  68.468 0.0000000000
68116  -41.270  6.449  68.347 0.0000000000
67190  -41.697  5.251  68.553 0.0000000000
138599  -42.547  4.886  68.781 0.0000000000
120884  -42.315  5.928  68.597 0.0000000000
48762  -14.015  -11.795  90.517 0.0000000000
47710  -13.300  -12.401  90.823 0.0000000000
47718  -12.721  -12.806  89.028 0.0000000000
43085  -9.702  -18.322  92.580 0.0000000000
121241  -7.655  -20.399  93.782 0.0000000000
41255  -7.271  -19.828  94.079 0.0000000000
41254  -6.648  -20.076  94.263 0.0000000000
65042  -39.326  2.738  72.766 0.0000000000
50034  -24.312  -10.898  80.840 0.0000000000
44927  -12.191  -16.123  95.685 0.0000000000
44916  -11.569  -16.717  96.339 0.0000000000
52173  -35.941  -9.328  71.040 0.0000000000
52159  -37.406  -9.536  72.560 0.0000000000
53108  -38.404  -8.457  72.492 0.0000000000
56147  -27.209  -4.387  78.410 0.0000000000
55065  -30.013  -5.692  77.716 0.0000000000
55064  -29.002  -5.061  77.448 0.0000000000
55096  -28.909  -5.361  75.434 0.0000000000
52117  -33.362  -10.197  75.198 0.0000000000
51173  -34.162  -10.565  74.705 0.0000000000
52143  -34.121  -9.913  72.839 0.0000000000
51184  -34.117  -10.180  73.764 0.0000000000
52155  -33.622  -9.120  72.222 0.0000000000
121990  -33.787  -9.287  71.188 0.0000000000
144182  -29.252  -6.932  83.021 0.0000000000
53942  -29.885  -7.195  84.047 0.0000000000
54998  -29.415  -6.634  83.581 0.0000000000
54989  -29.643  -6.320  84.409 0.0000000000
56100  -28.648  -5.288  83.363 0.0000000000
56111  -28.222  -5.749  82.522 0.0000000000
56136  -28.362  -5.272  79.688 0.0000000000
56127  -27.637  -4.930  80.275 0.0000000000
56135  -27.542  -4.631  79.360 0.0000000000
57145  -26.628  -4.319  79.131 0.0000000000
71928  -40.311  10.674  61.559 0.0000000000
62142  -33.031  0.953  69.932 0.0000000000
61076  -33.077  -0.431  68.817 0.0000000000
62160  -32.775  0.571  69.140 0.0000000000
66198  -34.510  4.575  65.421 0.0000000000
66217  -35.108  4.382  64.701 0.0000000000
66199  -35.575  4.865  65.053 0.0000000000
73856  -40.589  12.992  70.511 0.0000000000
72871  -40.061  12.139  69.415 0.0000000000
122282  -42.074  9.645  68.872 0.0000000000
49934  -19.539  -10.480  85.484 0.0000000000
139877  -18.920  -10.570  86.041 0.0000000000
49901  -17.308  -10.265  87.496 0.0000000000
49902  -18.323  -10.427  87.554 0.0000000000
49885  -17.801  -10.351  88.322 0.0000000000
49869  -17.114  -10.220  89.095 0.0000000000
49898  -14.385  -11.243  87.599 0.0000000000
49883  -15.012  -10.784  88.256 0.0000000000
49882  -14.387  -11.359  88.388 0.0000000000
129308  -13.985  -11.821  88.798 0.0000000000
48790  -13.885  -11.922  87.971 0.0000000000
47735  -13.260  -12.571  87.434 0.0000000000
128624  -37.197  -11.216  75.347 0.0000000000
52087  -39.596  -10.363  76.723 0.0000000000
52102  -39.634  -10.173  76.270 0.0000000000
133694  -31.218  -8.659  81.110 0.0000000000
52997  -31.120  -8.754  80.438 0.0000000000
52011  -31.602  -9.190  80.904 0.0000000000
51112  -32.646  -10.495  79.805 0.0000000000
52071  -31.912  -10.208  78.587 0.0000000000
51126  -32.677  -10.580  78.978 0.0000000000
121775  -35.747  -11.154  80.662 0.0000000000
122796  -34.848  -11.107  80.963 0.0000000000
50071  -35.929  -11.566  78.088 0.0000000000
50070  -35.068  -11.406  78.538 0.0000000000
50086  -35.233  -11.643  77.828 0.0000000000
51143  -34.571  -11.537  77.376 0.0000000000
51160  -34.940  -11.446  76.561 0.0000000000
50102  -35.897  -11.455  76.875 0.0000000000
51162  -37.597  -11.265  76.277 0.0000000000
52978  -31.942  -9.246  82.200 0.0000000000
52986  -30.940  -8.389  81.794 0.0000000000
66224  -42.067  3.415  63.910 0.0000000000
67242  -41.832  4.342  62.893 0.0000000000
144595  -42.428  4.268  63.349 0.0000000000
68168  -43.829  6.366  62.907 0.0000000000
68167  -42.940  6.002  62.731 0.0000000000
69106  -41.592  7.324  62.729 0.0000000000
69994  -42.121  7.996  62.975 0.0000000000
69978  -45.693  8.312  65.333 0.0000000000
69091  -45.575  7.684  64.397 0.0000000000
69987  -44.913  8.214  63.928 0.0000000000
71910  -43.930  10.303  62.873 0.0000000000
70931  -43.931  9.530  62.713 0.0000000000
70929  -42.037  8.911  63.001 0.0000000000
71908  -42.296  9.852  62.858 0.0000000000
71916  -41.653  10.484  62.528 0.0000000000
71917  -42.490  10.615  62.686 0.0000000000
73907  -43.276  12.427  62.781 0.0000000000
73905  -42.081  12.613  62.100 0.0000000000
73919  -42.044  13.160  61.948 0.0000000000
143111  -41.477  13.242  61.482 0.0000000000
74846  -42.825  13.646  62.108 0.0000000000
75782  -42.802  14.128  61.310 0.0000000000
74847  -43.689  13.983  62.683 0.0000000000
75772  -45.878  14.473  64.260 0.0000000000
76657  -44.966  15.118  63.348 0.0000000000
76658  -45.741  15.154  63.756 0.0000000000
76664  -46.135  15.797  63.229 0.0000000000
61036  -35.468  0.144  72.873 0.0000000000
60056  -34.481  -0.541  72.733 0.0000000000
61049  -34.649  0.145  72.356 0.0000000000
61048  -34.137  -0.595  71.718 0.0000000000
61058  -34.431  0.462  71.798 0.0000000000
142809  -37.933  1.954  71.765 0.0000000000
63145  -37.195  1.965  71.567 0.0000000000
64120  -36.030  2.564  71.615 0.0000000000
123962  -35.748  2.041  71.423 0.0000000000
63143  -34.882  1.651  71.546 0.0000000000
63142  -34.006  1.824  71.312 0.0000000000
64118  -34.463  2.694  71.040 0.0000000000
65085  -35.123  4.287  70.450 0.0000000000
127213  -34.196  4.080  69.943 0.0000000000
65092  -33.926  4.340  69.036 0.0000000000
65084  -34.540  4.666  69.334 0.0000000000
66148  -35.012  5.088  69.089 0.0000000000
67166  -35.570  5.568  69.269 0.0000000000
140651  -37.092  7.630  70.692 0.0000000000
120935  -36.687  7.264  69.865 0.0000000000
69912  -36.980  8.507  70.392 0.0000000000
70862  -37.048  9.200  70.118 0.0000000000
70855  -37.437  9.700  70.604 0.0000000000
71828  -39.049  10.050  71.937 0.0000000000
72849  -39.180  11.095  71.922 0.0000000000
73848  -39.883  12.533  70.994 0.0000000000
139259  -23.811  -8.782  84.262 0.0000000000
49960  -23.634  -9.021  84.511 0.0000000000
49935  -23.310  -9.347  84.973 0.0000000000
48839  -22.930  -9.864  84.590 0.0000000000
50015  -23.271  -11.255  81.532 0.0000000000
49998  -23.538  -10.933  82.324 0.0000000000
48882  -22.452  -11.362  82.096 0.0000000000
128752  -20.940  -11.705  82.385 0.0000000000
136031  -22.199  -11.423  82.728 0.0000000000
48866  -21.559  -11.570  83.186 0.0000000000
128576  -21.810  -10.915  84.123 0.0000000000
49979  -20.273  -11.490  83.683 0.0000000000
48852  -20.605  -10.949  84.388 0.0000000000
44915  -7.457  -16.614  96.397 0.0000000000
53146  -37.240  -8.402  69.191 0.0000000000
132180  -37.556  -7.487  69.081 0.0000000000
57212  -37.207  -5.758  72.079 0.0000000000
144349  -37.253  -5.683  72.788 0.0000000000
52131  -38.717  -10.173  74.390 0.0000000000
119842  -38.226  -9.720  73.701 0.0000000000
137457  -40.508  -7.873  73.964 0.0000000000
54074  -39.807  -7.736  73.359 0.0000000000
57180  -38.717  -5.604  74.846 0.0000000000
56214  -39.460  -5.895  73.515 0.0000000000
57200  -38.676  -5.753  73.804 0.0000000000
58143  -36.525  -4.743  74.377 0.0000000000
58131  -35.570  -3.347  74.674 0.0000000000
121011  -36.130  -3.604  74.997 0.0000000000
60026  -36.819  -0.819  75.671 0.0000000000
120344  -36.293  -1.301  75.190 0.0000000000
60037  -37.211  -0.186  74.044 0.0000000000
123214  -40.439  -0.520  75.851 0.0000000000
61025  -39.993  -0.327  75.135 0.0000000000
62105  -39.005  0.649  73.592 0.0000000000
56173  -26.056  -4.914  76.049 0.0000000000
55076  -25.297  -5.520  76.158 0.0000000000
55095  -25.670  -5.368  75.253 0.0000000000
53023  -30.616  -8.365  79.038 0.0000000000
53998  -30.510  -7.642  78.554 0.0000000000
53041  -30.842  -8.160  78.110 0.0000000000
54027  -31.417  -7.451  76.378 0.0000000000
54042  -31.137  -6.589  75.665 0.0000000000
54059  -31.151  -6.432  74.635 0.0000000000
53070  -32.635  -8.440  75.493 0.0000000000
53083  -32.965  -8.098  74.547 0.0000000000
56072  -25.369  -5.205  84.898 0.0000000000
54987  -24.858  -5.817  84.379 0.0000000000
54996  -25.005  -5.897  83.516 0.0000000000
57104  -27.165  -4.820  82.703 0.0000000000
135896  -27.358  -4.604  83.359 0.0000000000
57103  -26.348  -4.804  82.384 0.0000000000
55031  -24.947  -5.928  80.963 0.0000000000
55010  -25.266  -6.191  81.848 0.0000000000
142378  -24.970  -6.740  81.189 0.0000000000
53968  -25.061  -7.253  81.821 0.0000000000
53977  -24.585  -7.377  81.057 0.0000000000
52995  -24.374  -8.805  80.510 0.0000000000
124694  -24.334  -8.026  80.097 0.0000000000
76674  -43.473  15.317  60.584 0.0000000000
139909  -42.976  15.018  59.946 0.0000000000
77496  -44.900  16.289  59.883 0.0000000000
76687  -44.280  15.925  59.187 0.0000000000
77505  -45.041  16.278  59.162 0.0000000000
76688  -44.824  16.041  58.523 0.0000000000
78369  -47.941  17.724  62.126 0.0000000000
78368  -47.470  17.242  61.573 0.0000000000
78373  -47.734  17.834  61.217 0.0000000000
78386  -46.754  17.242  58.448 0.0000000000
78378  -46.849  17.437  59.275 0.0000000000
76693  -45.684  15.855  57.219 0.0000000000
77509  -46.166  16.190  57.537 0.0000000000
76696  -46.318  15.832  56.802 0.0000000000
77513  -47.679  16.756  56.440 0.0000000000
138348  -47.432  16.088  56.086 0.0000000000
128193  -47.370  15.691  55.418 0.0000000000
77520  -47.969  16.167  54.925 0.0000000000
79283  -49.640  18.917  57.395 0.0000000000
79287  -49.456  17.770  56.013 0.0000000000
79286  -50.023  19.068  56.539 0.0000000000
81149  -50.826  20.250  56.952 0.0000000000
44959  -11.123  -15.536  90.982 0.0000000000
44947  -10.957  -15.520  91.858 0.0000000000
58149  -34.255  -3.188  72.819 0.0000000000
58159  -34.047  -3.629  72.004 0.0000000000
66238  -38.371  4.419  63.773 0.0000000000
65156  -38.617  4.217  63.037 0.0000000000
66222  -39.454  4.129  64.775 0.0000000000
139655  -35.359  6.285  67.826 0.0000000000
68112  -35.855  6.576  67.311 0.0000000000
69953  -37.373  8.043  67.192 0.0000000000
68113  -36.496  6.781  67.048 0.0000000000
69065  -37.059  6.867  66.920 0.0000000000
68132  -36.851  6.432  66.477 0.0000000000
69066  -37.491  6.739  66.852 0.0000000000
70881  -40.337  9.984  68.461 0.0000000000
69937  -39.388  9.558  68.237 0.0000000000
132958  -40.070  8.655  67.827 0.0000000000
68114  -39.490  6.116  67.855 0.0000000000
69048  -39.460  7.121  67.123 0.0000000000
68134  -38.490  5.660  66.940 0.0000000000
67212  -38.842  5.020  66.326 0.0000000000
67227  -38.748  4.963  65.652 0.0000000000
67213  -39.090  4.589  66.971 0.0000000000
66183  -40.237  3.120  66.899 0.0000000000
66182  -39.569  3.569  66.443 0.0000000000
141879  -40.380  2.815  65.789 0.0000000000
123644  -41.082  2.768  64.544 0.0000000000
66166  -43.744  3.885  68.015 0.0000000000
65116  -43.166  3.560  67.280 0.0000000000
66186  -44.122  3.885  66.779 0.0000000000
66187  -44.873  4.483  66.446 0.0000000000
66167  -44.705  4.481  67.496 0.0000000000
46754  -12.755  -13.133  92.085 0.0000000000
140554  -13.363  -12.724  92.489 0.0000000000
130894  -11.842  -14.094  92.022 0.0000000000
45901  -11.049  -15.160  89.106 0.0000000000
44036  -10.633  -16.469  91.975 0.0000000000
44030  -10.558  -16.628  92.837 0.0000000000
143852  -10.519  -17.459  93.776 0.0000000000
43073  -10.164  -18.246  94.962 0.0000000000
41285  -8.571  -20.792  92.466 0.0000000000
123250  -8.595  -19.791  93.037 0.0000000000
42202  -8.193  -18.765  94.434 0.0000000000
123903  -8.887  -19.048  94.216 0.0000000000
42203  -8.801  -18.855  94.847 0.0000000000
43063  -9.039  -18.676  95.792 0.0000000000
139337  -8.792  -18.260  96.416 0.0000000000
43062  -8.315  -18.511  95.953 0.0000000000
43061  -7.570  -18.309  96.056 0.0000000000
43060  -6.657  -18.155  95.993 0.0000000000
44005  -6.728  -17.239  96.143 0.0000000000
40305  -6.251  -21.065  93.524 0.0000000000
41253  -6.187  -19.963  94.467 0.0000000000
129884  -11.793  -15.815  94.436 0.0000000000
51186  -35.738  -10.988  74.509 0.0000000000
51185  -34.906  -10.682  74.175 0.0000000000
140138  -34.711  -10.135  72.522 0.0000000000
52157  -34.994  -9.932  71.840 0.0000000000
120100  -35.835  -9.904  71.898 0.0000000000
52976  -31.024  -8.329  82.913 0.0000000000
53962  -30.407  -8.033  82.501 0.0000000000
133820  -29.239  -7.100  82.261 0.0000000000
55011  -28.623  -6.429  81.920 0.0000000000
55022  -28.701  -6.234  80.938 0.0000000000
55032  -28.870  -6.052  80.039 0.0000000000
73925  -40.475  12.427  60.442 0.0000000000
75807  -42.627  14.249  57.708 0.0000000000
142574  -32.916  2.329  69.031 0.0000000000
62159  -32.535  1.099  68.538 0.0000000000
63180  -32.599  2.024  68.346 0.0000000000
63194  -32.502  1.959  67.208 0.0000000000
66180  -34.435  4.805  66.385 0.0000000000
138385  -17.607  -10.727  85.114 0.0000000000
49932  -17.915  -10.303  85.982 0.0000000000
138016  -16.807  -10.062  86.444 0.0000000000
49900  -16.222  -10.127  87.369 0.0000000000
121407  -15.668  -10.011  86.501 0.0000000000
49912  -14.444  -11.307  86.612 0.0000000000
48817  -14.219  -12.237  86.165 0.0000000000
136867  -14.665  -12.443  85.559 0.0000000000
51163  -38.388  -10.832  76.176 0.0000000000
51146  -39.163  -10.652  76.927 0.0000000000
51147  -39.818  -10.354  77.143 0.0000000000
52988  -31.883  -9.338  81.554 0.0000000000
52012  -32.254  -9.800  81.136 0.0000000000
51077  -32.770  -10.412  80.599 0.0000000000
51098  -33.395  -10.825  80.045 0.0000000000
120441  -36.109  -11.299  79.536 0.0000000000
50056  -36.729  -11.381  78.811 0.0000000000
124153  -36.466  -11.428  77.299 0.0000000000
50103  -37.009  -11.370  76.809 0.0000000000
51996  -32.551  -9.571  82.667 0.0000000000
66226  -43.600  3.957  64.743 0.0000000000
67244  -43.831  4.825  64.125 0.0000000000
144154  -44.586  5.979  63.147 0.0000000000
71893  -45.550  10.011  65.587 0.0000000000
70922  -44.919  9.271  64.001 0.0000000000
71901  -44.735  10.150  63.922 0.0000000000
71911  -44.325  10.662  63.613 0.0000000000
72917  -43.693  11.145  63.402 0.0000000000
143183  -42.701  11.219  62.672 0.0000000000
129767  -43.713  11.996  63.423 0.0000000000
73900  -43.927  12.980  63.171 0.0000000000
74843  -44.291  13.852  63.380 0.0000000000
75768  -46.623  14.608  64.592 0.0000000000
137749  -35.506  -0.824  74.185 0.0000000000
60046  -36.052  -0.342  73.480 0.0000000000
62123  -36.249  1.085  72.539 0.0000000000
65065  -37.172  3.476  71.952 0.0000000000
141456  -36.095  3.298  71.618 0.0000000000
65075  -35.492  3.458  71.303 0.0000000000
66139  -36.048  4.593  70.203 0.0000000000
67167  -36.149  5.222  69.765 0.0000000000
135299  -36.199  5.912  69.584 0.0000000000
124918  -36.713  5.730  70.044 0.0000000000
68079  -36.912  6.647  70.322 0.0000000000
129092  -37.615  8.063  71.288 0.0000000000
52946  -24.154  -7.737  85.559 0.0000000000
137432  -24.134  -8.234  84.178 0.0000000000
51983  -23.953  -8.625  84.205 0.0000000000
49981  -23.693  -9.443  83.636 0.0000000000
48901  -22.043  -11.434  81.139 0.0000000000
49996  -19.252  -11.397  82.119 0.0000000000
77522  -49.025  17.077  54.067 0.0000000000
78404  -49.598  17.475  53.669 0.0000000000
78408  -49.452  17.443  52.961 0.0000000000
43994  -8.338  -17.130  96.849 0.0000000000
53120  -37.214  -8.607  71.101 0.0000000000
54104  -37.737  -7.991  70.743 0.0000000000
123262  -38.611  -6.268  70.981 0.0000000000
53071  -40.090  -9.326  74.994 0.0000000000
53086  -40.628  -8.343  74.711 0.0000000000
54061  -41.097  -7.157  74.589 0.0000000000
141948  -39.209  -5.362  76.209 0.0000000000
57173  -38.684  -5.044  75.983 0.0000000000
58134  -38.121  -5.117  75.391 0.0000000000
58133  -37.418  -4.675  75.540 0.0000000000
130098  -36.822  -3.765  75.713 0.0000000000
60014  -37.232  -1.436  76.358 0.0000000000
60027  -37.948  -0.364  75.680 0.0000000000
131638  -40.875  0.092  75.324 0.0000000000
56183  -27.100  -5.102  75.064 0.0000000000
52070  -31.448  -9.530  78.126 0.0000000000
53042  -31.218  -8.709  77.623 0.0000000000
121936  -31.477  -8.425  76.720 0.0000000000
53057  -32.024  -7.902  76.009 0.0000000000
52154  -33.161  -8.602  72.913 0.0000000000
53094  -32.888  -7.960  73.499 0.0000000000
56087  -26.257  -4.545  84.492 0.0000000000
57126  -26.254  -4.543  80.598 0.0000000000
57114  -25.739  -4.813  81.093 0.0000000000
56126  -25.369  -5.234  80.631 0.0000000000
125321  -24.905  -5.752  80.099 0.0000000000
53987  -24.068  -7.194  79.886 0.0000000000
53005  -24.210  -7.832  79.222 0.0000000000
53022  -24.259  -8.135  78.319 0.0000000000
76671  -45.207  16.196  62.051 0.0000000000
77485  -45.391  16.378  61.332 0.0000000000
77490  -45.578  16.547  60.501 0.0000000000
77491  -46.356  16.876  60.392 0.0000000000
128891  -47.654  17.927  60.420 0.0000000000
78391  -47.474  17.401  57.774 0.0000000000
77510  -47.199  16.814  57.126 0.0000000000
78395  -47.728  17.263  57.012 0.0000000000
78396  -48.265  17.296  56.553 0.0000000000
77514  -48.255  16.897  55.985 0.0000000000
79282  -48.998  18.225  57.564 0.0000000000
81145  -50.093  20.056  58.120 0.0000000000
44972  -10.899  -15.915  90.121 0.0000000000
59089  -33.469  -3.154  71.469 0.0000000000
65154  -37.007  3.772  63.062 0.0000000000
69031  -36.346  7.813  68.082 0.0000000000
69044  -36.215  7.080  67.711 0.0000000000
69952  -36.753  8.268  67.685 0.0000000000
69936  -37.369  8.793  67.806 0.0000000000
69956  -40.709  8.112  67.994 0.0000000000
69049  -40.658  7.239  67.844 0.0000000000
68115  -40.223  6.308  68.235 0.0000000000
145143  -39.939  5.525  68.236 0.0000000000
67188  -39.534  5.036  67.724 0.0000000000
67189  -40.284  4.570  68.083 0.0000000000
66163  -40.813  3.441  67.749 0.0000000000
138548  -41.742  3.153  67.403 0.0000000000
66164  -41.847  3.628  68.038 0.0000000000
66150  -43.210  4.203  68.632 0.0000000000
68117  -44.056  5.577  68.879 0.0000000000
48763  -14.848  -11.370  90.174 0.0000000000
125391  -14.869  -11.506  91.023 0.0000000000
47699  -12.607  -12.965  91.155 0.0000000000
46764  -12.051  -13.517  90.385 0.0000000000
138964  -11.803  -14.057  88.619 0.0000000000
43092  -10.343  -17.892  92.482 0.0000000000
44029  -10.544  -17.554  93.013 0.0000000000
128446  -9.615  -18.334  93.466 0.0000000000
41272  -8.356  -19.688  93.682 0.0000000000
41256  -7.942  -19.645  93.930 0.0000000000
42183  -7.855  -18.479  95.044 0.0000000000
50019  -34.742  -10.985  81.782 0.0000000000
69069  -46.815  6.917  66.484 0.0000000000
68147  -45.897  6.377  65.251 0.0000000000
127237  -46.239  7.681  65.890 0.0000000000
70914  -45.654  9.200  65.914 0.0000000000
72911  -45.986  11.515  65.561 0.0000000000
73898  -46.341  12.358  65.474 0.0000000000
73893  -47.153  13.019  65.535 0.0000000000
63127  -39.027  1.183  72.786 0.0000000000
62113  -37.854  1.027  72.631 0.0000000000
63126  -38.414  1.620  72.219 0.0000000000
64100  -38.537  2.415  72.080 0.0000000000
137065  -38.783  3.253  72.281 0.0000000000
64108  -38.092  3.317  71.945 0.0000000000
69002  -37.945  6.705  71.510 0.0000000000
51073  -24.283  -9.421  81.924 0.0000000000
51053  -24.296  -9.802  82.513 0.0000000000
51072  -24.457  -10.302  81.593 0.0000000000
53121  -37.963  -8.377  71.659 0.0000000000
59058  -39.193  -1.544  76.648 0.0000000000
56145  -25.078  -5.137  78.082 0.0000000000
55063  -24.827  -5.719  77.078 0.0000000000
124913  -26.120  -4.370  78.013 0.0000000000
133839  -26.760  -4.754  76.664 0.0000000000
56162  -28.171  -4.780  77.848 0.0000000000
124267  -27.886  -4.925  76.818 0.0000000000
56175  -28.007  -5.210  75.776 0.0000000000
55097  -29.805  -5.481  75.037 0.0000000000
125181  -33.114  -10.564  76.152 0.0000000000
52116  -32.681  -9.562  75.729 0.0000000000
52171  -34.495  -9.531  70.915 0.0000000000
56088  -28.949  -4.863  84.217 0.0000000000
57116  -27.046  -4.867  81.804 0.0000000000
56119  -28.107  -5.791  81.528 0.0000000000
56118  -27.623  -5.209  81.195 0.0000000000
57127  -26.971  -4.726  80.884 0.0000000000
57135  -26.092  -4.451  79.775 0.0000000000
56146  -25.720  -4.495  78.893 0.0000000000
144794  -39.892  9.339  62.130 0.0000000000
75816  -44.071  14.922  56.174 0.0000000000
78361  -48.185  17.513  63.037 0.0000000000
79250  -48.613  18.233  62.628 0.0000000000
129749  -33.263  -0.927  69.539 0.0000000000
66200  -36.576  5.021  64.790 0.0000000000
71850  -38.985  11.051  69.330 0.0000000000
71861  -38.657  10.343  68.890 0.0000000000
71863  -40.269  10.815  68.607 0.0000000000
71864  -41.212  10.522  68.560 0.0000000000
70882  -41.228  9.370  68.577 0.0000000000
120365  -41.934  8.708  69.194 0.0000000000
69032  -41.895  7.939  69.224 0.0000000000
69940  -42.575  8.322  69.613 0.0000000000
49915  -18.706  -10.525  86.771 0.0000000000
49903  -19.310  -10.571  87.514 0.0000000000
123235  -15.768  -10.396  88.049 0.0000000000
135212  -13.412  -12.184  89.154 0.0000000000
47734  -12.935  -13.450  86.895 0.0000000000
40308  -7.568  -21.385  93.610 0.0000000000
51197  -37.280  -10.344  73.705 0.0000000000
52118  -38.181  -10.482  74.440 0.0000000000
140508  -39.083  -10.338  75.051 0.0000000000
52101  -38.989  -10.387  75.879 0.0000000000
52103  -40.279  -9.474  75.978 0.0000000000
53979  -30.289  -7.936  80.374 0.0000000000
53006  -30.703  -8.336  79.962 0.0000000000
52028  -31.417  -9.413  80.008 0.0000000000
52049  -31.267  -9.633  79.106 0.0000000000
51158  -32.879  -10.722  77.105 0.0000000000
50038  -34.204  -11.070  80.297 0.0000000000
50053  -33.980  -11.094  79.578 0.0000000000
50055  -35.574  -11.162  78.942 0.0000000000
50069  -34.197  -11.229  78.908 0.0000000000
51127  -33.496  -11.143  78.535 0.0000000000
51142  -33.621  -11.285  77.657 0.0000000000
51161  -35.690  -11.342  76.048 0.0000000000
51187  -36.657  -10.801  74.347 0.0000000000
52967  -31.620  -8.691  83.460 0.0000000000
67253  -40.776  4.386  62.818 0.0000000000
67254  -42.705  4.990  62.981 0.0000000000
68166  -42.122  5.582  62.495 0.0000000000
68176  -41.506  6.334  62.188 0.0000000000
69079  -45.813  6.755  64.194 0.0000000000
69090  -45.252  7.122  63.664 0.0000000000
140243  -43.811  7.131  63.058 0.0000000000
69997  -44.435  8.932  63.203 0.0000000000
69996  -43.688  8.660  62.931 0.0000000000
69995  -42.832  8.312  62.970 0.0000000000
70005  -41.105  8.875  63.011 0.0000000000
70938  -40.442  9.304  62.544 0.0000000000
133271  -40.727  10.246  62.312 0.0000000000
134163  -42.085  11.220  62.321 0.0000000000
72926  -41.795  11.950  61.910 0.0000000000
72938  -41.062  12.103  61.466 0.0000000000
73917  -40.791  12.988  61.193 0.0000000000
74853  -41.323  13.567  60.976 0.0000000000
74857  -41.618  13.814  60.082 0.0000000000
75785  -42.478  14.322  59.795 0.0000000000
74858  -42.225  13.988  60.702 0.0000000000
75786  -43.247  14.768  61.213 0.0000000000
76662  -43.867  15.284  61.632 0.0000000000
75776  -44.362  14.667  63.083 0.0000000000
135608  -44.663  15.560  62.557 0.0000000000
76663  -45.651  16.027  62.617 0.0000000000
77477  -46.500  16.234  62.568 0.0000000000
77471  -47.643  16.479  63.507 0.0000000000
74841  -47.012  14.028  65.185 0.0000000000
75769  -47.290  14.963  64.895 0.0000000000
77463  -47.856  16.146  64.111 0.0000000000
77464  -48.241  16.596  64.017 0.0000000000
77472  -48.151  17.042  63.588 0.0000000000
77473  -49.299  16.857  63.944 0.0000000000
124233  -35.408  -4.165  74.105 0.0000000000
58150  -34.793  -3.789  73.505 0.0000000000
141750  -33.995  -2.223  72.884 0.0000000000
59081  -34.361  -1.453  73.273 0.0000000000
124386  -33.568  -0.830  70.956 0.0000000000
62112  -37.069  1.344  72.398 0.0000000000
63144  -36.518  1.943  71.415 0.0000000000
62131  -35.781  1.578  71.751 0.0000000000
61064  -33.819  0.150  70.463 0.0000000000
62143  -33.599  0.845  70.558 0.0000000000
135631  -33.324  1.749  70.427 0.0000000000
64133  -33.947  3.281  70.339 0.0000000000
63168  -33.342  2.613  69.699 0.0000000000
65103  -33.785  4.166  68.080 0.0000000000
66161  -34.161  4.780  67.784 0.0000000000
125809  -34.513  5.160  68.446 0.0000000000
67176  -35.031  5.528  68.728 0.0000000000
68098  -35.408  6.061  68.586 0.0000000000
69017  -36.457  7.012  69.266 0.0000000000
69920  -36.785  8.602  69.596 0.0000000000
140349  -36.995  9.205  69.363 0.0000000000
71849  -38.229  10.534  69.777 0.0000000000
68987  -38.328  7.585  71.582 0.0000000000
69891  -38.160  8.478  71.621 0.0000000000
70840  -38.087  9.182  71.635 0.0000000000
70851  -38.261  9.837  71.487 0.0000000000
70850  -37.652  9.492  71.221 0.0000000000
71841  -37.892  10.155  71.025 0.0000000000
71842  -38.248  10.748  70.694 0.0000000000
72863  -38.789  11.259  70.233 0.0000000000
72864  -39.276  11.953  70.639 0.0000000000
73855  -39.860  12.468  70.175 0.0000000000
51052  -24.136  -10.484  82.394 0.0000000000
51037  -23.619  -10.241  82.910 0.0000000000
48884  -23.065  -10.591  82.866 0.0000000000
48868  -22.629  -10.617  83.370 0.0000000000
135405  -22.292  -10.625  83.895 0.0000000000
120304  -21.933  -10.751  85.053 0.0000000000
139100  -20.781  -10.523  85.109 0.0000000000
48851  -20.073  -10.469  84.855 0.0000000000
120024  -19.069  -10.602  84.551 0.0000000000
49978  -19.321  -11.179  83.104 0.0000000000
123081  -18.646  -10.964  83.600 0.0000000000
49957  -17.890  -10.886  84.281 0.0000000000
125433  -50.854  18.444  54.049 0.0000000000
78405  -50.120  17.840  53.175 0.0000000000
56246  -37.919  -5.481  70.486 0.0000000000
53096  -38.547  -8.927  73.224 0.0000000000
54073  -39.024  -8.157  72.934 0.0000000000
54091  -39.445  -7.161  72.730 0.0000000000
55122  -41.056  -5.988  74.637 0.0000000000
56199  -40.278  -5.620  74.886 0.0000000000
55141  -40.241  -5.878  74.034 0.0000000000
55157  -39.292  -6.117  72.609 0.0000000000
135469  -37.541  -5.661  73.170 0.0000000000
57190  -37.765  -5.585  73.781 0.0000000000
58152  -36.910  -5.306  73.465 0.0000000000
58151  -36.205  -4.861  73.757 0.0000000000
59066  -35.323  -2.375  74.693 0.0000000000
60025  -35.658  -1.480  74.719 0.0000000000
60036  -36.363  -0.591  74.320 0.0000000000
62098  -40.255  0.437  74.676 0.0000000000
61024  -39.425  0.022  74.617 0.0000000000
61023  -38.547  -0.063  74.728 0.0000000000
53997  -30.194  -7.211  78.810 0.0000000000
54007  -30.344  -6.882  78.229 0.0000000000
54025  -30.684  -6.454  77.542 0.0000000000
55079  -30.680  -5.825  75.818 0.0000000000
53082  -32.386  -7.435  73.977 0.0000000000
55121  -30.407  -6.167  73.830 0.0000000000
54981  -25.259  -6.069  86.090 0.0000000000
53941  -24.635  -6.853  84.506 0.0000000000
125130  -24.631  -7.622  83.282 0.0000000000
57092  -28.091  -4.499  83.801 0.0000000000
57091  -27.094  -4.345  83.999 0.0000000000
56109  -25.754  -5.001  81.900 0.0000000000
56097  -25.552  -5.152  82.863 0.0000000000
53960  -25.239  -6.909  82.759 0.0000000000
125245  -24.521  -7.813  82.533 0.0000000000
52985  -24.173  -8.553  82.257 0.0000000000
123864  -24.084  -8.690  81.374 0.0000000000
53004  -24.619  -8.782  79.632 0.0000000000
143505  -42.436  14.418  59.123 0.0000000000
75799  -42.494  14.381  58.554 0.0000000000
75800  -43.128  14.878  58.230 0.0000000000
76682  -44.149  15.862  60.153 0.0000000000
76686  -43.591  15.458  58.733 0.0000000000
75808  -43.289  14.804  57.357 0.0000000000
76690  -43.752  15.401  57.896 0.0000000000
131826  -44.019  15.358  56.969 0.0000000000
76694  -44.730  15.281  56.384 0.0000000000
77487  -46.981  16.886  61.096 0.0000000000
140161  -46.381  17.106  59.691 0.0000000000
77506  -45.537  16.443  58.732 0.0000000000
76692  -45.407  16.067  57.895 0.0000000000
123590  -44.949  15.700  57.126 0.0000000000
76698  -45.416  15.113  55.905 0.0000000000
127733  -46.010  15.019  55.590 0.0000000000
75826  -46.321  14.708  55.103 0.0000000000
76697  -46.833  15.723  56.097 0.0000000000
76699  -46.616  15.266  55.523 0.0000000000
75834  -46.557  14.406  54.470 0.0000000000
76702  -47.861  16.132  54.174 0.0000000000
77521  -48.484  16.630  54.459 0.0000000000
78398  -48.840  17.277  55.985 0.0000000000
135073  -49.246  17.399  55.296 0.0000000000
77518  -48.968  17.128  54.692 0.0000000000
78399  -49.905  17.884  55.302 0.0000000000
122190  -50.471  19.087  55.725 0.0000000000
45847  -11.315  -14.783  92.661 0.0000000000
44055  -10.630  -17.326  90.325 0.0000000000
44044  -10.637  -17.335  91.299 0.0000000000
43101  -10.439  -18.022  91.556 0.0000000000
57222  -34.992  -4.857  70.920 0.0000000000
134738  -33.125  -1.863  69.244 0.0000000000
66239  -40.044  4.040  63.767 0.0000000000
142067  -34.435  4.875  67.105 0.0000000000
67208  -34.963  5.249  66.678 0.0000000000
67209  -35.725  5.658  66.209 0.0000000000
67210  -36.699  5.832  65.895 0.0000000000
67225  -36.990  5.431  65.205 0.0000000000
69954  -38.341  8.436  67.270 0.0000000000
69047  -38.378  7.387  66.890 0.0000000000
121809  -40.076  7.830  67.320 0.0000000000
125758  -39.244  7.944  66.952 0.0000000000
69067  -38.014  6.563  66.887 0.0000000000
68133  -37.645  6.290  66.698 0.0000000000
67226  -37.781  5.482  65.466 0.0000000000
66201  -38.431  4.884  64.943 0.0000000000
66202  -39.207  4.323  65.351 0.0000000000
66225  -42.793  3.440  64.629 0.0000000000
65126  -42.454  3.057  66.601 0.0000000000
66205  -43.080  3.268  65.533 0.0000000000
66207  -44.618  4.274  65.854 0.0000000000
67231  -45.844  5.532  65.914 0.0000000000
69033  -42.817  7.558  69.380 0.0000000000
46736  -13.445  -13.147  93.623 0.0000000000
46735  -12.651  -13.611  93.233 0.0000000000
45860  -11.964  -14.078  92.632 0.0000000000
45890  -11.629  -14.201  90.613 0.0000000000
127498  -11.300  -15.072  90.193 0.0000000000
46784  -12.182  -13.635  88.318 0.0000000000
46783  -12.080  -14.581  87.829 0.0000000000
44934  -11.391  -16.666  94.255 0.0000000000
135947  -11.106  -17.206  93.642 0.0000000000
44009  -10.211  -17.652  96.464 0.0000000000
41298  -8.820  -20.050  92.114 0.0000000000
145147  -8.537  -19.542  93.599 0.0000000000
42219  -9.583  -18.605  94.245 0.0000000000
43064  -9.795  -18.244  95.786 0.0000000000
43995  -8.889  -17.776  96.908 0.0000000000
40307  -6.725  -21.350  93.531 0.0000000000
40306  -6.358  -21.434  93.544 0.0000000000
48853  -21.564  -10.830  84.750 0.0000000000
48854  -22.218  -10.563  84.717 0.0000000000
48855  -22.585  -10.282  84.167 0.0000000000
48865  -20.691  -11.676  83.126 0.0000000000
48869  -22.929  -10.102  83.620 0.0000000000
48883  -22.976  -11.110  82.208 0.0000000000
49980  -23.303  -9.986  83.329 0.0000000000
50101  -35.370  -11.565  77.241 0.0000000000
51006  -23.629  -8.722  84.993 0.0000000000
51026  -24.032  -9.035  83.668 0.0000000000
51971  -23.710  -8.558  84.817 0.0000000000
52003  -32.433  -9.708  81.890 0.0000000000
52009  -24.322  -9.512  81.019 0.0000000000
52954  -24.267  -7.585  84.860 0.0000000000
53961  -29.947  -7.728  82.063 0.0000000000
56073  -25.459  -5.493  85.634 0.0000000000
57125  -25.772  -4.747  80.382 0.0000000000
57220  -33.579  -4.056  70.482 0.0000000000
64147  -33.021  2.904  68.693 0.0000000000
65077  -36.474  3.753  71.551 0.0000000000
66149  -42.244  4.220  68.521 0.0000000000
66165  -42.836  3.671  68.131 0.0000000000
66185  -43.373  3.478  66.386 0.0000000000
67175  -34.846  5.840  68.036 0.0000000000
67193  -44.944  5.004  68.316 0.0000000000
68070  -37.300  6.710  71.018 0.0000000000
68099  -43.017  6.383  68.975 0.0000000000
68136  -46.364  6.167  66.136 0.0000000000
69030  -36.259  7.088  68.591 0.0000000000
69089  -44.636  6.665  63.208 0.0000000000
69098  -43.416  7.822  63.132 0.0000000000
69905  -37.576  8.813  71.327 0.0000000000
70854  -37.218  9.059  70.834 0.0000000000
70863  -37.454  9.843  69.747 0.0000000000
70923  -45.094  10.094  64.734 0.0000000000
70949  -39.646  9.287  61.536 0.0000000000
70950  -39.924  9.918  61.987 0.0000000000
71865  -42.272  10.662  68.784 0.0000000000
71918  -43.154  10.830  62.947 0.0000000000
72883  -39.739  11.377  69.021 0.0000000000
72903  -46.616  11.649  65.885 0.0000000000
72927  -42.605  11.963  62.353 0.0000000000
72944  -40.247  11.683  60.520 0.0000000000
73906  -42.631  12.895  62.376 0.0000000000
75773  -46.359  15.022  64.179 0.0000000000
75783  -43.360  14.462  61.920 0.0000000000
75792  -42.927  14.899  59.134 0.0000000000
75823  -43.868  14.213  55.813 0.0000000000
75825  -45.581  14.571  55.386 0.0000000000
76659  -46.593  15.521  63.795 0.0000000000
76670  -44.634  15.940  61.561 0.0000000000
77470  -46.935  16.062  63.276 0.0000000000
77498  -46.189  16.962  58.991 0.0000000000
78372  -47.349  17.425  60.685 0.0000000000
78387  -47.512  17.714  58.734 0.0000000000
79285  -49.506  18.324  56.699 0.0000000000
80142  -49.090  19.623  60.477 0.0000000000
80160  -49.733  19.454  57.930 0.0000000000
119976  -48.688  16.859  63.883 0.0000000000
120309  -24.136  -6.901  79.170 0.0000000000
120791  -21.214  -10.716  84.923 0.0000000000
122627  -50.354  18.446  55.289 0.0000000000
126450  -46.429  13.260  65.178 0.0000000000
127580  -46.350  6.948  65.676 0.0000000000
128283  -24.433  -6.658  80.504 0.0000000000
129695  -39.109  1.874  72.485 0.0000000000
130066  -40.585  12.212  60.994 0.0000000000
132177  -36.761  7.979  69.966 0.0000000000
134966  -25.461  -5.452  82.165 0.0000000000
136030  -32.463  1.058  66.926 0.0000000000
139518  -24.382  -8.053  80.861 0.0000000000
139822  -45.319  8.543  64.525 0.0000000000
140058  -32.600  2.833  67.061 0.0000000000
140851  -45.498  4.933  67.420 0.0000000000
141163  -34.949  2.170  71.343 0.0000000000
142152  -24.736  -6.322  84.045 0.0000000000
143324  -37.843  -11.147  77.740 0.0000000000
143885  -24.680  -6.973  85.119 0.0000000000
144569  -22.424  -11.470  80.780 0.0000000000
144963  -46.695  16.326  57.192 0.0000000000
145186  -26.925  -4.360  84.552 0.0000000000
