#!ascii label  , from subject sub-06 vox2ras=TkReg
1623
48955  -48.766  -11.976  77.649 0.0000000000
39454  -36.472  -21.813  88.028 0.0000000000
59140  -49.822  -3.048  67.656 0.0000000000
51236  -42.217  -10.341  69.362 0.0000000000
55148  -53.478  -6.416  73.156 0.0000000000
42349  -44.888  -19.606  82.396 0.0000000000
138449  -32.981  -18.402  78.227 0.0000000000
45180  -37.625  -16.866  71.154 0.0000000000
46757  -29.796  -14.547  90.906 0.0000000000
135358  -56.384  7.650  69.492 0.0000000000
42354  -25.358  -18.793  81.107 0.0000000000
50139  -45.603  -11.358  73.677 0.0000000000
136871  -47.096  -6.570  71.534 0.0000000000
138372  -50.278  -8.422  76.042 0.0000000000
46020  -47.202  -15.539  80.477 0.0000000000
43283  -42.145  -18.127  76.710 0.0000000000
128355  -43.909  -15.139  74.032 0.0000000000
47024  -40.368  -14.487  69.571 0.0000000000
69084  -56.754  7.899  65.258 0.0000000000
44069  -34.103  -17.306  89.210 0.0000000000
45066  -29.056  -16.629  85.898 0.0000000000
42329  -31.600  -20.103  84.023 0.0000000000
56258  -53.547  -5.608  69.657 0.0000000000
40434  -40.903  -22.095  84.671 0.0000000000
41423  -34.505  -20.470  82.792 0.0000000000
43215  -38.900  -18.654  80.218 0.0000000000
44227  -35.286  -17.726  74.756 0.0000000000
43089  -28.576  -18.660  93.387 0.0000000000
132970  -54.724  -0.608  75.366 0.0000000000
120903  -52.967  1.258  73.206 0.0000000000
68993  -53.584  9.225  72.649 0.0000000000
64139  -50.755  2.549  69.392 0.0000000000
65144  -52.351  3.361  64.717 0.0000000000
41351  -27.392  -20.610  88.601 0.0000000000
127157  -29.180  -20.873  78.868 0.0000000000
50118  -47.101  -11.588  75.226 0.0000000000
52134  -47.964  -9.489  74.622 0.0000000000
51179  -50.152  -10.314  76.742 0.0000000000
46942  -47.992  -13.681  79.066 0.0000000000
46041  -44.987  -14.770  77.051 0.0000000000
47931  -45.994  -13.603  75.596 0.0000000000
48991  -45.117  -12.845  73.999 0.0000000000
56302  -50.405  -5.044  65.238 0.0000000000
59162  -48.408  -2.618  65.370 0.0000000000
136074  -34.648  -19.070  89.174 0.0000000000
43157  -32.934  -18.518  86.285 0.0000000000
41375  -33.423  -20.966  85.487 0.0000000000
53165  -43.335  -8.021  68.318 0.0000000000
56230  -49.675  -5.861  72.778 0.0000000000
120272  -48.476  -6.286  69.976 0.0000000000
54108  -51.238  -7.822  71.178 0.0000000000
53152  -51.497  -8.980  69.866 0.0000000000
126592  -54.011  -8.216  72.256 0.0000000000
40472  -42.857  -21.156  83.141 0.0000000000
138728  -40.583  -20.237  82.468 0.0000000000
42394  -41.939  -19.434  80.461 0.0000000000
43331  -40.214  -17.688  74.131 0.0000000000
43280  -39.197  -17.833  75.963 0.0000000000
123077  -37.172  -17.606  72.686 0.0000000000
140426  -41.230  -12.407  69.430 0.0000000000
62110  -55.179  0.406  73.618 0.0000000000
67155  -52.593  5.413  71.431 0.0000000000
67169  -54.053  5.011  69.369 0.0000000000
65120  -50.965  3.961  66.574 0.0000000000
67198  -53.122  5.897  67.114 0.0000000000
66213  -56.570  4.650  66.198 0.0000000000
45869  -28.239  -15.798  92.551 0.0000000000
43118  -28.236  -19.302  90.717 0.0000000000
44067  -27.493  -17.172  89.728 0.0000000000
44142  -27.710  -17.370  83.336 0.0000000000
42316  -26.153  -19.343  85.367 0.0000000000
41399  -24.853  -20.716  82.965 0.0000000000
42410  -33.406  -19.317  79.988 0.0000000000
40491  -31.120  -21.029  80.564 0.0000000000
42420  -30.762  -20.459  78.206 0.0000000000
138356  -43.582  -10.447  71.482 0.0000000000
53124  -45.124  -8.538  71.022 0.0000000000
52164  -46.357  -9.039  72.927 0.0000000000
54064  -48.697  -7.259  74.422 0.0000000000
55128  -51.845  -5.834  75.088 0.0000000000
44165  -46.287  -17.058  80.864 0.0000000000
125769  -43.612  -18.648  79.858 0.0000000000
45107  -44.918  -16.547  78.439 0.0000000000
44234  -42.619  -16.739  75.099 0.0000000000
45184  -41.138  -16.133  72.074 0.0000000000
46093  -39.695  -15.426  70.334 0.0000000000
47001  -42.045  -14.214  71.996 0.0000000000
49015  -42.673  -12.834  71.714 0.0000000000
69057  -56.051  8.238  67.293 0.0000000000
70898  -57.377  10.727  67.441 0.0000000000
45897  -31.931  -14.799  90.164 0.0000000000
45015  -29.813  -15.927  88.305 0.0000000000
44095  -31.720  -16.589  87.418 0.0000000000
129807  -30.876  -17.286  84.818 0.0000000000
43190  -29.411  -18.790  82.218 0.0000000000
55187  -46.109  -6.518  69.620 0.0000000000
55221  -50.937  -6.889  68.241 0.0000000000
58189  -51.810  -3.942  68.682 0.0000000000
39495  -38.766  -21.948  86.508 0.0000000000
40429  -35.417  -21.038  84.769 0.0000000000
144691  -37.649  -20.514  84.328 0.0000000000
42362  -36.819  -19.025  81.602 0.0000000000
43226  -35.506  -18.026  79.367 0.0000000000
43248  -40.874  -18.306  78.356 0.0000000000
121966  -37.495  -17.628  77.399 0.0000000000
44190  -34.287  -18.195  76.107 0.0000000000
132944  -50.150  -9.287  79.543 0.0000000000
40367  -38.996  -21.235  88.299 0.0000000000
41376  -43.756  -20.641  85.075 0.0000000000
42324  -45.070  -18.900  84.585 0.0000000000
54002  -50.832  -7.610  77.601 0.0000000000
55061  -52.308  -6.104  77.558 0.0000000000
56168  -53.785  -5.597  77.206 0.0000000000
60010  -52.713  -1.969  76.349 0.0000000000
57184  -55.765  -5.258  74.315 0.0000000000
58154  -55.657  -3.695  72.238 0.0000000000
59093  -53.217  -2.317  71.415 0.0000000000
60060  -50.779  -1.316  71.941 0.0000000000
66116  -52.717  5.199  73.428 0.0000000000
64116  -51.353  2.573  71.961 0.0000000000
61069  -48.722  -0.893  69.565 0.0000000000
62189  -48.996  1.045  66.503 0.0000000000
67234  -54.180  5.946  64.907 0.0000000000
41314  -29.406  -21.144  91.782 0.0000000000
39471  -27.039  -22.545  88.051 0.0000000000
127860  -27.384  -18.256  87.088 0.0000000000
129890  -26.295  -21.377  86.864 0.0000000000
40447  -32.181  -20.715  83.192 0.0000000000
42358  -30.442  -20.500  82.047 0.0000000000
42405  -26.580  -19.864  79.311 0.0000000000
39569  -25.972  -21.690  76.744 0.0000000000
48981  -48.151  -11.477  76.325 0.0000000000
50119  -48.393  -10.887  75.984 0.0000000000
131506  -49.658  -11.099  76.956 0.0000000000
47910  -48.451  -12.623  78.112 0.0000000000
47908  -46.818  -13.692  77.532 0.0000000000
48968  -47.758  -12.180  76.660 0.0000000000
48979  -46.656  -12.420  75.361 0.0000000000
127899  -50.673  -4.124  67.191 0.0000000000
58213  -50.481  -4.002  66.398 0.0000000000
58221  -49.480  -3.635  65.452 0.0000000000
59139  -49.208  -2.979  66.826 0.0000000000
40362  -35.829  -20.962  88.504 0.0000000000
41361  -34.302  -19.997  87.087 0.0000000000
40390  -34.876  -21.302  86.982 0.0000000000
52211  -41.793  -9.907  68.068 0.0000000000
53148  -42.901  -8.894  68.763 0.0000000000
56232  -51.869  -5.812  72.690 0.0000000000
55163  -51.255  -6.342  71.826 0.0000000000
55164  -52.368  -6.837  72.154 0.0000000000
54110  -52.796  -8.404  71.577 0.0000000000
55166  -53.948  -7.470  72.815 0.0000000000
41452  -43.983  -20.297  82.338 0.0000000000
41450  -42.666  -20.295  81.947 0.0000000000
42369  -43.769  -19.924  81.554 0.0000000000
44275  -39.491  -17.221  72.674 0.0000000000
44274  -38.112  -17.588  72.942 0.0000000000
44289  -37.233  -17.423  71.723 0.0000000000
140560  -35.728  -17.273  71.798 0.0000000000
51235  -41.703  -10.903  69.096 0.0000000000
128516  -40.633  -12.119  68.083 0.0000000000
51242  -41.382  -10.737  68.283 0.0000000000
68091  -55.367  6.509  70.132 0.0000000000
124702  -55.283  6.385  69.400 0.0000000000
67180  -53.465  5.465  68.064 0.0000000000
68105  -54.822  6.736  68.298 0.0000000000
45884  -29.066  -15.016  91.299 0.0000000000
44981  -27.888  -16.227  90.822 0.0000000000
44996  -28.261  -15.973  89.991 0.0000000000
43189  -26.468  -18.084  82.162 0.0000000000
43181  -25.980  -18.841  83.075 0.0000000000
42343  -24.739  -20.090  82.110 0.0000000000
40481  -23.912  -21.909  81.913 0.0000000000
40482  -24.105  -20.730  80.928 0.0000000000
43224  -33.187  -18.971  79.368 0.0000000000
42409  -32.344  -19.519  79.732 0.0000000000
43241  -31.753  -18.991  78.424 0.0000000000
51211  -44.702  -10.558  72.452 0.0000000000
52162  -44.937  -9.726  72.241 0.0000000000
136717  -46.081  -9.854  73.241 0.0000000000
52136  -48.760  -8.950  75.235 0.0000000000
53087  -48.301  -8.255  74.527 0.0000000000
53088  -49.061  -7.937  75.108 0.0000000000
55126  -50.048  -6.645  74.978 0.0000000000
55103  -50.819  -6.938  75.626 0.0000000000
45096  -46.562  -16.236  80.414 0.0000000000
44171  -45.438  -17.242  79.563 0.0000000000
45109  -45.681  -15.900  79.033 0.0000000000
46044  -44.434  -15.131  75.477 0.0000000000
45123  -43.995  -15.611  75.785 0.0000000000
45135  -43.071  -16.180  74.738 0.0000000000
45147  -42.111  -16.587  73.868 0.0000000000
46061  -42.336  -15.960  73.537 0.0000000000
46070  -41.628  -15.669  72.268 0.0000000000
46974  -43.014  -14.621  73.152 0.0000000000
49004  -45.288  -12.111  73.918 0.0000000000
49016  -43.374  -12.748  72.371 0.0000000000
50151  -44.496  -11.411  72.592 0.0000000000
50164  -43.311  -11.259  71.666 0.0000000000
44998  -32.856  -15.999  89.534 0.0000000000
44997  -32.117  -15.824  88.926 0.0000000000
122683  -32.815  -17.053  88.072 0.0000000000
42317  -32.099  -19.588  84.647 0.0000000000
43156  -32.206  -17.871  85.835 0.0000000000
43176  -30.973  -18.580  83.839 0.0000000000
44145  -30.313  -17.897  83.432 0.0000000000
43184  -30.633  -19.037  83.172 0.0000000000
53125  -45.827  -7.642  70.936 0.0000000000
54118  -44.987  -7.510  69.753 0.0000000000
55188  -46.299  -6.697  70.433 0.0000000000
55204  -49.220  -7.315  69.701 0.0000000000
55203  -48.474  -7.022  69.192 0.0000000000
54147  -48.393  -7.804  68.791 0.0000000000
54135  -52.415  -8.000  69.560 0.0000000000
54149  -51.787  -8.074  68.968 0.0000000000
55223  -52.117  -7.166  68.894 0.0000000000
56270  -51.583  -5.387  68.346 0.0000000000
57235  -53.022  -4.690  69.384 0.0000000000
39526  -40.270  -22.093  85.305 0.0000000000
39525  -38.711  -21.571  85.424 0.0000000000
40433  -40.008  -21.855  84.544 0.0000000000
126893  -39.561  -19.178  81.252 0.0000000000
42348  -38.465  -19.576  82.204 0.0000000000
42391  -38.332  -18.919  80.852 0.0000000000
43212  -36.014  -18.290  80.158 0.0000000000
43228  -37.530  -18.176  79.432 0.0000000000
43250  -42.568  -18.471  78.382 0.0000000000
141592  -42.082  -18.622  78.619 0.0000000000
128300  -41.307  -18.326  77.696 0.0000000000
44207  -37.176  -18.066  75.081 0.0000000000
121502  -38.516  -17.640  77.128 0.0000000000
43278  -36.999  -17.652  76.580 0.0000000000
43262  -35.845  -17.856  77.379 0.0000000000
46114  -40.075  -15.022  69.874 0.0000000000
41377  -44.311  -20.235  84.781 0.0000000000
45085  -47.302  -16.002  83.256 0.0000000000
53011  -50.064  -8.636  78.966 0.0000000000
57148  -51.394  -4.952  78.524 0.0000000000
57149  -52.588  -5.015  78.320 0.0000000000
56155  -53.158  -5.720  77.613 0.0000000000
58104  -53.551  -4.429  77.896 0.0000000000
60020  -53.656  -1.146  75.685 0.0000000000
58126  -54.721  -3.491  76.213 0.0000000000
59062  -55.472  -2.387  74.698 0.0000000000
57185  -55.853  -4.841  73.301 0.0000000000
59070  -56.089  -2.382  73.215 0.0000000000
62119  -54.139  0.456  72.926 0.0000000000
60050  -54.261  -1.168  72.382 0.0000000000
60049  -53.455  -1.008  72.448 0.0000000000
60072  -52.341  -2.029  71.236 0.0000000000
61042  -52.079  -0.060  72.962 0.0000000000
126676  -53.321  7.079  72.909 0.0000000000
65082  -51.830  4.350  70.500 0.0000000000
65072  -51.275  3.589  71.487 0.0000000000
64128  -50.768  2.369  70.310 0.0000000000
62138  -50.130  0.578  71.239 0.0000000000
63172  -49.899  1.472  69.200 0.0000000000
62167  -48.629  0.270  68.177 0.0000000000
63182  -49.562  1.767  67.706 0.0000000000
65130  -51.421  3.955  65.596 0.0000000000
64187  -50.257  2.801  65.417 0.0000000000
145683  -51.269  2.331  64.648 0.0000000000
69974  -56.814  8.780  66.917 0.0000000000
69082  -55.150  7.338  65.810 0.0000000000
68152  -55.358  6.935  65.175 0.0000000000
134127  -28.015  -19.907  90.035 0.0000000000
41328  -28.657  -20.833  90.313 0.0000000000
126046  -27.892  -21.310  89.153 0.0000000000
40373  -27.538  -22.289  88.584 0.0000000000
40389  -27.149  -21.873  87.956 0.0000000000
45053  -28.871  -16.573  86.753 0.0000000000
45033  -28.606  -16.479  87.644 0.0000000000
44104  -27.873  -17.522  86.567 0.0000000000
41374  -25.950  -20.280  85.691 0.0000000000
37669  -24.903  -24.749  84.147 0.0000000000
40449  -35.288  -20.790  83.978 0.0000000000
143481  -33.850  -21.293  84.290 0.0000000000
40469  -33.697  -20.740  83.130 0.0000000000
41476  -30.679  -21.065  79.584 0.0000000000
40490  -31.017  -21.163  81.125 0.0000000000
41464  -29.126  -20.697  79.742 0.0000000000
42384  -28.613  -20.158  80.428 0.0000000000
41473  -27.303  -20.343  78.926 0.0000000000
39563  -25.536  -22.135  77.370 0.0000000000
50129  -46.865  -11.280  74.513 0.0000000000
51200  -46.659  -10.392  73.707 0.0000000000
50130  -47.550  -10.896  75.114 0.0000000000
51177  -48.971  -10.382  75.911 0.0000000000
52124  -50.328  -9.512  76.686 0.0000000000
46941  -47.296  -14.319  79.473 0.0000000000
46031  -45.900  -15.118  79.001 0.0000000000
46952  -46.265  -14.224  78.012 0.0000000000
138241  -45.608  -14.293  76.712 0.0000000000
46961  -44.926  -14.532  75.286 0.0000000000
46965  -44.229  -14.476  74.013 0.0000000000
47941  -45.279  -13.345  74.473 0.0000000000
48993  -46.186  -12.345  74.805 0.0000000000
60158  -48.478  -1.963  64.098 0.0000000000
43119  -34.606  -18.838  90.437 0.0000000000
43139  -33.966  -17.927  88.502 0.0000000000
141756  -33.973  -18.891  87.760 0.0000000000
42310  -33.629  -19.714  86.232 0.0000000000
123819  -32.843  -20.731  84.949 0.0000000000
55161  -48.202  -6.229  72.613 0.0000000000
55172  -47.677  -6.044  71.285 0.0000000000
55174  -49.390  -5.992  71.333 0.0000000000
55190  -49.751  -6.688  70.710 0.0000000000
54121  -50.785  -8.598  70.694 0.0000000000
52192  -50.657  -9.139  69.970 0.0000000000
53127  -51.471  -8.874  70.965 0.0000000000
53129  -52.638  -8.507  71.251 0.0000000000
55192  -53.841  -7.282  70.475 0.0000000000
40455  -42.481  -21.598  83.803 0.0000000000
41410  -40.379  -20.875  83.253 0.0000000000
41428  -41.379  -20.665  82.937 0.0000000000
145550  -40.739  -19.742  81.810 0.0000000000
42393  -41.034  -19.067  80.512 0.0000000000
43316  -41.007  -17.698  75.123 0.0000000000
43301  -40.448  -17.866  75.775 0.0000000000
43314  -39.598  -17.864  74.680 0.0000000000
44230  -37.939  -18.040  74.486 0.0000000000
44228  -36.026  -17.717  74.162 0.0000000000
44249  -34.899  -17.387  73.344 0.0000000000
44272  -35.492  -17.377  72.571 0.0000000000
48003  -41.213  -13.099  69.838 0.0000000000
48036  -40.209  -13.269  67.926 0.0000000000
62084  -54.063  1.342  76.155 0.0000000000
61020  -55.373  0.216  74.725 0.0000000000
63105  -54.444  1.772  75.343 0.0000000000
64085  -54.255  2.494  74.792 0.0000000000
63122  -53.652  2.063  73.844 0.0000000000
69005  -54.558  8.632  71.747 0.0000000000
68074  -53.823  7.164  72.292 0.0000000000
139192  -54.300  6.452  71.222 0.0000000000
67163  -53.970  5.319  70.077 0.0000000000
65097  -52.258  3.795  69.093 0.0000000000
65095  -51.040  3.332  68.409 0.0000000000
119846  -52.162  4.103  68.318 0.0000000000
66191  -51.832  4.910  66.752 0.0000000000
67232  -52.481  5.352  65.735 0.0000000000
69085  -57.871  7.786  64.996 0.0000000000
67249  -56.393  6.450  65.147 0.0000000000
67236  -57.776  5.961  65.888 0.0000000000
44039  -28.086  -17.778  92.998 0.0000000000
43105  -28.464  -19.171  92.024 0.0000000000
44048  -27.621  -18.035  91.396 0.0000000000
145381  -27.474  -18.046  89.999 0.0000000000
43138  -27.471  -18.560  88.528 0.0000000000
132076  -27.936  -17.232  84.825 0.0000000000
43163  -27.242  -17.896  85.156 0.0000000000
124782  -26.491  -18.405  83.985 0.0000000000
41400  -25.367  -20.351  83.568 0.0000000000
40445  -24.719  -21.646  83.441 0.0000000000
38601  -24.070  -23.912  83.205 0.0000000000
39545  -24.118  -22.246  82.782 0.0000000000
42360  -34.217  -19.553  81.236 0.0000000000
40486  -32.587  -20.559  81.933 0.0000000000
42386  -32.496  -19.941  80.461 0.0000000000
41477  -31.058  -20.947  79.806 0.0000000000
41486  -30.385  -20.999  78.643 0.0000000000
134013  -43.220  -10.016  70.819 0.0000000000
52199  -43.301  -9.117  69.697 0.0000000000
51219  -43.959  -9.719  71.142 0.0000000000
52179  -45.275  -8.959  71.911 0.0000000000
53111  -46.688  -8.057  72.636 0.0000000000
52149  -47.302  -9.295  73.908 0.0000000000
53112  -47.336  -7.870  73.262 0.0000000000
55144  -47.809  -6.717  73.119 0.0000000000
55146  -49.411  -6.072  73.563 0.0000000000
56217  -50.764  -5.509  73.611 0.0000000000
126409  -52.326  -5.562  74.391 0.0000000000
122345  -45.393  -18.769  81.455 0.0000000000
42397  -44.237  -19.493  81.036 0.0000000000
43236  -44.966  -17.987  80.227 0.0000000000
44176  -44.234  -17.418  78.631 0.0000000000
43284  -42.746  -17.824  77.142 0.0000000000
45114  -44.986  -15.701  78.215 0.0000000000
45119  -44.083  -16.198  77.081 0.0000000000
44209  -42.272  -17.322  75.470 0.0000000000
44232  -41.528  -17.482  74.626 0.0000000000
44276  -40.428  -17.064  72.778 0.0000000000
45182  -39.519  -16.302  71.570 0.0000000000
135510  -38.576  -16.062  70.518 0.0000000000
45205  -39.932  -15.664  71.202 0.0000000000
46095  -40.731  -14.887  71.210 0.0000000000
47012  -41.082  -14.236  70.842 0.0000000000
47960  -43.260  -13.700  72.788 0.0000000000
139247  -42.231  -13.448  71.659 0.0000000000
47987  -41.451  -13.481  70.586 0.0000000000
49032  -42.251  -12.163  70.571 0.0000000000
50175  -42.342  -11.217  70.537 0.0000000000
69039  -56.371  8.141  68.662 0.0000000000
130138  -57.251  9.767  68.690 0.0000000000
69962  -57.393  9.644  67.760 0.0000000000
70910  -57.574  10.073  67.252 0.0000000000
70919  -57.962  9.873  65.566 0.0000000000
69985  -58.311  9.018  64.558 0.0000000000
46768  -30.596  -14.461  90.479 0.0000000000
45920  -29.497  -15.612  89.255 0.0000000000
45921  -30.467  -15.564  88.997 0.0000000000
45035  -30.680  -16.195  87.616 0.0000000000
125059  -30.250  -16.467  86.922 0.0000000000
130277  -32.634  -17.740  86.661 0.0000000000
45056  -31.382  -17.030  86.005 0.0000000000
45077  -29.326  -16.757  85.012 0.0000000000
44143  -28.696  -17.159  83.490 0.0000000000
44150  -27.808  -17.601  82.414 0.0000000000
43195  -26.713  -18.331  81.208 0.0000000000
53150  -44.266  -7.887  69.512 0.0000000000
54130  -44.709  -7.135  68.945 0.0000000000
121778  -46.803  -6.205  69.951 0.0000000000
57260  -51.046  -4.853  67.620 0.0000000000
58188  -51.103  -3.735  68.293 0.0000000000
39473  -37.579  -22.154  87.699 0.0000000000
39493  -36.431  -21.874  86.658 0.0000000000
39510  -37.574  -21.801  86.105 0.0000000000
40431  -37.312  -20.880  84.882 0.0000000000
41406  -36.007  -20.610  83.673 0.0000000000
41408  -38.984  -20.200  82.933 0.0000000000
131960  -38.041  -19.752  82.959 0.0000000000
42346  -36.106  -19.438  82.275 0.0000000000
42388  -34.830  -18.896  81.034 0.0000000000
43211  -34.924  -18.488  80.142 0.0000000000
43243  -34.334  -18.431  78.298 0.0000000000
42414  -43.076  -19.268  79.929 0.0000000000
42412  -41.575  -19.025  79.779 0.0000000000
43230  -39.653  -18.463  79.410 0.0000000000
43266  -39.836  -17.783  77.051 0.0000000000
127714  -38.896  -17.698  78.184 0.0000000000
135071  -38.133  -17.815  78.679 0.0000000000
143162  -36.303  -17.703  78.280 0.0000000000
43261  -35.021  -18.173  77.598 0.0000000000
46111  -37.848  -16.185  68.930 0.0000000000
50077  -49.701  -11.575  78.674 0.0000000000
50078  -50.080  -10.901  78.184 0.0000000000
45857  -28.531  -16.000  93.431 0.0000000000
46758  -30.492  -13.937  91.405 0.0000000000
46759  -31.889  -13.832  91.072 0.0000000000
45885  -32.974  -15.328  91.174 0.0000000000
42273  -34.361  -19.165  91.030 0.0000000000
41315  -35.414  -19.726  90.403 0.0000000000
39432  -37.087  -21.547  89.257 0.0000000000
39443  -37.841  -21.836  88.524 0.0000000000
129441  -38.820  -22.042  87.499 0.0000000000
39497  -40.332  -21.935  86.182 0.0000000000
39514  -41.228  -22.256  85.667 0.0000000000
40405  -42.272  -21.534  85.729 0.0000000000
39529  -42.333  -22.194  85.077 0.0000000000
40437  -43.645  -21.260  84.137 0.0000000000
41411  -44.389  -20.589  83.620 0.0000000000
42339  -45.251  -19.431  83.465 0.0000000000
43192  -46.222  -18.439  82.899 0.0000000000
119738  -46.367  -17.706  82.377 0.0000000000
45091  -47.281  -16.329  81.914 0.0000000000
47894  -48.933  -12.713  79.422 0.0000000000
52091  -50.546  -9.965  77.670 0.0000000000
143232  -50.577  -8.807  77.243 0.0000000000
52108  -50.923  -8.009  77.018 0.0000000000
56140  -50.331  -5.437  78.840 0.0000000000
128509  -51.604  -6.754  77.447 0.0000000000
54031  -51.550  -7.180  76.921 0.0000000000
55083  -52.232  -6.461  76.923 0.0000000000
55105  -52.883  -5.865  76.490 0.0000000000
55129  -54.418  -5.840  75.211 0.0000000000
58113  -53.996  -3.835  77.449 0.0000000000
56180  -55.033  -5.652  75.874 0.0000000000
55150  -54.930  -6.562  73.924 0.0000000000
132106  -55.376  -6.557  73.215 0.0000000000
56241  -55.586  -5.940  71.970 0.0000000000
125413  -54.923  -5.063  70.512 0.0000000000
60051  -55.454  -1.610  72.891 0.0000000000
59095  -54.868  -2.824  71.696 0.0000000000
135373  -53.629  -3.754  70.664 0.0000000000
59116  -52.263  -3.052  70.002 0.0000000000
59115  -51.483  -2.816  69.725 0.0000000000
59114  -50.578  -2.583  69.469 0.0000000000
126580  -53.191  5.163  74.112 0.0000000000
64105  -53.121  2.565  73.626 0.0000000000
67146  -52.472  5.486  72.398 0.0000000000
126669  -51.721  3.024  72.672 0.0000000000
63130  -52.120  1.418  73.061 0.0000000000
62127  -50.509  0.248  72.107 0.0000000000
136820  -49.696  -1.361  70.999 0.0000000000
60090  -49.079  -1.812  68.687 0.0000000000
60104  -48.238  -1.311  67.248 0.0000000000
129126  -48.132  -1.196  66.264 0.0000000000
61150  -48.612  -0.485  64.960 0.0000000000
64163  -49.781  2.362  66.971 0.0000000000
63220  -49.695  1.290  65.162 0.0000000000
61152  -49.841  -0.206  64.085 0.0000000000
68122  -54.434  7.034  67.181 0.0000000000
68150  -53.797  6.330  65.667 0.0000000000
66211  -52.875  4.780  64.965 0.0000000000
67248  -55.579  5.927  64.911 0.0000000000
66231  -54.393  4.498  64.797 0.0000000000
65145  -53.094  3.166  64.651 0.0000000000
134576  -28.951  -20.400  91.658 0.0000000000
45014  -28.746  -16.096  88.560 0.0000000000
44080  -27.745  -17.634  88.162 0.0000000000
42308  -27.115  -19.327  87.617 0.0000000000
43162  -26.712  -18.695  85.823 0.0000000000
138775  -26.713  -19.788  87.185 0.0000000000
41360  -26.884  -20.432  87.790 0.0000000000
39490  -26.648  -22.125  87.302 0.0000000000
40417  -34.291  -21.365  85.405 0.0000000000
120828  -32.858  -21.057  84.256 0.0000000000
41387  -31.835  -20.470  83.775 0.0000000000
125946  -31.692  -20.854  81.861 0.0000000000
40465  -31.193  -20.763  82.437 0.0000000000
139703  -30.474  -20.170  82.567 0.0000000000
43198  -29.285  -19.542  81.760 0.0000000000
42355  -28.189  -19.364  80.816 0.0000000000
43209  -26.420  -18.774  80.430 0.0000000000
42426  -28.805  -20.474  76.842 0.0000000000
41492  -28.380  -20.741  77.226 0.0000000000
125900  -27.618  -20.596  77.988 0.0000000000
143811  -25.955  -20.309  78.066 0.0000000000
142617  -24.861  -20.221  78.804 0.0000000000
41471  -24.181  -20.856  79.648 0.0000000000
48969  -48.662  -11.654  76.920 0.0000000000
50107  -49.326  -11.149  76.756 0.0000000000
48970  -49.248  -11.463  77.171 0.0000000000
48954  -48.113  -12.419  77.411 0.0000000000
58202  -50.561  -3.579  67.713 0.0000000000
58201  -50.181  -3.495  66.967 0.0000000000
58212  -49.851  -3.536  66.176 0.0000000000
40376  -36.348  -21.588  88.355 0.0000000000
40375  -35.585  -21.322  87.796 0.0000000000
39453  -35.674  -21.642  87.224 0.0000000000
123760  -42.343  -9.729  68.705 0.0000000000
132825  -52.539  -5.683  73.421 0.0000000000
143218  -52.725  -6.297  72.761 0.0000000000
55165  -53.302  -7.409  72.485 0.0000000000
41432  -44.461  -20.054  82.635 0.0000000000
42370  -44.458  -19.696  81.863 0.0000000000
44290  -38.075  -17.136  71.876 0.0000000000
134129  -38.554  -17.328  72.487 0.0000000000
51243  -41.942  -10.360  68.689 0.0000000000
51255  -41.212  -10.176  67.484 0.0000000000
69024  -56.408  7.951  70.077 0.0000000000
68092  -56.097  6.958  69.844 0.0000000000
68106  -55.881  7.119  69.000 0.0000000000
45894  -28.590  -15.526  90.673 0.0000000000
45895  -29.312  -15.108  90.480 0.0000000000
43194  -25.912  -18.476  81.619 0.0000000000
42344  -25.249  -18.990  82.052 0.0000000000
42353  -24.878  -19.404  81.426 0.0000000000
126113  -24.463  -20.098  81.195 0.0000000000
43223  -32.530  -18.762  78.887 0.0000000000
124545  -32.284  -18.429  77.979 0.0000000000
51212  -45.144  -10.982  73.052 0.0000000000
52163  -45.365  -10.178  72.877 0.0000000000
138065  -45.878  -10.635  73.438 0.0000000000
53074  -49.584  -8.622  75.664 0.0000000000
54048  -49.987  -7.617  75.551 0.0000000000
54049  -50.783  -7.790  76.213 0.0000000000
45103  -45.825  -16.429  79.565 0.0000000000
46026  -46.359  -15.545  79.709 0.0000000000
46051  -44.328  -15.020  74.644 0.0000000000
46043  -43.851  -15.635  75.030 0.0000000000
46050  -43.552  -15.601  74.399 0.0000000000
46062  -42.761  -16.106  74.160 0.0000000000
125500  -43.098  -15.388  73.772 0.0000000000
139738  -42.495  -15.366  73.195 0.0000000000
145637  -43.673  -14.773  73.678 0.0000000000
50138  -44.921  -11.796  73.209 0.0000000000
44982  -33.690  -16.619  90.014 0.0000000000
44068  -33.394  -16.642  89.136 0.0000000000
43177  -31.471  -19.190  84.292 0.0000000000
43185  -31.142  -19.646  83.607 0.0000000000
54107  -46.527  -7.012  71.271 0.0000000000
54133  -49.684  -8.397  69.753 0.0000000000
54132  -48.996  -8.451  69.335 0.0000000000
55206  -53.483  -6.617  69.779 0.0000000000
55205  -52.813  -6.777  69.341 0.0000000000
138981  -53.137  -6.154  69.530 0.0000000000
56257  -52.803  -5.673  69.266 0.0000000000
130198  -39.089  -18.932  80.887 0.0000000000
42364  -38.825  -19.242  81.466 0.0000000000
43214  -37.954  -18.589  80.161 0.0000000000
43268  -42.345  -18.357  77.477 0.0000000000
133985  -41.961  -18.522  77.919 0.0000000000
43267  -41.754  -18.410  77.157 0.0000000000
44206  -36.281  -17.944  74.960 0.0000000000
43297  -36.578  -17.882  75.770 0.0000000000
119965  -35.683  -17.986  75.633 0.0000000000
47039  -39.610  -14.612  68.427 0.0000000000
58098  -53.024  -4.564  78.192 0.0000000000
61018  -54.309  -0.176  75.636 0.0000000000
61017  -53.455  -0.261  75.830 0.0000000000
60021  -54.373  -1.687  75.576 0.0000000000
60022  -55.147  -1.288  74.957 0.0000000000
59069  -55.984  -2.363  73.889 0.0000000000
60031  -55.672  -1.568  74.180 0.0000000000
63131  -53.787  1.141  73.346 0.0000000000
61044  -53.910  -0.159  72.536 0.0000000000
61043  -53.134  -0.070  72.685 0.0000000000
60061  -52.492  -0.855  72.565 0.0000000000
62117  -52.654  0.685  73.010 0.0000000000
69897  -53.484  9.926  73.132 0.0000000000
68978  -53.264  9.177  73.456 0.0000000000
142894  -53.046  8.480  73.282 0.0000000000
68062  -53.442  8.226  72.794 0.0000000000
64140  -51.141  3.215  69.852 0.0000000000
65081  -51.379  3.621  70.437 0.0000000000
63162  -50.406  1.817  69.713 0.0000000000
63173  -50.376  2.092  68.900 0.0000000000
135425  -49.869  1.804  68.501 0.0000000000
65143  -51.681  3.535  64.963 0.0000000000
64188  -50.985  3.223  65.108 0.0000000000
64198  -51.555  2.867  64.731 0.0000000000
64199  -52.523  2.585  64.667 0.0000000000
69982  -56.657  8.377  65.899 0.0000000000
69083  -55.905  7.650  65.522 0.0000000000
42247  -28.864  -19.550  92.888 0.0000000000
42293  -27.527  -20.005  89.229 0.0000000000
41342  -28.054  -20.713  89.520 0.0000000000
123007  -27.516  -21.570  88.552 0.0000000000
41350  -27.163  -21.219  88.053 0.0000000000
44105  -28.389  -16.934  86.197 0.0000000000
37670  -25.360  -24.069  84.654 0.0000000000
41405  -35.321  -20.548  83.232 0.0000000000
41404  -34.467  -20.799  83.546 0.0000000000
41475  -29.927  -21.072  79.155 0.0000000000
41465  -30.240  -20.933  80.005 0.0000000000
41474  -28.253  -20.630  79.081 0.0000000000
50120  -49.225  -10.817  76.476 0.0000000000
51178  -49.603  -10.567  76.518 0.0000000000
133800  -49.775  -10.030  76.325 0.0000000000
46940  -46.383  -14.457  78.833 0.0000000000
46953  -47.029  -13.870  78.533 0.0000000000
47921  -46.384  -13.636  76.436 0.0000000000
46959  -46.132  -14.058  77.249 0.0000000000
46962  -45.542  -14.092  75.879 0.0000000000
47942  -45.417  -13.809  75.146 0.0000000000
48980  -47.377  -11.948  75.912 0.0000000000
50117  -46.574  -11.867  74.841 0.0000000000
50128  -46.060  -11.764  74.346 0.0000000000
57276  -50.521  -4.602  65.907 0.0000000000
58211  -48.896  -3.183  65.848 0.0000000000
59175  -48.496  -2.670  64.497 0.0000000000
42286  -34.596  -18.774  89.375 0.0000000000
120613  -34.225  -18.609  88.528 0.0000000000
42294  -34.290  -18.965  88.466 0.0000000000
139013  -34.313  -20.752  86.641 0.0000000000
42300  -34.004  -19.493  86.907 0.0000000000
124367  -33.853  -20.406  86.235 0.0000000000
41367  -33.319  -20.272  85.579 0.0000000000
124885  -42.789  -8.325  67.935 0.0000000000
56239  -48.907  -5.933  72.158 0.0000000000
55175  -50.347  -6.619  71.251 0.0000000000
55191  -50.455  -7.534  70.798 0.0000000000
54120  -49.997  -7.751  70.239 0.0000000000
54111  -53.376  -8.354  71.798 0.0000000000
54123  -53.292  -8.171  70.982 0.0000000000
54124  -54.105  -7.902  71.498 0.0000000000
40456  -43.249  -21.294  83.581 0.0000000000
40471  -42.068  -21.197  83.452 0.0000000000
42367  -42.301  -19.829  81.215 0.0000000000
41449  -41.631  -20.190  81.982 0.0000000000
42366  -41.374  -19.540  81.212 0.0000000000
44231  -40.904  -17.629  74.396 0.0000000000
43315  -40.327  -17.837  74.934 0.0000000000
44253  -38.460  -17.811  73.732 0.0000000000
44252  -37.539  -17.847  73.594 0.0000000000
44229  -36.932  -18.006  74.292 0.0000000000
44251  -36.614  -17.735  73.496 0.0000000000
44250  -35.755  -17.565  73.404 0.0000000000
141406  -36.285  -17.573  72.855 0.0000000000
49040  -40.804  -12.920  69.071 0.0000000000
49050  -40.542  -12.750  68.331 0.0000000000
64053  -53.201  2.436  76.663 0.0000000000
63095  -54.089  1.722  76.007 0.0000000000
138546  -53.456  4.375  75.422 0.0000000000
65017  -53.864  3.039  75.250 0.0000000000
65033  -53.768  3.212  74.434 0.0000000000
64097  -53.788  2.454  74.085 0.0000000000
69006  -55.076  8.831  71.243 0.0000000000
69916  -54.761  9.569  71.145 0.0000000000
68075  -54.575  7.375  71.649 0.0000000000
68082  -55.070  6.860  70.787 0.0000000000
67170  -54.679  5.754  69.719 0.0000000000
66143  -53.449  4.790  69.738 0.0000000000
66142  -52.681  4.334  69.632 0.0000000000
128369  -52.793  4.149  68.903 0.0000000000
66153  -52.947  4.713  68.322 0.0000000000
68121  -53.903  6.296  67.688 0.0000000000
67197  -52.790  5.284  67.543 0.0000000000
67217  -52.399  5.406  66.659 0.0000000000
141079  -51.922  5.105  66.145 0.0000000000
67218  -53.023  5.952  66.086 0.0000000000
68153  -57.217  7.129  65.208 0.0000000000
44953  -27.943  -16.694  92.893 0.0000000000
135220  -27.657  -17.418  92.158 0.0000000000
44995  -27.769  -16.506  90.026 0.0000000000
44059  -27.436  -17.616  90.568 0.0000000000
121454  -27.439  -18.091  89.181 0.0000000000
139436  -28.058  -17.154  84.059 0.0000000000
44130  -27.477  -17.564  84.227 0.0000000000
44141  -26.960  -17.792  83.630 0.0000000000
41421  -25.312  -19.821  82.839 0.0000000000
42335  -25.792  -19.531  83.468 0.0000000000
142870  -25.031  -20.980  83.700 0.0000000000
129489  -23.427  -22.951  80.765 0.0000000000
132629  -23.371  -23.161  81.317 0.0000000000
42359  -33.396  -19.721  80.800 0.0000000000
42421  -31.361  -19.947  78.636 0.0000000000
42408  -31.480  -20.224  79.421 0.0000000000
41487  -31.015  -20.807  78.973 0.0000000000
41494  -30.058  -20.753  77.854 0.0000000000
134579  -45.655  -9.395  72.582 0.0000000000
53110  -45.976  -8.612  72.233 0.0000000000
51201  -47.265  -10.068  74.090 0.0000000000
53101  -47.608  -8.513  73.910 0.0000000000
54078  -47.908  -7.421  73.779 0.0000000000
54077  -47.549  -7.242  73.249 0.0000000000
143722  -48.301  -6.397  73.111 0.0000000000
55145  -48.550  -6.590  73.649 0.0000000000
55127  -50.958  -6.246  74.919 0.0000000000
55147  -50.220  -5.900  74.193 0.0000000000
56202  -51.282  -5.612  74.238 0.0000000000
43200  -45.814  -17.894  81.424 0.0000000000
43217  -45.228  -18.455  80.876 0.0000000000
44164  -45.560  -17.577  80.504 0.0000000000
44177  -45.171  -17.201  78.940 0.0000000000
44170  -44.718  -17.688  79.479 0.0000000000
44182  -43.391  -17.565  77.796 0.0000000000
44183  -44.070  -16.799  77.799 0.0000000000
46036  -45.092  -14.965  77.982 0.0000000000
46030  -45.438  -15.449  78.555 0.0000000000
45122  -43.358  -16.226  75.421 0.0000000000
45118  -43.626  -16.252  76.226 0.0000000000
44210  -42.849  -16.793  75.865 0.0000000000
44233  -42.121  -17.261  74.809 0.0000000000
45166  -41.755  -16.411  73.169 0.0000000000
45146  -41.557  -17.002  73.558 0.0000000000
45165  -41.192  -16.747  72.774 0.0000000000
45163  -39.921  -16.679  72.233 0.0000000000
45164  -40.713  -16.612  72.296 0.0000000000
45183  -40.382  -16.185  71.795 0.0000000000
46987  -41.655  -15.003  72.062 0.0000000000
46081  -41.184  -15.358  71.813 0.0000000000
47000  -41.352  -14.576  71.572 0.0000000000
47952  -44.562  -13.508  73.867 0.0000000000
46975  -43.754  -14.009  73.478 0.0000000000
47951  -43.958  -13.130  73.139 0.0000000000
47988  -42.118  -12.978  71.045 0.0000000000
134233  -41.756  -12.805  70.397 0.0000000000
49025  -42.608  -12.350  71.217 0.0000000000
50163  -42.742  -11.641  71.150 0.0000000000
50176  -42.864  -10.764  71.072 0.0000000000
70897  -57.308  10.430  68.259 0.0000000000
70912  -58.021  10.766  66.027 0.0000000000
69984  -57.906  8.881  65.065 0.0000000000
70920  -58.257  10.216  65.093 0.0000000000
45896  -31.216  -14.842  89.931 0.0000000000
131689  -31.060  -15.233  89.383 0.0000000000
45017  -31.665  -16.084  88.218 0.0000000000
122708  -31.070  -16.658  86.820 0.0000000000
141725  -33.695  -18.424  87.820 0.0000000000
120696  -33.290  -17.654  87.899 0.0000000000
43148  -33.264  -18.011  87.107 0.0000000000
123820  -31.426  -17.559  85.254 0.0000000000
45068  -30.747  -16.886  85.427 0.0000000000
45078  -30.203  -16.906  84.813 0.0000000000
44132  -29.660  -17.025  84.003 0.0000000000
43183  -29.923  -18.377  82.823 0.0000000000
44152  -29.150  -17.699  82.684 0.0000000000
44151  -28.652  -17.862  82.082 0.0000000000
44156  -27.288  -17.926  81.881 0.0000000000
44157  -28.093  -17.909  81.649 0.0000000000
52191  -44.351  -9.021  70.712 0.0000000000
53138  -43.949  -8.666  69.993 0.0000000000
53139  -44.640  -8.252  70.256 0.0000000000
54131  -45.436  -6.807  69.275 0.0000000000
137290  -48.200  -5.901  70.727 0.0000000000
55189  -47.572  -5.994  70.341 0.0000000000
55220  -47.823  -6.962  68.582 0.0000000000
52193  -51.056  -9.178  70.121 0.0000000000
52203  -51.029  -9.151  69.568 0.0000000000
124441  -51.543  -7.377  68.599 0.0000000000
57247  -52.235  -4.868  68.759 0.0000000000
57261  -51.501  -4.478  68.209 0.0000000000
133650  -51.015  -4.144  67.772 0.0000000000
39494  -37.833  -22.060  86.791 0.0000000000
123427  -37.080  -21.999  86.531 0.0000000000
125956  -38.343  -21.826  86.317 0.0000000000
126567  -38.275  -20.758  84.477 0.0000000000
125548  -36.936  -20.410  83.934 0.0000000000
41409  -39.558  -20.779  83.250 0.0000000000
41427  -39.797  -20.415  82.751 0.0000000000
42363  -37.879  -19.178  81.545 0.0000000000
42347  -37.282  -19.476  82.451 0.0000000000
124819  -35.679  -18.923  81.568 0.0000000000
132241  -34.591  -18.398  79.175 0.0000000000
125531  -35.100  -17.938  78.481 0.0000000000
42415  -43.891  -19.079  80.437 0.0000000000
43249  -41.594  -18.515  78.453 0.0000000000
43233  -41.882  -18.799  79.184 0.0000000000
43232  -41.233  -18.583  79.089 0.0000000000
42411  -40.685  -18.637  79.747 0.0000000000
43231  -40.497  -18.453  78.993 0.0000000000
122749  -39.871  -17.887  76.225 0.0000000000
43281  -40.415  -17.907  76.623 0.0000000000
43265  -39.125  -17.643  77.503 0.0000000000
43264  -38.296  -17.601  77.888 0.0000000000
43246  -39.130  -18.041  78.664 0.0000000000
137083  -37.487  -17.672  78.157 0.0000000000
43245  -36.942  -17.819  78.655 0.0000000000
43263  -36.605  -17.689  77.899 0.0000000000
125380  -35.328  -18.200  76.926 0.0000000000
43276  -34.675  -18.375  76.866 0.0000000000
135977  -34.356  -18.434  77.480 0.0000000000
140543  -33.757  -18.307  76.885 0.0000000000
45228  -39.017  -15.713  70.035 0.0000000000
45227  -38.253  -16.070  69.836 0.0000000000
44945  -28.919  -16.289  94.154 0.0000000000
43107  -34.525  -18.600  90.794 0.0000000000
130760  -38.427  -21.563  88.408 0.0000000000
39458  -38.667  -21.863  87.989 0.0000000000
40377  -39.254  -21.540  87.872 0.0000000000
39513  -40.603  -22.079  85.745 0.0000000000
40404  -41.566  -21.327  86.357 0.0000000000
42321  -42.918  -19.775  85.507 0.0000000000
42314  -42.363  -20.333  85.803 0.0000000000
41369  -42.937  -20.657  85.477 0.0000000000
40420  -43.228  -21.368  84.993 0.0000000000
40436  -42.891  -21.727  84.304 0.0000000000
42331  -44.755  -19.758  84.378 0.0000000000
41390  -44.454  -20.452  84.184 0.0000000000
41391  -44.801  -19.996  83.857 0.0000000000
41412  -44.638  -20.121  83.264 0.0000000000
42332  -45.266  -19.248  84.104 0.0000000000
42340  -45.846  -18.813  83.295 0.0000000000
43186  -46.326  -18.122  83.526 0.0000000000
44153  -46.739  -17.523  83.149 0.0000000000
45088  -47.394  -16.190  82.651 0.0000000000
46003  -47.520  -15.538  82.621 0.0000000000
46010  -47.589  -15.662  81.782 0.0000000000
48944  -49.363  -12.229  79.513 0.0000000000
136154  -50.431  -10.483  79.151 0.0000000000
51150  -50.367  -10.387  77.878 0.0000000000
52076  -50.520  -9.989  78.421 0.0000000000
54001  -50.183  -7.813  78.365 0.0000000000
145693  -50.520  -8.926  77.946 0.0000000000
53029  -50.629  -8.351  77.453 0.0000000000
56153  -52.171  -5.671  78.031 0.0000000000
56152  -51.340  -5.777  78.320 0.0000000000
55069  -51.945  -6.574  77.189 0.0000000000
55070  -52.444  -6.152  77.321 0.0000000000
55072  -53.226  -5.821  77.156 0.0000000000
55085  -53.152  -5.874  76.894 0.0000000000
55086  -53.802  -5.667  76.480 0.0000000000
56190  -53.579  -5.671  75.577 0.0000000000
60009  -51.994  -1.427  76.668 0.0000000000
59051  -52.434  -2.539  77.150 0.0000000000
59052  -53.484  -2.886  76.833 0.0000000000
133703  -55.438  -4.529  75.535 0.0000000000
58115  -55.163  -4.436  76.224 0.0000000000
134984  -55.364  -5.640  75.059 0.0000000000
55108  -55.064  -5.927  74.992 0.0000000000
56205  -55.614  -6.026  74.299 0.0000000000
135483  -55.116  -6.667  73.557 0.0000000000
56220  -55.692  -6.233  73.608 0.0000000000
57192  -55.730  -4.259  72.565 0.0000000000
128846  -55.761  -5.377  72.379 0.0000000000
57215  -55.688  -4.952  71.761 0.0000000000
56250  -55.376  -5.404  71.068 0.0000000000
57228  -55.132  -4.428  71.166 0.0000000000
62101  -55.357  0.628  74.203 0.0000000000
61027  -55.451  -0.101  73.944 0.0000000000
61033  -55.108  -0.603  73.261 0.0000000000
60062  -53.825  -1.819  71.953 0.0000000000
60063  -54.604  -2.036  72.002 0.0000000000
59094  -54.093  -2.557  71.512 0.0000000000
58171  -54.350  -3.528  71.173 0.0000000000
59106  -53.494  -2.999  70.928 0.0000000000
58169  -52.983  -3.422  70.353 0.0000000000
59105  -52.672  -2.648  70.707 0.0000000000
60071  -51.380  -1.843  71.145 0.0000000000
59104  -51.873  -2.374  70.443 0.0000000000
59103  -50.876  -2.222  70.372 0.0000000000
60070  -50.308  -1.640  71.191 0.0000000000
67135  -53.055  6.229  73.488 0.0000000000
67119  -53.131  6.151  74.113 0.0000000000
66099  -52.900  4.234  74.155 0.0000000000
65049  -52.513  4.211  73.685 0.0000000000
67156  -53.408  6.179  71.832 0.0000000000
66114  -51.472  4.064  72.443 0.0000000000
64103  -51.851  2.190  72.860 0.0000000000
63140  -51.386  1.605  72.305 0.0000000000
143000  -51.107  0.783  72.326 0.0000000000
63139  -50.750  1.152  71.691 0.0000000000
62154  -49.245  0.234  70.008 0.0000000000
61061  -49.496  -0.899  71.069 0.0000000000
61070  -49.066  -0.583  70.229 0.0000000000
134272  -49.138  -1.543  69.498 0.0000000000
60089  -48.665  -1.262  68.867 0.0000000000
138724  -48.713  -1.503  68.414 0.0000000000
61085  -48.510  -0.622  68.670 0.0000000000
62177  -48.563  0.358  67.147 0.0000000000
61112  -48.236  -0.411  66.745 0.0000000000
62188  -48.606  0.344  66.199 0.0000000000
61132  -48.363  -0.421  65.804 0.0000000000
62206  -48.848  0.223  65.377 0.0000000000
65106  -50.930  3.663  67.558 0.0000000000
141800  -50.161  2.819  67.219 0.0000000000
64178  -50.122  2.886  66.345 0.0000000000
63221  -50.286  1.607  64.709 0.0000000000
63210  -49.897  2.127  65.181 0.0000000000
127148  -49.973  0.651  64.645 0.0000000000
69961  -56.893  9.025  68.097 0.0000000000
69056  -55.387  7.529  67.794 0.0000000000
68151  -54.606  6.641  65.365 0.0000000000
68141  -54.378  6.974  66.173 0.0000000000
67233  -53.337  5.599  65.284 0.0000000000
67246  -53.846  5.116  64.683 0.0000000000
67235  -56.510  5.593  65.511 0.0000000000
137686  -55.473  5.087  65.216 0.0000000000
66212  -54.458  3.373  65.382 0.0000000000
65146  -53.667  3.743  64.747 0.0000000000
43104  -28.190  -18.835  91.385 0.0000000000
42257  -28.558  -19.644  91.499 0.0000000000
42272  -28.630  -20.210  90.883 0.0000000000
40360  -28.528  -21.592  89.863 0.0000000000
40350  -29.032  -21.585  90.590 0.0000000000
124339  -28.621  -22.498  89.835 0.0000000000
39451  -27.598  -22.959  88.706 0.0000000000
124866  -27.084  -23.197  88.235 0.0000000000
138815  -28.639  -15.872  89.372 0.0000000000
44093  -27.822  -17.616  87.324 0.0000000000
141752  -28.010  -16.959  87.631 0.0000000000
43147  -27.526  -18.470  87.824 0.0000000000
123402  -26.550  -18.562  84.860 0.0000000000
128171  -26.159  -20.674  86.453 0.0000000000
42307  -26.442  -19.742  86.366 0.0000000000
41366  -26.471  -20.581  87.105 0.0000000000
40388  -26.747  -21.324  87.548 0.0000000000
37673  -23.656  -24.613  82.842 0.0000000000
37674  -24.279  -24.684  83.506 0.0000000000
39508  -35.843  -21.624  86.065 0.0000000000
39507  -35.075  -21.493  86.004 0.0000000000
40418  -35.162  -21.328  85.443 0.0000000000
138394  -33.260  -21.160  84.030 0.0000000000
40428  -33.566  -21.315  84.744 0.0000000000
40448  -32.692  -20.871  83.734 0.0000000000
41388  -32.534  -20.725  84.276 0.0000000000
41403  -32.240  -20.689  83.732 0.0000000000
40485  -31.700  -20.780  81.225 0.0000000000
41445  -30.545  -20.814  81.045 0.0000000000
40484  -31.220  -20.990  81.826 0.0000000000
40483  -30.950  -20.971  81.913 0.0000000000
41401  -30.958  -20.573  82.686 0.0000000000
42357  -29.762  -20.178  81.537 0.0000000000
42383  -27.821  -19.834  80.193 0.0000000000
42382  -26.972  -19.496  79.998 0.0000000000
43210  -27.337  -18.945  80.551 0.0000000000
145199  -26.228  -19.198  79.836 0.0000000000
41500  -28.044  -20.598  76.368 0.0000000000
41493  -29.254  -20.786  77.604 0.0000000000
41499  -27.438  -20.730  76.006 0.0000000000
40507  -26.414  -21.417  76.266 0.0000000000
41491  -27.260  -20.632  76.782 0.0000000000
41490  -26.422  -20.790  76.963 0.0000000000
124291  -26.552  -20.529  77.569 0.0000000000
125694  -25.911  -20.639  77.560 0.0000000000
39562  -25.016  -21.840  77.902 0.0000000000
41488  -25.014  -21.112  78.040 0.0000000000
41482  -24.580  -20.788  78.770 0.0000000000
42403  -24.634  -20.206  79.326 0.0000000000
40496  -24.117  -21.582  79.252 0.0000000000
128230  -47.728  -11.320  75.714 0.0000000000
50106  -48.863  -11.169  76.532 0.0000000000
50108  -49.820  -10.778  76.787 0.0000000000
47893  -48.509  -13.014  78.836 0.0000000000
47909  -47.779  -13.246  78.053 0.0000000000
47922  -47.323  -13.046  77.025 0.0000000000
48967  -46.994  -12.795  76.144 0.0000000000
47932  -46.434  -13.168  75.664 0.0000000000
57268  -50.593  -4.698  66.764 0.0000000000
58222  -50.218  -4.022  65.621 0.0000000000
59151  -48.456  -2.506  66.270 0.0000000000
41343  -35.320  -19.881  88.926 0.0000000000
41352  -34.546  -19.743  88.135 0.0000000000
134804  -35.170  -20.530  88.130 0.0000000000
41353  -34.749  -20.658  87.426 0.0000000000
143003  -34.452  -21.255  86.357 0.0000000000
56231  -50.758  -5.573  72.767 0.0000000000
56240  -50.030  -5.863  71.958 0.0000000000
55176  -51.998  -7.616  71.641 0.0000000000
54109  -52.127  -8.500  71.381 0.0000000000
55177  -52.780  -8.117  71.903 0.0000000000
54095  -53.626  -8.219  72.146 0.0000000000
41431  -43.592  -20.875  82.875 0.0000000000
41430  -43.026  -20.705  82.549 0.0000000000
41451  -43.385  -20.328  82.106 0.0000000000
42368  -43.115  -20.031  81.276 0.0000000000
44254  -39.950  -17.449  73.328 0.0000000000
43330  -39.382  -17.710  73.911 0.0000000000
119896  -39.003  -17.560  73.146 0.0000000000
138477  -37.840  -17.449  72.279 0.0000000000
44273  -36.399  -17.525  72.128 0.0000000000
44288  -36.365  -17.257  71.376 0.0000000000
50181  -41.519  -11.654  69.444 0.0000000000
139661  -40.954  -12.085  68.791 0.0000000000
50189  -41.282  -11.363  68.781 0.0000000000
50188  -40.895  -11.471  68.208 0.0000000000
69014  -55.914  8.217  70.768 0.0000000000
68083  -55.875  7.248  70.501 0.0000000000
141358  -53.714  4.969  68.766 0.0000000000
67181  -54.400  5.626  68.787 0.0000000000
45883  -28.339  -15.618  91.606 0.0000000000
44966  -27.773  -16.399  91.896 0.0000000000
44149  -26.981  -17.665  82.762 0.0000000000
43182  -26.316  -18.130  83.084 0.0000000000
43188  -25.892  -18.534  82.451 0.0000000000
125247  -25.670  -19.147  82.785 0.0000000000
142687  -24.510  -20.773  82.372 0.0000000000
40464  -24.340  -21.356  82.571 0.0000000000
41444  -24.194  -20.911  81.755 0.0000000000
40489  -23.796  -21.531  80.977 0.0000000000
39553  -23.571  -22.317  80.459 0.0000000000
42422  -31.860  -19.373  79.108 0.0000000000
42429  -31.155  -19.516  77.896 0.0000000000
51220  -44.003  -10.917  72.077 0.0000000000
135086  -44.254  -10.083  71.878 0.0000000000
52135  -48.689  -9.795  75.311 0.0000000000
55125  -49.337  -6.540  74.320 0.0000000000
140242  -49.367  -7.129  74.930 0.0000000000
119890  -51.500  -6.434  75.608 0.0000000000
44172  -45.894  -16.906  80.144 0.0000000000
45102  -45.490  -16.654  78.953 0.0000000000
46040  -44.482  -15.181  76.330 0.0000000000
45134  -42.409  -16.699  74.473 0.0000000000
134001  -41.550  -16.202  72.543 0.0000000000
46071  -41.955  -15.798  72.853 0.0000000000
46988  -42.186  -14.994  72.571 0.0000000000
49003  -44.687  -12.612  73.470 0.0000000000
49017  -44.237  -12.266  72.784 0.0000000000
50150  -43.755  -11.786  72.207 0.0000000000
49026  -43.066  -12.094  71.740 0.0000000000
142270  -32.775  -15.533  89.961 0.0000000000
45910  -32.016  -15.283  89.566 0.0000000000
45018  -32.649  -16.452  88.603 0.0000000000
45036  -32.278  -16.635  87.925 0.0000000000
43165  -32.599  -18.980  85.362 0.0000000000
43164  -31.897  -18.536  84.953 0.0000000000
44134  -31.266  -18.073  84.526 0.0000000000
44133  -30.614  -17.487  84.169 0.0000000000
139634  -45.241  -7.825  70.414 0.0000000000
54119  -45.629  -7.093  70.081 0.0000000000
137903  -49.287  -6.712  70.219 0.0000000000
53153  -52.029  -8.703  70.167 0.0000000000
54134  -51.853  -8.564  69.487 0.0000000000
55222  -51.523  -6.436  68.531 0.0000000000
56271  -52.154  -6.036  68.886 0.0000000000
137744  -39.748  -21.929  85.734 0.0000000000
39511  -39.030  -21.785  85.958 0.0000000000
126378  -39.484  -21.847  85.272 0.0000000000
40432  -39.064  -21.463  84.565 0.0000000000
40451  -38.983  -20.837  83.750 0.0000000000
42365  -39.676  -19.636  82.077 0.0000000000
42389  -36.459  -18.721  80.842 0.0000000000
42390  -37.422  -18.882  80.821 0.0000000000
43213  -37.024  -18.528  80.134 0.0000000000
43227  -36.531  -18.075  79.416 0.0000000000
43234  -43.094  -18.557  79.228 0.0000000000
134922  -42.441  -18.787  79.240 0.0000000000
120236  -38.357  -17.834  75.852 0.0000000000
140509  -38.718  -17.739  76.462 0.0000000000
119981  -37.487  -17.815  75.855 0.0000000000
43279  -37.926  -17.714  76.555 0.0000000000
134322  -36.579  -17.697  77.199 0.0000000000
43277  -36.014  -17.935  76.532 0.0000000000
44191  -35.143  -18.181  76.260 0.0000000000
46113  -39.503  -15.304  69.534 0.0000000000
41355  -39.702  -21.102  87.693 0.0000000000
144293  -40.046  -20.780  87.441 0.0000000000
42322  -43.897  -19.784  85.333 0.0000000000
142205  -44.366  -19.157  85.212 0.0000000000
44147  -47.121  -16.706  83.251 0.0000000000
53001  -49.850  -8.670  79.953 0.0000000000
53993  -49.808  -7.932  79.415 0.0000000000
126583  -50.013  -7.097  78.813 0.0000000000
133010  -51.826  -4.163  78.494 0.0000000000
56167  -52.676  -5.913  77.541 0.0000000000
57150  -53.252  -5.224  78.055 0.0000000000
57157  -53.832  -5.228  77.747 0.0000000000
62082  -52.369  0.600  76.225 0.0000000000
61010  -52.381  -0.378  76.112 0.0000000000
60019  -52.783  -1.056  76.017 0.0000000000
60011  -53.652  -2.097  76.040 0.0000000000
59061  -54.863  -2.487  75.512 0.0000000000
58137  -55.641  -4.294  74.792 0.0000000000
58138  -55.751  -4.061  73.812 0.0000000000
58146  -55.821  -3.671  72.913 0.0000000000
58155  -55.737  -3.204  72.456 0.0000000000
62109  -54.631  0.782  73.411 0.0000000000
62120  -54.754  0.201  73.188 0.0000000000
130229  -52.890  -1.634  72.007 0.0000000000
123621  -51.928  -1.376  71.834 0.0000000000
61053  -51.465  -0.697  72.418 0.0000000000
123502  -53.138  8.226  73.778 0.0000000000
68049  -53.080  7.435  73.470 0.0000000000
66135  -52.023  4.919  71.027 0.0000000000
64129  -51.074  2.918  70.929 0.0000000000
63153  -50.943  2.061  71.356 0.0000000000
63152  -50.494  1.498  70.699 0.0000000000
63151  -49.883  0.949  70.127 0.0000000000
131893  -49.395  0.821  69.444 0.0000000000
62153  -48.806  -0.003  69.291 0.0000000000
62168  -49.227  1.100  68.573 0.0000000000
62178  -48.994  1.100  67.474 0.0000000000
65129  -50.683  3.388  65.907 0.0000000000
64197  -50.671  2.471  64.776 0.0000000000
63222  -51.246  1.676  64.558 0.0000000000
69074  -55.872  8.024  66.223 0.0000000000
68162  -55.024  6.216  64.850 0.0000000000
123976  -55.497  3.990  65.780 0.0000000000
121038  -29.135  -20.409  92.340 0.0000000000
40374  -28.021  -22.001  89.185 0.0000000000
142954  -29.134  -16.170  87.969 0.0000000000
44094  -28.260  -16.959  86.985 0.0000000000
41386  -25.772  -19.920  84.930 0.0000000000
40415  -25.855  -21.274  85.984 0.0000000000
128936  -26.178  -22.008  86.470 0.0000000000
38587  -25.714  -23.631  85.505 0.0000000000
133133  -25.326  -24.877  84.737 0.0000000000
126484  -34.396  -21.297  84.794 0.0000000000
120548  -34.474  -21.090  84.192 0.0000000000
120999  -33.763  -21.078  83.768 0.0000000000
120630  -32.965  -20.849  83.338 0.0000000000
145659  -30.903  -21.119  80.057 0.0000000000
141342  -31.229  -21.038  81.263 0.0000000000
134532  -30.940  -21.087  80.316 0.0000000000
42385  -29.549  -20.463  80.677 0.0000000000
42407  -28.239  -20.396  79.860 0.0000000000
42406  -27.560  -20.135  79.590 0.0000000000
39564  -26.080  -22.518  76.829 0.0000000000
40501  -25.520  -21.400  77.435 0.0000000000
50140  -46.497  -11.072  73.910 0.0000000000
51191  -47.138  -10.763  74.239 0.0000000000
51192  -47.717  -10.406  74.744 0.0000000000
51193  -48.184  -10.561  75.409 0.0000000000
124950  -48.316  -10.218  75.172 0.0000000000
52123  -49.334  -9.568  75.763 0.0000000000
122206  -50.014  -9.191  76.203 0.0000000000
53075  -50.536  -8.619  76.547 0.0000000000
46027  -47.141  -14.983  80.037 0.0000000000
46032  -46.579  -14.863  79.431 0.0000000000
46037  -45.702  -14.742  78.366 0.0000000000
46951  -45.620  -14.500  77.589 0.0000000000
46045  -44.942  -14.647  76.124 0.0000000000
46966  -44.802  -14.135  74.571 0.0000000000
48978  -45.998  -13.097  75.006 0.0000000000
48992  -45.652  -12.590  74.427 0.0000000000
58233  -49.656  -3.915  64.699 0.0000000000
43128  -34.622  -18.172  89.296 0.0000000000
122130  -33.576  -18.912  86.832 0.0000000000
119746  -34.187  -19.347  87.653 0.0000000000
42309  -33.229  -19.400  85.815 0.0000000000
42318  -32.730  -19.978  85.077 0.0000000000
42330  -32.253  -20.353  84.405 0.0000000000
55160  -47.537  -6.508  72.212 0.0000000000
136897  -48.124  -5.998  71.939 0.0000000000
55173  -48.477  -5.895  71.378 0.0000000000
136910  -48.924  -6.069  70.694 0.0000000000
53140  -50.325  -8.925  70.041 0.0000000000
52201  -49.940  -9.359  69.393 0.0000000000
53141  -50.989  -9.125  70.548 0.0000000000
53142  -51.529  -8.962  70.657 0.0000000000
53128  -52.077  -8.688  71.140 0.0000000000
53143  -52.133  -8.771  70.842 0.0000000000
54122  -52.604  -8.414  70.508 0.0000000000
54136  -53.122  -7.609  70.061 0.0000000000
55207  -54.147  -6.231  70.117 0.0000000000
40454  -41.628  -21.897  84.061 0.0000000000
40453  -40.640  -21.580  83.979 0.0000000000
40470  -41.234  -21.171  83.617 0.0000000000
41429  -42.313  -20.686  82.682 0.0000000000
120822  -40.379  -19.310  81.238 0.0000000000
42392  -39.899  -18.840  80.496 0.0000000000
43302  -41.191  -17.730  75.850 0.0000000000
123957  -40.869  -17.901  76.362 0.0000000000
43300  -39.765  -17.925  75.444 0.0000000000
43313  -38.853  -17.864  74.406 0.0000000000
43299  -38.825  -17.919  75.141 0.0000000000
43298  -37.930  -18.004  75.211 0.0000000000
120383  -35.285  -17.543  73.971 0.0000000000
44271  -34.462  -17.150  72.607 0.0000000000
48002  -40.624  -13.728  69.333 0.0000000000
47040  -40.122  -14.225  68.861 0.0000000000
48022  -40.379  -13.487  68.596 0.0000000000
48021  -39.927  -13.918  68.095 0.0000000000
48035  -39.684  -13.431  67.278 0.0000000000
142834  -53.938  1.035  76.221 0.0000000000
62093  -54.239  0.637  75.871 0.0000000000
134522  -55.190  -0.271  75.036 0.0000000000
62094  -54.526  1.111  75.581 0.0000000000
62095  -55.122  0.816  74.966 0.0000000000
63116  -55.051  1.209  74.328 0.0000000000
64072  -54.043  2.308  75.694 0.0000000000
63115  -54.491  1.810  74.483 0.0000000000
63123  -54.374  1.483  73.848 0.0000000000
69898  -54.007  9.602  72.419 0.0000000000
68063  -54.020  8.438  72.165 0.0000000000
142194  -54.095  6.750  71.783 0.0000000000
131616  -53.644  5.742  70.844 0.0000000000
67164  -54.578  6.067  70.447 0.0000000000
66136  -52.943  4.967  70.395 0.0000000000
65087  -51.788  3.882  69.723 0.0000000000
139795  -51.646  3.534  69.284 0.0000000000
64152  -50.677  2.708  68.665 0.0000000000
65096  -51.693  3.555  68.755 0.0000000000
140895  -51.471  3.769  68.113 0.0000000000
66170  -51.466  4.353  67.334 0.0000000000
66171  -52.198  4.841  67.502 0.0000000000
66190  -51.495  4.586  66.286 0.0000000000
66210  -51.994  4.736  65.602 0.0000000000
65131  -52.196  4.070  65.014 0.0000000000
69983  -57.487  8.666  65.602 0.0000000000
137863  -57.466  5.079  66.261 0.0000000000
43095  -28.512  -18.853  92.780 0.0000000000
44049  -28.069  -18.435  92.158 0.0000000000
44965  -27.432  -17.078  91.247 0.0000000000
43117  -27.752  -18.466  90.666 0.0000000000
43127  -27.707  -18.866  89.982 0.0000000000
42285  -27.508  -19.189  89.279 0.0000000000
126690  -27.321  -19.458  88.468 0.0000000000
44118  -28.509  -16.920  85.350 0.0000000000
44117  -27.888  -17.402  85.711 0.0000000000
43175  -26.947  -18.036  84.375 0.0000000000
42336  -26.136  -18.824  83.580 0.0000000000
42328  -26.055  -19.238  84.341 0.0000000000
127006  -25.335  -20.878  84.209 0.0000000000
39537  -24.524  -22.607  83.534 0.0000000000
39536  -23.971  -23.123  82.958 0.0000000000
39544  -23.566  -22.915  82.077 0.0000000000
38603  -23.274  -23.775  81.676 0.0000000000
41448  -34.519  -20.014  81.976 0.0000000000
41422  -33.636  -20.424  82.373 0.0000000000
41447  -33.505  -20.113  81.557 0.0000000000
41446  -32.564  -20.283  81.112 0.0000000000
41466  -31.821  -20.534  80.728 0.0000000000
41478  -31.629  -20.398  80.150 0.0000000000
41485  -29.655  -20.997  78.311 0.0000000000
51229  -42.529  -10.320  70.276 0.0000000000
52198  -42.686  -9.660  69.549 0.0000000000
52189  -43.003  -9.661  70.209 0.0000000000
52190  -43.654  -9.387  70.424 0.0000000000
52178  -44.627  -9.331  71.508 0.0000000000
136308  -45.684  -8.336  71.582 0.0000000000
53126  -46.235  -7.813  71.801 0.0000000000
54093  -46.861  -7.189  72.054 0.0000000000
52148  -46.777  -9.580  73.543 0.0000000000
53100  -47.000  -8.726  73.355 0.0000000000
54094  -47.257  -7.222  72.776 0.0000000000
55162  -48.800  -6.136  72.992 0.0000000000
56216  -50.120  -5.664  73.382 0.0000000000
56218  -51.565  -5.510  73.511 0.0000000000
56219  -53.351  -5.750  74.068 0.0000000000
42371  -45.233  -19.285  81.894 0.0000000000
42398  -44.905  -19.164  81.238 0.0000000000
43216  -44.628  -18.808  80.678 0.0000000000
43235  -44.273  -18.320  80.104 0.0000000000
43252  -43.863  -18.082  79.351 0.0000000000
43251  -43.327  -18.077  78.528 0.0000000000
43269  -42.885  -18.165  77.811 0.0000000000
45108  -45.367  -16.090  78.641 0.0000000000
45113  -44.532  -16.086  77.802 0.0000000000
46035  -44.551  -15.425  77.347 0.0000000000
133418  -43.365  -17.074  76.836 0.0000000000
44192  -42.518  -17.486  76.324 0.0000000000
43303  -41.841  -17.654  76.019 0.0000000000
44208  -41.712  -17.565  75.249 0.0000000000
44257  -41.885  -17.117  74.226 0.0000000000
44256  -41.377  -17.382  74.035 0.0000000000
44255  -40.872  -17.390  73.511 0.0000000000
44291  -38.982  -16.819  72.092 0.0000000000
45181  -38.538  -16.466  71.273 0.0000000000
45203  -37.944  -16.436  70.514 0.0000000000
45204  -39.211  -15.886  70.846 0.0000000000
46080  -40.610  -15.562  71.520 0.0000000000
46094  -40.212  -15.141  70.765 0.0000000000
47011  -40.549  -14.662  70.328 0.0000000000
47025  -40.899  -13.999  70.056 0.0000000000
125735  -42.657  -14.209  72.523 0.0000000000
47959  -42.694  -13.507  72.191 0.0000000000
47972  -41.672  -13.797  71.309 0.0000000000
49031  -41.666  -12.300  69.963 0.0000000000
50174  -41.955  -11.657  70.071 0.0000000000
50182  -41.971  -10.972  69.859 0.0000000000
69025  -56.618  8.514  69.415 0.0000000000
69945  -56.834  9.537  69.206 0.0000000000
141120  -56.800  9.072  68.894 0.0000000000
69975  -57.427  9.274  66.621 0.0000000000
71891  -57.555  11.086  66.710 0.0000000000
70911  -57.726  10.418  66.598 0.0000000000
69976  -57.709  9.602  66.123 0.0000000000
69086  -58.400  7.676  64.626 0.0000000000
46767  -29.925  -14.904  90.285 0.0000000000
45907  -29.602  -15.254  89.929 0.0000000000
45908  -30.341  -15.160  89.759 0.0000000000
45909  -31.340  -15.605  88.894 0.0000000000
45016  -30.788  -15.838  88.393 0.0000000000
45034  -29.518  -16.293  87.382 0.0000000000
45054  -29.650  -16.499  86.472 0.0000000000
44082  -33.405  -17.159  88.526 0.0000000000
44096  -32.601  -17.228  87.387 0.0000000000
44106  -31.952  -17.154  86.689 0.0000000000
45055  -30.507  -16.620  86.209 0.0000000000
45067  -29.900  -16.635  85.628 0.0000000000
44131  -28.671  -16.951  84.453 0.0000000000
44144  -29.570  -17.478  83.197 0.0000000000
43208  -25.980  -18.590  80.896 0.0000000000
43275  -31.250  -18.302  77.016 0.0000000000
53149  -43.601  -8.359  69.186 0.0000000000
54129  -44.005  -7.593  68.639 0.0000000000
54145  -44.506  -6.926  67.964 0.0000000000
119861  -46.970  -6.305  70.800 0.0000000000
55202  -47.509  -6.357  69.376 0.0000000000
55201  -46.555  -6.420  69.147 0.0000000000
132588  -45.937  -6.494  68.921 0.0000000000
53168  -51.287  -8.823  69.118 0.0000000000
56283  -50.915  -5.827  68.052 0.0000000000
134157  -36.907  -22.036  88.014 0.0000000000
39472  -36.358  -21.874  87.360 0.0000000000
130686  -37.004  -22.069  87.197 0.0000000000
39509  -36.659  -21.800  86.024 0.0000000000
40419  -36.077  -21.388  85.459 0.0000000000
39524  -37.865  -21.397  85.558 0.0000000000
39523  -36.962  -21.506  85.485 0.0000000000
40430  -36.396  -21.092  85.016 0.0000000000
40450  -36.212  -20.802  84.370 0.0000000000
40452  -39.749  -21.302  83.823 0.0000000000
41407  -38.058  -20.220  83.745 0.0000000000
41426  -37.324  -19.894  83.285 0.0000000000
41425  -36.309  -20.124  83.038 0.0000000000
41424  -35.364  -20.119  82.506 0.0000000000
42361  -35.282  -19.577  82.022 0.0000000000
133096  -34.885  -19.395  81.599 0.0000000000
42387  -34.162  -19.207  80.449 0.0000000000
135602  -35.579  -18.584  80.782 0.0000000000
43225  -34.207  -18.947  79.732 0.0000000000
120568  -33.932  -18.845  79.180 0.0000000000
43242  -33.525  -18.624  78.677 0.0000000000
42396  -43.478  -19.646  80.782 0.0000000000
42395  -42.739  -19.632  80.540 0.0000000000
42413  -42.298  -19.280  79.806 0.0000000000
124426  -41.035  -18.171  76.952 0.0000000000
127423  -40.462  -17.974  77.544 0.0000000000
121501  -39.273  -17.737  76.722 0.0000000000
127037  -39.612  -17.752  77.911 0.0000000000
43247  -40.015  -18.158  78.448 0.0000000000
43229  -38.545  -18.328  79.423 0.0000000000
123179  -36.011  -17.813  78.698 0.0000000000
43244  -35.740  -17.749  78.020 0.0000000000
43260  -33.677  -18.455  77.832 0.0000000000
43259  -32.915  -18.234  77.453 0.0000000000
48956  -49.252  -11.681  77.929 0.0000000000
50092  -49.665  -11.241  77.637 0.0000000000
52034  -50.160  -9.759  80.029 0.0000000000
44944  -28.526  -16.987  93.702 0.0000000000
134861  -29.004  -15.075  93.597 0.0000000000
141964  -28.630  -15.435  93.005 0.0000000000
45870  -28.872  -15.038  92.377 0.0000000000
46746  -29.653  -14.399  91.835 0.0000000000
46769  -31.473  -14.347  90.502 0.0000000000
46770  -32.351  -14.589  90.742 0.0000000000
134829  -32.601  -15.208  90.346 0.0000000000
44967  -33.162  -15.956  90.578 0.0000000000
119803  -33.849  -16.636  90.869 0.0000000000
44060  -34.609  -17.553  90.173 0.0000000000
41330  -34.635  -18.944  90.263 0.0000000000
138384  -35.064  -19.253  89.765 0.0000000000
40352  -35.908  -20.641  88.918 0.0000000000
40363  -36.431  -21.391  88.752 0.0000000000
39440  -36.839  -21.811  88.667 0.0000000000
39442  -37.249  -21.738  88.979 0.0000000000
39456  -37.300  -21.986  88.508 0.0000000000
39474  -38.425  -22.145  87.215 0.0000000000
39475  -39.267  -22.010  86.741 0.0000000000
40391  -40.057  -21.470  87.265 0.0000000000
39476  -39.913  -21.904  86.682 0.0000000000
122557  -39.519  -21.910  86.109 0.0000000000
39512  -40.223  -22.023  85.738 0.0000000000
39527  -40.948  -22.310  85.370 0.0000000000
39528  -41.617  -22.468  85.338 0.0000000000
39499  -41.582  -21.898  85.947 0.0000000000
39515  -41.849  -22.247  85.638 0.0000000000
40435  -41.644  -22.399  84.824 0.0000000000
126243  -42.200  -22.076  84.375 0.0000000000
41389  -43.969  -20.835  84.532 0.0000000000
40438  -44.160  -20.889  83.977 0.0000000000
138123  -43.941  -21.010  83.496 0.0000000000
129261  -44.202  -20.632  83.011 0.0000000000
41433  -44.902  -19.694  82.915 0.0000000000
43178  -45.641  -18.373  84.333 0.0000000000
135026  -45.788  -18.656  83.834 0.0000000000
42350  -45.497  -19.198  82.714 0.0000000000
43199  -45.771  -18.618  82.128 0.0000000000
44158  -46.557  -16.985  81.806 0.0000000000
44154  -47.011  -16.856  82.651 0.0000000000
45090  -46.953  -16.486  81.224 0.0000000000
45097  -47.440  -16.004  81.089 0.0000000000
46022  -47.758  -15.033  81.334 0.0000000000
46908  -47.900  -14.774  80.843 0.0000000000
133732  -47.552  -15.083  80.540 0.0000000000
46927  -47.758  -14.546  80.254 0.0000000000
46928  -48.120  -13.888  79.947 0.0000000000
123155  -48.590  -13.253  79.683 0.0000000000
48943  -49.032  -12.295  78.604 0.0000000000
50093  -50.059  -10.803  77.316 0.0000000000
130877  -50.362  -10.369  77.183 0.0000000000
52077  -50.427  -9.284  78.569 0.0000000000
52092  -50.538  -9.326  77.773 0.0000000000
52107  -50.534  -9.658  77.156 0.0000000000
53062  -50.622  -8.758  76.926 0.0000000000
53063  -51.005  -7.880  76.749 0.0000000000
131686  -49.874  -6.311  79.295 0.0000000000
55059  -50.701  -6.339  78.451 0.0000000000
130800  -50.881  -6.987  78.006 0.0000000000
54013  -51.337  -7.367  77.161 0.0000000000
54050  -51.503  -6.995  76.424 0.0000000000
55104  -52.156  -6.168  76.072 0.0000000000
55084  -52.685  -6.119  77.146 0.0000000000
56189  -52.688  -5.690  75.440 0.0000000000
56203  -53.201  -5.651  74.877 0.0000000000
56204  -54.050  -5.898  74.707 0.0000000000
59042  -52.139  -2.671  77.995 0.0000000000
59043  -53.107  -3.372  77.635 0.0000000000
58105  -54.193  -4.627  77.609 0.0000000000
125221  -54.271  -3.416  76.836 0.0000000000
58114  -54.652  -4.328  77.043 0.0000000000
56179  -54.405  -5.494  76.557 0.0000000000
55107  -54.476  -5.770  75.523 0.0000000000
121541  -54.729  -6.229  74.449 0.0000000000
55149  -54.344  -6.504  73.670 0.0000000000
54079  -54.492  -7.097  73.016 0.0000000000
54098  -54.901  -7.326  72.489 0.0000000000
56221  -55.842  -5.400  72.930 0.0000000000
55167  -55.333  -6.687  72.616 0.0000000000
55179  -55.214  -6.971  71.943 0.0000000000
55194  -55.231  -6.389  71.166 0.0000000000
56249  -54.906  -5.855  70.463 0.0000000000
56259  -54.295  -5.308  70.102 0.0000000000
132754  -55.466  -0.598  74.418 0.0000000000
60041  -55.845  -2.133  72.846 0.0000000000
59086  -55.668  -2.845  72.327 0.0000000000
124134  -55.035  -1.523  72.569 0.0000000000
59085  -55.269  -2.381  72.142 0.0000000000
59096  -55.433  -3.213  71.973 0.0000000000
57227  -54.233  -4.462  70.492 0.0000000000
57236  -53.733  -4.836  69.876 0.0000000000
58177  -52.693  -3.795  69.651 0.0000000000
58176  -51.996  -3.468  69.308 0.0000000000
59130  -51.192  -3.319  69.022 0.0000000000
59129  -50.356  -3.026  68.517 0.0000000000
65051  -53.397  3.294  74.098 0.0000000000
65050  -53.420  2.896  73.901 0.0000000000
124586  -53.100  1.871  73.523 0.0000000000
67147  -53.066  6.318  72.727 0.0000000000
66115  -52.073  4.620  72.941 0.0000000000
66128  -51.750  4.967  71.984 0.0000000000
138380  -52.417  3.399  73.440 0.0000000000
64104  -52.494  2.487  73.311 0.0000000000
144021  -52.495  1.847  73.276 0.0000000000
62116  -51.727  0.772  72.841 0.0000000000
61041  -51.233  0.052  72.513 0.0000000000
61052  -50.552  -0.620  72.159 0.0000000000
62126  -49.873  -0.411  71.716 0.0000000000
60080  -49.872  -1.827  70.180 0.0000000000
59113  -49.713  -2.239  69.130 0.0000000000
59128  -49.516  -2.446  68.252 0.0000000000
142925  -49.170  -2.536  67.568 0.0000000000
59138  -48.553  -2.233  67.110 0.0000000000
60119  -48.229  -1.851  66.555 0.0000000000
61100  -48.337  -0.470  67.723 0.0000000000
132231  -48.142  -1.909  65.785 0.0000000000
135493  -48.232  -1.952  64.902 0.0000000000
133818  -48.477  -1.272  64.567 0.0000000000
64151  -50.140  2.365  68.019 0.0000000000
63197  -49.428  1.711  66.720 0.0000000000
64177  -49.748  2.312  65.987 0.0000000000
63209  -49.480  1.598  65.835 0.0000000000
62207  -49.166  0.878  65.696 0.0000000000
62220  -49.263  0.073  64.692 0.0000000000
61151  -48.990  -0.623  64.242 0.0000000000
69073  -55.135  7.549  66.675 0.0000000000
68140  -53.681  6.499  66.613 0.0000000000
66229  -52.974  3.912  64.620 0.0000000000
68163  -56.140  7.112  65.152 0.0000000000
141828  -55.655  6.484  64.990 0.0000000000
67247  -54.706  5.503  64.776 0.0000000000
66230  -53.558  4.396  64.672 0.0000000000
43106  -28.745  -19.748  92.242 0.0000000000
38547  -28.799  -23.540  89.970 0.0000000000
39452  -28.106  -22.735  89.214 0.0000000000
131071  -28.257  -23.349  89.314 0.0000000000
45906  -28.929  -15.486  89.919 0.0000000000
45013  -27.971  -16.407  89.234 0.0000000000
44081  -28.034  -16.678  88.309 0.0000000000
134349  -27.663  -17.133  88.879 0.0000000000
143776  -27.073  -19.966  88.138 0.0000000000
43155  -27.351  -18.082  86.208 0.0000000000
43154  -26.897  -18.931  86.774 0.0000000000
38578  -26.624  -22.882  87.532 0.0000000000
39489  -26.255  -22.649  86.808 0.0000000000
38594  -24.779  -23.931  83.885 0.0000000000
39492  -35.705  -21.672  86.681 0.0000000000
40403  -34.346  -21.356  85.941 0.0000000000
40416  -33.712  -21.288  85.418 0.0000000000
40427  -33.075  -21.156  84.898 0.0000000000
40468  -33.005  -20.659  82.718 0.0000000000
40467  -32.291  -20.714  82.602 0.0000000000
40466  -31.616  -20.751  82.510 0.0000000000
41402  -31.535  -20.552  83.112 0.0000000000
42338  -31.316  -20.312  83.334 0.0000000000
42337  -30.801  -19.989  83.012 0.0000000000
43191  -30.184  -19.419  82.673 0.0000000000
42356  -28.954  -19.823  81.159 0.0000000000
43197  -28.680  -18.731  81.444 0.0000000000
43196  -27.789  -18.335  81.071 0.0000000000
42381  -25.606  -18.965  80.266 0.0000000000
43257  -30.859  -18.972  77.263 0.0000000000
42428  -30.432  -19.879  77.560 0.0000000000
42427  -29.600  -20.201  77.276 0.0000000000
41484  -28.790  -20.866  78.149 0.0000000000
41472  -26.581  -20.279  78.431 0.0000000000
41489  -25.549  -20.878  77.654 0.0000000000
41483  -25.279  -20.431  78.307 0.0000000000
42419  -25.787  -19.990  78.749 0.0000000000
42404  -25.649  -19.471  79.444 0.0000000000
133766  -24.970  -19.567  79.768 0.0000000000
41463  -24.409  -20.233  80.264 0.0000000000
41462  -24.005  -20.971  80.372 0.0000000000
40495  -23.811  -21.576  80.049 0.0000000000
39441  -37.074  -21.838  88.919 0.0000000000
39455  -36.956  -21.936  88.533 0.0000000000
39457  -38.112  -22.108  87.990 0.0000000000
39459  -39.393  -21.858  87.401 0.0000000000
39491  -34.990  -21.477  86.523 0.0000000000
39496  -39.958  -21.973  86.107 0.0000000000
39550  -23.564  -22.466  81.253 0.0000000000
39556  -23.771  -22.336  79.713 0.0000000000
39560  -25.160  -22.588  78.015 0.0000000000
40364  -36.895  -21.578  89.157 0.0000000000
40402  -33.933  -21.130  86.009 0.0000000000
41331  -35.559  -20.049  89.834 0.0000000000
41332  -35.991  -20.394  89.995 0.0000000000
41497  -26.018  -21.030  76.918 0.0000000000
42327  -25.644  -20.142  84.202 0.0000000000
42345  -29.867  -19.841  82.209 0.0000000000
42380  -24.890  -19.406  80.637 0.0000000000
42418  -25.058  -19.830  78.970 0.0000000000
43282  -41.444  -18.014  76.505 0.0000000000
44980  -27.514  -16.869  90.451 0.0000000000
50062  -50.323  -11.058  79.045 0.0000000000
51133  -50.396  -10.520  78.574 0.0000000000
52054  -50.410  -9.892  79.253 0.0000000000
54080  -54.874  -7.019  72.973 0.0000000000
54096  -54.090  -7.938  72.482 0.0000000000
54097  -54.406  -7.676  72.574 0.0000000000
54112  -54.659  -7.729  72.008 0.0000000000
55060  -51.621  -6.285  77.878 0.0000000000
55071  -52.800  -5.964  77.341 0.0000000000
55106  -53.742  -5.669  76.132 0.0000000000
55130  -54.930  -6.158  74.678 0.0000000000
55131  -55.295  -6.351  74.182 0.0000000000
55178  -54.831  -7.250  71.460 0.0000000000
55193  -54.585  -6.862  70.773 0.0000000000
56154  -52.805  -5.684  77.883 0.0000000000
56191  -54.566  -5.723  75.840 0.0000000000
56206  -55.900  -5.746  73.706 0.0000000000
56233  -55.732  -6.065  72.835 0.0000000000
57158  -54.409  -5.141  77.258 0.0000000000
57168  -54.947  -5.149  76.591 0.0000000000
57169  -55.332  -5.213  75.856 0.0000000000
57177  -55.557  -5.080  75.155 0.0000000000
57203  -55.751  -4.651  72.263 0.0000000000
57248  -52.395  -4.121  69.083 0.0000000000
58103  -52.765  -3.713  78.049 0.0000000000
58127  -55.300  -3.535  75.364 0.0000000000
58161  -55.145  -3.581  71.535 0.0000000000
58162  -55.574  -4.098  71.833 0.0000000000
58170  -53.384  -4.176  70.038 0.0000000000
59053  -54.205  -2.682  76.166 0.0000000000
59077  -56.012  -2.777  72.803 0.0000000000
59087  -55.825  -2.627  72.534 0.0000000000
59127  -48.789  -1.868  67.925 0.0000000000
60032  -55.912  -1.913  73.478 0.0000000000
60040  -55.524  -1.228  73.533 0.0000000000
60059  -49.964  -1.148  71.706 0.0000000000
60079  -49.226  -1.204  70.331 0.0000000000
60143  -48.245  -1.212  65.377 0.0000000000
61019  -54.873  0.331  75.351 0.0000000000
61045  -54.524  -0.425  72.785 0.0000000000
61168  -50.240  -0.728  63.415 0.0000000000
62083  -53.344  1.340  76.448 0.0000000000
62118  -53.573  0.589  72.906 0.0000000000
62137  -49.507  -0.066  70.811 0.0000000000
63094  -53.617  1.871  76.497 0.0000000000
63106  -54.785  1.317  75.006 0.0000000000
63124  -55.113  0.949  73.783 0.0000000000
64071  -53.502  2.728  76.110 0.0000000000
64153  -51.144  3.172  69.104 0.0000000000
64164  -50.549  3.019  67.831 0.0000000000
65073  -51.526  4.400  71.472 0.0000000000
65119  -50.474  3.357  66.892 0.0000000000
66154  -53.331  4.578  69.137 0.0000000000
122259  -55.658  -2.215  72.524 0.0000000000
126826  -38.299  -21.150  85.077 0.0000000000
127357  -38.331  -21.647  85.937 0.0000000000
127519  -28.369  -17.417  82.792 0.0000000000
129170  -50.409  -8.498  78.082 0.0000000000
132813  -48.441  -1.172  68.170 0.0000000000
135328  -55.771  -3.238  74.356 0.0000000000
136095  -56.086  -2.995  73.462 0.0000000000
139240  -44.173  -15.674  76.499 0.0000000000
141789  -49.399  0.642  65.108 0.0000000000
142686  -24.439  -23.335  83.539 0.0000000000
142782  -53.084  3.480  73.960 0.0000000000
143965  -53.801  0.694  73.003 0.0000000000
