#!ascii label  , from subject sub-06 vox2ras=TkReg
1219
88802  -44.372  29.328  50.729 0.0000000000
86812  -56.794  26.530  39.249 0.0000000000
92928  -48.736  35.132  57.162 0.0000000000
84951  -52.760  24.731  46.831 0.0000000000
85840  -51.059  25.717  53.746 0.0000000000
90813  -53.626  32.675  47.598 0.0000000000
92230  -50.260  34.989  47.202 0.0000000000
96267  -47.331  40.339  44.098 0.0000000000
83883  -43.633  23.500  58.155 0.0000000000
121047  -48.471  27.828  48.586 0.0000000000
88172  -52.582  28.720  46.306 0.0000000000
90114  -47.923  31.786  49.131 0.0000000000
120218  -49.357  40.771  57.653 0.0000000000
93732  -52.955  36.698  54.465 0.0000000000
123014  -46.504  37.933  52.165 0.0000000000
93020  -46.158  35.281  46.494 0.0000000000
96230  -48.016  40.735  48.380 0.0000000000
88899  -56.224  29.559  37.479 0.0000000000
90101  -41.859  30.998  53.691 0.0000000000
90092  -46.118  31.696  54.557 0.0000000000
82999  -57.542  22.477  48.331 0.0000000000
144099  -51.733  25.103  50.179 0.0000000000
86714  -46.587  25.972  51.179 0.0000000000
83918  -45.281  23.012  54.531 0.0000000000
89494  -55.187  29.996  43.608 0.0000000000
143176  -53.377  33.444  40.999 0.0000000000
92202  -50.963  34.568  53.031 0.0000000000
93770  -55.548  36.569  48.303 0.0000000000
93102  -52.462  35.875  39.454 0.0000000000
91599  -48.252  34.036  39.336 0.0000000000
93834  -46.386  37.069  41.298 0.0000000000
88158  -46.409  28.896  49.647 0.0000000000
89454  -47.587  30.358  48.378 0.0000000000
89452  -45.609  30.882  49.947 0.0000000000
97365  -50.174  42.353  54.949 0.0000000000
95610  -48.423  39.768  55.136 0.0000000000
96811  -47.807  41.388  52.830 0.0000000000
96225  -46.609  40.273  50.267 0.0000000000
88243  -55.993  28.896  39.028 0.0000000000
90780  -40.774  32.498  53.408 0.0000000000
91485  -42.988  33.457  54.243 0.0000000000
86719  -51.472  26.229  51.869 0.0000000000
120124  -49.031  26.577  51.072 0.0000000000
84900  -48.771  25.077  52.885 0.0000000000
82934  -44.104  22.973  56.410 0.0000000000
84894  -40.753  24.502  52.702 0.0000000000
86689  -40.394  26.867  53.045 0.0000000000
85836  -38.975  25.507  52.878 0.0000000000
86750  -54.145  26.208  45.441 0.0000000000
89461  -52.066  31.010  47.135 0.0000000000
88827  -54.473  29.497  45.542 0.0000000000
89469  -54.406  30.931  46.183 0.0000000000
90158  -54.120  31.169  42.540 0.0000000000
91558  -54.138  33.351  44.937 0.0000000000
91478  -47.482  32.533  56.062 0.0000000000
91499  -48.378  33.303  54.037 0.0000000000
92189  -50.035  33.972  55.716 0.0000000000
93755  -51.036  36.350  51.088 0.0000000000
143637  -54.347  36.625  51.948 0.0000000000
92995  -52.871  35.820  48.256 0.0000000000
93813  -53.435  36.276  44.233 0.0000000000
92279  -51.384  34.747  43.005 0.0000000000
92325  -50.223  34.142  39.581 0.0000000000
91566  -49.815  33.611  43.243 0.0000000000
94455  -46.434  37.681  45.309 0.0000000000
93059  -46.759  35.778  42.805 0.0000000000
94474  -46.997  38.208  42.247 0.0000000000
93826  -45.071  36.984  42.187 0.0000000000
95067  -46.024  39.318  43.299 0.0000000000
86739  -50.019  26.748  47.808 0.0000000000
87480  -51.690  27.231  46.647 0.0000000000
88167  -49.551  28.852  46.957 0.0000000000
89459  -49.742  30.328  47.238 0.0000000000
90805  -50.924  32.871  48.350 0.0000000000
94372  -49.596  38.072  58.413 0.0000000000
93684  -51.954  36.245  58.045 0.0000000000
119766  -49.658  37.936  56.324 0.0000000000
133534  -49.718  36.645  53.107 0.0000000000
92972  -49.033  35.773  50.289 0.0000000000
92241  -48.091  34.369  46.831 0.0000000000
93761  -46.362  36.259  50.026 0.0000000000
95028  -45.523  38.087  48.004 0.0000000000
95648  -47.728  39.723  46.238 0.0000000000
89564  -55.368  30.771  35.815 0.0000000000
129164  -43.269  29.389  53.877 0.0000000000
130146  -44.901  30.693  52.592 0.0000000000
90090  -44.176  30.846  54.561 0.0000000000
91488  -45.626  32.779  55.280 0.0000000000
92938  -45.731  35.618  55.520 0.0000000000
94395  -44.535  37.895  55.425 0.0000000000
138297  -46.635  38.641  56.797 0.0000000000
83984  -54.450  23.091  47.264 0.0000000000
83959  -53.912  23.360  49.415 0.0000000000
84928  -51.601  24.736  48.580 0.0000000000
86733  -49.414  26.467  49.460 0.0000000000
87462  -47.566  27.173  49.991 0.0000000000
129935  -50.716  25.258  56.049 0.0000000000
84845  -46.432  24.750  58.531 0.0000000000
83897  -47.881  24.159  56.402 0.0000000000
84878  -48.023  24.246  53.927 0.0000000000
84898  -46.174  24.425  52.601 0.0000000000
88149  -43.107  27.958  51.721 0.0000000000
87542  -57.646  27.564  41.966 0.0000000000
87486  -54.576  27.923  45.308 0.0000000000
88196  -56.492  28.859  43.592 0.0000000000
88222  -56.957  28.786  41.037 0.0000000000
143220  -56.052  30.134  39.751 0.0000000000
124833  -55.396  31.329  37.989 0.0000000000
90869  -53.904  32.897  37.468 0.0000000000
90791  -47.266  32.622  51.147 0.0000000000
91513  -49.467  33.586  50.925 0.0000000000
129285  -52.204  33.751  49.502 0.0000000000
92200  -53.403  35.549  54.343 0.0000000000
92209  -53.594  35.238  51.360 0.0000000000
91527  -54.803  34.492  48.208 0.0000000000
124653  -54.515  35.841  45.176 0.0000000000
93079  -53.271  35.448  40.807 0.0000000000
92350  -52.812  35.065  36.304 0.0000000000
91563  -47.060  33.992  43.520 0.0000000000
93087  -46.647  36.038  40.164 0.0000000000
93098  -44.139  35.519  38.778 0.0000000000
92312  -42.917  35.118  40.222 0.0000000000
92276  -42.905  34.972  42.954 0.0000000000
88154  -44.949  28.928  50.178 0.0000000000
88805  -45.553  30.190  49.724 0.0000000000
89450  -45.011  30.596  50.501 0.0000000000
96794  -48.254  41.463  53.778 0.0000000000
96824  -48.661  41.765  51.433 0.0000000000
129306  -56.271  27.112  38.996 0.0000000000
86691  -51.281  26.216  53.062 0.0000000000
85851  -50.064  25.998  52.641 0.0000000000
85838  -49.656  25.292  53.129 0.0000000000
83926  -40.513  23.585  53.021 0.0000000000
141759  -39.300  24.937  52.930 0.0000000000
84952  -53.589  24.503  46.347 0.0000000000
85919  -53.840  25.380  45.841 0.0000000000
90125  -52.591  31.628  47.433 0.0000000000
89463  -53.588  30.780  46.727 0.0000000000
136969  -54.069  31.691  46.828 0.0000000000
90137  -54.468  31.606  45.570 0.0000000000
90127  -54.234  32.655  47.153 0.0000000000
92163  -48.066  33.980  56.986 0.0000000000
91479  -48.558  33.039  56.318 0.0000000000
92165  -49.845  34.183  57.300 0.0000000000
92993  -50.771  35.452  48.706 0.0000000000
92984  -52.801  35.950  49.190 0.0000000000
93006  -51.921  35.515  47.582 0.0000000000
93037  -52.110  35.456  45.742 0.0000000000
92244  -51.252  34.972  45.483 0.0000000000
91556  -50.570  34.021  43.502 0.0000000000
92258  -50.408  34.455  45.274 0.0000000000
95059  -47.437  39.152  44.256 0.0000000000
94467  -47.262  38.357  42.987 0.0000000000
95076  -47.010  39.127  43.114 0.0000000000
95075  -46.579  38.892  42.808 0.0000000000
95681  -46.618  39.406  43.199 0.0000000000
87469  -48.976  27.368  48.517 0.0000000000
87476  -50.345  27.272  47.237 0.0000000000
87471  -48.824  27.996  47.919 0.0000000000
90117  -47.556  31.080  48.745 0.0000000000
119821  -48.983  30.321  47.598 0.0000000000
123577  -48.929  31.695  48.530 0.0000000000
120687  -50.305  31.170  47.536 0.0000000000
90804  -49.318  32.261  48.849 0.0000000000
137434  -49.715  39.592  58.214 0.0000000000
94380  -50.383  38.200  58.090 0.0000000000
95001  -49.469  38.849  56.756 0.0000000000
94413  -47.294  38.166  53.444 0.0000000000
94414  -47.951  38.029  54.337 0.0000000000
125043  -48.040  37.362  53.311 0.0000000000
93743  -49.539  36.387  51.703 0.0000000000
93742  -47.629  36.600  51.623 0.0000000000
92971  -47.851  35.669  50.261 0.0000000000
93741  -46.787  36.703  51.239 0.0000000000
139244  -47.731  40.924  49.083 0.0000000000
125257  -46.280  39.382  49.019 0.0000000000
95633  -46.796  39.858  48.470 0.0000000000
95637  -46.817  39.199  47.026 0.0000000000
96240  -48.114  40.208  46.721 0.0000000000
88907  -56.214  29.837  36.567 0.0000000000
89438  -43.049  29.743  54.291 0.0000000000
89439  -43.750  29.891  54.266 0.0000000000
90089  -43.392  31.241  54.271 0.0000000000
92186  -43.513  34.779  54.675 0.0000000000
139640  -43.695  33.803  54.652 0.0000000000
92187  -44.321  34.333  55.071 0.0000000000
92175  -45.908  34.493  55.647 0.0000000000
92937  -44.751  36.009  55.181 0.0000000000
95597  -43.337  39.404  55.609 0.0000000000
94999  -45.745  38.509  56.029 0.0000000000
94984  -46.392  39.366  56.646 0.0000000000
94986  -47.526  39.359  57.676 0.0000000000
96178  -46.664  41.169  56.762 0.0000000000
83016  -56.155  22.596  46.913 0.0000000000
83007  -55.961  22.611  47.748 0.0000000000
84919  -53.795  24.086  50.876 0.0000000000
83949  -52.623  24.011  49.844 0.0000000000
83958  -52.946  23.721  49.043 0.0000000000
84925  -51.615  24.840  49.493 0.0000000000
136078  -50.605  25.654  48.687 0.0000000000
85887  -50.540  25.674  49.493 0.0000000000
86716  -48.209  26.476  51.179 0.0000000000
86728  -48.585  26.770  50.520 0.0000000000
129310  -47.081  26.867  50.415 0.0000000000
83878  -44.787  24.296  58.557 0.0000000000
83895  -45.945  23.394  56.189 0.0000000000
83905  -46.624  23.384  55.443 0.0000000000
83906  -47.542  23.824  55.533 0.0000000000
83931  -46.880  23.811  53.966 0.0000000000
84890  -47.470  24.314  53.460 0.0000000000
83941  -45.830  23.783  53.120 0.0000000000
88148  -42.651  27.840  52.280 0.0000000000
87451  -41.647  27.477  52.901 0.0000000000
86807  -57.694  26.019  41.307 0.0000000000
120515  -51.980  28.027  46.354 0.0000000000
87482  -53.351  27.635  46.060 0.0000000000
88173  -53.350  28.493  46.146 0.0000000000
89486  -54.982  29.975  44.491 0.0000000000
88837  -55.097  29.299  44.887 0.0000000000
126198  -55.718  29.494  44.127 0.0000000000
88855  -56.730  29.126  42.555 0.0000000000
88854  -56.127  29.582  42.082 0.0000000000
128085  -56.446  29.334  40.493 0.0000000000
89510  -55.557  30.033  41.554 0.0000000000
90157  -53.610  31.872  42.003 0.0000000000
90172  -54.371  30.977  40.482 0.0000000000
90171  -53.896  31.636  39.970 0.0000000000
90870  -54.628  32.073  37.862 0.0000000000
141351  -53.658  32.865  38.484 0.0000000000
90104  -46.123  31.648  53.603 0.0000000000
124495  -46.002  31.825  52.410 0.0000000000
90786  -46.677  32.325  52.815 0.0000000000
91504  -49.852  34.195  52.910 0.0000000000
91508  -48.666  33.590  51.646 0.0000000000
120083  -50.247  33.944  51.262 0.0000000000
91514  -50.770  33.809  50.606 0.0000000000
91515  -51.783  34.201  50.854 0.0000000000
93707  -52.884  36.499  56.474 0.0000000000
92941  -53.147  35.635  56.521 0.0000000000
92943  -53.908  36.102  54.717 0.0000000000
93759  -54.278  36.361  50.262 0.0000000000
92976  -54.315  36.316  51.217 0.0000000000
92216  -54.608  35.870  50.015 0.0000000000
92215  -54.153  34.988  49.857 0.0000000000
92222  -55.079  35.276  48.763 0.0000000000
92245  -54.979  35.228  46.718 0.0000000000
93025  -55.672  36.481  46.998 0.0000000000
93068  -52.481  35.727  42.025 0.0000000000
120308  -53.164  35.624  42.090 0.0000000000
93090  -53.008  35.849  40.450 0.0000000000
93104  -53.120  35.679  38.946 0.0000000000
93115  -52.409  35.578  37.664 0.0000000000
93138  -51.816  35.377  35.650 0.0000000000
92349  -51.534  35.389  37.257 0.0000000000
91600  -49.113  33.799  39.455 0.0000000000
120940  -49.108  34.436  37.914 0.0000000000
92240  -47.206  34.431  46.740 0.0000000000
91544  -47.977  33.674  44.923 0.0000000000
92254  -46.658  34.186  45.258 0.0000000000
93067  -47.064  37.115  41.603 0.0000000000
123671  -46.770  36.057  41.887 0.0000000000
93840  -46.402  36.534  40.840 0.0000000000
93099  -45.946  36.347  39.222 0.0000000000
93086  -45.898  36.484  39.939 0.0000000000
93084  -43.684  35.387  39.684 0.0000000000
128510  -44.796  36.145  40.901 0.0000000000
93820  -44.754  37.059  43.054 0.0000000000
93058  -44.208  36.239  42.846 0.0000000000
93057  -43.461  35.557  43.399 0.0000000000
93056  -42.596  35.198  43.705 0.0000000000
88159  -47.165  28.471  49.376 0.0000000000
88810  -47.977  29.153  47.960 0.0000000000
127082  -46.942  29.315  49.054 0.0000000000
90116  -46.831  30.888  49.011 0.0000000000
121960  -47.155  31.570  49.324 0.0000000000
95000  -49.150  39.558  56.417 0.0000000000
96778  -48.632  41.270  54.713 0.0000000000
96218  -47.737  40.975  53.586 0.0000000000
95622  -46.632  39.492  52.643 0.0000000000
95023  -45.943  38.404  51.562 0.0000000000
96222  -46.659  40.521  51.254 0.0000000000
96828  -47.564  41.207  50.438 0.0000000000
88248  -56.249  29.325  38.234 0.0000000000
90781  -41.615  32.044  53.537 0.0000000000
90782  -42.490  31.656  53.850 0.0000000000
91497  -41.493  32.925  53.595 0.0000000000
85868  -51.112  26.144  51.276 0.0000000000
85883  -50.627  25.943  50.453 0.0000000000
86718  -50.349  26.355  51.326 0.0000000000
85867  -48.698  26.099  51.732 0.0000000000
85848  -47.469  25.228  52.195 0.0000000000
83893  -43.781  23.283  57.320 0.0000000000
124152  -43.602  22.607  55.109 0.0000000000
85846  -41.101  25.246  52.504 0.0000000000
86701  -40.951  26.127  52.770 0.0000000000
129176  -40.207  26.039  52.817 0.0000000000
86688  -39.449  26.335  52.912 0.0000000000
89468  -52.514  30.324  46.820 0.0000000000
88822  -53.329  29.259  46.343 0.0000000000
121452  -53.265  29.934  46.601 0.0000000000
89475  -54.537  30.159  45.726 0.0000000000
129343  -54.622  30.598  44.070 0.0000000000
89493  -54.652  30.544  43.075 0.0000000000
90144  -54.364  31.425  44.540 0.0000000000
90839  -53.886  32.207  43.945 0.0000000000
90838  -53.585  33.215  43.360 0.0000000000
90764  -46.888  32.262  55.611 0.0000000000
90784  -47.695  32.677  54.056 0.0000000000
136968  -48.098  32.576  55.043 0.0000000000
91490  -49.356  33.570  55.276 0.0000000000
92199  -51.060  34.626  54.240 0.0000000000
93737  -52.078  36.718  52.663 0.0000000000
123092  -54.111  37.013  52.944 0.0000000000
93746  -53.366  36.759  51.504 0.0000000000
93762  -53.720  36.544  49.895 0.0000000000
93768  -54.736  36.999  48.573 0.0000000000
121297  -54.999  37.231  46.162 0.0000000000
93793  -53.822  36.778  45.706 0.0000000000
93050  -52.666  35.979  44.112 0.0000000000
92291  -51.849  35.378  42.275 0.0000000000
92326  -51.464  35.218  39.243 0.0000000000
92303  -51.290  34.605  42.026 0.0000000000
91583  -49.624  33.431  41.337 0.0000000000
91573  -48.905  33.389  42.049 0.0000000000
94454  -45.884  36.726  45.926 0.0000000000
124799  -46.500  36.241  44.264 0.0000000000
142115  -46.850  36.913  43.819 0.0000000000
93821  -47.299  37.714  42.422 0.0000000000
94479  -46.949  37.690  41.631 0.0000000000
93833  -45.250  36.716  41.449 0.0000000000
94473  -46.646  37.993  41.897 0.0000000000
94465  -45.358  37.839  43.141 0.0000000000
94459  -44.784  38.167  43.977 0.0000000000
131522  -51.282  25.950  47.562 0.0000000000
86743  -52.272  26.471  46.652 0.0000000000
87477  -51.008  27.057  46.945 0.0000000000
87479  -50.960  27.907  46.632 0.0000000000
88170  -50.462  28.848  46.635 0.0000000000
88814  -48.477  29.664  47.632 0.0000000000
88818  -50.026  29.628  46.794 0.0000000000
88819  -50.957  29.673  46.624 0.0000000000
89460  -51.197  31.055  47.216 0.0000000000
90124  -51.735  31.689  47.471 0.0000000000
90812  -52.238  32.333  47.780 0.0000000000
94371  -48.765  37.553  58.044 0.0000000000
92918  -50.457  35.668  58.339 0.0000000000
93682  -50.566  36.803  58.457 0.0000000000
94381  -51.154  37.407  57.786 0.0000000000
93722  -51.133  36.720  55.412 0.0000000000
94407  -48.684  37.952  55.367 0.0000000000
94408  -49.362  37.332  55.066 0.0000000000
93731  -50.667  36.734  53.913 0.0000000000
140752  -50.137  36.595  52.263 0.0000000000
92973  -50.265  35.880  50.321 0.0000000000
92992  -49.684  35.479  48.908 0.0000000000
92229  -49.414  34.855  47.444 0.0000000000
92991  -48.677  35.379  48.841 0.0000000000
92218  -47.274  34.987  48.157 0.0000000000
138099  -45.874  35.857  47.763 0.0000000000
95025  -45.597  38.247  50.128 0.0000000000
94426  -45.605  37.008  49.179 0.0000000000
93792  -45.570  36.793  46.895 0.0000000000
95036  -45.914  38.133  47.053 0.0000000000
144725  -46.868  38.824  45.787 0.0000000000
143331  -47.728  40.081  44.935 0.0000000000
88796  -44.021  29.719  52.750 0.0000000000
89445  -44.425  30.163  52.098 0.0000000000
89443  -44.411  30.153  53.234 0.0000000000
89441  -44.912  30.591  53.765 0.0000000000
121627  -45.395  31.431  54.781 0.0000000000
90772  -43.984  31.716  54.626 0.0000000000
145266  -44.517  32.113  54.867 0.0000000000
90774  -46.116  31.994  55.158 0.0000000000
90763  -46.351  32.569  55.554 0.0000000000
92176  -46.674  33.836  56.193 0.0000000000
92940  -47.427  35.272  56.438 0.0000000000
138329  -44.444  37.030  55.167 0.0000000000
93703  -45.500  36.622  55.503 0.0000000000
120625  -46.180  37.131  55.991 0.0000000000
93688  -47.958  36.959  57.169 0.0000000000
94378  -48.086  38.046  57.914 0.0000000000
95581  -48.894  39.655  58.362 0.0000000000
125231  -49.040  40.870  57.989 0.0000000000
83994  -54.825  23.368  46.303 0.0000000000
84938  -53.155  23.951  47.091 0.0000000000
83961  -55.780  23.439  49.811 0.0000000000
121041  -55.413  22.982  49.079 0.0000000000
83969  -54.489  23.039  48.791 0.0000000000
83982  -52.938  23.667  47.961 0.0000000000
84936  -51.915  24.614  47.863 0.0000000000
85895  -50.873  25.761  48.030 0.0000000000
86735  -49.553  26.688  48.541 0.0000000000
144825  -49.056  26.939  49.129 0.0000000000
86729  -49.282  26.529  50.268 0.0000000000
86732  -48.856  26.853  49.797 0.0000000000
139406  -47.924  27.458  49.578 0.0000000000
87466  -46.495  27.879  49.842 0.0000000000
84854  -48.292  24.698  58.062 0.0000000000
137970  -45.309  23.574  56.789 0.0000000000
142874  -47.395  24.261  57.132 0.0000000000
130994  -48.147  24.428  57.294 0.0000000000
125019  -49.407  24.607  55.934 0.0000000000
84871  -49.361  24.558  55.088 0.0000000000
84892  -49.507  24.748  53.861 0.0000000000
84891  -48.329  24.573  53.413 0.0000000000
124122  -47.046  24.640  52.726 0.0000000000
84908  -46.621  25.016  52.083 0.0000000000
138068  -43.952  28.846  51.110 0.0000000000
88146  -42.926  28.457  52.464 0.0000000000
88794  -42.740  28.888  53.269 0.0000000000
88790  -41.761  29.354  53.745 0.0000000000
89436  -40.996  30.669  53.527 0.0000000000
85962  -57.896  25.405  40.440 0.0000000000
86806  -57.517  26.704  40.507 0.0000000000
145259  -57.212  26.992  39.676 0.0000000000
86744  -53.030  26.772  46.209 0.0000000000
125477  -54.461  27.071  45.286 0.0000000000
88177  -54.523  28.733  45.367 0.0000000000
88178  -55.201  28.435  44.903 0.0000000000
88185  -56.433  28.206  44.127 0.0000000000
123133  -57.206  28.531  42.843 0.0000000000
88223  -57.485  28.213  41.497 0.0000000000
88235  -57.208  28.258  40.520 0.0000000000
88234  -56.548  28.854  40.092 0.0000000000
88882  -56.256  29.590  39.450 0.0000000000
89533  -56.569  30.009  38.622 0.0000000000
89509  -54.969  30.468  41.001 0.0000000000
89532  -55.729  30.815  38.684 0.0000000000
89543  -56.452  30.187  37.176 0.0000000000
90192  -55.622  31.350  37.036 0.0000000000
90890  -54.828  32.050  35.680 0.0000000000
90889  -54.061  32.672  35.415 0.0000000000
130145  -45.407  31.219  50.843 0.0000000000
90794  -46.652  32.149  50.803 0.0000000000
144650  -47.243  32.373  50.430 0.0000000000
91502  -47.958  33.323  52.339 0.0000000000
91507  -47.870  33.220  51.358 0.0000000000
90796  -48.383  32.807  49.985 0.0000000000
90801  -49.798  32.964  49.415 0.0000000000
91524  -51.386  33.372  49.110 0.0000000000
91525  -52.765  33.649  48.843 0.0000000000
92166  -50.890  34.278  57.142 0.0000000000
92191  -52.131  35.266  54.900 0.0000000000
123810  -52.015  35.139  53.716 0.0000000000
92965  -54.561  36.406  53.076 0.0000000000
145480  -53.804  35.392  52.834 0.0000000000
92208  -52.114  34.559  51.752 0.0000000000
91516  -52.458  34.258  50.259 0.0000000000
91522  -53.738  34.256  49.066 0.0000000000
91530  -54.219  33.539  47.842 0.0000000000
132300  -54.592  33.742  47.363 0.0000000000
91567  -53.668  34.641  43.132 0.0000000000
93051  -54.147  36.168  44.386 0.0000000000
92292  -53.466  35.352  42.591 0.0000000000
121118  -53.436  34.498  40.922 0.0000000000
125112  -53.319  33.955  38.227 0.0000000000
91614  -53.423  33.715  36.286 0.0000000000
92348  -50.582  35.056  37.033 0.0000000000
92256  -48.719  33.947  45.461 0.0000000000
91565  -48.818  33.533  43.438 0.0000000000
91581  -47.649  33.832  41.309 0.0000000000
92277  -46.564  34.585  43.583 0.0000000000
92302  -47.161  34.577  40.981 0.0000000000
92314  -47.200  34.919  40.065 0.0000000000
93101  -46.777  35.567  38.594 0.0000000000
123559  -44.840  35.848  37.439 0.0000000000
93122  -43.430  35.090  37.116 0.0000000000
93075  -44.302  35.735  41.574 0.0000000000
128942  -43.505  35.108  41.612 0.0000000000
126103  -47.164  41.138  44.226 0.0000000000
122546  -46.492  41.246  44.045 0.0000000000
96265  -45.419  40.337  44.117 0.0000000000
139726  -44.579  39.175  44.546 0.0000000000
95672  -43.740  39.217  44.804 0.0000000000
88803  -44.913  29.905  50.184 0.0000000000
89449  -44.483  30.102  51.003 0.0000000000
87557  -56.762  27.610  39.397 0.0000000000
86692  -51.811  26.210  53.688 0.0000000000
120872  -52.073  26.405  53.077 0.0000000000
137202  -50.518  25.838  53.132 0.0000000000
85839  -50.267  25.212  53.788 0.0000000000
82970  -40.000  22.928  53.501 0.0000000000
85906  -53.148  25.394  46.348 0.0000000000
124924  -52.998  32.197  47.672 0.0000000000
90126  -53.439  31.706  47.236 0.0000000000
144236  -53.903  32.140  47.214 0.0000000000
92164  -48.995  34.012  57.162 0.0000000000
92994  -51.799  35.613  48.484 0.0000000000
93005  -50.970  35.281  47.839 0.0000000000
138051  -51.400  35.142  46.222 0.0000000000
92243  -50.504  34.820  46.241 0.0000000000
95676  -47.235  39.635  43.729 0.0000000000
95069  -47.280  39.226  43.604 0.0000000000
95675  -46.830  39.982  43.472 0.0000000000
88163  -48.219  28.430  48.243 0.0000000000
90118  -48.314  31.414  48.627 0.0000000000
90115  -48.616  32.016  48.996 0.0000000000
95601  -49.833  39.998  57.811 0.0000000000
139889  -46.793  38.254  52.783 0.0000000000
94416  -47.210  37.661  52.656 0.0000000000
94417  -47.846  36.970  52.360 0.0000000000
94421  -47.032  37.261  51.887 0.0000000000
96229  -47.290  40.468  48.783 0.0000000000
95634  -47.580  40.121  47.801 0.0000000000
96233  -48.439  40.638  47.576 0.0000000000
128698  -55.417  29.030  38.513 0.0000000000
122850  -55.704  29.443  37.320 0.0000000000
141605  -42.400  30.138  54.094 0.0000000000
90102  -42.830  30.642  54.148 0.0000000000
134558  -44.079  35.366  55.049 0.0000000000
92174  -44.917  34.947  55.447 0.0000000000
95587  -46.069  40.216  56.331 0.0000000000
83009  -57.745  22.189  47.452 0.0000000000
83008  -56.821  22.476  47.607 0.0000000000
143031  -56.629  22.614  48.264 0.0000000000
129664  -52.144  24.530  50.060 0.0000000000
85888  -51.181  25.390  49.886 0.0000000000
86715  -47.292  26.334  51.090 0.0000000000
86726  -46.483  26.438  50.672 0.0000000000
85881  -45.916  25.922  50.918 0.0000000000
83904  -45.713  23.078  55.309 0.0000000000
121235  -46.251  23.301  54.484 0.0000000000
133493  -46.250  23.600  53.712 0.0000000000
83930  -45.575  23.336  53.793 0.0000000000
86703  -42.340  26.644  51.948 0.0000000000
87452  -42.214  27.341  52.422 0.0000000000
86702  -41.678  26.622  52.507 0.0000000000
87519  -57.440  27.392  43.330 0.0000000000
88171  -51.575  28.935  46.410 0.0000000000
139987  -52.769  28.053  46.265 0.0000000000
88844  -55.939  29.505  43.116 0.0000000000
89501  -55.334  29.994  42.600 0.0000000000
90850  -53.394  32.691  41.473 0.0000000000
90164  -53.666  31.696  40.994 0.0000000000
90855  -53.430  32.543  40.520 0.0000000000
90861  -53.596  32.543  39.422 0.0000000000
90783  -46.909  32.107  54.056 0.0000000000
92207  -50.482  34.347  52.067 0.0000000000
91510  -51.101  34.277  51.427 0.0000000000
122171  -51.311  34.537  52.156 0.0000000000
124445  -53.211  36.514  55.423 0.0000000000
93708  -53.467  36.232  55.675 0.0000000000
93724  -53.642  36.387  54.695 0.0000000000
93764  -54.867  36.626  49.259 0.0000000000
92985  -54.978  36.267  49.483 0.0000000000
123736  -54.983  35.639  49.383 0.0000000000
92223  -55.478  36.007  48.782 0.0000000000
93008  -55.683  36.154  47.838 0.0000000000
93783  -55.649  36.795  47.498 0.0000000000
93089  -52.625  35.878  40.274 0.0000000000
93077  -52.643  35.746  41.169 0.0000000000
93116  -52.785  35.791  38.779 0.0000000000
136662  -52.259  35.784  38.662 0.0000000000
91608  -48.734  34.145  38.714 0.0000000000
92324  -48.068  34.458  38.743 0.0000000000
92334  -47.566  35.006  38.314 0.0000000000
92239  -46.587  34.754  46.671 0.0000000000
144075  -46.843  34.375  46.097 0.0000000000
131509  -46.426  34.795  45.916 0.0000000000
93835  -46.912  37.206  41.471 0.0000000000
93839  -45.697  36.553  40.757 0.0000000000
93085  -44.902  35.919  40.148 0.0000000000
93812  -44.225  37.294  43.997 0.0000000000
93819  -43.859  36.383  43.721 0.0000000000
123442  -46.212  29.789  49.358 0.0000000000
89453  -46.202  30.546  49.356 0.0000000000
90113  -46.399  31.276  49.587 0.0000000000
96201  -48.915  40.824  55.638 0.0000000000
96212  -47.200  40.285  53.197 0.0000000000
96810  -47.278  40.804  52.742 0.0000000000
96220  -46.772  40.348  52.255 0.0000000000
96822  -47.133  41.061  52.002 0.0000000000
96825  -49.356  41.815  50.570 0.0000000000
132329  -47.851  41.486  51.052 0.0000000000
96833  -48.791  41.413  49.677 0.0000000000
87556  -56.028  27.994  39.222 0.0000000000
86720  -52.108  25.989  52.126 0.0000000000
119826  -50.882  26.423  51.925 0.0000000000
85850  -49.298  25.799  52.346 0.0000000000
85849  -48.334  25.465  52.274 0.0000000000
83937  -41.832  23.788  52.490 0.0000000000
83936  -41.189  23.903  52.726 0.0000000000
84895  -41.438  24.502  52.416 0.0000000000
85845  -40.443  25.324  52.741 0.0000000000
85837  -39.727  25.455  52.849 0.0000000000
89485  -54.627  30.602  45.154 0.0000000000
90824  -54.356  32.646  45.755 0.0000000000
90832  -54.190  32.337  44.864 0.0000000000
90831  -53.825  32.979  44.252 0.0000000000
90765  -47.474  32.314  55.459 0.0000000000
90766  -48.067  32.545  55.894 0.0000000000
91480  -49.417  33.529  56.275 0.0000000000
91489  -48.682  32.942  55.695 0.0000000000
92198  -50.102  34.243  54.748 0.0000000000
93745  -52.186  36.637  51.731 0.0000000000
93738  -53.282  36.971  52.381 0.0000000000
93756  -52.351  36.534  50.855 0.0000000000
93767  -53.819  36.474  48.972 0.0000000000
92996  -53.819  36.590  47.918 0.0000000000
93024  -53.777  36.800  46.760 0.0000000000
93049  -52.004  35.396  44.809 0.0000000000
127153  -51.855  35.373  43.818 0.0000000000
93060  -52.349  35.614  42.886 0.0000000000
144313  -50.060  33.757  43.829 0.0000000000
91575  -50.626  33.929  42.629 0.0000000000
91574  -49.807  33.517  42.290 0.0000000000
138515  -49.136  33.464  42.770 0.0000000000
93804  -46.540  37.028  44.574 0.0000000000
93828  -47.144  37.563  41.804 0.0000000000
94466  -46.363  38.368  42.412 0.0000000000
95074  -45.786  38.672  43.150 0.0000000000
95066  -45.183  38.861  44.077 0.0000000000
86740  -50.730  26.471  47.542 0.0000000000
86741  -51.474  26.500  47.075 0.0000000000
88168  -49.968  28.071  46.972 0.0000000000
88809  -47.436  29.622  48.410 0.0000000000
88813  -47.922  29.825  48.009 0.0000000000
89466  -50.592  30.373  46.974 0.0000000000
90120  -50.511  32.169  47.878 0.0000000000
140947  -50.996  31.745  47.495 0.0000000000
90811  -51.349  32.379  47.807 0.0000000000
93681  -49.597  37.192  58.242 0.0000000000
94373  -50.304  37.901  58.329 0.0000000000
94398  -50.202  38.555  57.640 0.0000000000
94399  -50.593  37.805  57.257 0.0000000000
93706  -51.112  36.994  56.639 0.0000000000
93721  -50.280  37.238  55.845 0.0000000000
95011  -48.452  38.739  55.316 0.0000000000
93729  -48.887  36.846  53.507 0.0000000000
123039  -48.638  37.334  54.260 0.0000000000
93730  -49.519  36.845  54.089 0.0000000000
119865  -50.224  36.855  54.765 0.0000000000
93736  -50.909  36.710  52.908 0.0000000000
93753  -48.943  36.050  51.205 0.0000000000
93754  -49.849  36.137  51.028 0.0000000000
136119  -49.708  35.682  49.680 0.0000000000
92981  -49.071  35.633  49.411 0.0000000000
92970  -46.982  35.769  50.215 0.0000000000
92979  -47.344  35.465  49.569 0.0000000000
92978  -46.621  35.733  49.467 0.0000000000
92989  -46.528  35.305  48.019 0.0000000000
92988  -46.239  35.775  48.663 0.0000000000
95627  -46.176  39.708  50.817 0.0000000000
95022  -45.699  38.524  50.840 0.0000000000
95626  -45.839  38.967  50.442 0.0000000000
95632  -45.882  38.708  48.597 0.0000000000
139839  -45.507  37.960  49.100 0.0000000000
94428  -45.478  37.264  48.316 0.0000000000
94436  -45.533  37.426  47.398 0.0000000000
94446  -45.880  37.479  46.459 0.0000000000
95647  -47.195  39.265  46.204 0.0000000000
125418  -47.623  39.620  45.511 0.0000000000
135662  -47.975  40.146  45.700 0.0000000000
88905  -55.215  29.808  36.691 0.0000000000
89563  -54.584  31.038  35.347 0.0000000000
88795  -43.441  29.189  52.822 0.0000000000
88792  -43.876  29.694  53.670 0.0000000000
89428  -44.151  30.335  54.432 0.0000000000
89440  -44.298  30.197  54.118 0.0000000000
89429  -44.732  30.778  54.475 0.0000000000
90103  -45.476  31.121  54.195 0.0000000000
90091  -44.724  31.359  54.832 0.0000000000
90771  -43.028  32.380  54.095 0.0000000000
91487  -44.655  33.109  54.912 0.0000000000
90773  -45.211  31.982  55.074 0.0000000000
92939  -46.770  35.166  55.891 0.0000000000
92162  -47.333  34.304  56.563 0.0000000000
94997  -43.745  38.449  55.553 0.0000000000
93702  -43.351  37.006  55.511 0.0000000000
94397  -46.396  37.876  56.381 0.0000000000
93704  -47.032  37.259  56.783 0.0000000000
94985  -47.286  38.318  57.331 0.0000000000
95588  -47.150  40.305  57.247 0.0000000000
95589  -48.520  40.367  58.066 0.0000000000
96179  -48.024  41.220  57.442 0.0000000000
83024  -57.422  22.797  45.889 0.0000000000
83015  -55.275  22.759  47.068 0.0000000000
83995  -55.653  22.951  46.343 0.0000000000
83993  -53.940  23.667  46.731 0.0000000000
83983  -53.686  23.395  47.563 0.0000000000
83951  -54.311  23.611  50.267 0.0000000000
83952  -55.278  23.748  50.315 0.0000000000
83960  -54.849  23.272  49.656 0.0000000000
84926  -52.130  24.239  49.230 0.0000000000
84929  -52.270  24.144  48.335 0.0000000000
84937  -52.465  24.288  47.518 0.0000000000
85896  -51.467  25.242  47.824 0.0000000000
141854  -51.135  25.327  48.433 0.0000000000
85891  -49.982  26.026  49.037 0.0000000000
86730  -49.812  26.392  50.746 0.0000000000
86727  -47.828  26.828  50.578 0.0000000000
87463  -48.224  27.060  49.967 0.0000000000
87467  -47.355  27.714  49.623 0.0000000000
138798  -46.973  27.322  49.980 0.0000000000
84872  -50.226  24.940  55.394 0.0000000000
119968  -47.909  25.093  58.631 0.0000000000
84853  -47.432  24.637  58.050 0.0000000000
83894  -44.586  23.474  57.025 0.0000000000
83896  -46.887  23.772  56.477 0.0000000000
84863  -48.751  24.434  56.559 0.0000000000
140103  -48.038  24.109  54.661 0.0000000000
83907  -48.533  24.293  55.548 0.0000000000
84870  -48.799  24.327  54.740 0.0000000000
84880  -49.271  24.530  54.440 0.0000000000
84879  -48.742  24.382  54.039 0.0000000000
83942  -46.611  24.082  53.261 0.0000000000
84907  -45.744  24.816  51.902 0.0000000000
87456  -43.286  27.311  51.191 0.0000000000
87458  -43.885  27.283  50.652 0.0000000000
88152  -43.691  28.090  50.972 0.0000000000
88798  -43.479  28.693  51.754 0.0000000000
88145  -42.251  28.152  52.875 0.0000000000
86690  -41.158  26.939  52.936 0.0000000000
87445  -40.292  27.665  53.319 0.0000000000
88140  -40.220  29.418  53.673 0.0000000000
88789  -40.998  29.843  53.681 0.0000000000
120423  -40.283  30.283  53.525 0.0000000000
85970  -58.200  24.429  39.961 0.0000000000
85955  -58.188  25.195  41.583 0.0000000000
86800  -57.614  26.827  41.630 0.0000000000
87550  -57.531  27.597  41.033 0.0000000000
138742  -52.878  26.073  46.402 0.0000000000
87485  -54.021  27.557  45.668 0.0000000000
130930  -53.721  26.904  45.764 0.0000000000
88826  -53.949  29.024  45.901 0.0000000000
88184  -55.898  28.835  44.449 0.0000000000
87487  -55.822  28.164  44.554 0.0000000000
88197  -57.057  28.083  43.525 0.0000000000
88210  -57.276  28.749  41.993 0.0000000000
88245  -56.792  28.314  39.750 0.0000000000
88881  -56.251  29.865  39.763 0.0000000000
125211  -56.301  30.295  39.090 0.0000000000
89500  -54.710  30.453  42.057 0.0000000000
90165  -54.129  31.005  41.521 0.0000000000
125881  -54.765  31.072  39.581 0.0000000000
90193  -56.128  30.740  37.531 0.0000000000
90205  -56.096  30.524  36.557 0.0000000000
90877  -54.827  32.028  36.664 0.0000000000
90876  -54.096  32.860  36.404 0.0000000000
89446  -44.861  30.728  51.419 0.0000000000
90107  -45.397  31.285  51.920 0.0000000000
90790  -46.602  32.337  51.750 0.0000000000
90108  -45.990  31.788  51.328 0.0000000000
129687  -47.404  32.778  53.087 0.0000000000
142490  -48.003  33.231  53.257 0.0000000000
91512  -48.519  33.309  50.713 0.0000000000
91518  -49.174  33.145  50.113 0.0000000000
121219  -49.986  33.443  50.246 0.0000000000
91520  -51.533  33.796  50.008 0.0000000000
91519  -50.647  33.458  49.710 0.0000000000
142909  -52.080  33.394  48.984 0.0000000000
92919  -51.239  35.671  58.304 0.0000000000
92155  -51.165  34.804  57.753 0.0000000000
92920  -51.977  35.568  57.813 0.0000000000
92954  -53.292  35.619  55.536 0.0000000000
92178  -52.377  35.066  56.085 0.0000000000
123684  -54.172  36.841  52.125 0.0000000000
93734  -54.353  36.593  53.336 0.0000000000
93739  -54.420  36.686  52.600 0.0000000000
92212  -54.142  35.748  50.997 0.0000000000
92967  -54.353  35.803  51.797 0.0000000000
92963  -53.789  35.353  52.135 0.0000000000
120799  -52.879  35.143  52.368 0.0000000000
129510  -52.961  34.985  51.726 0.0000000000
92211  -52.728  34.619  51.088 0.0000000000
92214  -53.537  34.893  50.545 0.0000000000
92221  -54.591  34.843  49.131 0.0000000000
90808  -53.597  33.550  48.307 0.0000000000
91526  -54.224  34.148  48.514 0.0000000000
140837  -54.804  35.767  46.074 0.0000000000
92259  -54.661  34.870  45.885 0.0000000000
92269  -54.318  34.659  44.824 0.0000000000
92268  -54.049  35.184  43.834 0.0000000000
93806  -54.477  36.846  45.534 0.0000000000
93807  -55.026  37.056  45.869 0.0000000000
93814  -53.966  36.377  44.510 0.0000000000
143702  -53.202  35.532  41.479 0.0000000000
93070  -53.332  35.646  42.967 0.0000000000
92305  -53.435  35.153  41.696 0.0000000000
92317  -53.449  34.873  40.009 0.0000000000
92327  -53.377  35.094  39.060 0.0000000000
92351  -53.164  34.899  37.025 0.0000000000
92362  -53.028  34.449  36.138 0.0000000000
91621  -53.142  33.602  35.463 0.0000000000
92375  -52.394  34.653  34.928 0.0000000000
124476  -51.007  34.686  40.135 0.0000000000
92337  -50.640  34.634  38.560 0.0000000000
92346  -48.544  34.866  37.162 0.0000000000
92358  -48.722  35.197  36.034 0.0000000000
123093  -48.893  34.552  46.963 0.0000000000
120623  -48.752  34.311  46.270 0.0000000000
91553  -47.480  33.688  44.236 0.0000000000
91554  -48.374  33.600  44.166 0.0000000000
91564  -47.859  33.609  43.476 0.0000000000
121415  -48.336  33.503  42.757 0.0000000000
91572  -47.470  33.860  42.712 0.0000000000
93048  -46.457  35.492  43.848 0.0000000000
92313  -46.889  35.554  40.668 0.0000000000
92301  -46.791  35.267  41.492 0.0000000000
93088  -46.871  35.516  39.424 0.0000000000
93100  -46.357  36.097  39.299 0.0000000000
93112  -45.218  35.939  38.383 0.0000000000
93111  -44.149  35.489  37.722 0.0000000000
93110  -43.155  35.121  37.904 0.0000000000
92322  -42.325  35.249  39.380 0.0000000000
92300  -42.708  34.949  40.961 0.0000000000
93066  -44.468  36.215  42.098 0.0000000000
93065  -43.731  35.354  42.438 0.0000000000
92288  -42.519  34.802  41.989 0.0000000000
96874  -45.877  41.892  44.400 0.0000000000
133334  -46.322  40.599  43.719 0.0000000000
128071  -45.492  41.193  44.242 0.0000000000
129079  -44.385  39.945  44.658 0.0000000000
88157  -45.608  29.369  49.834 0.0000000000
139740  -45.238  30.417  50.052 0.0000000000
96795  -49.056  41.856  54.385 0.0000000000
135628  -48.552  41.803  53.449 0.0000000000
96823  -47.801  41.509  51.816 0.0000000000
142218  -49.305  42.093  51.386 0.0000000000
97406  -50.171  42.279  50.688 0.0000000000
128661  -56.330  28.458  39.447 0.0000000000
125423  -39.874  33.674  53.559 0.0000000000
91496  -40.714  33.524  53.488 0.0000000000
86706  -51.513  26.293  52.495 0.0000000000
86705  -50.738  26.304  52.515 0.0000000000
84889  -39.909  24.520  52.889 0.0000000000
84963  -54.863  23.966  45.552 0.0000000000
84962  -54.317  24.630  45.739 0.0000000000
89462  -52.883  31.044  47.128 0.0000000000
90130  -54.449  32.035  46.428 0.0000000000
90817  -54.439  33.112  46.579 0.0000000000
91466  -47.521  33.245  56.518 0.0000000000
142830  -48.014  32.761  56.380 0.0000000000
91467  -48.373  33.282  56.753 0.0000000000
91468  -49.194  33.613  56.770 0.0000000000
91469  -50.018  33.987  56.911 0.0000000000
92974  -51.421  35.956  50.248 0.0000000000
92975  -52.611  36.308  50.052 0.0000000000
92983  -51.664  35.747  49.403 0.0000000000
93007  -52.910  35.904  47.254 0.0000000000
93022  -52.065  35.459  46.669 0.0000000000
127396  -51.147  34.771  44.614 0.0000000000
92278  -51.081  34.539  43.874 0.0000000000
92267  -50.345  34.089  44.345 0.0000000000
92266  -49.582  33.923  45.018 0.0000000000
95058  -47.051  38.574  44.878 0.0000000000
94460  -47.095  38.047  44.066 0.0000000000
95068  -47.339  38.787  43.714 0.0000000000
87475  -49.528  27.451  47.721 0.0000000000
87474  -49.307  28.238  47.368 0.0000000000
89458  -48.298  30.345  47.976 0.0000000000
89455  -48.109  30.838  48.361 0.0000000000
90123  -48.810  31.040  48.114 0.0000000000
144238  -49.483  30.915  47.720 0.0000000000
90119  -49.598  31.744  48.103 0.0000000000
123601  -50.096  32.553  48.570 0.0000000000
94981  -49.908  38.777  58.284 0.0000000000
94379  -50.018  39.153  58.088 0.0000000000
95617  -47.639  38.854  54.149 0.0000000000
93735  -48.725  36.695  52.764 0.0000000000
143196  -49.335  36.550  52.325 0.0000000000
121400  -48.606  36.483  51.892 0.0000000000
143121  -48.307  35.905  50.812 0.0000000000
93752  -47.446  36.074  50.916 0.0000000000
93751  -46.656  36.236  50.659 0.0000000000
93750  -46.057  36.907  50.602 0.0000000000
96226  -47.235  40.744  49.726 0.0000000000
95630  -46.245  39.520  49.907 0.0000000000
96228  -46.678  40.110  49.330 0.0000000000
142734  -46.369  39.268  48.277 0.0000000000
95029  -46.181  38.827  47.612 0.0000000000
125812  -46.834  39.511  47.683 0.0000000000
95638  -47.446  39.617  46.960 0.0000000000
143975  -55.803  30.193  36.161 0.0000000000
89427  -43.645  30.318  54.391 0.0000000000
145257  -43.006  34.267  54.398 0.0000000000
91486  -43.817  32.777  54.543 0.0000000000
92188  -45.221  33.858  55.352 0.0000000000
94998  -44.771  38.637  55.670 0.0000000000
143745  -45.112  38.147  55.564 0.0000000000
124879  -57.081  22.513  46.745 0.0000000000
84918  -52.840  24.330  50.655 0.0000000000
83950  -53.366  23.746  50.070 0.0000000000
85892  -51.097  25.248  49.075 0.0000000000
85882  -49.912  26.091  49.905 0.0000000000
87461  -46.354  27.046  50.183 0.0000000000
82948  -44.282  22.820  55.535 0.0000000000
83903  -44.976  23.196  56.049 0.0000000000
83919  -47.156  23.671  54.711 0.0000000000
83932  -47.514  24.013  54.143 0.0000000000
85861  -43.219  25.835  51.217 0.0000000000
86712  -42.928  26.621  51.402 0.0000000000
87455  -42.727  27.296  51.808 0.0000000000
86801  -57.800  25.946  42.183 0.0000000000
86794  -57.702  26.782  42.492 0.0000000000
87531  -57.619  27.449  42.691 0.0000000000
87481  -52.520  27.362  46.367 0.0000000000
88176  -53.971  28.229  45.776 0.0000000000
88836  -54.764  29.898  45.158 0.0000000000
88867  -56.699  29.239  41.553 0.0000000000
88866  -56.219  29.680  40.991 0.0000000000
129093  -55.804  30.066  40.464 0.0000000000
90182  -54.549  31.639  38.878 0.0000000000
144713  -54.063  32.264  38.673 0.0000000000
90105  -45.469  31.175  53.117 0.0000000000
91500  -49.269  33.934  54.054 0.0000000000
91503  -48.765  33.732  52.861 0.0000000000
91509  -49.560  33.978  51.901 0.0000000000
93691  -52.407  36.393  57.424 0.0000000000
92929  -52.679  35.639  57.258 0.0000000000
93692  -53.166  36.084  56.807 0.0000000000
92942  -53.629  35.981  55.772 0.0000000000
92955  -53.872  35.937  54.824 0.0000000000
93748  -54.183  36.472  51.318 0.0000000000
92968  -54.483  36.453  52.133 0.0000000000
144330  -54.380  36.116  50.613 0.0000000000
131084  -54.275  35.580  50.437 0.0000000000
143681  -54.608  35.362  49.645 0.0000000000
92231  -55.017  34.775  47.438 0.0000000000
92232  -55.398  35.399  48.090 0.0000000000
92246  -55.512  35.708  47.290 0.0000000000
93061  -52.968  35.870  43.145 0.0000000000
93823  -53.301  35.852  43.304 0.0000000000
93069  -52.982  35.777  42.590 0.0000000000
93078  -53.030  35.655  41.312 0.0000000000
93091  -53.247  35.679  39.820 0.0000000000
93117  -52.943  35.449  37.994 0.0000000000
144196  -52.789  35.308  37.124 0.0000000000
93139  -52.427  35.100  35.574 0.0000000000
93129  -52.428  35.351  36.507 0.0000000000
93128  -52.010  35.534  36.657 0.0000000000
92336  -49.632  34.172  38.690 0.0000000000
92255  -47.630  34.062  45.826 0.0000000000
91543  -47.222  33.770  44.926 0.0000000000
91552  -46.834  33.988  44.361 0.0000000000
120231  -47.265  37.015  42.130 0.0000000000
93076  -46.700  36.452  41.137 0.0000000000
122882  -46.193  36.387  39.908 0.0000000000
145425  -44.521  35.684  39.525 0.0000000000
93074  -43.920  35.316  40.777 0.0000000000
93047  -43.119  35.816  44.239 0.0000000000
88160  -47.886  28.008  49.041 0.0000000000
88162  -47.573  28.828  48.635 0.0000000000
88808  -46.817  30.167  48.767 0.0000000000
140599  -47.170  30.613  48.696 0.0000000000
95600  -49.399  40.535  56.795 0.0000000000
96213  -47.966  40.489  54.283 0.0000000000
95616  -47.361  39.614  53.737 0.0000000000
95017  -46.914  38.844  53.198 0.0000000000
95020  -46.391  38.666  52.403 0.0000000000
131306  -46.080  39.096  51.941 0.0000000000
123987  -46.286  39.723  51.702 0.0000000000
96827  -47.235  41.199  51.180 0.0000000000
96223  -46.996  40.834  50.571 0.0000000000
96837  -48.368  41.153  48.965 0.0000000000
96838  -48.802  40.972  48.247 0.0000000000
139290  -42.167  32.471  53.746 0.0000000000
91498  -42.236  33.207  53.853 0.0000000000
139447  -41.554  33.683  53.668 0.0000000000
92197  -42.195  34.206  54.032 0.0000000000
85869  -51.832  25.719  51.431 0.0000000000
85884  -51.465  25.578  50.668 0.0000000000
86717  -49.530  26.367  51.592 0.0000000000
86704  -50.141  26.372  52.057 0.0000000000
85866  -47.843  25.858  51.689 0.0000000000
85865  -47.013  25.640  51.632 0.0000000000
82933  -43.204  22.668  56.591 0.0000000000
140505  -43.667  22.642  55.870 0.0000000000
82947  -43.034  22.449  55.656 0.0000000000
132621  -41.471  25.828  52.391 0.0000000000
88820  -51.787  29.767  46.605 0.0000000000
88821  -52.511  29.495  46.508 0.0000000000
88823  -54.024  29.934  46.211 0.0000000000
90151  -54.214  31.328  43.531 0.0000000000
90150  -53.709  32.089  42.986 0.0000000000
90844  -53.417  32.911  42.391 0.0000000000
90775  -46.854  31.992  55.029 0.0000000000
139262  -47.423  32.226  54.801 0.0000000000
130647  -48.750  33.184  54.885 0.0000000000
145558  -50.211  34.351  53.759 0.0000000000
120398  -51.916  36.787  53.641 0.0000000000
93733  -53.752  36.722  53.800 0.0000000000
120397  -53.142  36.980  53.334 0.0000000000
93747  -54.119  36.617  51.377 0.0000000000
93757  -53.516  36.587  50.705 0.0000000000
93758  -54.119  36.475  50.555 0.0000000000
93763  -54.370  36.548  49.621 0.0000000000
93769  -55.234  36.913  48.515 0.0000000000
94437  -55.369  37.213  47.348 0.0000000000
93781  -54.591  37.263  47.383 0.0000000000
93794  -54.507  37.211  46.351 0.0000000000
93805  -53.851  36.580  44.911 0.0000000000
93023  -52.937  36.081  46.183 0.0000000000
93038  -53.013  36.098  45.055 0.0000000000
93822  -53.135  36.095  43.619 0.0000000000
137745  -52.054  35.606  40.838 0.0000000000
92316  -51.806  35.471  40.165 0.0000000000
92315  -51.268  34.790  41.010 0.0000000000
91593  -50.346  33.961  40.677 0.0000000000
91584  -50.529  33.916  41.662 0.0000000000
91592  -49.398  33.584  40.366 0.0000000000
91591  -48.453  33.658  40.091 0.0000000000
93036  -45.801  35.870  46.195 0.0000000000
137192  -46.127  35.413  45.808 0.0000000000
130122  -46.063  36.061  45.294 0.0000000000
121062  -47.033  36.768  43.135 0.0000000000
121198  -47.167  37.553  43.386 0.0000000000
93827  -46.113  37.478  41.689 0.0000000000
94472  -45.776  37.742  42.268 0.0000000000
85904  -51.830  25.778  47.187 0.0000000000
85905  -52.477  25.556  46.775 0.0000000000
88166  -48.706  28.801  47.487 0.0000000000
88815  -49.207  29.597  47.194 0.0000000000
89467  -51.496  30.372  46.844 0.0000000000
93689  -48.759  36.477  57.473 0.0000000000
92153  -49.706  34.839  57.764 0.0000000000
92917  -49.619  35.999  57.993 0.0000000000
93683  -51.274  36.599  58.356 0.0000000000
94374  -50.936  37.389  58.211 0.0000000000
93690  -51.588  36.794  57.916 0.0000000000
122315  -51.894  36.728  57.217 0.0000000000
134304  -51.890  36.665  56.274 0.0000000000
93723  -52.433  36.610  55.483 0.0000000000
144361  -50.873  36.730  54.603 0.0000000000
120618  -51.660  36.722  54.567 0.0000000000
93744  -51.077  36.611  52.010 0.0000000000
144792  -50.309  36.435  51.596 0.0000000000
92982  -50.572  35.640  49.556 0.0000000000
93004  -50.034  35.148  48.063 0.0000000000
92220  -49.099  35.095  48.178 0.0000000000
92228  -48.559  34.713  47.537 0.0000000000
92980  -48.247  35.464  49.568 0.0000000000
92990  -47.727  35.203  48.882 0.0000000000
92227  -47.658  34.648  47.499 0.0000000000
92226  -46.846  34.799  47.409 0.0000000000
93003  -46.262  35.257  47.232 0.0000000000
94420  -46.270  37.512  51.389 0.0000000000
94419  -45.706  37.837  50.770 0.0000000000
145427  -45.851  36.756  49.832 0.0000000000
95629  -45.861  38.774  49.546 0.0000000000
132354  -45.596  37.441  49.954 0.0000000000
93766  -45.731  36.443  48.498 0.0000000000
144495  -45.645  36.254  46.644 0.0000000000
95047  -46.447  38.226  46.034 0.0000000000
95037  -46.534  38.753  46.629 0.0000000000
95661  -47.343  39.157  45.220 0.0000000000
95662  -47.538  39.633  44.620 0.0000000000
88799  -44.011  29.449  51.728 0.0000000000
91477  -46.820  32.851  56.047 0.0000000000
91476  -46.085  33.381  55.669 0.0000000000
140387  -47.892  34.855  56.762 0.0000000000
92927  -47.977  35.832  56.819 0.0000000000
94396  -45.425  37.585  55.604 0.0000000000
126183  -46.451  36.343  55.910 0.0000000000
93705  -47.248  36.168  56.452 0.0000000000
125570  -49.064  38.347  58.381 0.0000000000
137245  -48.117  38.880  58.185 0.0000000000
94980  -49.043  38.990  58.412 0.0000000000
95590  -49.410  40.253  58.123 0.0000000000
96760  -48.187  42.080  57.073 0.0000000000
83996  -56.444  22.854  46.060 0.0000000000
84003  -55.763  23.440  45.511 0.0000000000
84953  -54.248  23.970  46.081 0.0000000000
82997  -55.056  22.737  48.068 0.0000000000
120595  -54.202  22.967  48.018 0.0000000000
83968  -53.663  23.299  48.458 0.0000000000
85897  -52.074  24.969  47.268 0.0000000000
86736  -50.244  26.170  48.242 0.0000000000
87468  -48.493  27.354  49.246 0.0000000000
87465  -45.661  28.410  49.966 0.0000000000
85825  -50.732  25.289  54.517 0.0000000000
85801  -47.947  25.704  59.310 0.0000000000
84847  -48.725  25.336  58.589 0.0000000000
83884  -44.300  23.802  57.900 0.0000000000
83885  -45.080  23.939  57.592 0.0000000000
84844  -45.669  24.462  58.075 0.0000000000
83886  -45.919  23.912  57.102 0.0000000000
84852  -46.601  24.346  57.543 0.0000000000
144734  -49.042  24.696  57.551 0.0000000000
84864  -49.458  24.677  56.720 0.0000000000
84881  -49.912  24.826  54.506 0.0000000000
129579  -49.023  24.749  53.440 0.0000000000
84899  -47.912  24.853  52.808 0.0000000000
85864  -46.217  25.444  51.495 0.0000000000
121156  -45.008  23.486  53.112 0.0000000000
84897  -45.229  24.109  52.399 0.0000000000
144991  -44.624  24.096  52.051 0.0000000000
88153  -44.344  28.517  50.561 0.0000000000
145057  -42.382  29.659  54.006 0.0000000000
89437  -41.729  30.109  53.798 0.0000000000
90100  -40.915  31.562  53.390 0.0000000000
120418  -40.202  31.084  53.405 0.0000000000
120410  -40.039  31.946  53.364 0.0000000000
120923  -39.920  32.868  53.479 0.0000000000
85969  -57.643  24.872  39.540 0.0000000000
86813  -57.376  26.079  39.734 0.0000000000
86745  -53.448  26.131  45.996 0.0000000000
141895  -56.137  27.655  44.389 0.0000000000
88198  -57.473  27.950  42.956 0.0000000000
88211  -57.573  28.118  42.323 0.0000000000
87558  -57.301  27.641  40.043 0.0000000000
88244  -56.139  29.116  39.314 0.0000000000
88892  -56.405  29.656  38.670 0.0000000000
88900  -56.550  29.707  37.957 0.0000000000
89544  -56.630  30.035  37.729 0.0000000000
89521  -55.436  30.488  39.848 0.0000000000
131843  -56.470  30.326  38.104 0.0000000000
88908  -56.434  29.898  37.120 0.0000000000
89555  -56.309  30.053  36.581 0.0000000000
88913  -56.062  30.223  36.208 0.0000000000
90220  -55.665  30.700  36.019 0.0000000000
90204  -55.477  31.265  36.145 0.0000000000
90219  -55.204  31.299  35.514 0.0000000000
89569  -54.839  31.442  35.236 0.0000000000
90111  -46.109  31.577  50.358 0.0000000000
90798  -46.822  31.930  49.987 0.0000000000
90799  -47.654  32.252  49.810 0.0000000000
90787  -47.275  32.840  52.062 0.0000000000
90795  -47.791  32.864  50.535 0.0000000000
124208  -48.317  32.285  49.477 0.0000000000
90800  -48.956  32.533  49.505 0.0000000000
90802  -50.539  33.109  48.991 0.0000000000
90806  -51.924  33.037  48.370 0.0000000000
90807  -52.875  32.911  48.097 0.0000000000
135005  -50.485  34.333  57.407 0.0000000000
92177  -50.430  34.099  56.467 0.0000000000
139131  -52.301  35.150  56.769 0.0000000000
137611  -51.475  34.561  56.584 0.0000000000
92190  -51.102  34.454  55.544 0.0000000000
93725  -54.148  36.350  54.052 0.0000000000
92944  -54.231  36.200  54.151 0.0000000000
124753  -54.182  35.813  54.175 0.0000000000
92964  -54.455  35.820  52.801 0.0000000000
92960  -54.111  35.584  53.572 0.0000000000
92204  -53.013  35.353  53.239 0.0000000000
92203  -52.005  34.854  52.679 0.0000000000
91521  -53.107  34.302  49.659 0.0000000000
91535  -54.741  34.178  46.674 0.0000000000
91557  -53.880  33.994  44.056 0.0000000000
91576  -53.530  33.877  42.595 0.0000000000
93796  -55.427  37.122  46.635 0.0000000000
141198  -54.924  36.553  45.863 0.0000000000
93062  -53.755  35.976  43.687 0.0000000000
92281  -54.009  35.863  43.824 0.0000000000
141927  -53.556  34.691  42.346 0.0000000000
133953  -53.311  33.616  40.201 0.0000000000
91601  -53.282  33.796  39.222 0.0000000000
92339  -53.264  35.069  38.070 0.0000000000
91609  -53.433  33.939  37.228 0.0000000000
92338  -51.587  35.389  38.192 0.0000000000
124940  -50.875  34.971  37.797 0.0000000000
121568  -50.027  34.637  37.848 0.0000000000
92359  -49.540  35.285  35.686 0.0000000000
92242  -49.568  34.660  46.663 0.0000000000
92257  -49.589  34.352  45.840 0.0000000000
91555  -49.416  33.693  44.132 0.0000000000
91545  -48.810  33.726  44.752 0.0000000000
91582  -48.528  33.405  41.083 0.0000000000
91590  -47.699  33.926  40.546 0.0000000000
122123  -46.259  35.179  44.992 0.0000000000
92289  -46.707  34.704  42.543 0.0000000000
92290  -47.213  34.236  41.860 0.0000000000
91598  -47.760  34.126  39.828 0.0000000000
92323  -47.503  34.765  39.178 0.0000000000
139093  -46.272  35.929  37.838 0.0000000000
93113  -46.074  36.121  38.484 0.0000000000
128666  -45.582  36.104  37.619 0.0000000000
93123  -44.214  35.488  36.838 0.0000000000
93097  -42.837  35.155  38.719 0.0000000000
93096  -41.657  35.249  38.528 0.0000000000
92275  -41.786  34.810  42.813 0.0000000000
96843  -49.152  41.122  47.607 0.0000000000
96850  -48.374  40.807  45.907 0.0000000000
96252  -47.797  40.839  44.932 0.0000000000
96875  -46.730  41.851  44.513 0.0000000000
96266  -46.886  40.704  43.738 0.0000000000
95674  -46.191  39.923  43.497 0.0000000000
95673  -45.320  39.558  44.110 0.0000000000
96264  -44.666  40.762  44.472 0.0000000000
95065  -44.226  38.608  44.541 0.0000000000
88249  -56.287  29.415  38.560 0.0000000000
90902  -54.667  31.879  34.985 0.0000000000
91585  -53.476  33.916  41.777 0.0000000000
92154  -50.500  34.789  57.960 0.0000000000
92156  -51.743  34.939  57.266 0.0000000000
92219  -48.160  34.952  48.203 0.0000000000
92265  -46.452  34.566  44.430 0.0000000000
92280  -53.691  35.575  43.338 0.0000000000
92304  -51.892  35.462  41.553 0.0000000000
92347  -49.525  34.862  36.844 0.0000000000
92921  -52.566  36.045  57.572 0.0000000000
92956  -54.254  36.072  54.213 0.0000000000
92961  -54.468  35.953  53.606 0.0000000000
92986  -55.294  36.495  48.919 0.0000000000
93019  -45.799  35.740  46.955 0.0000000000
93021  -51.164  35.179  46.964 0.0000000000
93103  -52.984  35.978  39.623 0.0000000000
93726  -54.366  36.289  53.734 0.0000000000
93780  -45.540  36.651  47.692 0.0000000000
93782  -55.129  37.294  47.792 0.0000000000
93795  -55.057  37.386  46.896 0.0000000000
93815  -54.436  36.573  45.267 0.0000000000
94429  -55.443  37.039  47.947 0.0000000000
95624  -45.849  39.103  51.248 0.0000000000
96829  -48.347  41.484  50.465 0.0000000000
96832  -47.965  41.229  49.694 0.0000000000
119873  -47.970  33.566  41.987 0.0000000000
122976  -52.894  35.747  41.854 0.0000000000
125813  -46.899  35.301  48.838 0.0000000000
129586  -55.306  36.152  46.563 0.0000000000
129620  -53.547  36.118  43.807 0.0000000000
135192  -46.031  36.291  49.293 0.0000000000
137254  -54.224  35.656  44.320 0.0000000000
137375  -52.629  35.840  43.490 0.0000000000
137728  -48.203  36.228  51.290 0.0000000000
139652  -45.609  36.230  47.207 0.0000000000
142137  -50.119  33.668  50.755 0.0000000000
142871  -50.928  36.209  58.491 0.0000000000
145453  -55.350  36.781  46.353 0.0000000000
