#!ascii label  , from subject sub-06 vox2ras=TkReg
951
63764  -20.662  1.958  10.298 0.5555555820
64717  -21.712  2.445  9.228 0.6666666865
64729  -21.995  2.994  8.791 0.7777777910
64730  -22.501  2.736  8.033 0.7777777910
66745  -22.079  4.138  7.905 0.8888888955
65741  -24.707  3.430  6.140 0.8888888955
126986  -19.836  2.071  10.836 0.5555555820
64700  -20.062  2.781  10.477 0.5555555820
65699  -20.387  3.370  9.908 0.6666666865
65715  -20.735  3.893  9.229 0.8888888955
64738  -23.023  2.850  7.256 0.8888888955
66759  -22.580  4.245  7.138 0.8888888955
66772  -23.694  4.754  6.096 1.0000000000
66773  -24.536  4.199  5.913 0.8888888955
67813  -24.345  5.179  5.464 1.0000000000
66725  -19.365  4.442  9.981 0.7777777910
67772  -20.218  5.276  9.306 1.0000000000
68693  -20.872  6.200  8.455 1.0000000000
67786  -21.489  5.525  8.029 1.0000000000
68710  -22.169  6.243  7.040 1.0000000000
126275  -22.651  6.083  6.566 1.0000000000
68722  -21.729  6.956  7.071 1.0000000000
68723  -22.374  6.896  6.544 1.0000000000
68724  -23.074  6.328  6.118 1.0000000000
68743  -24.504  6.042  5.062 1.0000000000
69637  -22.915  7.178  5.883 1.0000000000
69656  -23.480  7.545  5.242 1.0000000000
68759  -25.222  6.782  4.559 1.0000000000
69670  -24.100  7.909  4.493 1.0000000000
70582  -25.322  7.963  3.301 0.7777777910
69609  -19.461  7.338  8.983 0.8888888955
68708  -20.579  7.037  8.024 1.0000000000
69635  -21.571  7.738  6.682 1.0000000000
69624  -20.225  7.812  7.545 1.0000000000
70545  -21.090  8.638  6.489 1.0000000000
69655  -22.610  7.985  5.588 1.0000000000
70563  -23.228  8.392  4.927 1.0000000000
70580  -23.916  8.727  4.121 1.0000000000
70581  -24.612  8.207  3.572 1.0000000000
70596  -25.590  8.411  2.967 0.8888888955
70595  -25.046  8.603  2.940 1.0000000000
70597  -26.079  8.501  2.991 0.7777777910
71556  -26.769  8.855  3.532 0.7777777910
71504  -19.292  9.211  8.192 0.5555555820
72514  -19.955  10.695  6.749 0.7777777910
71518  -19.991  9.277  7.153 0.8888888955
70561  -21.402  8.999  5.947 1.0000000000
70546  -21.805  8.306  6.002 1.0000000000
123302  -20.478  10.077  6.492 0.8888888955
71540  -21.471  9.709  5.688 1.0000000000
70579  -23.053  9.267  4.577 1.0000000000
71554  -23.760  9.543  3.697 1.0000000000
71573  -24.796  9.202  2.689 0.8888888955
72564  -24.745  9.874  2.459 1.0000000000
72565  -25.494  9.962  2.643 0.8888888955
72566  -26.307  10.483  3.189 0.7777777910
72551  -27.530  10.334  4.399 0.6666666865
73517  -27.674  11.225  4.247 0.6666666865
72494  -19.096  10.738  7.580 0.4444444478
72495  -19.465  10.318  7.195 0.7777777910
126867  -19.610  11.072  6.981 0.6666666865
73478  -20.572  11.651  5.962 0.7777777910
72532  -20.864  11.154  5.746 0.8888888955
72533  -21.428  10.596  5.217 0.8888888955
71553  -23.016  10.130  4.260 1.0000000000
72547  -21.789  11.157  4.455 1.0000000000
72548  -22.761  10.840  3.895 1.0000000000
72563  -23.976  10.400  2.424 1.0000000000
72580  -24.508  10.674  2.123 0.8888888955
72582  -25.574  10.828  2.491 0.7777777910
73529  -26.146  11.481  3.075 0.7777777910
74478  -26.807  12.180  3.543 0.7777777910
123012  -27.623  12.087  4.080 0.6666666865
74433  -19.521  12.769  6.695 0.6666666865
74432  -19.430  12.292  7.267 0.6666666865
74450  -20.347  12.148  6.088 0.7777777910
136928  -20.018  12.573  6.199 0.7777777910
73497  -20.609  11.745  5.372 0.8888888955
73515  -22.327  11.524  3.753 0.8888888955
73514  -21.339  11.944  4.287 1.0000000000
73526  -21.955  12.085  3.616 1.0000000000
73537  -23.330  11.685  2.698 1.0000000000
72562  -23.132  10.999  2.801 0.8888888955
74505  -25.166  11.992  1.887 0.8888888955
74492  -25.590  12.532  2.169 0.8888888955
73528  -25.579  11.691  2.281 0.7777777910
74504  -24.650  12.536  1.952 0.8888888955
75439  -26.184  13.056  2.663 0.7777777910
74479  -27.571  12.953  3.808 0.7777777910
75394  -19.286  13.648  6.773 0.6666666865
124021  -19.193  12.998  7.306 0.5555555820
75395  -19.719  13.115  6.065 0.7777777910
136776  -20.221  12.839  5.335 0.8888888955
74477  -20.823  12.602  4.402 0.8888888955
74489  -21.066  13.159  3.830 1.0000000000
74490  -21.420  12.551  3.721 1.0000000000
73538  -23.867  12.212  2.390 1.0000000000
75449  -25.588  13.456  1.978 0.7777777910
75450  -26.256  13.880  2.738 0.7777777910
75427  -27.642  13.845  3.846 0.6666666865
76301  -28.153  14.252  4.217 0.5555555820
75428  -28.323  13.528  4.340 0.5555555820
123843  -19.535  13.745  6.047 0.7777777910
76261  -19.294  14.491  6.496 0.6666666865
75410  -19.957  13.378  5.581 0.8888888955
75438  -21.664  13.045  3.138 1.0000000000
119776  -23.234  13.800  2.134 0.8888888955
75447  -23.950  13.233  1.938 0.8888888955
76319  -24.468  14.629  1.464 0.8888888955
76310  -26.286  14.740  2.942 0.7777777910
77104  -26.340  15.532  3.023 0.7777777910
76299  -26.768  15.106  3.702 0.7777777910
76300  -27.573  14.638  4.012 0.5555555820
77111  -25.171  15.970  1.766 0.7777777910
77093  -26.728  16.121  3.633 0.5555555820
77951  -28.026  15.893  4.867 0.5555555820
77895  -17.297  17.000  8.534 0.4444444478
77046  -19.027  15.368  7.021 0.5555555820
76295  -20.137  14.739  5.038 0.7777777910
76308  -20.923  13.933  4.082 1.0000000000
76278  -19.656  14.397  5.691 0.8888888955
76309  -21.087  14.531  3.409 1.0000000000
76316  -21.757  14.439  2.802 0.8888888955
76317  -22.813  14.709  2.151 0.8888888955
76318  -23.759  14.355  1.574 0.8888888955
132245  -25.101  15.116  1.655 0.8888888955
77963  -25.851  16.240  2.617 0.6666666865
77950  -27.643  16.886  4.712 0.5555555820
123707  -19.589  16.714  4.586 0.6666666865
77077  -19.237  16.139  6.000 0.6666666865
77102  -20.109  15.824  3.771 0.7777777910
77108  -22.001  15.374  2.628 0.8888888955
129571  -22.253  16.239  2.041 0.7777777910
77109  -22.750  15.797  1.487 0.7777777910
77110  -23.325  15.527  1.298 0.8888888955
77969  -23.546  16.809  0.438 0.7777777910
76325  -23.821  15.366  1.217 0.8888888955
77970  -24.067  16.673  0.660 0.7777777910
77971  -24.549  16.466  1.212 0.7777777910
78823  -24.387  17.580  0.924 0.6666666865
78814  -24.918  17.688  2.157 0.6666666865
77957  -25.417  17.073  2.684 0.6666666865
79730  -25.219  18.525  2.520 0.6666666865
131523  -25.878  18.512  3.543 0.5555555820
78806  -26.271  17.839  3.959 0.5555555820
77949  -26.991  17.008  4.031 0.4444444478
79720  -20.606  19.219  4.227 0.3333333433
79719  -20.495  18.302  4.673 0.3333333433
77946  -20.368  17.364  3.602 0.5555555820
78822  -21.108  18.152  2.521 0.5555555820
78813  -20.970  17.323  3.010 0.7777777910
126560  -21.862  17.183  2.014 0.7777777910
78830  -23.322  17.850  0.857 0.6666666865
77968  -23.171  17.007  0.393 0.6666666865
77967  -22.726  17.465  1.153 0.6666666865
144125  -23.579  17.250  0.448 0.6666666865
143466  -24.108  17.988  0.641 0.6666666865
80638  -24.732  19.365  2.034 0.6666666865
80630  -25.711  19.286  2.825 0.6666666865
142189  -26.217  19.227  3.705 0.5555555820
142393  -26.294  19.901  3.221 0.5555555820
79707  -20.669  18.610  4.451 0.4444444478
79729  -20.685  18.949  3.102 0.4444444478
80615  -21.038  19.684  3.036 0.5555555820
79736  -20.793  18.821  2.835 0.5555555820
79737  -21.410  18.913  2.440 0.6666666865
78829  -21.946  18.166  1.860 0.6666666865
79745  -22.951  18.918  1.485 0.6666666865
137132  -23.844  17.858  0.641 0.6666666865
79747  -23.885  18.674  1.038 0.6666666865
122032  -23.889  19.371  1.333 0.6666666865
81582  -25.326  20.071  2.341 0.6666666865
81583  -26.206  20.663  2.791 0.5555555820
81579  -21.414  19.950  2.938 0.4444444478
80641  -22.642  19.368  1.936 0.6666666865
79744  -22.131  18.793  1.999 0.6666666865
80642  -23.064  19.494  1.647 0.6666666865
79746  -23.464  18.749  1.228 0.6666666865
131066  -21.401  4.038  8.513 0.8888888955
66726  -20.101  4.594  9.571 1.0000000000
67773  -20.938  5.405  8.756 1.0000000000
67787  -22.068  5.577  7.406 1.0000000000
67812  -23.708  5.731  5.774 1.0000000000
73459  -19.376  11.583  7.424 0.5555555820
72579  -23.834  11.098  2.223 0.8888888955
128277  -18.800  16.030  6.920 0.5555555820
75437  -21.401  13.766  3.270 1.0000000000
76320  -25.193  14.194  1.639 0.8888888955
78749  -16.891  18.415  10.251 0.2222222239
77958  -26.259  17.007  3.299 0.6666666865
77961  -22.739  16.649  1.046 0.7777777910
81587  -22.599  19.572  2.121 0.6666666865
74420  -19.340  12.085  7.714 0.4444444478
82503  -26.740  21.376  3.296 0.5555555820
81574  -26.884  20.596  3.865 0.5555555820
80601  -20.766  19.735  4.290 0.2222222239
62785  -20.958  0.496  10.788 0.5555555820
62795  -21.851  1.115  9.499 0.5555555820
63765  -21.412  1.818  9.649 0.6666666865
63766  -22.009  1.759  8.942 0.5555555820
63774  -22.565  1.979  8.374 0.5555555820
64751  -24.918  2.618  6.322 0.7777777910
62769  -20.198  0.579  11.126 0.5555555820
64731  -23.128  2.283  7.802 0.6666666865
64739  -23.649  2.489  7.299 0.6666666865
65730  -23.887  2.982  6.750 0.8888888955
66774  -25.343  3.824  5.457 0.7777777910
67829  -25.729  4.992  5.050 0.8888888955
63728  -18.889  1.536  11.705 0.4444444478
65682  -18.716  3.308  10.773 0.5555555820
68744  -25.564  5.792  4.722 1.0000000000
66714  -18.965  4.197  10.386 0.2222222239
67755  -19.374  5.136  9.657 0.6666666865
120033  -26.084  6.640  4.394 0.8888888955
69673  -26.387  7.387  3.954 0.6666666865
70584  -27.433  8.376  4.250 0.6666666865
68691  -19.337  6.514  9.466 0.5555555820
71557  -27.417  9.402  4.334 0.6666666865
70507  -19.195  7.893  9.012 0.4444444478
73500  -28.744  11.716  5.363 0.5555555820
71503  -18.963  9.666  8.367 0.2222222239
73518  -28.270  11.905  4.679 0.5555555820
73445  -19.040  11.207  7.816 0.4444444478
143574  -28.510  13.118  4.738 0.5555555820
141083  -17.400  13.469  10.445 0.3333333433
76285  -28.556  14.323  4.758 0.5555555820
77045  -18.748  15.571  7.270 0.4444444478
77083  -28.691  15.143  5.081 0.4444444478
77882  -17.112  16.858  9.749 0.3333333433
77937  -28.272  16.749  5.379 0.5555555820
78807  -27.108  17.764  4.604 0.4444444478
79706  -20.053  18.118  5.766 0.3333333433
78789  -19.543  18.041  6.127 0.4444444478
79724  -26.568  18.705  4.445 0.4444444478
80620  -26.717  19.631  4.219 0.4444444478
82504  -27.446  21.439  3.958 0.2222222239
80616  -20.963  20.298  4.167 0.3333333433
80629  -21.291  19.853  2.879 0.6666666865
81595  -23.389  19.934  1.650 0.6666666865
80643  -23.509  19.430  1.423 0.6666666865
127089  -24.091  19.968  1.781 0.6666666865
128266  -24.356  20.426  1.922 0.6666666865
130123  -24.841  21.308  1.838 0.6666666865
82512  -25.142  20.805  2.154 0.6666666865
131720  -26.053  21.358  2.431 0.6666666865
83427  -26.767  22.035  2.841 0.4444444478
132954  -27.301  21.922  3.457 0.3333333433
137516  -21.803  19.942  2.619 0.5555555820
64716  -21.024  2.653  9.936 0.6666666865
63752  -21.166  1.138  10.158 0.6666666865
64718  -22.183  2.322  8.611 0.7777777910
65700  -21.325  3.179  9.395 0.7777777910
65716  -21.495  3.524  8.800 0.8888888955
65717  -22.050  3.482  8.250 0.8888888955
66758  -22.113  4.874  7.710 1.0000000000
65728  -22.537  3.463  7.519 0.8888888955
66744  -21.506  4.765  8.329 1.0000000000
65740  -23.787  3.823  6.390 0.8888888955
63751  -20.407  1.257  10.698 0.5555555820
63729  -19.683  1.383  11.213 0.4444444478
63750  -19.132  2.008  11.140 0.4444444478
64699  -18.978  2.649  10.793 0.5555555820
65683  -19.408  3.554  10.355 0.6666666865
126340  -20.014  4.014  9.891 0.8888888955
65729  -23.038  3.510  6.819 0.8888888955
66760  -23.108  4.180  6.562 1.0000000000
143907  -24.392  4.679  5.704 1.0000000000
66771  -22.858  4.819  6.629 1.0000000000
67797  -23.059  5.505  6.317 1.0000000000
66790  -25.092  4.620  5.371 1.0000000000
66743  -20.814  4.653  8.958 1.0000000000
127724  -20.384  5.912  9.032 0.8888888955
68692  -20.080  6.689  8.898 0.8888888955
68709  -21.425  6.424  7.629 1.0000000000
67796  -22.547  5.501  6.834 1.0000000000
69625  -21.008  7.381  7.330 1.0000000000
68742  -23.647  6.635  5.487 1.0000000000
69657  -24.335  7.095  4.872 1.0000000000
69671  -24.872  7.496  4.014 1.0000000000
69672  -25.678  7.390  3.867 0.8888888955
69684  -25.985  7.885  3.226 0.7777777910
69610  -19.871  7.543  8.251 1.0000000000
70518  -19.396  8.252  8.380 0.5555555820
70535  -20.680  8.189  7.023 1.0000000000
70534  -20.079  8.562  7.313 0.8888888955
70562  -22.168  8.889  5.342 1.0000000000
71555  -24.401  8.946  3.186 1.0000000000
71574  -25.431  9.049  2.654 0.8888888955
71575  -26.161  9.338  2.945 0.7777777910
72550  -26.866  9.833  3.695 0.6666666865
70517  -19.163  8.812  8.688 0.5555555820
71517  -19.532  9.588  7.452 0.6666666865
70519  -19.748  8.182  7.756 0.7777777910
70533  -19.663  8.850  7.698 0.7777777910
71528  -19.982  10.029  6.839 0.7777777910
72515  -20.510  10.813  6.385 0.8888888955
72516  -20.964  10.373  6.085 0.8888888955
70544  -20.464  8.986  6.854 0.8888888955
71529  -20.318  9.592  6.747 1.0000000000
71541  -22.271  9.905  5.039 1.0000000000
72549  -23.519  10.288  3.188 1.0000000000
72581  -25.034  10.432  2.220 0.8888888955
123003  -27.113  10.643  3.803 0.7777777910
73516  -26.973  11.357  3.657 0.6666666865
73499  -28.228  10.950  5.023 0.5555555820
73435  -18.289  11.282  9.777 0.3333333433
72472  -18.866  10.434  8.035 0.3333333433
71516  -19.028  9.991  7.816 0.6666666865
128758  -19.866  11.994  6.734 0.6666666865
73477  -20.239  11.417  6.475 0.7777777910
73498  -20.942  11.420  4.927 0.8888888955
72534  -22.249  10.553  4.603 1.0000000000
73540  -25.090  11.136  2.004 0.7777777910
74493  -26.094  12.298  2.860 0.7777777910
74480  -28.268  12.733  4.404 0.5555555820
74466  -20.407  12.283  5.456 0.8888888955
74503  -22.931  12.340  2.778 1.0000000000
75440  -26.815  13.459  3.408 0.7777777910
75411  -20.351  13.295  5.134 0.8888888955
130700  -22.330  12.868  2.732 1.0000000000
128256  -23.090  12.993  2.373 0.8888888955
76321  -25.815  14.432  2.021 0.7777777910
76311  -26.840  14.267  3.529 0.6666666865
77095  -28.203  14.961  4.419 0.5555555820
76244  -18.802  14.920  7.402 0.5555555820
76279  -20.229  13.950  5.298 0.8888888955
75446  -22.273  13.625  2.594 1.0000000000
75448  -24.682  13.533  1.608 0.8888888955
77112  -25.851  15.333  2.236 0.8888888955
77094  -27.406  15.484  4.243 0.6666666865
76326  -24.309  15.426  1.325 0.8888888955
139562  -27.294  16.239  4.407 0.5555555820
77063  -19.279  15.349  6.206 0.5555555820
77091  -20.447  14.868  4.119 0.7777777910
77078  -19.524  15.488  5.412 0.7777777910
139303  -21.369  14.882  3.018 0.7777777910
130884  -19.501  16.781  5.135 0.5555555820
77930  -19.443  16.329  5.254 0.5555555820
134154  -19.926  17.205  4.077 0.4444444478
77955  -20.595  16.497  3.485 0.6666666865
77090  -19.696  15.823  4.496 0.7777777910
128760  -19.025  16.003  6.589 0.7777777910
77916  -19.051  16.396  6.476 0.6666666865
77956  -21.556  16.338  2.902 0.7777777910
77103  -20.943  15.422  3.304 0.7777777910
77118  -23.517  16.151  0.844 0.7777777910
78831  -23.950  17.327  0.408 0.6666666865
77962  -24.849  16.824  1.766 0.6666666865
79738  -24.423  18.526  1.351 0.6666666865
78815  -25.526  17.763  3.173 0.5555555820
78812  -20.446  17.998  3.506 0.5555555820
80628  -21.009  19.455  2.843 0.5555555820
80636  -21.825  19.541  2.441 0.6666666865
75381  -18.904  14.024  7.356 0.4444444478
78757  -17.787  18.273  8.487 0.3333333433
75369  -17.390  13.691  9.676 0.4444444478
62768  -19.566  0.677  11.620 0.4444444478
68760  -26.434  5.672  4.642 0.7777777910
64681  -18.322  2.640  11.264 0.4444444478
70583  -26.613  8.031  3.578 0.6666666865
67771  -19.666  5.867  9.424 0.7777777910
71488  -17.852  10.036  10.552 0.1111111119
72453  -17.871  10.675  10.209 0.1111111119
126545  -17.778  13.035  9.762 0.4444444478
76243  -17.579  15.260  8.827 0.3333333433
78776  -18.772  18.307  6.695 0.3333333433
83443  -25.987  22.113  2.034 0.6666666865
61749  -25.560  -0.938  8.259 0.4444444478
60697  -26.890  -1.954  9.121 0.2222222239
61734  -22.642  -0.218  10.054 0.4444444478
61735  -23.394  -0.739  9.797 0.4444444478
62796  -22.483  0.548  9.544 0.4444444478
128696  -23.270  0.061  9.304 0.4444444478
61748  -24.714  -0.766  8.640 0.4444444478
62809  -25.860  -0.364  7.611 0.4444444478
62811  -27.724  -0.491  7.644 0.2222222239
63775  -23.326  1.604  8.289 0.4444444478
62807  -24.202  0.925  7.960 0.4444444478
62820  -25.288  0.555  7.263 0.4444444478
62823  -28.316  0.128  7.363 0.1111111119
62812  -29.125  -0.308  7.779 0.1111111119
62822  -27.257  0.152  7.078 0.3333333433
63786  -24.730  1.459  7.176 0.4444444478
133439  -25.885  0.763  6.605 0.3333333433
63788  -26.594  0.747  6.441 0.3333333433
63787  -25.412  1.160  6.668 0.4444444478
63798  -25.926  1.348  6.073 0.3333333433
63785  -23.966  1.945  7.705 0.5555555820
63800  -27.517  1.787  6.124 0.2222222239
141068  -28.092  2.233  6.345 0.1111111119
65731  -29.108  3.151  6.786 0.1111111119
64753  -26.816  2.221  5.566 0.3333333433
64754  -27.599  2.603  5.841 0.3333333433
65757  -25.959  3.450  4.901 0.4444444478
65758  -26.285  3.652  4.898 0.5555555820
66792  -26.441  4.301  4.933 0.6666666865
134116  -27.919  4.839  5.203 0.4444444478
66804  -26.275  4.876  4.957 0.6666666865
67818  -29.053  5.927  5.743 0.3333333433
68745  -27.030  5.648  4.673 0.6666666865
68746  -27.489  6.349  4.921 0.5555555820
128727  -27.451  7.044  4.640 0.5555555820
128849  -28.044  7.016  5.203 0.5555555820
68748  -28.834  6.881  5.671 0.4444444478
128724  -28.694  7.815  5.328 0.3333333433
68761  -26.885  6.581  4.372 0.5555555820
71542  -28.013  9.040  4.927 0.4444444478
72535  -27.965  9.949  5.100 0.5555555820
70564  -28.180  8.302  4.845 0.4444444478
72536  -28.628  10.363  5.605 0.4444444478
80637  -23.418  19.903  1.313 0.5555555820
81590  -23.506  20.446  1.446 0.5555555820
82511  -23.951  20.769  1.597 0.5555555820
83452  -24.644  21.854  1.330 0.5555555820
143931  -24.562  -1.329  9.064 0.4444444478
61751  -26.911  -1.482  8.560 0.2222222239
64742  -28.287  1.565  6.663 0.2222222239
66775  -27.866  3.461  5.649 0.4444444478
65744  -26.931  3.101  5.265 0.4444444478
67816  -27.083  4.880  4.949 0.6666666865
119929  -27.640  5.568  5.132 0.4444444478
70565  -28.690  8.716  5.321 0.3333333433
71543  -28.575  9.542  5.491 0.4444444478
74468  -28.677  12.608  5.245 0.4444444478
82510  -23.421  20.486  0.736 0.5555555820
63767  -22.560  1.226  8.875 0.4444444478
67817  -28.812  4.978  5.633 0.2222222239
60683  -23.373  -1.885  10.403 0.4444444478
60684  -24.296  -2.629  9.788 0.4444444478
59689  -25.150  -2.867  9.474 0.4444444478
60696  -26.367  -2.301  8.984 0.2222222239
60686  -27.247  -1.763  9.730 0.2222222239
61721  -21.351  -0.313  11.058 0.4444444478
61723  -22.801  -1.062  10.291 0.4444444478
121456  -27.961  -1.033  8.180 0.1111111119
61752  -28.874  -0.752  8.156 0.1111111119
61738  -27.551  -1.322  8.979 0.1111111119
62813  -29.677  0.157  8.104 0.1111111119
128831  -28.956  1.606  7.566 0.1111111119
64732  -29.677  2.151  8.269 0.1111111119
124724  -29.712  3.349  7.279 0.1111111119
66761  -29.579  3.954  6.826 0.1111111119
67799  -30.136  5.232  6.384 0.2222222239
67798  -29.515  5.353  5.975 0.2222222239
70566  -29.365  8.460  5.748 0.2222222239
123607  -29.716  9.106  6.058 0.2222222239
139690  -29.167  9.147  5.697 0.3333333433
132988  -28.825  11.069  5.564 0.4444444478
74469  -29.239  12.125  5.860 0.3333333433
75416  -29.024  12.998  6.147 0.3333333433
77917  -19.328  16.564  5.863 0.4444444478
80621  -27.249  19.250  4.992 0.3333333433
81588  -22.803  19.949  2.346 0.5555555820
81589  -23.383  20.285  1.536 0.5555555820
83442  -23.712  20.949  0.845 0.5555555820
62786  -21.864  0.365  10.412 0.4444444478
64740  -24.396  2.258  6.997 0.5555555820
64741  -25.178  1.815  6.466 0.5555555820
65742  -25.483  2.989  5.492 0.6666666865
66791  -26.077  4.122  4.961 0.6666666865
69674  -27.102  7.511  4.191 0.5555555820
75415  -28.727  13.538  5.338 0.4444444478
81575  -27.454  20.057  4.628 0.3333333433
133856  -26.222  1.955  5.626 0.3333333433
60704  -26.062  -1.704  8.556 0.4444444478
61737  -25.229  -1.589  8.724 0.4444444478
61722  -22.032  -0.682  10.701 0.4444444478
60693  -24.017  -1.502  9.664 0.4444444478
61736  -24.033  -0.670  9.220 0.4444444478
127889  -23.366  0.800  8.705 0.4444444478
62797  -24.033  0.008  8.597 0.4444444478
62808  -24.907  -0.113  8.027 0.4444444478
61750  -26.449  -1.066  8.022 0.4444444478
62810  -26.824  -0.451  7.533 0.4444444478
62821  -26.276  0.180  7.028 0.4444444478
130843  -27.241  -1.053  7.911 0.2222222239
142068  -28.524  -0.596  7.822 0.1111111119
63776  -29.121  0.455  7.565 0.1111111119
61753  -29.505  -0.333  8.380 0.1111111119
63799  -26.760  1.407  5.934 0.3333333433
63789  -27.633  0.896  6.578 0.2222222239
63790  -28.530  0.861  7.047 0.2222222239
65745  -28.342  2.949  6.299 0.1111111119
64743  -28.674  2.337  6.864 0.1111111119
65746  -28.757  3.865  6.201 0.1111111119
64744  -29.325  2.622  7.490 0.1111111119
65743  -26.114  2.752  5.106 0.3333333433
65759  -27.178  4.069  5.147 0.4444444478
141283  -28.326  5.500  5.442 0.3333333433
66776  -28.266  4.267  5.512 0.4444444478
144488  -28.837  4.452  5.859 0.3333333433
68725  -29.552  6.641  6.024 0.1111111119
68747  -28.190  6.233  5.427 0.4444444478
69658  -27.859  7.686  4.668 0.5555555820
72537  -29.314  10.789  5.900 0.4444444478
60694  -24.811  -2.122  9.201 0.4444444478
83441  -23.146  20.920  0.196 0.5555555820
66777  -29.426  4.651  6.229 0.2222222239
59690  -25.937  -2.837  9.445 0.4444444478
60695  -25.641  -2.372  9.002 0.4444444478
60682  -22.204  -1.578  10.750 0.4444444478
60671  -21.323  -1.395  11.019 0.4444444478
61739  -28.441  -0.860  8.807 0.1111111119
63777  -29.610  1.090  8.196 0.1111111119
55823  -24.913  -7.161  15.131 0.1111111119
56805  -22.015  -5.585  13.042 0.3333333433
55856  -24.014  -6.440  13.480 0.2222222239
55845  -24.320  -6.913  14.352 0.2222222239
56791  -24.659  -5.957  14.111 0.1111111119
59636  -20.408  -2.761  13.054 0.3333333433
57770  -20.492  -4.512  13.649 0.3333333433
57771  -21.308  -4.829  13.329 0.3333333433
57772  -22.523  -4.928  12.626 0.3333333433
122762  -23.556  -5.193  12.754 0.3333333433
126438  -23.641  -5.976  13.017 0.2222222239
57773  -24.349  -4.943  13.141 0.2222222239
56807  -24.252  -5.633  13.302 0.2222222239
59654  -20.211  -1.889  12.712 0.2222222239
136989  -21.431  -3.597  12.910 0.3333333433
57786  -21.774  -4.225  12.824 0.3333333433
60656  -20.375  -1.180  12.201 0.2222222239
60670  -20.795  -1.322  11.481 0.3333333433
59655  -20.867  -2.336  12.295 0.3333333433
59670  -21.188  -2.061  11.345 0.3333333433
59656  -21.551  -2.802  11.984 0.3333333433
59671  -22.057  -2.521  11.411 0.3333333433
58752  -23.244  -3.563  12.018 0.3333333433
58764  -23.069  -2.917  11.443 0.3333333433
58753  -23.932  -3.914  11.981 0.3333333433
58773  -23.767  -3.466  11.233 0.3333333433
58754  -24.805  -3.946  12.270 0.3333333433
61711  -19.671  0.027  11.939 0.2222222239
61690  -20.324  -0.641  11.774 0.2222222239
59679  -22.677  -2.297  10.936 0.3333333433
130895  -23.749  -3.007  10.506 0.3333333433
58765  -24.424  -3.628  11.368 0.3333333433
58766  -25.038  -3.520  11.587 0.1111111119
61710  -19.418  0.230  12.379 0.3333333433
59680  -24.632  -3.206  10.041 0.3333333433
59681  -25.433  -3.167  9.914 0.3333333433
71544  -29.246  9.878  6.007 0.2222222239
73501  -29.228  11.449  5.779 0.2222222239
77084  -29.242  15.240  5.800 0.3333333433
76286  -28.991  14.445  5.541 0.2222222239
56806  -22.912  -5.797  12.868 0.3333333433
56808  -24.888  -4.897  13.945 0.1111111119
60655  -20.029  -1.232  12.794 0.3333333433
57787  -22.554  -3.943  12.452 0.3333333433
57788  -23.308  -4.358  12.420 0.3333333433
61713  -20.763  -0.739  11.354 0.3333333433
58775  -24.939  -3.356  10.676 0.3333333433
54766  -23.664  -7.688  14.434 0.1111111119
54767  -24.322  -7.575  14.884 0.1111111119
56803  -20.665  -5.198  13.841 0.3333333433
55842  -21.787  -6.414  13.578 0.3333333433
55843  -22.634  -6.986  13.505 0.3333333433
55844  -23.477  -7.141  13.707 0.3333333433
54751  -25.476  -7.651  15.609 0.1111111119
55846  -25.004  -6.323  14.917 0.1111111119
58732  -19.754  -3.339  13.519 0.3333333433
142235  -25.435  -6.019  15.256 0.1111111119
60641  -19.736  -1.792  13.262 0.2222222239
57755  -25.708  -4.373  14.686 0.1111111119
60654  -19.896  -1.014  13.009 0.2222222239
57774  -25.437  -4.020  13.833 0.1111111119
58755  -25.608  -3.302  12.384 0.1111111119
61689  -20.011  -0.565  12.405 0.2222222239
59658  -25.533  -3.037  11.375 0.1111111119
59682  -26.126  -2.917  10.027 0.1111111119
62748  -18.699  0.826  12.688 0.1111111119
74455  -29.947  12.498  6.368 0.2222222239
77922  -29.480  16.007  6.232 0.2222222239
133521  -18.136  2.081  11.766 0.2222222239
67754  -18.951  5.671  9.709 0.5555555820
138017  -18.571  2.216  11.303 0.3333333433
61712  -20.174  -0.066  11.522 0.4444444478
61720  -20.730  -0.019  11.258 0.4444444478
62767  -18.982  1.028  11.935 0.2222222239
75400  -29.694  13.317  6.411 0.2222222239
56804  -21.333  -5.621  13.562 0.3333333433
142722  -21.862  -4.962  12.819 0.3333333433
55854  -22.541  -6.276  13.218 0.3333333433
55855  -23.269  -6.487  13.221 0.3333333433
58733  -20.816  -3.752  13.291 0.3333333433
57769  -19.952  -4.047  13.665 0.2222222239
57789  -24.127  -4.528  12.572 0.2222222239
58750  -21.187  -3.053  12.766 0.3333333433
125850  -24.924  -4.454  13.076 0.1111111119
124672  -20.729  -1.702  11.983 0.3333333433
60672  -21.708  -1.971  11.020 0.3333333433
58751  -21.835  -3.470  12.492 0.3333333433
59657  -22.392  -3.185  11.988 0.3333333433
58774  -24.252  -3.400  10.658 0.3333333433
57790  -25.421  -3.899  12.967 0.1111111119
138862  -25.610  -3.064  10.561 0.1111111119
54749  -24.001  -8.248  14.997 0.1111111119
56790  -20.854  -6.063  14.053 0.3333333433
56789  -20.189  -5.450  14.302 0.2222222239
130552  -21.176  -6.901  13.938 0.3333333433
58715  -19.166  -3.907  13.899 0.2222222239
73483  -29.857  11.447  6.182 0.1111111119
73465  -30.304  10.928  6.855 0.1111111119
131069  -31.046  12.205  7.300 0.1111111119
73484  -30.572  11.834  6.711 0.1111111119
75401  -30.525  13.177  6.683 0.1111111119
74439  -31.112  12.925  7.132 0.1111111119
131896  -29.291  13.841  6.080 0.1111111119
75387  -30.807  13.689  7.106 0.1111111119
132474  -30.143  13.971  6.537 0.1111111119
76251  -30.513  14.516  7.059 0.1111111119
78796  -28.404  17.554  5.844 0.2222222239
76266  -29.565  14.585  6.191 0.1111111119
76267  -30.055  14.712  6.633 0.1111111119
79711  -27.819  18.939  5.694 0.1111111119
79725  -27.387  18.416  5.147 0.2222222239
141209  -27.993  20.437  5.099 0.1111111119
79712  -28.443  18.424  6.097 0.1111111119
132113  -28.625  20.316  5.530 0.1111111119
123023  -27.709  20.887  4.566 0.1111111119
81581  -23.208  20.420  2.423 0.4444444478
82494  -28.259  21.642  4.469 0.1111111119
84398  -26.555  23.033  1.892 0.3333333433
83444  -27.028  22.732  2.443 0.2222222239
84381  -27.715  23.173  2.749 0.1111111119
83414  -27.976  22.159  3.876 0.1111111119
83429  -28.479  22.768  3.604 0.1111111119
83450  -22.854  21.125  -0.259 0.4444444478
83451  -23.302  21.351  0.117 0.4444444478
84411  -22.783  21.244  -0.572 0.4444444478
84413  -24.543  22.867  1.003 0.4444444478
85375  -24.394  23.471  0.286 0.4444444478
85376  -25.406  24.240  1.004 0.2222222239
84414  -25.914  23.555  1.505 0.2222222239
139943  -26.377  24.272  1.372 0.2222222239
85361  -27.775  23.984  1.906 0.2222222239
87091  -24.153  26.471  -2.926 0.1111111119
86294  -26.067  25.652  -1.515 0.1111111119
127134  -28.366  24.567  0.761 0.1111111119
82493  -22.329  21.349  3.750 0.4444444478
142114  -22.155  21.817  2.780 0.4444444478
82502  -23.111  21.180  2.158 0.4444444478
139681  -22.719  21.424  1.751 0.3333333433
83440  -22.607  21.441  0.060 0.4444444478
83449  -22.675  21.281  -0.670 0.4444444478
84422  -22.632  21.664  -1.126 0.4444444478
84412  -23.347  22.004  -0.584 0.4444444478
84430  -21.314  23.517  -1.897 0.3333333433
85394  -23.763  23.356  -0.796 0.3333333433
86266  -24.145  24.867  -1.035 0.1111111119
85395  -24.828  24.501  0.140 0.1111111119
86267  -25.383  25.071  -0.279 0.1111111119
86268  -26.295  25.208  0.085 0.1111111119
122921  -21.917  22.043  3.033 0.2222222239
126067  -22.220  21.933  1.582 0.3333333433
84410  -21.885  22.234  0.131 0.3333333433
84421  -21.821  22.263  -1.058 0.3333333433
85393  -22.864  22.509  -1.482 0.4444444478
85405  -21.426  23.891  -2.186 0.2222222239
85406  -22.210  23.581  -2.013 0.2222222239
85421  -21.512  24.626  -2.483 0.1111111119
86281  -22.487  24.892  -2.394 0.1111111119
86282  -24.943  25.479  -1.116 0.1111111119
86291  -21.049  25.521  -3.482 0.1111111119
139614  -23.515  26.278  -2.836 0.1111111119
86292  -23.764  25.731  -2.098 0.1111111119
84396  -21.778  23.528  2.622 0.3333333433
85404  -20.936  23.702  -1.630 0.2222222239
85420  -20.911  24.213  -2.076 0.2222222239
86290  -21.034  24.975  -2.661 0.1111111119
87090  -20.947  26.238  -4.022 0.1111111119
87853  -21.829  27.278  -4.553 0.1111111119
84365  -22.415  24.603  5.621 0.1111111119
85344  -22.423  24.700  4.964 0.1111111119
85360  -22.189  24.785  3.040 0.2222222239
86232  -22.269  25.215  2.235 0.2222222239
85359  -21.715  24.225  2.070 0.3333333433
85392  -21.129  23.262  -0.009 0.3333333433
86231  -21.500  24.656  1.047 0.3333333433
120887  -21.410  25.460  0.016 0.2222222239
86265  -22.196  26.246  0.153 0.1111111119
87069  -21.084  25.978  -1.484 0.1111111119
87083  -21.056  26.586  -2.739 0.1111111119
87102  -21.808  26.869  -3.851 0.1111111119
128032  -22.085  26.455  -4.068 0.1111111119
87117  -23.579  26.695  -4.809 0.1111111119
87104  -24.318  26.456  -3.763 0.1111111119
142415  -22.673  25.051  5.669 0.1111111119
85351  -22.508  25.117  3.953 0.1111111119
85345  -23.033  25.148  4.777 0.1111111119
86233  -23.951  25.857  2.813 0.1111111119
122224  -22.983  25.792  2.323 0.1111111119
86244  -22.486  25.723  1.283 0.2222222239
86245  -23.531  26.358  1.800 0.1111111119
143444  -23.032  26.199  0.968 0.1111111119
87056  -23.517  26.604  0.495 0.1111111119
87070  -22.086  26.796  -0.955 0.1111111119
121317  -23.500  27.240  -0.414 0.1111111119
87809  -22.344  27.254  -1.783 0.1111111119
86212  -23.679  25.302  5.675 0.1111111119
126326  -23.384  25.650  6.851 0.1111111119
86217  -24.330  25.321  4.501 0.1111111119
86224  -24.736  25.683  3.561 0.1111111119
86234  -24.933  26.097  2.920 0.1111111119
87048  -24.597  26.527  2.303 0.1111111119
87057  -24.486  26.930  1.460 0.1111111119
86219  -25.936  25.877  4.869 0.1111111119
86214  -25.806  25.894  5.620 0.1111111119
86218  -25.413  25.758  4.299 0.1111111119
73466  -30.835  11.319  7.478 0.1111111119
142472  -30.754  12.547  6.771 0.1111111119
74440  -31.450  12.560  8.069 0.1111111119
77067  -29.804  15.301  6.430 0.1111111119
84397  -25.537  22.718  1.640 0.4444444478
84415  -26.926  23.800  1.702 0.2222222239
84399  -27.418  23.430  2.213 0.1111111119
83415  -28.807  22.346  4.270 0.1111111119
86246  -26.519  24.909  0.901 0.2222222239
86283  -25.875  25.390  -0.817 0.1111111119
125022  -26.756  25.336  -0.486 0.1111111119
87045  -25.636  26.376  3.473 0.1111111119
74425  -32.236  12.068  9.039 0.1111111119
73467  -31.418  11.683  8.179 0.1111111119
77938  -28.788  15.940  5.570 0.2222222239
138401  -27.949  18.166  5.637 0.2222222239
81568  -28.484  21.039  5.037 0.1111111119
81580  -22.007  20.141  2.669 0.4444444478
85407  -23.055  23.761  -1.483 0.2222222239
85338  -22.639  25.186  6.511 0.1111111119
86213  -24.640  25.719  6.245 0.1111111119
73452  -32.021  11.061  8.836 0.1111111119
72521  -29.787  10.463  6.381 0.1111111119
71523  -30.142  9.994  6.976 0.1111111119
129055  -33.171  12.009  9.378 0.1111111119
123453  -32.100  13.082  8.752 0.1111111119
137990  -31.243  13.412  8.005 0.1111111119
76235  -31.748  14.821  8.446 0.1111111119
77052  -30.764  15.108  7.458 0.1111111119
78782  -29.924  16.904  6.635 0.1111111119
77923  -30.313  16.044  6.643 0.1111111119
77068  -30.376  15.274  6.897 0.1111111119
79698  -29.818  18.636  6.579 0.1111111119
133350  -29.568  20.204  6.006 0.1111111119
82483  -29.344  21.023  5.394 0.1111111119
82495  -29.111  21.758  4.873 0.1111111119
84401  -29.094  23.607  2.538 0.1111111119
83430  -29.292  22.796  3.779 0.1111111119
81565  -22.877  20.936  3.374 0.4444444478
85397  -29.033  24.227  0.537 0.1111111119
86270  -27.979  25.004  0.182 0.1111111119
126427  -21.881  22.646  3.090 0.2222222239
86295  -26.985  25.308  -1.354 0.1111111119
83402  -22.671  22.881  5.156 0.1111111119
84380  -22.022  24.226  3.756 0.2222222239
132684  -25.703  25.674  -3.127 0.1111111119
86322  -25.088  25.873  -4.036 0.1111111119
84358  -22.321  24.849  6.699 0.1111111119
86198  -22.646  25.317  7.135 0.1111111119
86199  -23.390  25.653  7.721 0.1111111119
86200  -24.407  26.071  8.300 0.1111111119
87823  -23.533  27.823  -1.029 0.1111111119
88492  -22.879  29.588  -2.169 0.1111111119
88500  -22.278  28.955  -3.441 0.1111111119
88510  -21.646  28.420  -4.463 0.1111111119
86206  -24.317  26.014  7.325 0.1111111119
86207  -25.549  26.001  6.642 0.1111111119
87058  -25.229  27.206  2.119 0.1111111119
88470  -24.764  28.394  0.732 0.1111111119
87043  -26.231  26.346  4.347 0.1111111119
83428  -27.628  22.594  3.188 0.1111111119
80606  -27.917  19.738  5.388 0.2222222239
76252  -31.047  14.416  7.914 0.1111111119
80607  -28.630  19.396  6.020 0.1111111119
79713  -29.045  18.697  6.382 0.1111111119
84382  -28.201  23.156  3.113 0.1111111119
84383  -28.861  23.253  3.161 0.1111111119
140104  -25.726  24.865  0.465 0.1111111119
85377  -27.219  24.426  1.411 0.2222222239
85378  -28.058  24.357  1.404 0.1111111119
145604  -25.040  26.230  -3.018 0.1111111119
87103  -22.848  26.846  -4.116 0.1111111119
140757  -26.453  25.385  -1.011 0.1111111119
86293  -24.945  26.023  -1.814 0.1111111119
86310  -25.441  26.100  -2.249 0.1111111119
86311  -26.362  25.566  -2.257 0.1111111119
134436  -28.569  24.530  0.123 0.1111111119
85379  -28.833  24.206  1.314 0.1111111119
86269  -27.152  25.296  0.238 0.2222222239
84431  -22.045  22.737  -1.788 0.3333333433
84395  -21.828  22.710  1.396 0.3333333433
129212  -21.810  25.870  -3.755 0.1111111119
84373  -22.040  23.771  4.339 0.1111111119
85374  -21.423  23.407  1.103 0.3333333433
131171  -20.929  24.365  -0.378 0.2222222239
86280  -20.874  25.071  -2.093 0.1111111119
87082  -20.677  25.787  -3.175 0.1111111119
87837  -21.605  27.830  -4.181 0.1111111119
83391  -22.554  23.100  6.247 0.1111111119
86264  -21.015  25.058  -1.089 0.1111111119
123025  -21.574  26.990  -3.222 0.1111111119
85337  -22.465  24.844  6.218 0.1111111119
86223  -22.876  25.414  3.058 0.1111111119
85352  -23.531  25.404  3.749 0.1111111119
87800  -24.407  27.397  0.602 0.1111111119
87830  -22.781  27.726  -2.099 0.1111111119
135749  -25.089  25.509  5.164 0.1111111119
87049  -25.319  26.662  2.707 0.1111111119
72501  -30.655  10.388  7.535 0.1111111119
77921  -28.876  16.765  6.212 0.1111111119
85362  -28.575  23.986  1.982 0.1111111119
86284  -27.508  25.178  -0.484 0.1111111119
85408  -27.733  24.878  -1.134 0.1111111119
87810  -24.228  28.029  -0.048 0.1111111119
87050  -25.832  27.426  2.928 0.1111111119
74426  -33.066  12.783  9.428 0.1111111119
78781  -29.113  17.793  6.514 0.1111111119
80608  -29.444  19.312  6.301 0.1111111119
85409  -28.290  24.607  -0.580 0.1111111119
86312  -26.935  25.121  -2.272 0.1111111119
83403  -23.481  22.416  5.515 0.1111111119
88493  -23.430  28.480  -1.643 0.1111111119
87829  -22.586  27.865  -3.084 0.1111111119
87801  -25.040  27.794  1.383 0.1111111119
69579  -17.976  7.322  10.988 0.2222222239
70506  -18.193  8.473  10.526 0.2222222239
69595  -19.198  7.060  9.483 0.4444444478
69594  -18.222  7.722  10.520 0.3333333433
81572  -21.405  20.541  3.565 0.2222222239
139863  -23.499  21.118  4.144 0.1111111119
79694  -19.328  18.447  6.752 0.2222222239
79675  -18.399  18.718  8.441 0.1111111119
68667  -18.714  5.418  9.929 0.2222222239
79693  -18.759  18.664  7.378 0.1111111119
79708  -21.105  18.382  4.607 0.1111111119
80618  -23.162  19.470  3.245 0.1111111119
80603  -23.731  20.200  3.675 0.1111111119
82480  -23.034  21.991  4.534 0.1111111119
80602  -21.268  19.324  4.330 0.1111111119
65669  -18.377  3.010  11.077 0.2222222239
67745  -18.784  4.720  10.279 0.2222222239
67746  -18.835  4.962  9.943 0.3333333433
74413  -18.555  12.213  9.664 0.2222222239
129903  -22.169  20.804  3.406 0.3333333433
143165  -17.989  6.523  10.989 0.2222222239
80617  -22.016  19.905  3.781 0.1111111119
81573  -22.687  20.400  3.384 0.1111111119
78802  -21.766  17.901  3.747 0.1111111119
79721  -22.423  18.659  3.436 0.1111111119
66778  -30.236  4.568  6.779 0.1111111119
54763  -21.083  -7.559  14.467 0.1111111119
129504  -21.874  -7.378  13.887 0.1111111119
53736  -22.469  -8.588  14.587 0.1111111119
138113  -19.648  -6.566  15.301 0.1111111119
55840  -20.101  -6.105  14.778 0.1111111119
57754  -19.737  -4.715  14.007 0.1111111119
137950  -18.081  2.447  11.644 0.1111111119
70489  -18.195  8.331  11.024 0.1111111119
68676  -18.891  6.179  9.733 0.1111111119
76228  -16.867  15.143  10.024 0.2222222239
76227  -17.126  15.548  9.353 0.2222222239
77034  -17.006  15.867  9.590 0.2222222239
77027  -17.758  15.946  10.007 0.2222222239
56771  -19.261  -5.868  15.238 0.1111111119
55821  -18.965  -6.590  15.651 0.1111111119
54764  -21.908  -8.257  14.356 0.1111111119
54765  -22.731  -7.867  13.997 0.1111111119
56770  -18.419  -5.807  15.652 0.1111111119
56787  -18.672  -5.126  14.936 0.1111111119
57753  -18.830  -4.537  14.324 0.1111111119
58731  -18.982  -3.140  13.780 0.1111111119
59635  -19.891  -2.648  13.328 0.1111111119
123786  -18.023  1.915  12.257 0.1111111119
66648  -18.709  4.016  12.332 0.1111111119
67723  -17.966  5.863  11.544 0.1111111119
69559  -18.394  7.677  11.266 0.1111111119
135702  -17.269  15.050  10.080 0.2222222239
77874  -18.569  16.620  9.414 0.2222222239
78744  -18.465  18.233  10.216 0.1111111119
54747  -20.478  -7.898  15.265 0.1111111119
124615  -17.109  17.866  10.742 0.2222222239
79665  -17.683  19.158  9.614 0.1111111119
66713  -18.835  3.888  10.765 0.1111111119
76229  -17.307  14.203  10.292 0.2222222239
61688  -19.842  -0.241  12.748 0.1111111119
59634  -19.247  -2.449  13.747 0.1111111119
56788  -19.425  -5.276  14.575 0.1111111119
55841  -20.667  -6.779  14.336 0.1111111119
65646  -18.299  3.514  12.103 0.1111111119
55822  -20.251  -7.047  14.955 0.1111111119
65616  -18.633  2.936  12.654 0.1111111119
76221  -17.841  14.554  10.234 0.1111111119
126733  -18.524  -3.755  14.225 0.1111111119
64633  -19.197  2.446  13.264 0.1111111119
66696  -18.188  4.413  12.046 0.1111111119
78750  -19.026  17.655  8.897 0.1111111119
79695  -19.718  18.458  6.658 0.1111111119
75357  -18.349  13.200  10.327 0.1111111119
130946  -19.333  18.622  7.310 0.1111111119
78777  -20.346  18.020  6.280 0.1111111119
54750  -24.723  -7.966  15.380 0.1111111119
64752  -25.660  2.192  5.752 0.3333333433
67814  -25.009  5.313  5.054 1.0000000000
67815  -26.664  5.040  4.891 0.6666666865
69636  -22.271  7.638  6.171 1.0000000000
71530  -20.844  9.513  6.358 1.0000000000
71572  -24.260  9.723  2.855 1.0000000000
73513  -20.580  12.080  4.864 1.0000000000
73527  -22.709  11.870  3.211 1.0000000000
73539  -24.569  11.546  2.017 0.8888888955
74449  -20.154  12.722  5.727 0.7777777910
74491  -22.123  12.471  3.165 1.0000000000
74494  -26.656  12.798  3.327 0.7777777910
75368  -17.276  14.493  9.492 0.3333333433
75426  -20.674  13.259  4.574 0.8888888955
76259  -17.470  15.740  8.658 0.2222222239
76260  -19.047  14.509  7.171 0.5555555820
76296  -20.609  14.024  4.840 1.0000000000
77033  -16.898  15.827  9.781 0.2222222239
77117  -23.158  16.432  0.728 0.7777777910
77119  -23.892  16.094  0.851 0.7777777910
77120  -24.464  15.971  1.276 0.7777777910
77866  -17.578  18.242  11.396 0.2222222239
77873  -17.775  17.694  10.453 0.2222222239
77881  -17.108  16.094  9.319 0.2222222239
77883  -17.358  17.000  9.840 0.2222222239
77896  -17.777  17.669  7.377 0.3333333433
77915  -17.441  16.137  8.519 0.4444444478
77945  -19.832  16.619  3.947 0.6666666865
78732  -17.887  18.768  11.549 0.1111111119
78742  -16.916  18.562  11.492 0.2222222239
78743  -18.100  18.492  11.178 0.1111111119
78775  -18.230  18.410  7.278 0.1111111119
78795  -27.823  17.570  5.201 0.2222222239
78801  -19.637  16.936  4.640 0.4444444478
78821  -20.579  18.190  3.103 0.5555555820
78832  -24.336  16.998  0.781 0.7777777910
79660  -17.557  19.272  10.709 0.1111111119
79661  -18.436  19.107  10.760 0.1111111119
79667  -18.768  18.657  9.191 0.1111111119
79676  -18.842  18.721  8.327 0.1111111119
84400  -28.269  23.579  2.562 0.1111111119
84420  -21.407  23.118  -1.516 0.3333333433
85391  -20.983  23.435  -1.041 0.2222222239
85396  -27.577  24.880  0.883 0.2222222239
86263  -20.796  24.266  -1.443 0.1111111119
121306  -25.142  12.785  1.899 0.7777777910
129077  -20.415  12.683  4.955 0.8888888955
130812  -23.432  -1.249  10.069 0.4444444478
131138  -22.459  4.978  7.136 1.0000000000
139392  -22.692  18.301  1.417 0.6666666865
141433  -22.890  0.693  9.111 0.4444444478
145315  -26.046  5.303  4.830 0.7777777910
