#!ascii label  , from subject sub-06 vox2ras=TkReg
1668
3865  -28.249  -68.000  23.035 0.5000000000
3864  -27.428  -68.232  23.436 0.6000000238
6048  -37.337  -64.114  24.368 0.3000000119
3393  -26.553  -69.472  22.564 0.5000000000
6578  -34.500  -64.052  23.788 0.4000000060
6058  -35.743  -64.449  23.501 0.4000000060
6074  -37.162  -63.708  22.958 0.4000000060
6060  -37.410  -64.046  23.782 0.3000000119
6072  -36.122  -64.218  22.626 0.4000000060
5450  -28.121  -65.072  26.157 0.5000000000
123199  -28.213  -66.167  25.815 0.5000000000
4398  -27.985  -67.613  23.868 0.5000000000
130412  -26.993  -65.876  26.379 0.6000000238
4922  -27.435  -66.359  25.994 0.5000000000
3855  -27.057  -67.786  24.370 0.6000000238
6555  -37.251  -63.592  24.943 0.3000000119
3863  -26.574  -68.469  23.724 0.5000000000
6566  -33.000  -64.025  24.139 0.5000000000
128030  -33.199  -64.470  24.362 0.5000000000
7050  -37.794  -63.104  24.547 0.3000000119
3845  -26.389  -67.644  25.020 0.6000000238
6586  -33.797  -63.861  23.211 0.5000000000
129394  -35.064  -64.012  22.895 0.4000000060
6587  -36.864  -63.365  22.024 0.4000000060
7065  -37.791  -62.617  22.771 0.3000000119
7053  -38.027  -62.778  23.798 0.3000000119
120273  -34.460  -64.055  22.184 0.4000000060
122485  -35.535  -64.096  21.862 0.4000000060
6598  -36.729  -63.060  21.362 0.4000000060
6091  -35.700  -63.861  21.030 0.4000000060
6083  -27.992  -64.788  22.380 0.6999999881
6057  -28.115  -64.372  23.362 0.6999999881
6571  -28.225  -63.970  24.206 0.6999999881
4938  -29.273  -66.526  24.732 0.5000000000
143816  -27.081  -65.550  21.890 0.6999999881
5508  -27.123  -65.211  22.455 0.6999999881
6561  -27.679  -64.097  24.741 0.8000000119
6549  -27.921  -64.112  25.206 0.5000000000
133088  -26.905  -64.721  26.185 0.6999999881
4925  -30.638  -65.848  25.047 0.5000000000
6055  -26.514  -64.658  24.218 0.6999999881
133247  -30.974  -65.156  25.098 0.4000000060
6022  -31.480  -64.492  24.813 0.5000000000
7043  -36.277  -61.803  25.420 0.3000000119
5996  -26.162  -64.730  26.196 0.6000000238
6565  -31.464  -63.923  24.445 0.5000000000
6576  -32.895  -63.835  23.749 0.5000000000
7604  -37.063  -61.795  24.785 0.3000000119
4913  -26.257  -66.047  26.437 0.5000000000
6585  -32.675  -63.864  23.074 0.5000000000
6088  -33.089  -64.462  21.487 0.4000000060
6089  -33.948  -64.241  21.566 0.4000000060
6092  -36.314  -63.451  21.186 0.4000000060
7076  -36.962  -62.509  21.886 0.4000000060
138212  -37.394  -62.652  22.193 0.4000000060
6105  -35.106  -64.213  20.184 0.3000000119
6090  -34.843  -64.240  21.051 0.4000000060
3912  -26.416  -67.925  19.085 0.5000000000
4449  -26.664  -67.308  19.782 0.6000000238
123241  -27.141  -67.402  19.215 0.6000000238
4989  -27.279  -66.252  20.540 0.6000000238
5525  -27.887  -65.634  20.988 0.6000000238
3443  -26.088  -69.207  17.935 0.5000000000
121324  -25.814  -68.652  18.662 0.5000000000
121745  -25.474  -68.176  19.288 0.6000000238
140336  -26.819  -66.785  20.260 0.6000000238
4988  -26.532  -66.496  20.835 0.6999999881
6019  -28.834  -64.219  25.454 0.6000000238
6521  -34.518  -63.537  28.046 0.3000000119
123228  -23.765  -69.521  18.935 0.6999999881
3922  -24.965  -68.723  18.882 0.6000000238
144975  -24.804  -68.395  19.456 0.6000000238
4448  -25.897  -67.678  19.866 0.6000000238
4987  -25.817  -66.907  21.083 0.6999999881
124851  -26.610  -65.763  22.063 0.6999999881
6573  -29.602  -63.670  23.913 0.6000000238
6551  -29.410  -63.894  25.131 0.6000000238
5464  -30.181  -65.186  25.325 0.5000000000
131730  -24.130  -70.606  17.404 0.6999999881
3429  -24.192  -68.901  19.312 0.6000000238
142420  -23.908  -68.372  20.484 0.6000000238
3900  -25.068  -67.965  19.950 0.6000000238
4981  -25.482  -66.748  21.851 0.6999999881
139576  -25.408  -65.457  23.988 0.6999999881
6553  -30.838  -64.035  24.756 0.5000000000
129897  -36.012  -62.614  25.697 0.3000000119
3013  -22.765  -70.511  18.326 0.6999999881
3440  -23.068  -69.886  18.969 0.6000000238
3428  -23.346  -69.246  19.455 0.6999999881
4430  -24.226  -67.698  21.606 0.6000000238
4971  -24.332  -66.902  22.894 0.6000000238
6017  -25.738  -64.599  25.865 0.6999999881
6574  -30.412  -63.604  23.996 0.5000000000
131325  -30.875  -63.677  23.433 0.5000000000
3898  -23.194  -68.537  20.576 0.6000000238
4418  -23.836  -67.418  22.377 0.6000000238
5484  -24.972  -65.232  24.582 0.6000000238
5995  -25.334  -65.026  26.201 0.6000000238
133791  -25.487  -65.912  26.534 0.6000000238
6069  -30.750  -63.979  22.718 0.5000000000
7608  -37.199  -61.587  24.221 0.3000000119
3411  -22.058  -69.132  20.001 0.6999999881
3897  -22.360  -68.709  20.652 0.6000000238
4429  -23.335  -67.828  21.765 0.6000000238
4970  -23.388  -67.066  23.206 0.6000000238
4959  -24.069  -66.570  23.623 0.5000000000
5483  -24.144  -65.439  24.657 0.5000000000
132631  -24.642  -66.074  26.671 0.5000000000
4366  -25.764  -66.632  26.296 0.5000000000
6087  -32.122  -64.575  21.293 0.5000000000
6634  -34.645  -64.106  19.117 0.3000000119
6620  -35.074  -63.670  19.682 0.3000000119
6119  -35.304  -63.870  20.079 0.3000000119
7652  -35.642  -62.499  20.677 0.4000000060
119790  -36.462  -62.768  21.040 0.4000000060
3830  -24.511  -67.521  26.191 0.5000000000
5531  -33.841  -65.188  19.952 0.3000000119
5532  -34.463  -64.889  19.625 0.3000000119
6106  -35.718  -63.543  20.560 0.4000000060
3453  -26.370  -69.766  17.055 0.5000000000
3932  -26.886  -69.129  17.600 0.5000000000
3933  -27.670  -69.025  17.298 0.5000000000
136912  -27.328  -68.645  18.013 0.5000000000
2637  -25.666  -71.221  14.608 0.5000000000
3033  -25.784  -70.628  16.459 0.5000000000
3452  -25.481  -69.804  17.408 0.5000000000
3923  -26.659  -68.595  18.360 0.5000000000
4460  -27.372  -67.950  18.563 0.5000000000
5002  -28.352  -66.597  19.439 0.6000000238
4990  -28.118  -66.178  20.214 0.6000000238
122648  -24.886  -71.053  16.209 0.5000000000
5526  -28.686  -65.669  20.674 0.6000000238
6067  -28.771  -64.463  22.866 0.8000000119
6522  -35.155  -63.256  28.627 0.3000000119
3032  -24.144  -71.330  15.955 0.6000000238
141287  -24.386  -70.990  16.739 0.6000000238
3451  -24.639  -69.868  17.796 0.6000000238
5527  -29.571  -65.542  20.567 0.4000000060
7018  -34.901  -62.571  28.070 0.3000000119
3024  -23.309  -70.918  17.577 0.6999999881
6085  -29.617  -64.748  21.943 0.5000000000
6582  -29.470  -64.097  23.160 0.6000000238
7034  -34.852  -62.417  26.889 0.3000000119
7035  -35.484  -62.036  26.201 0.3000000119
3023  -22.408  -71.203  17.578 0.6999999881
5528  -30.524  -65.418  20.500 0.4000000060
7597  -35.715  -61.065  25.909 0.3000000119
3012  -21.831  -70.742  18.344 0.6000000238
3439  -22.190  -70.177  19.041 0.6999999881
6086  -30.466  -64.521  21.925 0.4000000060
7614  -37.011  -61.560  23.436 0.3000000119
3438  -21.246  -70.246  18.999 0.6999999881
4428  -22.468  -67.791  21.743 0.6000000238
136200  -22.817  -66.727  23.601 0.5000000000
5497  -22.805  -65.948  23.994 0.5000000000
5994  -24.435  -65.284  26.235 0.6000000238
127126  -31.360  -65.336  20.334 0.4000000060
6102  -32.073  -64.985  20.470 0.4000000060
6140  -34.172  -64.590  18.602 0.3000000119
6129  -34.439  -64.701  18.957 0.3000000119
7120  -33.812  -63.291  18.722 0.3000000119
7121  -34.694  -63.464  19.323 0.3000000119
7090  -35.041  -62.779  19.973 0.4000000060
7063  -36.350  -61.706  22.611 0.3000000119
4427  -21.612  -67.624  21.564 0.6000000238
4957  -22.146  -66.391  23.464 0.5000000000
5481  -22.391  -65.098  24.382 0.5000000000
5482  -23.233  -65.385  24.594 0.5000000000
5993  -23.472  -65.286  26.279 0.5000000000
4365  -23.444  -67.129  26.673 0.6000000238
3829  -23.774  -67.841  26.168 0.5000000000
5530  -32.904  -65.295  20.028 0.3000000119
5546  -34.005  -65.447  19.183 0.3000000119
4416  -22.041  -67.319  22.289 0.5000000000
6037  -22.768  -64.865  25.052 0.5000000000
4911  -22.499  -66.116  26.705 0.5000000000
4910  -21.685  -65.804  26.469 0.5000000000
3056  -26.794  -70.507  14.123 0.5000000000
3043  -26.616  -70.824  14.706 0.5000000000
141873  -27.887  -69.897  15.565 0.5000000000
3465  -29.499  -69.501  15.714 0.5000000000
3947  -29.165  -69.413  16.286 0.5000000000
3924  -28.007  -68.402  17.857 0.5000000000
2648  -25.014  -71.425  13.799 0.5000000000
3034  -27.248  -70.483  15.333 0.5000000000
4474  -29.800  -68.065  17.412 0.4000000060
3041  -24.619  -71.451  15.343 0.5000000000
4462  -30.166  -67.326  17.933 0.4000000060
5981  -34.917  -64.206  28.951 0.3000000119
134739  -35.896  -63.106  28.784 0.3000000119
2626  -23.902  -71.551  14.865 0.6000000238
128876  -29.069  -66.506  19.127 0.4000000060
5542  -29.094  -66.091  19.868 0.4000000060
2635  -22.926  -71.555  15.148 0.6000000238
2625  -23.325  -71.518  15.844 0.6000000238
7585  -34.974  -61.860  27.454 0.3000000119
2624  -22.473  -71.837  15.771 0.6000000238
5544  -31.078  -65.719  19.806 0.4000000060
2623  -21.676  -72.075  15.620 0.6000000238
130063  -31.668  -65.932  19.145 0.4000000060
5529  -32.145  -65.580  19.723 0.4000000060
7603  -36.377  -60.948  25.023 0.3000000119
3022  -21.466  -71.291  17.498 0.6999999881
5545  -33.274  -65.641  19.387 0.3000000119
5559  -33.907  -65.332  18.486 0.3000000119
3045  -27.896  -69.881  14.597 0.5000000000
3473  -27.957  -69.933  15.043 0.5000000000
3474  -28.816  -69.620  15.095 0.5000000000
3466  -30.115  -69.255  15.835 0.4000000060
3055  -25.906  -70.894  14.089 0.5000000000
3948  -29.948  -69.237  16.304 0.4000000060
3936  -30.311  -68.622  16.772 0.4000000060
3496  -25.598  -70.109  13.414 0.6000000238
4475  -30.749  -67.856  17.237 0.4000000060
4463  -31.260  -67.219  17.806 0.4000000060
7571  -35.306  -61.814  28.075 0.3000000119
136035  -35.491  -62.450  28.483 0.3000000119
2634  -22.069  -72.002  15.085 0.6000000238
5016  -30.540  -66.657  18.489 0.4000000060
5004  -30.792  -66.042  19.063 0.4000000060
5017  -31.794  -66.560  18.436 0.4000000060
5018  -32.823  -66.574  18.085 0.4000000060
5005  -32.614  -66.028  18.855 0.3000000119
5019  -33.265  -66.090  18.097 0.3000000119
3021  -20.410  -71.216  17.381 0.6000000238
3485  -27.760  -69.732  13.898 0.5000000000
3486  -28.507  -69.480  14.286 0.5000000000
3972  -29.573  -68.817  14.253 0.4000000060
3475  -29.559  -69.416  15.399 0.4000000060
3497  -26.548  -69.389  13.381 0.5000000000
3984  -27.302  -68.540  13.270 0.5000000000
3961  -30.620  -68.640  15.615 0.4000000060
3065  -24.879  -70.773  13.375 0.6000000238
3971  -26.476  -68.756  13.342 0.6000000238
3983  -26.746  -68.866  13.282 0.6000000238
3949  -30.469  -68.776  16.307 0.4000000060
3054  -24.286  -71.170  13.607 0.6000000238
3970  -25.649  -69.171  13.614 0.6000000238
132571  -31.681  -67.717  16.692 0.4000000060
4476  -31.640  -67.568  17.178 0.4000000060
3482  -23.595  -70.900  14.020 0.6000000238
4464  -32.240  -67.068  17.671 0.4000000060
4478  -32.536  -67.046  16.921 0.4000000060
4465  -32.683  -66.752  17.613 0.4000000060
5587  -32.777  -66.290  16.727 0.4000000060
7596  -35.180  -61.324  26.744 0.3000000119
8751  -35.117  -60.079  26.878 0.3000000119
2646  -22.552  -71.519  14.997 0.6000000238
5573  -33.107  -65.934  17.555 0.4000000060
8170  -35.082  -59.686  25.227 0.3000000119
7602  -35.325  -60.589  26.290 0.3000000119
2622  -20.754  -72.018  15.509 0.6000000238
3038  -21.585  -70.685  14.432 0.6999999881
3461  -22.155  -69.450  15.870 0.6999999881
2633  -21.226  -72.008  14.946 0.6000000238
3470  -21.791  -69.691  15.147 0.6999999881
122151  -21.804  -68.488  16.094 0.6999999881
3052  -20.864  -71.105  13.905 0.6000000238
4472  -22.505  -67.420  16.966 0.6999999881
5028  -22.839  -66.582  17.488 0.6000000238
3481  -21.632  -69.657  14.503 0.6999999881
4471  -21.904  -67.023  16.790 0.6999999881
3499  -28.208  -69.081  13.506 0.5000000000
4539  -29.176  -67.689  13.125 0.5000000000
4526  -27.666  -68.072  13.207 0.5000000000
5085  -28.291  -67.428  13.150 0.5000000000
3993  -27.945  -68.438  13.223 0.5000000000
4527  -30.054  -67.250  13.210 0.5000000000
3986  -29.840  -68.082  13.671 0.4000000060
3973  -30.299  -68.436  14.655 0.4000000060
4511  -25.985  -68.312  13.989 0.6000000238
4512  -26.814  -68.020  13.631 0.6000000238
5062  -27.909  -66.814  13.787 0.6000000238
5063  -28.442  -66.292  13.357 0.6000000238
4503  -31.699  -67.610  15.542 0.4000000060
3969  -24.700  -69.617  13.943 0.6000000238
5054  -27.507  -66.431  14.713 0.6000000238
5610  -28.201  -66.036  14.248 0.6000000238
4489  -31.745  -67.768  16.209 0.4000000060
3472  -23.696  -70.087  14.402 0.6000000238
3959  -24.112  -69.115  15.106 0.6000000238
5052  -25.909  -67.021  15.559 0.6000000238
5599  -27.083  -66.033  15.656 0.6000000238
4491  -32.643  -66.722  16.414 0.4000000060
6163  -32.949  -64.513  15.191 0.4000000060
4488  -25.050  -67.333  16.048 0.6000000238
5042  -26.279  -66.301  16.032 0.6000000238
5585  -26.654  -65.656  16.469 0.6000000238
6658  -28.409  -63.389  16.637 0.6000000238
5044  -32.640  -66.091  15.816 0.4000000060
6660  -33.207  -63.901  15.417 0.4000000060
3040  -22.669  -70.421  14.899 0.6000000238
4487  -24.086  -67.628  16.464 0.5000000000
5041  -25.433  -66.551  16.411 0.6000000238
5584  -25.804  -65.852  16.756 0.6000000238
6137  -27.288  -64.452  17.326 0.6000000238
7131  -28.422  -62.659  17.390 0.6999999881
137625  -22.177  -71.292  14.816 0.6999999881
3958  -23.034  -69.489  15.729 0.6000000238
5040  -24.515  -66.867  16.838 0.6000000238
5572  -26.244  -65.287  17.151 0.6000000238
6643  -27.577  -63.842  17.775 0.6000000238
7683  -28.604  -61.810  17.860 0.6000000238
8888  -29.393  -59.826  18.021 0.6000000238
6135  -25.941  -64.917  17.830 0.6000000238
6631  -27.292  -63.594  18.558 0.6000000238
7118  -28.124  -62.346  18.333 0.6000000238
8231  -29.217  -60.659  18.186 0.6000000238
5029  -23.883  -66.387  17.433 0.6000000238
5571  -25.368  -65.465  17.427 0.6000000238
7117  -27.684  -62.889  18.912 0.6000000238
8218  -29.006  -60.998  19.012 0.6000000238
5558  -24.967  -65.146  18.179 0.5000000000
4499  -21.745  -68.140  15.527 0.6999999881
5568  -22.219  -65.910  17.852 0.6999999881
5557  -23.866  -65.316  18.426 0.5000000000
6127  -24.489  -64.845  18.968 0.6000000238
6630  -26.478  -63.920  18.973 0.5000000000
6619  -27.029  -63.291  19.361 0.5000000000
6618  -26.248  -63.626  19.725 0.6000000238
9640  -21.191  -58.626  17.928 0.6000000238
9641  -22.391  -58.762  18.198 0.6000000238
124894  -22.456  -60.024  16.882 0.6000000238
4538  -28.687  -67.562  13.075 0.5000000000
5086  -28.912  -66.834  12.904 0.5000000000
4540  -29.721  -66.896  12.821 0.5000000000
138168  -30.787  -66.791  13.527 0.5000000000
144158  -31.043  -66.953  14.100 0.4000000060
5600  -27.839  -65.686  15.232 0.5000000000
5611  -28.644  -65.581  13.632 0.5000000000
6676  -29.031  -63.948  14.299 0.5000000000
5064  -31.461  -66.554  14.083 0.4000000060
5613  -32.298  -65.140  14.201 0.4000000060
5601  -28.421  -65.255  14.679 0.5000000000
6668  -29.278  -63.059  14.364 0.5000000000
5043  -32.398  -66.532  15.434 0.4000000060
5055  -32.438  -65.699  14.783 0.4000000060
6171  -33.215  -64.003  14.400 0.4000000060
7141  -28.888  -62.625  16.318 0.5000000000
7142  -29.212  -61.782  16.017 0.5000000000
7155  -28.892  -63.465  15.464 0.5000000000
5602  -32.618  -65.336  15.303 0.4000000060
7694  -28.963  -61.879  16.999 0.6000000238
7695  -29.165  -61.051  16.659 0.6000000238
8242  -29.260  -60.313  17.263 0.6000000238
145252  -29.335  -59.828  16.819 0.5000000000
120954  -29.715  -59.074  17.846 0.4000000060
10386  -30.008  -57.145  17.136 0.4000000060
10397  -29.716  -56.962  16.361 0.4000000060
8873  -29.387  -59.631  19.585 0.6000000238
121605  -29.593  -59.353  18.710 0.6000000238
10371  -30.188  -57.118  18.042 0.5000000000
11123  -29.698  -56.498  17.421 0.4000000060
121190  -29.199  -56.374  16.694 0.4000000060
11122  -28.277  -55.938  17.070 0.4000000060
120759  -21.677  -69.496  13.474 0.6999999881
7661  -28.386  -61.506  19.485 0.6000000238
9625  -30.238  -57.551  18.904 0.5000000000
127214  -29.051  -56.027  17.638 0.4000000060
137462  -22.035  -65.141  18.248 0.6000000238
7103  -27.365  -62.495  19.728 0.5000000000
7660  -27.836  -61.885  19.784 0.5000000000
9587  -29.885  -58.437  19.929 0.5000000000
11114  -29.677  -56.252  19.152 0.5000000000
11827  -28.860  -55.848  18.645 0.4000000060
11826  -27.704  -55.672  18.579 0.4000000060
6126  -23.344  -64.758  18.964 0.6000000238
124035  -28.650  -60.744  20.770 0.5000000000
10351  -20.606  -57.424  19.036 0.6999999881
9621  -21.692  -58.019  18.778 0.6000000238
125436  -21.408  -57.487  19.876 0.6999999881
138166  -22.207  -57.882  19.317 0.6000000238
10319  -21.583  -57.802  21.434 0.6000000238
8885  -23.434  -59.077  18.200 0.6000000238
9584  -22.788  -58.582  20.254 0.6000000238
9550  -21.653  -58.250  22.443 0.6000000238
9529  -21.609  -58.328  23.520 0.6000000238
9508  -21.777  -58.258  24.460 0.6000000238
8921  -23.779  -59.654  16.831 0.5000000000
9623  -23.554  -59.022  18.629 0.6000000238
9570  -23.440  -59.160  20.754 0.6000000238
136686  -22.281  -58.934  22.275 0.6000000238
9530  -22.085  -58.908  23.970 0.6000000238
5074  -30.393  -66.627  12.948 0.5000000000
8922  -24.924  -59.486  16.674 0.5000000000
8886  -24.373  -59.192  18.164 0.5000000000
8821  -23.005  -59.349  22.683 0.5000000000
8805  -22.614  -59.288  23.531 0.5000000000
5620  -28.810  -65.844  12.869 0.4000000060
6176  -29.352  -65.004  13.157 0.5000000000
5637  -31.514  -65.350  13.278 0.5000000000
5076  -31.704  -65.946  13.734 0.4000000060
8240  -25.400  -59.695  17.779 0.5000000000
137994  -23.972  -59.680  19.912 0.5000000000
8822  -23.942  -59.627  22.688 0.5000000000
8806  -23.466  -59.561  23.495 0.5000000000
6170  -29.213  -64.467  13.555 0.5000000000
5623  -31.931  -65.188  13.701 0.4000000060
6683  -32.991  -63.727  13.753 0.4000000060
7174  -34.531  -62.011  13.742 0.4000000060
7682  -25.561  -60.166  16.896 0.5000000000
8872  -24.328  -59.865  19.033 0.5000000000
8841  -23.903  -59.522  21.286 0.6000000238
8823  -24.395  -59.924  22.705 0.6000000238
6178  -33.127  -63.842  13.967 0.4000000060
7668  -24.069  -61.076  18.850 0.6000000238
8206  -24.054  -60.287  20.051 0.6000000238
8858  -24.036  -59.861  20.949 0.6999999881
7156  -29.265  -62.491  15.233 0.4000000060
130294  -29.343  -60.934  15.713 0.5000000000
5609  -23.426  -65.357  13.735 0.6000000238
8254  -29.297  -60.180  16.285 0.5000000000
126865  -29.771  -57.689  15.569 0.4000000060
5608  -22.679  -66.166  14.389 0.6000000238
126257  -29.798  -58.473  16.224 0.4000000060
5060  -22.169  -67.092  14.599 0.6000000238
5597  -21.520  -65.898  16.143 0.6000000238
11137  -28.351  -56.282  16.088 0.4000000060
6124  -21.756  -64.478  18.293 0.6000000238
5038  -21.647  -66.467  16.539 0.6999999881
6617  -25.447  -63.848  20.001 0.6000000238
7087  -25.575  -63.185  21.073 0.6000000238
7089  -26.958  -62.453  20.556 0.5000000000
7648  -27.512  -62.008  20.294 0.5000000000
11099  -20.260  -56.857  19.485 0.6999999881
124912  -21.065  -57.142  21.196 0.6999999881
11048  -21.424  -56.569  22.783 0.6000000238
10293  -21.492  -57.438  23.052 0.6000000238
11032  -21.550  -56.589  23.575 0.6000000238
136104  -21.526  -57.511  24.036 0.6000000238
10995  -22.635  -56.657  26.327 0.6999999881
10245  -23.032  -57.450  26.511 0.6000000238
9492  -22.796  -58.439  25.562 0.6000000238
6184  -29.659  -64.787  13.032 0.5000000000
6185  -30.240  -65.036  12.839 0.5000000000
5088  -30.065  -66.445  12.581 0.5000000000
6186  -31.211  -64.956  13.043 0.5000000000
9493  -23.645  -58.824  25.721 0.6000000238
9479  -23.218  -58.116  26.231 0.5000000000
6689  -30.845  -64.170  12.980 0.5000000000
6187  -31.858  -64.753  13.408 0.5000000000
6692  -33.171  -63.159  13.469 0.4000000060
8167  -24.890  -60.068  24.249 0.6000000238
8792  -23.942  -59.688  24.273 0.6000000238
9480  -24.075  -58.280  26.311 0.5000000000
140726  -29.478  -62.688  13.664 0.5000000000
6665  -23.003  -63.973  15.564 0.6000000238
140148  -23.556  -62.930  16.302 0.4000000060
7130  -23.642  -61.877  17.389 0.6000000238
8196  -24.346  -60.631  21.877 0.6000000238
8185  -24.594  -60.534  22.760 0.6000000238
8781  -24.947  -59.437  25.423 0.6000000238
127172  -29.704  -60.787  14.761 0.4000000060
7714  -29.579  -61.398  13.919 0.4000000060
6655  -22.526  -63.408  16.449 0.5000000000
7129  -22.545  -62.457  17.803 0.5000000000
7680  -23.252  -61.747  18.360 0.6000000238
7658  -23.777  -61.096  19.742 0.6999999881
7634  -24.388  -61.731  21.930 0.6000000238
7610  -25.219  -61.205  23.264 0.6000000238
8174  -25.563  -60.708  23.900 0.6000000238
8263  -29.527  -60.292  15.403 0.5000000000
6159  -22.491  -64.782  15.457 0.6000000238
7116  -22.417  -62.416  18.757 0.6000000238
7101  -23.232  -61.950  20.055 0.6000000238
7623  -25.405  -61.881  22.717 0.6000000238
8175  -26.292  -60.712  24.048 0.6000000238
8169  -26.753  -60.042  24.708 0.6000000238
128695  -29.847  -58.693  15.442 0.4000000060
6147  -22.063  -64.324  16.265 0.5000000000
6642  -21.954  -63.115  17.342 0.6000000238
138847  -23.068  -62.656  20.271 0.6000000238
7624  -26.182  -61.795  22.799 0.6000000238
7612  -26.759  -61.120  23.298 0.6000000238
5598  -22.046  -65.578  15.398 0.6000000238
6146  -21.525  -64.910  16.917 0.6000000238
6641  -21.607  -63.809  17.880 0.6000000238
6607  -24.238  -63.385  20.799 0.6000000238
6597  -24.137  -63.022  21.254 0.6000000238
6615  -23.553  -63.680  20.178 0.6000000238
6116  -23.921  -64.313  19.588 0.6000000238
7636  -27.377  -61.907  21.135 0.5000000000
8197  -28.586  -60.488  21.620 0.5000000000
11098  -19.851  -56.352  19.459 0.6999999881
11064  -20.586  -56.593  21.036 0.6999999881
11807  -18.283  -55.576  19.518 0.6999999881
134643  -19.478  -55.628  20.846 0.6999999881
11082  -20.101  -56.135  20.784 0.6999999881
11782  -20.462  -55.958  21.706 0.6999999881
138327  -21.552  -55.895  23.360 0.6000000238
11741  -22.673  -55.126  24.500 0.6000000238
12466  -22.690  -54.840  26.193 0.5000000000
11725  -22.265  -55.858  25.569 0.6999999881
11715  -23.171  -55.259  26.888 0.5000000000
145015  -23.844  -56.356  27.120 0.5000000000
10997  -24.258  -56.869  26.956 0.5000000000
142480  -30.037  -62.918  13.030 0.4000000060
7181  -31.608  -62.679  12.766 0.5000000000
7730  -31.994  -61.753  12.645 0.5000000000
7182  -32.647  -62.499  13.049 0.5000000000
7731  -32.994  -61.780  12.976 0.4000000060
7172  -29.471  -62.024  13.342 0.4000000060
126289  -30.779  -61.820  12.417 0.4000000060
9495  -25.450  -58.915  25.901 0.6000000238
8782  -25.909  -59.585  25.294 0.6000000238
9496  -26.390  -58.761  25.783 0.6000000238
137511  -27.699  -59.887  24.306 0.6000000238
8783  -26.815  -59.340  25.316 0.6000000238
132800  -25.823  -62.256  22.303 0.6000000238
8186  -27.573  -60.723  23.327 0.6000000238
8794  -27.525  -59.329  24.898 0.6000000238
7062  -25.828  -62.710  21.638 0.6000000238
144593  -28.176  -59.691  24.042 0.5000000000
7635  -26.600  -62.094  22.024 0.6000000238
7625  -27.523  -61.092  22.730 0.5000000000
7626  -28.135  -60.928  22.181 0.5000000000
11793  -17.721  -55.247  20.322 0.6999999881
11779  -17.997  -54.994  21.189 0.6999999881
11767  -19.087  -54.933  22.545 0.6999999881
11768  -20.162  -55.276  22.437 0.6999999881
12518  -20.752  -54.919  23.008 0.6000000238
12519  -21.573  -55.243  23.259 0.6999999881
11755  -22.918  -54.753  23.808 0.4000000060
11791  -16.034  -55.175  20.238 0.6999999881
12529  -17.304  -54.593  21.859 0.6999999881
12516  -18.346  -54.358  22.896 0.6000000238
12502  -20.372  -54.210  23.426 0.6000000238
12479  -22.810  -54.556  25.119 0.5000000000
11803  -14.532  -55.064  19.476 0.6999999881
12540  -15.345  -54.680  20.631 0.6999999881
12467  -23.064  -54.382  26.905 0.5000000000
11802  -13.819  -54.827  19.437 0.6999999881
12460  -23.826  -54.843  27.470 0.5000000000
12551  -12.478  -53.720  19.249 0.6000000238
13247  -11.870  -53.317  18.757 0.6000000238
13954  -12.302  -52.557  18.453 0.6000000238
13971  -12.552  -52.468  15.346 0.5000000000
14660  -13.166  -51.835  15.352 0.5000000000
8285  -31.451  -60.954  12.246 0.4000000060
127195  -32.786  -60.969  12.473 0.4000000060
8795  -28.182  -59.272  24.400 0.6000000238
13203  -23.013  -53.573  23.533 0.5000000000
12503  -22.520  -54.526  23.588 0.5000000000
12528  -16.582  -54.393  21.555 0.6000000238
12515  -17.577  -54.156  22.598 0.6000000238
12500  -18.477  -53.894  23.414 0.6000000238
13201  -20.027  -53.573  23.466 0.6000000238
13188  -23.518  -53.620  23.881 0.5000000000
125465  -23.109  -53.780  24.725 0.5000000000
13168  -23.119  -53.522  26.706 0.5000000000
12539  -14.454  -54.147  20.608 0.6999999881
13221  -15.655  -53.386  21.457 0.6000000238
13212  -17.048  -53.394  22.403 0.6000000238
140199  -18.397  -53.213  23.175 0.6000000238
13896  -19.426  -52.679  22.762 0.6000000238
13822  -23.732  -53.099  27.154 0.5000000000
12538  -13.750  -53.705  20.298 0.6999999881
13909  -14.877  -53.026  21.234 0.6000000238
13910  -16.738  -52.150  21.392 0.6000000238
14571  -17.762  -51.925  21.390 0.6000000238
13913  -19.146  -52.411  21.978 0.6000000238
13943  -13.210  -52.756  19.741 0.6000000238
13927  -14.309  -52.724  20.771 0.6000000238
14592  -15.840  -52.015  20.554 0.6000000238
14594  -17.424  -51.721  20.680 0.6000000238
120004  -12.876  -52.546  19.125 0.6000000238
14611  -14.557  -51.845  19.049 0.6000000238
14612  -15.611  -51.694  19.372 0.6000000238
14614  -17.584  -51.511  19.625 0.6000000238
13955  -13.103  -52.238  18.535 0.5000000000
13972  -13.088  -51.972  16.240 0.5000000000
14629  -14.834  -51.549  17.847 0.5000000000
14630  -15.554  -51.456  18.168 0.6000000238
14632  -17.191  -51.305  18.753 0.6000000238
8957  -31.987  -59.719  12.199 0.4000000060
14672  -12.018  -52.073  14.849 0.5000000000
14645  -14.720  -51.643  16.886 0.5000000000
14647  -16.334  -51.236  17.271 0.6000000238
14648  -17.303  -51.102  17.665 0.6000000238
122004  -12.622  -51.143  15.188 0.5000000000
15369  -13.952  -50.558  15.182 0.5000000000
14662  -14.611  -51.446  15.898 0.4000000060
14663  -15.973  -50.997  16.276 0.5000000000
138422  -17.639  -50.603  16.931 0.6000000238
13880  -23.004  -52.918  23.697 0.6000000238
13845  -22.844  -52.526  24.846 0.5000000000
13846  -22.951  -52.714  25.500 0.5000000000
13879  -21.920  -52.842  23.764 0.6000000238
13863  -22.663  -52.221  24.315 0.5000000000
13829  -23.230  -52.631  26.413 0.5000000000
122908  -21.144  -51.801  22.222 0.6999999881
14542  -21.790  -51.281  23.174 0.6999999881
14572  -18.831  -52.089  21.177 0.6000000238
14574  -20.716  -51.819  21.070 0.6999999881
126399  -19.432  -51.853  20.383 0.6000000238
14596  -20.118  -51.827  20.473 0.6999999881
14615  -18.594  -51.465  19.204 0.6000000238
14616  -19.699  -51.286  19.998 0.6999999881
14633  -18.695  -51.197  18.411 0.6000000238
15316  -19.607  -50.744  19.418 0.6999999881
16136  -12.183  -49.454  16.099 0.5000000000
16155  -13.692  -49.973  15.149 0.5000000000
135082  -15.323  -50.897  15.682 0.4000000060
143596  -16.399  -50.534  16.069 0.6000000238
14649  -18.262  -50.877  17.589 0.6000000238
16137  -13.323  -49.527  15.737 0.5000000000
15370  -15.130  -50.123  15.253 0.4000000060
15358  -16.747  -49.996  15.902 0.5000000000
14499  -23.427  -51.695  26.501 0.5000000000
15235  -22.860  -51.161  25.924 0.5000000000
14543  -22.254  -51.815  23.816 0.6000000238
15250  -21.899  -50.622  24.865 0.5000000000
15987  -22.623  -49.568  25.953 0.5000000000
15275  -21.787  -50.975  22.317 0.6999999881
15291  -21.592  -50.498  21.560 0.6999999881
15290  -21.139  -51.016  20.837 0.6000000238
134636  -19.636  -50.149  18.855 0.6999999881
130927  -20.415  -50.629  20.454 0.6000000238
15342  -18.083  -50.218  16.676 0.6000000238
15329  -19.252  -49.994  17.869 0.6000000238
16905  -13.668  -49.049  16.452 0.5000000000
135536  -15.622  -49.662  15.561 0.4000000060
143701  -17.912  -49.618  15.972 0.6000000238
16886  -15.764  -48.823  16.656 0.4000000060
16906  -15.272  -49.287  15.909 0.4000000060
16908  -17.058  -48.923  15.511 0.5000000000
16141  -17.362  -49.199  15.533 0.5000000000
15249  -21.597  -50.007  24.195 0.6000000238
16015  -21.916  -49.682  25.139 0.5000000000
140286  -21.587  -49.728  23.333 0.6000000238
125980  -21.838  -48.866  24.768 0.5000000000
16027  -21.419  -49.132  23.002 0.6000000238
16041  -20.861  -48.967  21.779 0.6000000238
16818  -21.490  -48.343  23.310 0.5000000000
129440  -20.320  -49.086  21.096 0.6000000238
16093  -19.687  -49.536  19.325 0.6999999881
16850  -19.870  -48.576  20.596 0.5000000000
16106  -19.185  -49.045  17.301 0.6000000238
16142  -18.793  -48.675  16.138 0.5000000000
16887  -16.657  -48.626  16.222 0.4000000060
16910  -18.308  -48.023  15.701 0.5000000000
121110  -14.713  -44.818  24.891 0.4000000060
19859  -15.703  -43.839  24.955 0.3000000119
20709  -13.625  -43.141  24.921 0.4000000060
17531  -22.786  -47.601  25.226 0.5000000000
19868  -11.942  -43.897  23.572 0.3000000119
135050  -12.445  -43.401  24.209 0.4000000060
17568  -21.364  -47.607  22.667 0.5000000000
17545  -22.482  -47.437  24.577 0.5000000000
19093  -12.972  -44.755  21.422 0.3000000119
20733  -12.891  -43.054  23.317 0.4000000060
16831  -20.700  -47.936  22.049 0.5000000000
16849  -19.700  -48.015  19.816 0.6000000238
17609  -19.698  -47.905  17.736 0.6999999881
17597  -19.726  -47.514  18.808 0.6000000238
17630  -18.163  -47.520  15.716 0.5000000000
17621  -19.400  -47.360  16.676 0.5000000000
17632  -18.851  -46.847  15.837 0.4000000060
18366  -19.550  -46.066  17.578 0.4000000060
20694  -17.764  -43.585  25.705 0.3000000119
20693  -16.805  -43.774  25.281 0.3000000119
20711  -15.944  -42.927  24.900 0.3000000119
21556  -14.008  -41.940  24.871 0.3000000119
21555  -13.363  -42.090  24.476 0.4000000060
17544  -22.265  -47.228  23.804 0.5000000000
19879  -12.904  -43.470  22.587 0.4000000060
21584  -13.818  -42.185  23.413 0.4000000060
18307  -21.884  -46.848  23.088 0.5000000000
19892  -13.918  -44.118  21.950 0.4000000060
142311  -15.448  -43.811  21.900 0.4000000060
17576  -20.277  -47.321  21.510 0.5000000000
142657  -21.497  -46.804  22.410 0.5000000000
19095  -15.770  -45.052  21.177 0.4000000060
18345  -20.267  -46.647  20.708 0.5000000000
18356  -19.832  -46.577  18.719 0.5000000000
142522  -20.386  -46.023  20.436 0.5000000000
124544  -17.131  -47.141  17.620 0.3000000119
18375  -17.736  -46.587  16.291 0.4000000060
19148  -19.291  -45.618  16.481 0.4000000060
18344  -20.074  -46.117  19.696 0.4000000060
20670  -18.183  -43.968  26.492 0.3000000119
20712  -17.144  -42.985  25.042 0.3000000119
22516  -14.644  -41.523  24.422 0.4000000060
22536  -14.482  -41.324  23.741 0.4000000060
19032  -24.851  -45.804  26.220 0.4000000060
22554  -14.421  -41.520  23.245 0.4000000060
19046  -24.440  -45.388  25.544 0.4000000060
20734  -13.951  -42.867  22.902 0.4000000060
21585  -14.657  -42.134  22.574 0.4000000060
18309  -23.155  -46.046  23.863 0.4000000060
21598  -15.704  -42.314  21.869 0.4000000060
18330  -21.272  -46.233  21.893 0.5000000000
19893  -16.083  -44.506  21.499 0.4000000060
19112  -16.986  -45.375  20.147 0.3000000119
18329  -20.760  -45.887  21.054 0.5000000000
129297  -17.833  -45.001  16.245 0.3000000119
21540  -18.120  -42.899  25.392 0.3000000119
21559  -17.634  -42.291  24.851 0.3000000119
22517  -15.707  -41.335  24.624 0.3000000119
23456  -15.614  -40.229  23.785 0.4000000060
23455  -15.198  -40.524  23.254 0.4000000060
129992  -14.666  -39.782  21.714 0.3000000119
23454  -14.938  -40.687  22.598 0.4000000060
19033  -25.563  -45.467  26.514 0.4000000060
19822  -27.046  -44.526  26.975 0.4000000060
22571  -14.842  -41.009  22.297 0.4000000060
19061  -24.015  -44.997  24.893 0.4000000060
19073  -22.743  -45.729  23.289 0.4000000060
20746  -16.269  -43.156  21.749 0.3000000119
19084  -22.255  -45.444  22.665 0.4000000060
19096  -16.861  -44.909  21.017 0.3000000119
19895  -17.316  -44.100  20.806 0.3000000119
123667  -17.244  -44.859  18.227 0.3000000119
125414  -19.801  -45.684  18.521 0.4000000060
21542  -19.470  -42.430  25.395 0.3000000119
23437  -16.287  -40.524  24.339 0.4000000060
23457  -16.298  -39.807  23.820 0.4000000060
23473  -14.901  -39.778  22.278 0.4000000060
143724  -29.570  -42.954  26.566 0.4000000060
20674  -26.889  -43.763  26.658 0.4000000060
23504  -14.412  -39.553  20.864 0.4000000060
19848  -25.326  -44.252  25.765 0.4000000060
22572  -15.162  -41.391  21.845 0.4000000060
19060  -23.555  -45.512  24.344 0.4000000060
20696  -24.736  -43.804  25.323 0.4000000060
22573  -15.962  -41.775  21.058 0.3000000119
19860  -23.629  -44.598  24.131 0.4000000060
20772  -17.476  -43.275  19.483 0.3000000119
19083  -21.715  -45.625  22.159 0.5000000000
19910  -17.314  -44.708  19.868 0.3000000119
20787  -17.383  -43.276  18.168 0.3000000119
19880  -21.782  -44.863  22.146 0.5000000000
19955  -19.371  -44.810  16.443 0.3000000119
139656  -19.932  -45.344  19.278 0.4000000060
19147  -18.560  -45.397  15.959 0.4000000060
22519  -18.758  -40.869  24.581 0.3000000119
24438  -14.062  -38.907  21.307 0.3000000119
24452  -13.634  -38.700  20.600 0.3000000119
21524  -28.850  -42.790  26.733 0.4000000060
23505  -14.850  -40.101  20.195 0.3000000119
20673  -26.026  -43.815  26.248 0.4000000060
21523  -27.850  -42.583  26.736 0.3000000119
23506  -15.665  -40.668  19.758 0.3000000119
19861  -24.162  -44.152  24.804 0.4000000060
21521  -25.923  -42.936  26.010 0.4000000060
132169  -17.096  -41.810  18.751 0.3000000119
128130  -17.517  -42.011  17.980 0.3000000119
20736  -22.623  -43.698  22.688 0.4000000060
19937  -17.231  -44.000  17.477 0.3000000119
20788  -19.620  -43.545  17.536 0.3000000119
19924  -19.786  -44.053  18.442 0.3000000119
19896  -20.660  -43.904  20.831 0.3000000119
24464  -14.044  -39.152  20.003 0.3000000119
25386  -13.840  -38.558  20.017 0.3000000119
23521  -15.073  -39.914  19.716 0.3000000119
123909  -27.019  -42.097  26.594 0.3000000119
22479  -25.969  -42.249  25.874 0.4000000060
21522  -26.476  -42.517  26.263 0.4000000060
23533  -17.863  -41.202  18.116 0.3000000119
20713  -23.811  -43.635  24.186 0.4000000060
21544  -25.222  -42.483  25.595 0.4000000060
21660  -18.013  -42.568  17.445 0.3000000119
20804  -19.239  -43.020  17.217 0.3000000119
20735  -21.970  -43.876  22.023 0.3000000119
19911  -20.037  -43.723  19.621 0.3000000119
23534  -18.622  -40.487  18.206 0.3000000119
22618  -18.276  -41.817  17.652 0.3000000119
137419  -24.875  -41.789  25.103 0.3000000119
22498  -25.620  -41.550  25.571 0.3000000119
124239  -19.528  -41.765  18.077 0.3000000119
21587  -22.880  -42.956  23.028 0.3000000119
21632  -20.114  -42.714  19.395 0.3000000119
20749  -21.314  -43.650  21.454 0.3000000119
24483  -19.776  -39.494  18.300 0.3000000119
25372  -20.502  -38.206  18.059 0.3000000119
127975  -19.550  -41.243  18.665 0.3000000119
137453  -24.372  -41.942  24.606 0.3000000119
23507  -19.941  -39.902  19.046 0.3000000119
124621  -20.181  -39.081  19.224 0.3000000119
19135  -19.848  -45.193  17.301 0.4000000060
133696  -17.334  -44.725  16.849 0.3000000119
19953  -17.833  -44.158  16.780 0.3000000119
6550  -28.772  -63.868  25.072 0.6000000238
5462  -28.573  -65.520  25.951 0.5000000000
4379  -27.831  -67.159  24.726 0.5000000000
123646  -27.029  -67.057  25.340 0.5000000000
4923  -28.996  -66.041  25.517 0.5000000000
4926  -31.755  -65.457  24.892 0.5000000000
6056  -27.374  -64.357  23.953 0.6999999881
5514  -29.055  -65.200  21.305 0.6999999881
5507  -26.333  -65.518  22.842 0.6999999881
139410  -26.716  -64.319  25.269 0.6999999881
143536  -31.166  -65.694  24.959 0.4000000060
5500  -25.737  -64.920  24.463 0.6999999881
6575  -31.350  -63.644  23.947 0.5000000000
8171  -35.620  -60.223  24.759 0.3000000119
6070  -32.342  -64.197  22.222 0.5000000000
6103  -32.982  -64.841  20.653 0.3000000119
4451  -28.669  -66.960  18.722 0.6000000238
5001  -27.446  -66.791  19.759 0.6000000238
122348  -28.298  -67.649  18.316 0.5000000000
3441  -24.426  -69.377  18.574 0.6000000238
4982  -26.213  -66.299  21.565 0.6999999881
6536  -34.517  -63.327  27.076 0.3000000119
3899  -24.546  -67.935  20.730 0.6000000238
4431  -25.067  -67.377  21.356 0.6000000238
5506  -25.503  -65.937  23.273 0.6999999881
6068  -29.981  -64.271  22.598 0.5000000000
6564  -30.642  -63.766  24.481 0.6000000238
6020  -29.620  -64.432  25.395 0.5000000000
4960  -24.768  -66.424  23.306 0.6000000238
6040  -25.332  -64.793  25.248 0.6999999881
4417  -22.917  -67.478  22.460 0.5000000000
6039  -24.493  -65.020  25.237 0.5000000000
8179  -35.403  -60.299  23.884 0.3000000119
141963  -21.421  -69.192  19.850 0.6000000238
6014  -23.097  -64.890  25.782 0.5000000000
145123  -34.837  -63.042  19.558 0.3000000119
5515  -30.044  -65.071  21.233 0.5000000000
8190  -35.335  -60.862  23.037 0.3000000119
5992  -22.491  -65.100  26.245 0.5000000000
3937  -30.980  -68.139  16.682 0.4000000060
8144  -35.378  -60.555  27.502 0.3000000119
3960  -25.113  -68.684  14.512 0.6000000238
3471  -21.893  -70.067  15.170 0.6999999881
141295  -23.220  -67.867  16.712 0.6000000238
5570  -24.373  -65.699  17.739 0.6000000238
5053  -26.759  -66.775  15.152 0.6000000238
4516  -31.949  -66.925  15.058 0.4000000060
5586  -27.470  -65.386  16.154 0.6000000238
6161  -28.148  -64.970  15.705 0.5000000000
6136  -26.671  -64.817  17.489 0.6000000238
9642  -29.727  -58.793  17.010 0.4000000060
5050  -21.702  -67.221  15.497 0.6000000238
5583  -21.582  -65.701  16.862 0.6999999881
9622  -22.838  -58.408  18.788 0.6000000238
5621  -29.337  -65.566  12.634 0.4000000060
7164  -29.391  -62.218  14.130 0.4000000060
11138  -29.126  -56.894  15.554 0.4000000060
8209  -29.053  -60.179  20.214 0.4000000060
4523  -22.265  -68.587  13.307 0.6000000238
10353  -22.153  -57.862  19.907 0.6000000238
8857  -23.827  -59.486  20.585 0.6000000238
130801  -31.581  -64.356  13.156 0.5000000000
7669  -24.768  -60.468  18.423 0.5000000000
135930  -24.229  -59.336  25.455 0.6000000238
7692  -25.015  -61.463  16.896 0.4000000060
6115  -22.715  -64.061  19.497 0.5000000000
8942  -29.614  -59.406  13.952 0.5000000000
7073  -24.422  -62.520  21.699 0.6000000238
6628  -22.197  -63.371  19.174 0.5000000000
11817  -11.491  -54.956  18.263 0.6000000238
14673  -13.466  -51.285  15.335 0.5000000000
13877  -19.699  -53.044  23.235 0.5000000000
123994  -16.344  -52.932  21.861 0.6000000238
13894  -17.722  -52.751  22.623 0.6000000238
13898  -21.405  -52.147  23.111 0.6000000238
13945  -14.790  -52.204  20.248 0.6000000238
15355  -11.887  -50.242  15.787 0.5000000000
139079  -22.335  -51.091  25.261 0.5000000000
16079  -19.990  -49.646  20.405 0.6000000238
16139  -14.849  -49.661  15.373 0.5000000000
143042  -19.600  -48.535  18.825 0.6000000238
19857  -13.805  -44.084  24.703 0.3000000119
16014  -21.518  -49.073  23.947 0.5000000000
17620  -17.453  -47.711  16.663 0.3000000119
18285  -23.545  -46.519  25.428 0.4000000060
18298  -23.325  -46.247  24.628 0.4000000060
18388  -18.409  -46.542  15.720 0.4000000060
136923  -17.209  -46.156  17.408 0.3000000119
19114  -20.192  -45.361  20.235 0.5000000000
19834  -25.784  -44.706  26.328 0.4000000060
21560  -18.723  -42.401  24.949 0.3000000119
21614  -17.167  -42.711  20.283 0.3000000119
125377  -22.954  -44.240  23.081 0.4000000060
19113  -19.897  -44.646  19.426 0.3000000119
22606  -16.537  -41.252  19.162 0.3000000119
19897  -21.281  -44.421  21.550 0.4000000060
23440  -19.206  -40.076  24.534 0.3000000119
23522  -16.962  -40.991  18.702 0.3000000119
20725  -23.436  -43.168  23.587 0.4000000060
23535  -19.309  -40.152  18.311 0.3000000119
4907  -18.522  -66.001  26.218 0.5000000000
4908  -19.580  -65.675  26.193 0.5000000000
4909  -20.623  -65.681  26.229 0.4000000060
5460  -17.194  -65.437  25.854 0.5000000000
5440  -17.652  -65.002  26.002 0.5000000000
5442  -18.931  -65.104  26.345 0.5000000000
5443  -19.947  -64.854  26.262 0.5000000000
5990  -20.513  -64.448  26.020 0.5000000000
5991  -21.516  -64.696  26.011 0.4000000060
5478  -17.141  -64.898  24.614 0.4000000060
6010  -17.931  -64.270  25.599 0.5000000000
6011  -19.497  -63.888  26.023 0.5000000000
141914  -21.572  -64.431  25.391 0.4000000060
6032  -17.708  -64.313  24.857 0.5000000000
6033  -18.435  -64.293  24.410 0.5000000000
6547  -18.738  -63.866  25.786 0.5000000000
140351  -18.647  -64.787  23.655 0.5000000000
6054  -19.946  -64.371  24.360 0.5000000000
5505  -19.788  -65.933  23.112 0.5000000000
4955  -20.580  -65.791  23.318 0.5000000000
4956  -21.327  -66.032  23.297 0.4000000060
139499  -18.083  -64.785  23.266 0.5000000000
4978  -19.511  -66.511  22.413 0.5000000000
4967  -20.582  -66.509  22.755 0.5000000000
4415  -21.156  -67.071  22.076 0.5000000000
5014  -18.398  -66.554  18.305 0.5000000000
5503  -18.477  -64.968  21.946 0.5000000000
5511  -18.464  -65.089  21.111 0.5000000000
4977  -18.722  -66.117  21.711 0.5000000000
4434  -18.886  -66.938  20.429 0.5000000000
137336  -19.249  -66.904  21.743 0.5000000000
4435  -19.145  -67.411  20.583 0.5000000000
4979  -20.175  -66.969  21.914 0.5000000000
4446  -18.566  -67.135  19.138 0.5000000000
3920  -18.285  -68.721  18.417 0.5000000000
3469  -18.320  -70.140  15.589 0.5000000000
4447  -18.769  -67.668  19.928 0.5000000000
3450  -18.258  -70.128  17.772 0.5000000000
3028  -18.440  -70.763  15.955 0.5000000000
3908  -19.003  -68.632  19.620 0.5000000000
3921  -18.653  -69.197  18.997 0.5000000000
139834  -18.843  -70.601  17.794 0.5000000000
3909  -20.074  -68.748  19.689 0.5000000000
3424  -19.538  -69.438  19.242 0.5000000000
4436  -20.213  -67.618  20.600 0.5000000000
3883  -21.159  -67.937  20.825 0.5000000000
3896  -21.548  -68.644  20.367 0.5000000000
3981  -22.474  -68.313  12.385 0.5000000000
3495  -21.367  -69.910  12.410 0.6000000238
3050  -18.782  -70.921  14.095 0.5000000000
3019  -18.558  -70.665  16.991 0.5000000000
137862  -19.589  -71.380  13.864 0.5000000000
3020  -19.304  -71.120  17.230 0.5000000000
2621  -19.718  -71.729  15.448 0.5000000000
3425  -20.732  -69.541  19.488 0.5000000000
3011  -20.816  -70.739  18.229 0.5000000000
3410  -20.923  -68.846  19.874 0.5000000000
5618  -23.483  -66.312  12.959 0.5000000000
5071  -22.969  -67.145  13.432 0.5000000000
3064  -20.819  -70.703  12.367 0.6000000238
9671  -20.143  -58.255  15.249 0.5000000000
9657  -20.794  -59.039  16.949 0.6000000238
9670  -19.776  -57.321  15.213 0.5000000000
9655  -19.565  -57.962  16.142 0.5000000000
9620  -20.651  -57.979  18.330 0.6000000238
10369  -19.816  -57.490  18.075 0.6000000238
10396  -19.378  -56.959  15.785 0.5000000000
10368  -19.003  -56.893  17.591 0.6000000238
11120  -18.509  -56.002  16.844 0.5000000000
11113  -19.641  -56.841  18.830 0.6000000238
125071  -19.288  -56.318  18.968 0.6000000238
121875  -17.427  -54.982  17.697 0.5000000000
11824  -18.658  -55.890  18.752 0.6000000238
11808  -19.205  -55.896  19.487 0.6000000238
135551  -16.474  -54.686  17.678 0.5000000000
11823  -17.863  -55.332  18.652 0.5000000000
128180  -14.607  -55.191  17.781 0.5000000000
11834  -13.615  -55.451  17.985 0.6000000238
11832  -11.025  -55.258  17.650 0.6000000238
11833  -11.877  -55.538  17.676 0.5000000000
11804  -15.435  -55.184  19.678 0.6000000238
11805  -16.439  -55.164  19.564 0.5000000000
11818  -12.398  -55.129  18.499 0.5000000000
13268  -10.591  -54.002  16.772 0.6000000238
12562  -10.959  -54.415  18.053 0.6000000238
13962  -12.336  -52.490  17.006 0.6000000238
8189  -34.357  -60.702  22.690 0.3000000119
8188  -33.628  -60.293  22.243 0.3000000119
7639  -34.952  -61.816  21.272 0.3000000119
9572  -32.671  -58.826  21.187 0.3000000119
7651  -34.708  -62.158  20.596 0.3000000119
7640  -35.971  -62.188  21.570 0.3000000119
7627  -35.128  -61.440  22.207 0.3000000119
5480  -21.578  -64.811  24.280 0.4000000060
3010  -19.699  -70.713  18.081 0.5000000000
2643  -20.076  -71.585  13.912 0.5000000000
8920  -21.430  -59.721  16.501 0.5000000000
121847  -20.859  -64.235  25.543 0.4000000060
5479  -20.719  -64.577  24.320 0.5000000000
5504  -18.942  -65.757  22.677 0.5000000000
143108  -18.604  -65.764  19.646 0.5000000000
141816  -18.708  -66.543  19.774 0.5000000000
4470  -18.256  -68.139  17.590 0.5000000000
3943  -18.204  -68.735  16.783 0.5000000000
3435  -18.312  -69.559  18.368 0.5000000000
3037  -18.850  -71.332  15.267 0.5000000000
124744  -33.165  -61.184  20.792 0.3000000119
8846  -32.999  -59.806  21.730 0.3000000119
8201  -34.142  -61.156  21.885 0.3000000119
7638  -33.963  -61.521  21.050 0.3000000119
8199  -32.699  -60.302  20.908 0.3000000119
22480  -26.328  -41.731  26.208 0.3000000119
2617  -21.110  -71.765  16.525 0.6000000238
2618  -22.044  -71.802  16.652 0.6000000238
2619  -22.896  -71.505  16.733 0.6000000238
2630  -18.936  -71.230  14.364 0.5000000000
2631  -19.590  -71.599  14.605 0.5000000000
2632  -20.364  -71.909  14.732 0.5000000000
2636  -24.778  -71.565  14.481 0.5000000000
2644  -20.611  -71.523  14.342 0.5000000000
2645  -21.496  -71.629  14.801 0.6999999881
2647  -24.293  -71.492  13.938 0.6000000238
2654  -19.888  -71.323  13.032 0.5000000000
2655  -24.716  -71.257  13.528 0.6000000238
3014  -23.747  -70.113  18.264 0.6999999881
3025  -24.893  -70.483  17.039 0.5000000000
3029  -18.983  -71.310  16.258 0.5000000000
3030  -20.042  -71.542  16.414 0.6000000238
3031  -23.725  -71.211  16.761 0.6999999881
3036  -18.451  -70.918  14.931 0.5000000000
3039  -22.181  -70.899  14.675 0.6999999881
3042  -25.374  -71.245  15.428 0.5000000000
3044  -27.334  -70.362  14.639 0.5000000000
3053  -22.968  -71.190  14.612 0.6000000238
3066  -25.225  -70.902  13.485 0.6000000238
3067  -26.128  -70.291  13.608 0.5000000000
3068  -27.024  -69.961  13.655 0.5000000000
3074  -21.081  -70.116  11.895 0.6000000238
3380  -26.963  -68.855  22.981 0.5000000000
3412  -22.823  -68.894  19.971 0.6999999881
3426  -21.702  -69.725  19.568 0.6000000238
3427  -22.529  -69.543  19.541 0.6999999881
3436  -18.914  -70.114  18.593 0.5000000000
3437  -20.144  -70.177  18.838 0.5000000000
3442  -25.239  -69.252  18.227 0.5000000000
3454  -27.214  -69.635  16.736 0.5000000000
3455  -28.105  -69.544  16.340 0.5000000000
3459  -18.092  -69.939  16.730 0.5000000000
3460  -21.861  -69.235  15.806 0.6999999881
3462  -26.809  -70.428  16.217 0.5000000000
3463  -27.469  -70.073  16.030 0.5000000000
3464  -28.660  -69.684  15.591 0.5000000000
3483  -24.400  -70.520  13.621 0.6000000238
3484  -25.195  -69.947  13.387 0.6000000238
3487  -29.264  -69.348  14.740 0.4000000060
3488  -29.911  -69.135  15.161 0.4000000060
3498  -27.411  -69.156  13.362 0.5000000000
3500  -28.925  -69.011  13.826 0.5000000000
3507  -21.519  -68.941  12.386 0.5000000000
3854  -26.145  -68.176  24.463 0.6000000238
3884  -21.977  -68.327  21.194 0.6000000238
3885  -22.792  -68.293  21.236 0.6000000238
3886  -23.673  -68.134  21.085 0.6000000238
3894  -19.460  -68.045  20.092 0.5000000000
3895  -20.624  -68.230  20.158 0.5000000000
3907  -18.569  -68.247  19.155 0.5000000000
3910  -23.647  -68.715  19.947 0.6000000238
3911  -24.377  -68.409  19.998 0.6000000238
3931  -18.112  -69.260  17.647 0.5000000000
3934  -28.546  -68.897  17.049 0.5000000000
3935  -29.501  -68.837  16.909 0.4000000060
3944  -21.958  -68.797  16.273 0.6999999881
3945  -22.510  -68.589  16.476 0.6000000238
3946  -23.571  -68.529  16.183 0.5000000000
3950  -31.045  -68.288  16.240 0.4000000060
3957  -21.687  -68.982  15.420 0.6999999881
3962  -31.286  -68.106  15.807 0.4000000060
3968  -21.711  -68.821  14.601 0.6999999881
3980  -22.015  -69.007  12.494 0.5000000000
3982  -26.100  -69.407  13.370 0.6000000238
3985  -29.200  -68.417  13.503 0.5000000000
3992  -22.221  -68.302  12.170 0.5000000000
3994  -28.614  -68.380  13.286 0.5000000000
4377  -25.276  -67.352  26.018 0.5000000000
4380  -28.469  -66.618  25.097 0.5000000000
4387  -28.626  -67.055  24.270 0.5000000000
4425  -19.765  -67.190  21.172 0.5000000000
4426  -20.724  -67.376  21.317 0.5000000000
4437  -25.442  -67.508  20.575 0.6000000238
4438  -26.205  -67.131  20.412 0.6999999881
4450  -27.839  -67.150  18.953 0.6000000238
4459  -18.405  -67.657  18.393 0.5000000000
4461  -29.188  -67.459  18.104 0.4000000060
4473  -28.870  -68.196  17.621 0.5000000000
4477  -32.298  -67.231  17.222 0.4000000060
4485  -21.723  -67.434  16.230 0.6999999881
4486  -21.966  -68.030  16.531 0.6999999881
4490  -32.338  -67.283  16.035 0.4000000060
4500  -24.604  -68.170  15.613 0.6000000238
4501  -25.547  -67.840  15.085 0.6000000238
4502  -26.369  -67.517  14.557 0.6000000238
4509  -21.895  -67.919  14.632 0.6000000238
4510  -22.405  -67.779  13.740 0.6000000238
4513  -27.608  -67.628  13.340 0.6000000238
4514  -30.621  -67.517  14.126 0.5000000000
4515  -31.341  -67.257  14.683 0.4000000060
4524  -22.882  -67.922  12.708 0.5000000000
4525  -27.161  -68.396  13.274 0.5000000000
4537  -28.019  -68.022  13.130 0.5000000000
4905  -17.393  -65.784  26.186 0.5000000000
4912  -23.263  -66.310  26.810 0.6000000238
4914  -27.801  -65.714  26.204 0.5000000000
4919  -16.841  -66.226  25.960 0.5000000000
4924  -29.820  -65.959  25.208 0.5000000000
4958  -23.379  -66.563  23.793 0.5000000000
4968  -21.615  -66.801  22.873 0.5000000000
4969  -22.459  -67.098  23.098 0.5000000000
4972  -25.141  -66.586  22.647 0.6999999881
4973  -25.886  -66.140  22.359 0.6999999881
4980  -24.711  -67.169  22.142 0.6000000238
4985  -18.683  -65.781  20.426 0.5000000000
4986  -18.927  -66.828  21.102 0.5000000000
5000  -18.476  -65.931  19.015 0.5000000000
5003  -29.828  -66.240  19.106 0.4000000060
5006  -33.417  -65.850  18.638 0.3000000119
5007  -33.849  -65.535  18.676 0.3000000119
5015  -29.535  -66.800  18.569 0.4000000060
5026  -21.833  -66.162  17.171 0.6999999881
5027  -22.184  -66.599  17.254 0.6000000238
5030  -24.895  -66.072  17.077 0.6000000238
5031  -32.789  -66.550  17.324 0.4000000060
5039  -23.500  -67.148  17.078 0.6000000238
5051  -21.799  -66.402  15.403 0.6000000238
5061  -27.197  -67.242  14.184 0.6000000238
5065  -32.052  -66.218  14.472 0.4000000060
5072  -23.288  -67.136  12.278 0.5000000000
5073  -28.641  -66.544  12.954 0.4000000060
5075  -31.108  -66.266  13.342 0.5000000000
5087  -29.476  -66.392  12.592 0.4000000060
5089  -30.679  -66.161  12.864 0.5000000000
5441  -18.064  -65.422  26.290 0.5000000000
5444  -21.045  -65.092  26.197 0.5000000000
5445  -22.312  -65.571  26.524 0.5000000000
5446  -23.000  -65.646  26.610 0.5000000000
5447  -23.960  -65.753  26.626 0.6000000238
5448  -24.920  -65.532  26.486 0.6000000238
5449  -27.331  -65.218  26.346 0.6000000238
5451  -28.823  -64.802  25.842 0.6000000238
5461  -17.330  -64.798  25.437 0.5000000000
5463  -29.359  -65.322  25.613 0.5000000000
5465  -32.472  -64.833  24.706 0.5000000000
5477  -16.880  -65.479  25.323 0.4000000060
5492  -18.512  -65.034  22.872 0.5000000000
5493  -19.199  -65.238  23.381 0.5000000000
5494  -20.061  -65.135  23.746 0.5000000000
5495  -21.079  -65.223  23.708 0.4000000060
5496  -21.908  -65.499  23.792 0.4000000060
5498  -23.746  -66.057  24.203 0.5000000000
5499  -24.694  -65.914  23.974 0.6000000238
5512  -27.002  -65.858  21.333 0.6999999881
5513  -27.558  -65.328  21.732 0.6000000238
5516  -31.106  -64.867  21.099 0.4000000060
5541  -18.301  -65.204  19.531 0.5000000000
5543  -30.126  -65.833  19.823 0.4000000060
5547  -34.308  -65.088  19.044 0.3000000119
5555  -21.736  -65.268  17.620 0.6999999881
5556  -22.773  -65.304  18.436 0.6000000238
5569  -23.234  -65.926  18.006 0.5000000000
5612  -32.064  -65.636  14.102 0.4000000060
5622  -31.378  -65.812  13.292 0.5000000000
5624  -32.605  -64.513  14.081 0.4000000060
5634  -29.000  -66.151  12.669 0.5000000000
5635  -30.068  -65.929  12.478 0.5000000000
5636  -30.894  -65.622  12.919 0.5000000000
5988  -18.366  -64.576  26.199 0.5000000000
5989  -19.225  -64.310  26.253 0.5000000000
5997  -27.680  -64.656  26.012 0.5000000000
5998  -28.316  -64.580  25.814 0.6000000238
6012  -20.081  -63.934  25.802 0.5000000000
6013  -22.257  -64.645  25.607 0.5000000000
6015  -23.996  -65.036  25.829 0.5000000000
6016  -24.889  -64.917  25.851 0.6999999881
6018  -26.556  -64.417  25.722 0.6999999881
6021  -30.544  -64.426  25.081 0.5000000000
6034  -19.363  -63.956  24.723 0.5000000000
6035  -20.278  -63.944  25.015 0.5000000000
6036  -21.982  -64.598  24.885 0.4000000060
6038  -23.616  -65.063  25.196 0.5000000000
6041  -26.199  -64.455  25.141 0.6999999881
6042  -26.931  -64.280  24.783 0.6999999881
6043  -32.292  -64.203  24.449 0.5000000000
6047  -36.964  -64.455  24.212 0.3000000119
6053  -19.257  -64.564  24.044 0.5000000000
6064  -18.063  -64.698  22.190 0.5000000000
6065  -26.794  -64.891  23.334 0.6999999881
6066  -27.468  -64.701  23.072 0.6999999881
6071  -33.368  -64.090  22.327 0.4000000060
6073  -36.619  -63.903  22.569 0.4000000060
6084  -28.825  -64.799  22.069 0.6999999881
6104  -33.922  -64.614  20.786 0.4000000060
6117  -25.003  -64.344  19.521 0.6000000238
6118  -34.716  -64.341  19.498 0.3000000119
6125  -22.369  -64.644  18.765 0.6000000238
6128  -25.658  -64.551  18.720 0.5000000000
6134  -21.581  -64.490  17.596 0.6000000238
6148  -27.064  -65.101  16.928 0.6000000238
6149  -27.721  -64.695  16.587 0.6000000238
6150  -28.286  -64.150  16.107 0.5000000000
6158  -21.757  -65.130  16.130 0.6000000238
6160  -23.562  -64.508  14.504 0.6000000238
6162  -28.664  -64.451  15.086 0.5000000000
6168  -22.821  -65.261  14.708 0.6000000238
6169  -28.879  -64.836  14.042 0.5000000000
6175  -28.986  -65.238  13.145 0.4000000060
6177  -32.471  -64.342  13.747 0.4000000060
6534  -27.273  -64.420  25.711 0.6999999881
6535  -28.134  -64.294  25.517 0.6000000238
6548  -19.473  -63.760  25.424 0.5000000000
6552  -30.128  -63.897  24.964 0.6000000238
6560  -27.178  -64.246  25.278 0.8000000119
6562  -28.920  -63.698  24.452 0.6000000238
6563  -29.704  -63.703  24.642 0.6000000238
6567  -33.823  -64.162  24.122 0.5000000000
6568  -34.411  -64.294  24.091 0.4000000060
6569  -37.773  -63.567  24.122 0.3000000119
6572  -28.850  -63.932  23.671 0.6000000238
6577  -33.601  -63.908  23.874 0.5000000000
6579  -37.753  -63.335  23.333 0.3000000119
6583  -30.200  -63.804  23.321 0.5000000000
6584  -31.632  -63.800  23.037 0.5000000000
6588  -37.264  -62.829  22.063 0.4000000060
6596  -23.885  -62.674  21.197 0.6000000238
6605  -22.871  -63.258  19.969 0.6000000238
6606  -23.526  -63.057  20.724 0.6000000238
6608  -25.087  -63.510  20.686 0.6000000238
6609  -25.901  -63.405  20.440 0.5000000000
6610  -36.252  -63.234  20.794 0.4000000060
6616  -24.531  -63.880  20.151 0.6000000238
6621  -35.688  -63.296  20.314 0.4000000060
6627  -21.768  -63.813  18.560 0.6000000238
6629  -25.801  -64.104  19.403 0.6000000238
6632  -27.897  -63.152  18.089 0.6000000238
6644  -28.053  -63.420  17.402 0.6000000238
6646  -33.504  -64.402  17.946 0.3000000119
6654  -21.679  -63.955  17.061 0.5000000000
6657  -27.941  -64.022  17.022 0.6000000238
6669  -33.639  -63.459  14.660 0.4000000060
6677  -29.404  -63.500  13.661 0.5000000000
6684  -33.669  -63.206  13.874 0.4000000060
6688  -30.009  -63.832  12.980 0.5000000000
6690  -31.545  -63.619  12.985 0.5000000000
6691  -32.289  -63.949  13.407 0.5000000000
7026  -34.645  -62.738  27.487 0.3000000119
7044  -37.088  -62.654  25.065 0.3000000119
7049  -37.731  -62.276  24.345 0.3000000119
7052  -37.795  -62.112  23.508 0.3000000119
7060  -24.800  -62.106  22.278 0.6000000238
7061  -25.191  -62.450  22.029 0.6000000238
7064  -37.513  -62.190  22.651 0.3000000119
7074  -24.895  -63.067  21.397 0.6000000238
7075  -26.615  -62.455  21.276 0.6000000238
7077  -36.893  -62.871  21.613 0.4000000060
7086  -23.537  -62.339  20.751 0.6000000238
7088  -26.268  -62.924  20.882 0.6000000238
7091  -35.895  -62.991  20.345 0.4000000060
7092  -36.413  -63.035  20.850 0.4000000060
7100  -22.669  -62.540  19.627 0.6000000238
7102  -26.641  -63.030  20.111 0.5000000000
7104  -27.937  -62.092  19.134 0.6000000238
7106  -35.242  -63.245  19.864 0.3000000119
7115  -21.893  -63.137  18.260 0.6000000238
7138  -22.887  -62.575  16.905 0.5000000000
7572  -35.822  -61.811  28.430 0.3000000119
7586  -35.267  -61.243  27.659 0.3000000119
7607  -36.397  -60.841  24.170 0.3000000119
7611  -25.873  -61.315  23.389 0.6000000238
7613  -36.190  -60.956  23.450 0.3000000119
7622  -24.777  -61.445  22.588 0.6000000238
7633  -23.926  -62.046  21.378 0.6000000238
7637  -28.151  -61.249  21.375 0.5000000000
7646  -23.808  -61.358  20.683 0.6999999881
7647  -24.137  -61.262  21.414 0.6000000238
7649  -28.154  -61.497  20.406 0.5000000000
7657  -23.017  -61.699  19.290 0.6000000238
7659  -24.384  -60.396  19.072 0.6000000238
7670  -28.486  -61.669  18.670 0.6000000238
7671  -28.930  -61.284  18.270 0.6000000238
7681  -25.420  -60.246  17.930 0.5000000000
7684  -29.080  -61.191  17.561 0.6000000238
7705  -29.503  -61.620  14.967 0.4000000060
8134  -35.731  -61.101  28.105 0.3000000119
8143  -35.071  -60.929  27.186 0.3000000119
8154  -35.164  -60.539  26.733 0.3000000119
8168  -25.761  -60.228  24.581 0.6000000238
8173  -24.867  -60.417  23.471 0.6000000238
8176  -27.210  -60.502  23.935 0.6000000238
8177  -28.110  -60.166  23.655 0.5000000000
8187  -28.170  -60.586  22.901 0.5000000000
8198  -29.016  -59.966  21.038 0.5000000000
8200  -33.375  -60.731  21.463 0.3000000119
8207  -24.077  -60.575  21.028 0.6000000238
8208  -28.721  -60.879  19.908 0.5000000000
8219  -29.127  -60.376  19.531 0.6000000238
8230  -24.981  -59.950  18.377 0.5000000000
8241  -25.427  -59.687  17.088 0.5000000000
8253  -25.377  -59.997  16.374 0.5000000000
8779  -23.115  -58.921  25.079 0.6000000238
8780  -23.699  -59.351  24.987 0.6000000238
8791  -22.972  -59.294  24.321 0.5000000000
8793  -25.183  -59.863  24.922 0.6000000238
8807  -24.302  -59.871  23.470 0.6000000238
8840  -23.277  -59.210  21.648 0.5000000000
8842  -24.242  -59.868  21.952 0.6000000238
8860  -32.530  -59.437  20.608 0.3000000119
8871  -23.973  -59.374  18.978 0.5000000000
8887  -24.890  -59.426  18.300 0.5000000000
8900  -21.848  -59.314  17.418 0.5000000000
8901  -23.064  -59.421  17.607 0.6000000238
8902  -24.278  -59.271  17.502 0.5000000000
8903  -25.092  -59.221  17.554 0.5000000000
8904  -29.438  -59.533  17.235 0.4000000060
8923  -29.504  -59.334  16.418 0.4000000060
9481  -24.968  -58.260  26.284 0.5000000000
9482  -25.864  -58.144  26.238 0.6000000238
9491  -22.157  -58.146  25.176 0.6000000238
9494  -24.531  -58.940  25.939 0.6000000238
9497  -27.320  -58.507  25.419 0.6000000238
9509  -22.445  -58.660  24.766 0.6000000238
9510  -28.068  -58.592  24.862 0.6000000238
9511  -28.622  -58.566  24.247 0.6000000238
9551  -22.009  -58.983  23.081 0.6000000238
9568  -22.182  -58.558  21.562 0.6000000238
9569  -22.795  -58.749  20.952 0.6000000238
9585  -23.424  -59.125  19.870 0.6000000238
9604  -22.816  -58.347  19.489 0.6000000238
9605  -23.321  -58.804  19.121 0.6000000238
9606  -29.739  -58.886  19.348 0.6000000238
9607  -30.090  -58.246  19.312 0.5000000000
9624  -30.043  -58.490  18.575 0.6000000238
9639  -20.096  -58.247  17.303 0.6000000238
9656  -20.151  -58.597  16.307 0.6000000238
10246  -23.731  -57.558  26.612 0.5000000000
10254  -21.766  -57.548  24.974 0.6000000238
10255  -22.455  -57.646  25.836 0.6000000238
10305  -21.401  -57.266  22.098 0.6000000238
10333  -21.488  -57.564  20.551 0.6000000238
10334  -22.146  -58.161  20.746 0.6000000238
10336  -30.204  -57.653  19.795 0.5000000000
10352  -21.440  -57.606  19.418 0.6000000238
10370  -30.123  -58.097  17.619 0.4000000060
10385  -19.196  -57.524  16.931 0.6000000238
10410  -19.718  -56.391  14.724 0.5000000000
10996  -23.271  -56.095  26.815 0.5000000000
11007  -21.965  -56.725  25.416 0.6000000238
11018  -21.666  -56.639  24.468 0.6000000238
11019  -21.961  -55.903  24.799 0.6999999881
11065  -21.037  -56.415  21.990 0.6000000238
11081  -20.324  -56.556  19.968 0.6999999881
11083  -20.795  -57.065  20.343 0.6999999881
11100  -20.772  -57.200  19.699 0.6999999881
11102  -30.167  -56.861  19.535 0.5000000000
11111  -18.260  -55.564  17.794 0.5000000000
11112  -18.852  -56.326  18.163 0.6000000238
11115  -30.099  -56.747  18.782 0.4000000060
11121  -18.880  -56.611  16.393 0.5000000000
11714  -22.686  -55.659  26.283 0.5000000000
11740  -22.055  -55.617  23.931 0.6000000238
11769  -20.955  -55.656  22.544 0.6999999881
11770  -21.362  -55.844  22.941 0.6999999881
11780  -18.871  -55.227  21.469 0.6999999881
11781  -19.706  -55.539  21.649 0.6999999881
11792  -16.810  -55.136  20.275 0.6999999881
11794  -18.811  -55.451  20.384 0.6999999881
11795  -19.730  -55.921  20.083 0.6000000238
11806  -17.369  -55.219  19.518 0.5000000000
11819  -13.208  -54.999  19.081 0.6999999881
11820  -14.133  -55.242  18.791 0.6000000238
11821  -15.029  -55.205  18.730 0.5000000000
11822  -16.000  -54.976  18.705 0.5000000000
11845  -11.453  -55.882  16.920 0.5000000000
12492  -23.367  -54.341  24.031 0.5000000000
12501  -19.327  -54.067  23.510 0.6000000238
12504  -23.384  -54.013  23.719 0.5000000000
12514  -16.908  -54.119  22.141 0.6000000238
12517  -19.713  -54.599  23.139 0.6000000238
12527  -15.827  -54.156  21.276 0.6000000238
12530  -18.160  -54.758  22.141 0.6000000238
12541  -16.265  -54.788  20.842 0.6999999881
12542  -17.086  -54.889  21.025 0.6999999881
12552  -13.224  -54.192  19.645 0.6999999881
12553  -14.056  -54.458  19.976 0.6999999881
12554  -14.728  -54.803  20.128 0.6999999881
12561  -10.909  -53.742  17.656 0.6000000238
12563  -11.750  -54.228  18.729 0.6000000238
12564  -12.566  -54.432  19.107 0.6000000238
13167  -22.865  -54.035  25.973 0.5000000000
13179  -22.973  -53.245  25.698 0.5000000000
13199  -17.810  -53.550  23.012 0.6000000238
13200  -19.073  -53.492  23.397 0.6000000238
13202  -21.387  -53.691  23.652 0.5000000000
13222  -16.382  -53.760  21.810 0.6000000238
13231  -13.657  -53.011  20.406 0.6999999881
13232  -14.272  -53.371  20.845 0.6999999881
13233  -14.975  -53.813  21.145 0.6999999881
13240  -12.596  -53.003  19.253 0.6000000238
13241  -13.148  -53.351  19.795 0.6000000238
13257  -11.064  -53.366  16.949 0.6000000238
13876  -19.007  -52.995  23.137 0.6000000238
13878  -20.718  -52.919  23.541 0.5000000000
13893  -17.028  -52.632  22.120 0.6000000238
13895  -18.586  -52.667  22.725 0.6000000238
13897  -20.383  -52.491  22.943 0.6000000238
13911  -17.429  -52.265  22.015 0.6000000238
13912  -18.156  -52.223  22.113 0.6000000238
13914  -20.158  -52.363  21.957 0.6000000238
13928  -15.019  -52.470  20.941 0.6000000238
13929  -15.710  -52.623  21.284 0.6000000238
13944  -13.858  -52.413  20.095 0.6000000238
13953  -11.476  -53.036  17.774 0.6000000238
13956  -13.523  -52.214  19.187 0.6000000238
13961  -11.798  -52.948  16.227 0.6000000238
13963  -13.106  -52.196  17.522 0.5000000000
13970  -12.084  -53.135  15.093 0.5000000000
13980  -12.818  -51.942  15.145 0.5000000000
14492  -23.912  -52.236  27.137 0.5000000000
14511  -22.625  -51.752  25.115 0.5000000000
14512  -22.908  -52.071  25.761 0.5000000000
14529  -22.260  -51.441  24.545 0.6000000238
14573  -19.822  -52.212  21.046 0.6000000238
14575  -21.417  -51.274  21.482 0.6999999881
14593  -16.788  -51.708  20.424 0.6000000238
14595  -18.410  -51.695  20.320 0.6000000238
14597  -20.442  -51.348  20.406 0.6999999881
14613  -16.554  -51.507  19.568 0.6000000238
14617  -19.992  -50.916  20.063 0.6999999881
14628  -13.918  -51.785  18.008 0.5000000000
14631  -16.436  -51.340  18.463 0.6000000238
14634  -19.207  -51.096  19.035 0.6999999881
14644  -13.905  -51.845  16.667 0.5000000000
14646  -15.522  -51.474  17.002 0.6000000238
14661  -13.754  -51.587  15.713 0.5000000000
14674  -14.113  -51.142  15.421 0.4000000060
15234  -22.368  -50.397  25.630 0.5000000000
15259  -21.751  -50.480  23.187 0.6999999881
15260  -21.804  -50.969  23.976 0.6999999881
15317  -19.825  -50.333  19.807 0.6999999881
15328  -18.980  -50.737  18.090 0.6000000238
15341  -16.867  -50.693  16.573 0.6000000238
15343  -18.610  -50.186  17.231 0.6000000238
15356  -12.889  -50.087  15.476 0.5000000000
15357  -14.628  -50.713  15.296 0.5000000000
15359  -17.468  -50.070  16.215 0.6000000238
16042  -21.417  -49.239  22.274 0.6000000238
16061  -20.849  -49.968  21.131 0.6000000238
16062  -21.460  -49.722  21.784 0.6000000238
16092  -19.475  -49.335  18.322 0.6000000238
16120  -18.347  -49.622  16.324 0.6000000238
16121  -18.766  -49.463  16.801 0.6000000238
16135  -11.170  -49.362  16.431 0.5000000000
16138  -14.095  -49.584  15.431 0.5000000000
16140  -16.459  -49.378  15.657 0.4000000060
16156  -14.406  -49.980  15.062 0.4000000060
16806  -21.864  -48.090  24.158 0.5000000000
16807  -22.355  -48.160  24.997 0.5000000000
16832  -21.197  -48.523  22.516 0.6000000238
16842  -20.201  -48.247  21.374 0.5000000000
16870  -17.008  -48.218  16.963 0.4000000060
16871  -19.511  -48.610  17.797 0.6999999881
16885  -14.571  -48.841  16.907 0.4000000060
16888  -17.471  -48.357  15.888 0.5000000000
16889  -19.433  -48.241  16.816 0.6999999881
16907  -16.197  -49.190  15.733 0.4000000060
16909  -17.792  -48.546  15.559 0.5000000000
16911  -18.921  -47.688  15.922 0.5000000000
17546  -22.955  -46.914  25.029 0.4000000060
17556  -21.755  -47.632  23.415 0.5000000000
17567  -20.876  -47.072  22.059 0.5000000000
17585  -19.968  -47.071  19.760 0.6000000238
17586  -19.880  -47.621  20.717 0.6000000238
17608  -16.919  -47.882  17.889 0.3000000119
17631  -18.515  -47.100  15.642 0.4000000060
18286  -24.160  -46.147  25.840 0.4000000060
18297  -22.822  -46.724  24.211 0.5000000000
18308  -22.550  -46.467  23.541 0.5000000000
18320  -22.239  -46.131  23.029 0.4000000060
18376  -19.284  -46.460  16.592 0.4000000060
18389  -18.460  -46.102  15.823 0.4000000060
18390  -18.701  -46.145  15.957 0.4000000060
19034  -26.131  -45.156  26.806 0.4000000060
19045  -23.797  -45.772  25.134 0.4000000060
19047  -25.144  -45.037  25.903 0.4000000060
19057  -13.933  -45.027  24.491 0.3000000119
19071  -12.414  -44.808  23.925 0.3000000119
19074  -23.246  -45.271  23.665 0.4000000060
19094  -14.516  -44.810  21.153 0.4000000060
19097  -20.763  -44.920  20.954 0.5000000000
19098  -21.274  -45.321  21.661 0.5000000000
19125  -19.889  -44.879  18.359 0.3000000119
19146  -18.097  -45.784  15.941 0.4000000060
19835  -26.429  -44.516  26.782 0.4000000060
19846  -17.446  -44.365  26.001 0.3000000119
19847  -24.636  -44.607  25.365 0.4000000060
19856  -12.807  -44.227  24.341 0.3000000119
19858  -14.659  -43.889  24.834 0.4000000060
19869  -22.880  -44.988  23.070 0.4000000060
19870  -23.337  -43.976  23.619 0.4000000060
19881  -22.453  -44.522  22.574 0.4000000060
19891  -12.161  -43.813  21.941 0.3000000119
19894  -16.686  -44.002  21.485 0.4000000060
19912  -20.185  -44.513  20.296 0.4000000060
19923  -17.379  -44.028  18.814 0.3000000119
19938  -19.772  -44.409  17.338 0.3000000119
19954  -18.444  -44.637  16.259 0.3000000119
20656  -27.733  -44.148  26.819 0.4000000060
20675  -27.568  -43.366  26.661 0.4000000060
20697  -25.312  -43.387  25.747 0.4000000060
20708  -12.876  -42.726  24.517 0.4000000060
20710  -14.555  -42.792  24.962 0.3000000119
20714  -24.327  -43.300  24.817 0.4000000060
20723  -12.378  -43.114  23.708 0.4000000060
20724  -23.046  -43.609  23.202 0.4000000060
20745  -15.129  -42.951  22.327 0.4000000060
20747  -17.055  -43.350  21.130 0.3000000119
20762  -17.391  -43.484  20.452 0.3000000119
20763  -20.515  -43.153  20.280 0.3000000119
20773  -19.853  -43.184  18.422 0.3000000119
20802  -17.603  -43.311  17.361 0.3000000119
20803  -18.435  -43.260  17.122 0.3000000119
21506  -28.300  -43.448  26.713 0.4000000060
21543  -24.556  -42.519  24.992 0.3000000119
21557  -15.120  -42.035  24.840 0.3000000119
21558  -16.409  -42.149  24.809 0.3000000119
21561  -23.979  -42.623  24.224 0.4000000060
21571  -13.057  -42.445  23.954 0.4000000060
21572  -13.636  -41.796  23.962 0.4000000060
21599  -16.589  -42.574  21.206 0.3000000119
21601  -21.613  -42.976  21.733 0.3000000119
21613  -16.547  -42.091  20.458 0.3000000119
21629  -16.760  -41.899  19.514 0.3000000119
21630  -17.354  -42.451  18.860 0.3000000119
21647  -17.507  -42.712  17.882 0.3000000119
21648  -19.410  -42.346  17.548 0.3000000119
21661  -18.834  -42.418  17.297 0.3000000119
21662  -19.048  -41.764  17.616 0.3000000119
22499  -26.163  -40.776  26.026 0.3000000119
22518  -17.005  -41.455  24.611 0.3000000119
22520  -19.360  -41.739  24.825 0.3000000119
22555  -14.525  -41.596  22.747 0.4000000060
22590  -16.077  -41.395  19.978 0.3000000119
22607  -17.304  -41.491  18.423 0.3000000119
22619  -18.599  -41.314  17.950 0.3000000119
22620  -19.142  -41.064  18.248 0.3000000119
23436  -15.263  -40.927  24.001 0.4000000060
23487  -14.787  -40.292  21.700 0.4000000060
23488  -14.883  -40.511  21.215 0.4000000060
23523  -19.577  -40.440  18.611 0.3000000119
24465  -20.155  -38.975  18.226 0.3000000119
24479  -13.809  -38.747  20.021 0.3000000119
24495  -19.317  -39.469  18.183 0.3000000119
25370  -13.486  -38.293  20.376 0.3000000119
25390  -20.015  -38.629  17.934 0.3000000119
119834  -26.343  -70.960  15.472 0.5000000000
119906  -31.047  -67.996  15.122 0.4000000060
121460  -32.195  -63.822  24.124 0.5000000000
121665  -21.256  -70.449  13.432 0.6000000238
121732  -36.274  -63.880  21.809 0.4000000060
122009  -29.684  -56.302  18.265 0.4000000060
122104  -15.385  -40.937  20.571 0.3000000119
122434  -24.836  -66.750  26.525 0.5000000000
122675  -34.505  -64.684  20.213 0.3000000119
122764  -23.610  -63.411  15.840 0.4000000060
123017  -22.395  -48.868  25.485 0.5000000000
123107  -29.224  -67.079  12.916 0.5000000000
123184  -27.480  -61.491  22.009 0.6000000238
123210  -32.283  -63.240  13.080 0.5000000000
123535  -19.026  -43.913  16.744 0.3000000119
123739  -29.967  -57.849  16.632 0.4000000060
124323  -18.266  -63.945  25.158 0.5000000000
124463  -24.029  -59.594  22.021 0.5000000000
124500  -13.327  -50.715  15.236 0.5000000000
124651  -30.631  -63.015  12.864 0.4000000060
125149  -21.858  -46.202  22.505 0.5000000000
125192  -28.459  -68.000  13.129 0.5000000000
125310  -28.271  -65.142  21.558 0.6999999881
125526  -19.642  -46.978  17.713 0.5000000000
125869  -32.692  -64.836  14.606 0.4000000060
125979  -21.998  -64.123  18.958 0.5000000000
125994  -17.485  -43.958  19.982 0.3000000119
126557  -21.196  -64.330  24.882 0.4000000060
126956  -15.167  -44.455  21.513 0.4000000060
126967  -24.045  -66.524  26.735 0.5000000000
127068  -23.260  -52.960  23.955 0.6000000238
127196  -29.328  -60.157  18.855 0.6000000238
127209  -18.030  -51.365  18.461 0.6000000238
127950  -25.460  -60.581  17.237 0.5000000000
128404  -29.726  -60.394  13.811 0.4000000060
128914  -15.307  -51.413  16.235 0.5000000000
129067  -28.191  -55.854  17.951 0.4000000060
129133  -24.741  -43.076  25.401 0.4000000060
129158  -22.150  -52.083  23.501 0.6000000238
129179  -24.449  -59.721  24.936 0.6000000238
129206  -17.526  -45.432  16.482 0.3000000119
129412  -21.748  -49.950  22.413 0.6999999881
129584  -22.007  -55.252  23.581 0.6999999881
129633  -21.395  -54.558  23.395 0.6000000238
129824  -18.177  -48.990  15.543 0.5000000000
129981  -18.243  -41.655  24.619 0.3000000119
130416  -33.075  -58.309  20.879 0.3000000119
130918  -12.984  -43.438  24.656 0.4000000060
131454  -17.121  -45.387  19.328 0.3000000119
131532  -17.634  -40.488  18.465 0.3000000119
131860  -18.258  -69.298  16.060 0.5000000000
132320  -29.616  -59.601  15.485 0.4000000060
132708  -32.676  -65.537  16.352 0.4000000060
132854  -24.576  -61.031  17.886 0.6000000238
132945  -19.837  -64.170  26.138 0.5000000000
132947  -23.161  -53.151  24.601 0.5000000000
133192  -23.471  -71.360  14.562 0.6000000238
133403  -33.979  -62.686  13.746 0.4000000060
133939  -18.934  -54.392  23.261 0.6000000238
134106  -21.526  -66.660  16.012 0.6999999881
134114  -34.213  -63.949  18.648 0.3000000119
134550  -20.402  -71.242  13.190 0.5000000000
134561  -16.993  -54.911  18.653 0.5000000000
134735  -24.129  -67.173  26.544 0.5000000000
135962  -14.512  -49.286  15.962 0.5000000000
136215  -21.846  -65.219  26.331 0.5000000000
136282  -12.783  -49.497  15.922 0.5000000000
136677  -32.647  -59.373  21.290 0.3000000119
136772  -23.445  -56.871  26.813 0.5000000000
136930  -31.988  -60.319  12.254 0.4000000060
137241  -17.213  -45.328  17.324 0.3000000119
137587  -28.215  -66.969  13.231 0.6000000238
137868  -19.150  -51.520  19.737 0.6000000238
138074  -25.650  -65.239  26.442 0.6000000238
138229  -26.390  -65.330  26.454 0.6000000238
138458  -20.661  -46.617  21.497 0.5000000000
138526  -19.371  -50.569  18.641 0.6999999881
138588  -11.282  -53.704  18.320 0.6000000238
138636  -22.637  -52.596  23.863 0.5000000000
138830  -32.144  -63.733  23.653 0.5000000000
138959  -29.338  -64.503  22.523 0.8000000119
138975  -22.550  -55.238  25.541 0.5000000000
139012  -27.363  -70.184  14.213 0.5000000000
139075  -21.598  -51.510  22.807 0.6999999881
139125  -26.049  -65.207  23.662 0.6999999881
139399  -26.899  -61.535  22.592 0.6000000238
139400  -23.227  -44.620  23.493 0.4000000060
139733  -23.406  -53.457  23.731 0.5000000000
139905  -23.763  -71.293  14.024 0.6000000238
140106  -18.826  -63.854  25.096 0.5000000000
140110  -31.373  -64.276  22.027 0.5000000000
140535  -37.529  -63.141  22.545 0.4000000060
140546  -32.186  -67.451  16.644 0.4000000060
140642  -25.636  -60.029  17.406 0.5000000000
140750  -28.336  -63.897  24.790 0.6999999881
140928  -21.578  -65.409  16.544 0.6000000238
141062  -15.603  -39.676  22.997 0.4000000060
141109  -15.941  -50.212  15.660 0.4000000060
141156  -28.456  -65.398  21.123 0.6000000238
141333  -13.550  -42.429  24.899 0.4000000060
141361  -27.065  -42.911  26.508 0.3000000119
141872  -34.195  -62.759  19.351 0.3000000119
141956  -32.570  -66.917  17.629 0.4000000060
142082  -29.681  -56.668  16.885 0.4000000060
142682  -26.485  -43.180  26.342 0.4000000060
142808  -18.516  -49.180  16.064 0.6000000238
143106  -21.658  -49.401  24.543 0.5000000000
143238  -26.691  -64.513  25.995 0.6999999881
143322  -30.240  -57.836  18.279 0.5000000000
143338  -10.631  -54.195  17.544 0.6000000238
143420  -21.857  -57.673  19.598 0.6000000238
143599  -30.547  -68.807  16.051 0.4000000060
143715  -20.838  -70.989  13.082 0.6000000238
143920  -27.801  -66.685  25.416 0.5000000000
144126  -14.302  -43.462  22.401 0.4000000060
144141  -23.713  -59.456  22.182 0.5000000000
144315  -17.983  -54.029  23.088 0.6000000238
144392  -17.736  -41.617  17.966 0.3000000119
144431  -13.852  -41.692  24.357 0.4000000060
144653  -19.681  -48.869  19.821 0.6999999881
144708  -20.437  -56.585  20.444 0.6999999881
144785  -13.129  -51.313  15.156 0.5000000000
144786  -18.533  -46.533  15.732 0.4000000060
144840  -26.727  -64.308  18.105 0.6000000238
145337  -29.564  -59.027  19.965 0.4000000060
