#!ascii label  , from subject sub-06 vox2ras=TkReg
1296
135222  12.208  -4.306  99.651 0.0000000000
46657  4.398  -16.044  82.999 0.0000000000
51518  0.607  -11.109  99.194 0.0000000000
57835  3.333  -5.200  92.841 0.0000000000
57888  3.373  -5.384  83.936 0.0000000000
55776  4.832  -8.091  101.271 0.0000000000
59651  4.137  -3.442  98.016 0.0000000000
54744  14.575  -7.276  99.673 0.0000000000
52602  8.914  -10.064  99.737 0.0000000000
49469  4.245  -13.624  99.222 0.0000000000
120133  2.889  -0.634  89.641 0.0000000000
55858  2.309  -6.907  87.929 0.0000000000
61860  3.278  -0.726  85.154 0.0000000000
48424  -0.157  -14.426  94.484 0.0000000000
51616  1.519  -12.344  91.637 0.0000000000
55812  0.934  -7.881  95.426 0.0000000000
62814  3.084  -1.229  93.902 0.0000000000
52763  5.798  -11.023  88.694 0.0000000000
53848  8.789  -9.077  83.258 0.0000000000
55005  4.343  -8.080  78.851 0.0000000000
60919  5.383  -2.382  78.772 0.0000000000
58660  8.280  -5.087  100.509 0.0000000000
59629  7.461  -5.097  98.407 0.0000000000
57780  13.390  -5.730  100.440 0.0000000000
53671  12.006  -8.952  100.331 0.0000000000
55768  10.358  -7.471  102.050 0.0000000000
53660  7.420  -9.061  101.268 0.0000000000
61812  3.021  -1.700  87.363 0.0000000000
49498  -0.338  -12.988  96.643 0.0000000000
51566  0.605  -11.772  94.502 0.0000000000
53689  0.511  -9.840  97.160 0.0000000000
61718  6.329  -2.071  94.782 0.0000000000
120423  3.848  -2.555  96.140 0.0000000000
50492  1.915  -12.526  100.034 0.0000000000
47402  2.704  -15.488  98.357 0.0000000000
47405  0.357  -14.606  97.959 0.0000000000
46506  -0.082  -16.049  96.409 0.0000000000
140223  3.171  -9.038  92.984 0.0000000000
51626  3.285  -11.431  90.470 0.0000000000
55837  5.394  -7.552  91.573 0.0000000000
55910  2.093  -7.629  85.361 0.0000000000
55908  6.044  -7.376  85.529 0.0000000000
54946  4.331  -8.641  83.494 0.0000000000
54986  7.323  -8.445  80.757 0.0000000000
131629  2.781  -7.725  81.660 0.0000000000
128610  2.863  -9.702  100.081 0.0000000000
55788  1.883  -7.923  98.799 0.0000000000
57800  4.424  -5.242  99.705 0.0000000000
60726  7.109  -3.515  96.100 0.0000000000
52622  15.400  -9.515  97.474 0.0000000000
124067  13.631  -10.186  95.063 0.0000000000
52634  12.647  -10.262  97.575 0.0000000000
51529  9.198  -9.572  97.561 0.0000000000
50488  6.278  -12.245  100.010 0.0000000000
142048  4.755  -11.008  100.446 0.0000000000
135978  1.642  -2.868  90.761 0.0000000000
56864  2.421  -5.378  89.886 0.0000000000
132254  1.142  -4.122  89.075 0.0000000000
127311  0.903  -3.882  86.495 0.0000000000
59797  1.783  -2.961  83.866 0.0000000000
60691  14.264  -4.417  97.939 0.0000000000
53720  18.426  -8.375  95.309 0.0000000000
55800  21.141  -6.828  97.196 0.0000000000
56804  17.456  -6.192  99.102 0.0000000000
59620  16.336  -5.380  98.170 0.0000000000
46562  0.535  -16.947  92.767 0.0000000000
46575  1.437  -16.381  91.210 0.0000000000
140624  1.008  -13.184  92.928 0.0000000000
53735  2.294  -10.298  93.672 0.0000000000
56837  2.590  -6.723  94.427 0.0000000000
137902  1.577  -6.162  97.014 0.0000000000
126948  1.743  -4.804  95.324 0.0000000000
59717  1.471  -3.778  93.032 0.0000000000
137179  2.758  -0.886  91.246 0.0000000000
120775  2.059  -14.893  89.289 0.0000000000
50613  2.744  -13.821  86.933 0.0000000000
49652  3.853  -13.415  85.129 0.0000000000
56871  6.131  -7.143  88.996 0.0000000000
52786  7.520  -9.864  86.325 0.0000000000
49683  6.134  -12.918  82.961 0.0000000000
51798  6.945  -11.756  80.577 0.0000000000
51833  6.147  -11.116  78.504 0.0000000000
62960  1.937  -0.057  83.612 0.0000000000
61876  2.344  -1.835  82.332 0.0000000000
62980  3.994  -0.857  80.875 0.0000000000
58794  5.192  -4.592  81.280 0.0000000000
57913  2.224  -6.261  80.344 0.0000000000
58666  10.566  -4.841  100.320 0.0000000000
131435  9.453  -4.448  99.086 0.0000000000
59647  11.589  -4.700  98.178 0.0000000000
58664  12.594  -4.621  100.092 0.0000000000
56783  11.385  -6.606  101.689 0.0000000000
57783  10.759  -5.462  101.397 0.0000000000
56789  9.370  -6.379  101.665 0.0000000000
45715  3.381  -17.192  81.891 0.0000000000
47590  3.760  -15.795  81.354 0.0000000000
50505  0.262  -12.163  97.886 0.0000000000
51540  0.078  -11.149  96.848 0.0000000000
53684  0.557  -10.063  98.182 0.0000000000
52685  14.427  -9.422  94.558 0.0000000000
50496  1.321  -12.077  99.757 0.0000000000
49472  1.064  -13.395  99.199 0.0000000000
49484  0.471  -13.431  98.734 0.0000000000
49491  -0.173  -13.818  97.537 0.0000000000
55829  3.927  -7.188  93.201 0.0000000000
126087  4.229  -8.559  92.553 0.0000000000
56843  4.388  -6.468  92.068 0.0000000000
56913  2.928  -6.735  84.739 0.0000000000
54932  3.255  -8.185  84.487 0.0000000000
56924  3.328  -7.082  83.625 0.0000000000
54959  3.553  -8.613  82.525 0.0000000000
56936  3.148  -7.031  82.702 0.0000000000
54746  4.165  -8.507  100.952 0.0000000000
55782  3.497  -7.436  100.132 0.0000000000
56800  4.682  -6.614  100.493 0.0000000000
60678  6.851  -5.207  97.644 0.0000000000
60742  7.898  -3.136  94.714 0.0000000000
53676  14.882  -8.432  98.266 0.0000000000
125244  13.981  -10.027  97.602 0.0000000000
52612  13.427  -9.132  98.627 0.0000000000
52591  10.294  -8.851  99.435 0.0000000000
52615  10.289  -10.049  99.290 0.0000000000
51514  8.772  -10.158  99.005 0.0000000000
51507  7.586  -11.166  100.264 0.0000000000
54739  6.418  -8.510  101.543 0.0000000000
52594  6.049  -10.007  100.882 0.0000000000
53663  4.606  -9.580  100.732 0.0000000000
52597  3.964  -10.024  100.467 0.0000000000
61766  1.753  -2.194  90.114 0.0000000000
59754  1.379  -3.472  89.742 0.0000000000
61779  1.592  -2.198  89.546 0.0000000000
61849  3.130  -0.983  85.945 0.0000000000
60846  1.964  -2.552  86.833 0.0000000000
60853  1.610  -2.891  85.364 0.0000000000
59786  1.626  -3.492  85.085 0.0000000000
137305  1.881  -2.080  84.877 0.0000000000
55785  18.166  -6.690  98.690 0.0000000000
47474  0.204  -15.513  93.525 0.0000000000
47483  0.601  -15.825  92.823 0.0000000000
48440  0.376  -14.422  93.829 0.0000000000
145343  1.523  -9.800  95.234 0.0000000000
52688  2.050  -11.220  93.904 0.0000000000
121275  2.099  -9.512  94.368 0.0000000000
54799  2.351  -8.717  94.289 0.0000000000
55815  2.003  -7.600  94.547 0.0000000000
57807  2.465  -5.853  98.522 0.0000000000
136565  1.500  -6.749  97.735 0.0000000000
57819  2.449  -5.327  97.906 0.0000000000
61719  4.063  -1.863  94.806 0.0000000000
59681  2.350  -3.469  96.049 0.0000000000
60735  2.598  -3.053  94.729 0.0000000000
131323  1.745  -3.852  94.000 0.0000000000
60744  1.336  -1.455  94.031 0.0000000000
60760  1.174  -2.100  91.975 0.0000000000
62831  2.386  -0.907  92.512 0.0000000000
51562  12.145  -9.768  94.415 0.0000000000
121548  12.193  -10.167  93.702 0.0000000000
48350  4.836  -13.639  98.032 0.0000000000
47411  4.239  -14.457  96.831 0.0000000000
48370  4.380  -14.199  97.792 0.0000000000
46484  2.243  -16.035  97.892 0.0000000000
122656  3.057  -16.451  97.251 0.0000000000
131624  -0.332  -15.672  95.224 0.0000000000
46546  -0.050  -16.126  93.880 0.0000000000
48488  1.681  -14.001  90.855 0.0000000000
47515  1.934  -15.105  89.640 0.0000000000
49567  1.783  -13.554  90.250 0.0000000000
52764  4.778  -11.244  89.219 0.0000000000
50582  3.031  -13.241  88.368 0.0000000000
51670  4.012  -12.733  88.115 0.0000000000
50628  3.579  -13.606  85.936 0.0000000000
51690  5.413  -12.047  86.496 0.0000000000
56887  2.731  -6.365  88.729 0.0000000000
128583  4.351  -6.538  89.482 0.0000000000
55856  3.949  -7.422  88.171 0.0000000000
54928  7.345  -7.924  84.458 0.0000000000
55906  7.353  -7.909  86.077 0.0000000000
53840  8.442  -9.547  84.628 0.0000000000
134848  6.756  -11.430  84.342 0.0000000000
51743  7.516  -11.224  83.170 0.0000000000
51778  6.718  -11.947  82.051 0.0000000000
52863  8.271  -10.830  81.716 0.0000000000
119876  5.609  -8.016  79.730 0.0000000000
53895  7.091  -9.321  78.968 0.0000000000
53904  6.262  -9.174  78.413 0.0000000000
63980  1.861  0.761  83.331 0.0000000000
61878  1.504  -0.719  83.047 0.0000000000
62967  1.521  -0.480  82.495 0.0000000000
64037  6.164  -0.277  79.011 0.0000000000
61897  6.056  -1.591  80.165 0.0000000000
133283  5.090  -2.112  81.491 0.0000000000
59825  5.695  -3.277  79.898 0.0000000000
57922  4.248  -5.325  80.430 0.0000000000
58825  3.863  -4.228  78.966 0.0000000000
56792  6.768  -6.788  101.396 0.0000000000
57792  6.649  -5.316  100.394 0.0000000000
58669  7.817  -4.759  99.665 0.0000000000
128003  13.574  -6.630  100.304 0.0000000000
53654  12.813  -8.008  99.793 0.0000000000
54726  12.050  -7.556  100.838 0.0000000000
53650  11.020  -8.148  100.880 0.0000000000
53652  9.340  -7.967  100.808 0.0000000000
52592  8.011  -9.550  100.842 0.0000000000
54730  8.561  -7.976  101.641 0.0000000000
124760  7.361  -7.438  101.762 0.0000000000
120690  4.916  -0.638  88.353 0.0000000000
62902  3.442  -1.374  87.932 0.0000000000
135020  4.622  -1.088  87.634 0.0000000000
61829  4.799  -1.371  86.070 0.0000000000
61846  5.272  -1.304  84.823 0.0000000000
48410  -0.309  -13.951  95.028 0.0000000000
49516  -0.359  -13.119  94.822 0.0000000000
50510  -0.378  -12.618  95.573 0.0000000000
52655  0.782  -10.356  95.870 0.0000000000
54778  0.464  -8.838  96.083 0.0000000000
60716  4.442  -2.744  96.594 0.0000000000
60701  3.260  -3.085  97.343 0.0000000000
61710  4.561  -2.371  95.741 0.0000000000
62801  5.046  -1.170  94.710 0.0000000000
63845  4.582  -0.162  93.837 0.0000000000
64859  3.954  1.105  92.939 0.0000000000
49470  3.311  -13.542  99.621 0.0000000000
48352  3.710  -14.249  99.019 0.0000000000
48354  2.109  -14.124  99.214 0.0000000000
47393  1.615  -14.553  98.723 0.0000000000
47404  0.728  -15.182  97.371 0.0000000000
46505  0.473  -16.365  96.467 0.0000000000
47412  0.065  -14.973  97.374 0.0000000000
48403  -0.314  -14.774  96.323 0.0000000000
125291  2.509  -10.474  92.549 0.0000000000
51638  1.807  -12.564  90.512 0.0000000000
53778  3.286  -10.358  91.800 0.0000000000
52741  4.789  -9.730  90.813 0.0000000000
53793  5.770  -9.571  90.251 0.0000000000
55891  1.712  -7.353  86.239 0.0000000000
122933  4.171  -7.955  87.320 0.0000000000
54902  3.871  -8.344  85.554 0.0000000000
54930  4.893  -8.035  84.003 0.0000000000
54944  6.466  -8.443  83.222 0.0000000000
54969  8.456  -8.642  82.064 0.0000000000
120951  6.198  -8.859  81.979 0.0000000000
131604  4.843  -8.854  81.251 0.0000000000
54988  4.424  -8.287  80.477 0.0000000000
61937  4.226  -1.466  77.700 0.0000000000
60921  3.371  -2.853  78.238 0.0000000000
61939  1.912  -1.667  77.157 0.0000000000
52618  1.614  -10.416  99.699 0.0000000000
53679  1.508  -9.589  99.188 0.0000000000
53678  2.312  -9.163  99.506 0.0000000000
134816  2.769  -6.777  99.280 0.0000000000
58680  4.171  -4.567  99.074 0.0000000000
59615  6.458  -4.782  98.909 0.0000000000
129778  5.059  -4.311  98.506 0.0000000000
60698  5.254  -3.531  97.443 0.0000000000
61707  6.885  -2.879  95.369 0.0000000000
52642  15.312  -9.863  96.645 0.0000000000
51544  14.238  -9.727  95.425 0.0000000000
51534  14.039  -10.432  96.185 0.0000000000
52613  12.307  -9.657  99.189 0.0000000000
51519  11.068  -10.152  98.020 0.0000000000
51538  9.714  -9.146  96.649 0.0000000000
49467  6.074  -12.997  98.759 0.0000000000
50495  5.796  -12.795  99.444 0.0000000000
51502  7.091  -10.879  100.727 0.0000000000
51509  5.847  -11.618  100.391 0.0000000000
137241  4.658  -12.469  100.076 0.0000000000
51510  3.411  -11.295  100.328 0.0000000000
138277  2.392  -11.006  100.217 0.0000000000
127377  1.947  -4.488  91.637 0.0000000000
142719  3.440  -5.463  91.153 0.0000000000
58728  1.785  -4.552  90.761 0.0000000000
57863  1.882  -5.100  89.099 0.0000000000
56889  1.401  -5.855  88.011 0.0000000000
60831  1.570  -2.676  87.687 0.0000000000
59776  0.707  -3.595  87.541 0.0000000000
130075  0.864  -5.896  87.309 0.0000000000
57878  1.215  -5.536  86.102 0.0000000000
57876  2.330  -5.482  85.678 0.0000000000
58782  2.481  -3.952  84.225 0.0000000000
60692  13.631  -4.373  98.624 0.0000000000
120694  17.578  -8.595  95.729 0.0000000000
55808  23.001  -6.002  95.152 0.0000000000
56823  22.481  -5.690  95.736 0.0000000000
54776  21.150  -6.900  95.438 0.0000000000
53685  19.533  -8.051  96.413 0.0000000000
53686  18.808  -8.305  96.597 0.0000000000
53700  17.356  -9.356  96.897 0.0000000000
53665  16.008  -7.888  98.470 0.0000000000
123751  16.031  -6.896  99.434 0.0000000000
57798  16.814  -5.823  98.921 0.0000000000
56796  15.013  -6.445  100.294 0.0000000000
134049  14.759  -5.447  99.593 0.0000000000
59607  13.608  -4.765  99.667 0.0000000000
125262  1.462  -14.973  91.813 0.0000000000
50530  1.183  -12.647  92.411 0.0000000000
50522  0.586  -12.616  93.631 0.0000000000
51584  1.411  -11.840  93.455 0.0000000000
120027  1.610  -11.797  92.476 0.0000000000
53748  2.564  -9.698  93.320 0.0000000000
55831  3.124  -8.224  93.922 0.0000000000
56836  3.172  -5.807  93.803 0.0000000000
143590  1.131  -8.762  97.926 0.0000000000
55803  0.682  -7.774  96.762 0.0000000000
56829  0.905  -7.151  95.826 0.0000000000
140753  2.347  -3.844  96.683 0.0000000000
133751  1.617  -4.829  96.043 0.0000000000
56828  1.461  -6.434  95.366 0.0000000000
57828  1.855  -5.613  94.961 0.0000000000
58715  2.149  -4.410  93.587 0.0000000000
58719  1.892  -4.281  92.460 0.0000000000
59718  1.167  -3.746  92.041 0.0000000000
61756  2.136  -1.687  90.974 0.0000000000
62855  2.714  -0.655  90.245 0.0000000000
64881  3.965  0.406  91.350 0.0000000000
63900  4.620  0.056  90.457 0.0000000000
63912  4.494  -0.235  89.866 0.0000000000
46502  3.943  -15.109  95.484 0.0000000000
47401  3.475  -15.438  98.155 0.0000000000
50565  2.111  -13.101  89.529 0.0000000000
49617  2.355  -14.355  88.357 0.0000000000
48604  4.324  -14.576  83.838 0.0000000000
138707  4.580  -6.379  90.719 0.0000000000
56861  5.762  -6.903  90.227 0.0000000000
126767  6.868  -9.045  89.112 0.0000000000
55869  6.075  -7.240  87.190 0.0000000000
54885  7.514  -8.624  87.542 0.0000000000
52776  6.613  -10.786  87.517 0.0000000000
51710  5.914  -11.936  85.691 0.0000000000
143891  5.287  -12.711  84.299 0.0000000000
48603  4.805  -14.276  83.366 0.0000000000
143599  5.187  -14.083  81.818 0.0000000000
52877  8.084  -10.333  80.364 0.0000000000
141526  5.976  -11.795  79.179 0.0000000000
62957  5.250  -0.246  83.823 0.0000000000
63978  4.493  0.305  83.649 0.0000000000
62947  2.603  -0.540  84.338 0.0000000000
61870  1.665  -1.101  83.624 0.0000000000
60865  1.897  -2.538  83.258 0.0000000000
59795  3.430  -3.782  83.277 0.0000000000
61888  2.627  -1.340  81.574 0.0000000000
60872  4.266  -3.045  82.449 0.0000000000
58787  4.447  -4.799  82.542 0.0000000000
56962  3.428  -6.221  81.625 0.0000000000
55967  2.335  -7.292  81.085 0.0000000000
55993  2.612  -7.452  79.417 0.0000000000
56992  1.619  -6.597  78.910 0.0000000000
145362  10.866  -4.794  99.756 0.0000000000
59626  10.473  -4.726  99.160 0.0000000000
59625  11.516  -4.591  99.118 0.0000000000
59609  12.267  -4.323  99.868 0.0000000000
58656  11.979  -5.179  100.674 0.0000000000
58665  11.632  -4.759  100.208 0.0000000000
58658  10.177  -4.891  100.974 0.0000000000
129109  4.181  -16.914  82.755 0.0000000000
46672  3.188  -16.531  81.318 0.0000000000
46665  4.003  -16.390  81.995 0.0000000000
51524  0.468  -11.791  98.660 0.0000000000
51531  0.220  -11.414  97.764 0.0000000000
52628  0.382  -10.834  98.531 0.0000000000
53723  15.366  -9.016  94.930 0.0000000000
53733  14.755  -8.529  94.163 0.0000000000
127387  0.835  -11.739  99.364 0.0000000000
50497  0.795  -12.583  99.180 0.0000000000
50501  0.364  -12.717  98.404 0.0000000000
56845  3.686  -6.262  93.340 0.0000000000
56844  4.087  -6.318  92.606 0.0000000000
57834  3.768  -5.584  92.489 0.0000000000
56912  3.211  -6.252  84.227 0.0000000000
56925  3.241  -7.123  84.286 0.0000000000
55951  3.302  -7.897  83.029 0.0000000000
57893  3.423  -6.247  83.397 0.0000000000
55781  4.232  -7.535  100.725 0.0000000000
55780  5.113  -7.245  100.968 0.0000000000
53667  14.759  -7.716  98.925 0.0000000000
53677  14.039  -8.373  98.585 0.0000000000
53668  13.824  -7.775  99.242 0.0000000000
140021  9.373  -9.287  99.473 0.0000000000
52616  9.383  -10.078  99.323 0.0000000000
51505  8.617  -10.288  99.469 0.0000000000
51515  7.892  -10.467  99.239 0.0000000000
51506  8.243  -10.784  99.871 0.0000000000
51516  7.444  -11.203  99.540 0.0000000000
125391  5.555  -8.430  101.432 0.0000000000
124813  5.322  -8.979  101.336 0.0000000000
54740  4.748  -8.880  101.221 0.0000000000
53664  4.100  -9.271  100.755 0.0000000000
62869  2.261  -1.068  89.873 0.0000000000
61778  1.882  -1.703  89.359 0.0000000000
61850  2.580  -1.728  85.820 0.0000000000
61861  2.467  -1.156  84.872 0.0000000000
54791  1.449  -9.320  95.023 0.0000000000
53724  1.840  -9.980  94.828 0.0000000000
55816  1.538  -8.429  94.843 0.0000000000
58691  3.016  -5.285  98.787 0.0000000000
144399  2.734  -5.289  98.359 0.0000000000
134542  3.068  -4.621  98.138 0.0000000000
62804  3.507  -1.521  94.264 0.0000000000
131237  3.117  -2.626  94.642 0.0000000000
139477  2.197  -1.627  94.787 0.0000000000
60743  1.651  -2.456  94.451 0.0000000000
144437  1.767  -1.089  94.388 0.0000000000
61736  1.637  -0.807  93.715 0.0000000000
62822  2.353  -0.669  93.545 0.0000000000
143640  4.808  -13.617  98.784 0.0000000000
48351  4.403  -14.040  98.457 0.0000000000
46494  1.714  -16.282  97.178 0.0000000000
46493  2.404  -16.618  97.204 0.0000000000
47443  -0.311  -14.847  95.324 0.0000000000
47462  -0.184  -15.326  94.352 0.0000000000
49568  1.501  -13.146  90.928 0.0000000000
50552  1.615  -13.142  90.513 0.0000000000
120970  4.263  -12.097  88.792 0.0000000000
51650  4.999  -11.836  88.253 0.0000000000
137412  4.656  -12.357  87.585 0.0000000000
51649  5.937  -11.351  87.898 0.0000000000
121231  2.161  -6.043  88.291 0.0000000000
56886  3.642  -6.854  88.848 0.0000000000
55857  3.023  -7.276  88.160 0.0000000000
127842  7.945  -8.311  83.977 0.0000000000
54927  8.072  -8.356  84.806 0.0000000000
53839  8.449  -8.895  84.169 0.0000000000
52816  8.068  -10.260  84.425 0.0000000000
52833  8.898  -9.875  82.937 0.0000000000
52848  8.252  -10.667  82.616 0.0000000000
52847  8.900  -9.970  82.009 0.0000000000
55004  5.383  -8.224  78.890 0.0000000000
55003  6.405  -8.451  79.095 0.0000000000
55018  5.653  -8.684  78.306 0.0000000000
64968  2.444  1.561  83.517 0.0000000000
135164  1.328  0.867  82.946 0.0000000000
62968  1.342  0.092  82.839 0.0000000000
63998  1.240  0.755  82.629 0.0000000000
61922  6.115  -1.238  78.979 0.0000000000
62994  6.086  -0.848  79.546 0.0000000000
61906  6.059  -1.718  79.549 0.0000000000
60893  6.032  -2.394  80.245 0.0000000000
59826  4.859  -3.833  79.374 0.0000000000
59835  5.176  -3.017  79.097 0.0000000000
57786  7.923  -5.778  101.153 0.0000000000
57791  7.462  -5.235  100.386 0.0000000000
59648  10.631  -5.122  98.195 0.0000000000
123523  13.384  -6.043  100.619 0.0000000000
55773  12.563  -6.820  100.445 0.0000000000
56781  12.541  -6.297  100.753 0.0000000000
134939  11.035  -7.169  101.913 0.0000000000
55767  10.922  -7.567  101.645 0.0000000000
54728  10.557  -7.848  101.374 0.0000000000
53651  10.176  -7.927  100.709 0.0000000000
53653  8.767  -8.094  101.135 0.0000000000
55769  9.404  -7.693  101.996 0.0000000000
57785  8.829  -5.678  101.200 0.0000000000
55774  8.155  -7.283  101.931 0.0000000000
56791  7.607  -6.606  101.580 0.0000000000
62900  5.341  -0.811  87.550 0.0000000000
62915  6.370  -0.502  86.198 0.0000000000
62932  6.463  -0.854  85.269 0.0000000000
61847  4.851  -1.353  85.361 0.0000000000
134505  6.457  -0.858  84.516 0.0000000000
49504  -0.419  -13.469  95.732 0.0000000000
51541  -0.281  -12.167  96.205 0.0000000000
52644  0.347  -10.413  96.567 0.0000000000
52645  0.242  -11.038  96.022 0.0000000000
53701  0.533  -9.621  96.303 0.0000000000
62791  5.501  -2.245  95.206 0.0000000000
61709  5.285  -2.537  95.921 0.0000000000
62800  5.272  -1.067  94.668 0.0000000000
63837  4.670  -0.885  94.308 0.0000000000
63844  5.090  -0.068  94.001 0.0000000000
63854  4.513  0.441  93.412 0.0000000000
49459  2.562  -13.049  100.002 0.0000000000
143556  2.517  -13.674  99.547 0.0000000000
48372  0.794  -14.153  98.663 0.0000000000
48355  1.438  -13.948  99.133 0.0000000000
133870  1.148  -14.872  98.049 0.0000000000
48389  -0.194  -14.603  97.142 0.0000000000
122775  -0.339  -13.984  96.566 0.0000000000
143184  -0.338  -14.205  95.798 0.0000000000
54826  2.555  -9.720  93.086 0.0000000000
124700  3.057  -9.697  92.700 0.0000000000
54808  4.846  -7.872  92.345 0.0000000000
53759  4.716  -8.684  92.183 0.0000000000
54837  5.333  -8.385  91.772 0.0000000000
120711  5.583  -8.947  91.092 0.0000000000
54905  1.891  -7.914  85.616 0.0000000000
123269  2.324  -8.372  85.544 0.0000000000
54917  2.451  -8.148  85.138 0.0000000000
54931  3.884  -8.277  84.061 0.0000000000
54929  6.189  -7.992  84.007 0.0000000000
54945  5.271  -8.648  83.336 0.0000000000
54956  6.995  -8.351  82.430 0.0000000000
54957  5.697  -8.959  82.622 0.0000000000
54974  3.325  -8.423  81.803 0.0000000000
54973  4.112  -9.133  81.927 0.0000000000
54989  3.922  -8.671  81.308 0.0000000000
55978  3.098  -8.114  81.024 0.0000000000
135266  5.481  0.172  77.652 0.0000000000
128469  3.834  -0.776  77.383 0.0000000000
61938  3.134  -1.525  77.380 0.0000000000
63029  2.445  -0.712  76.890 0.0000000000
52617  2.141  -9.893  99.719 0.0000000000
54748  2.881  -8.848  99.860 0.0000000000
56801  3.939  -6.717  100.168 0.0000000000
56805  3.301  -6.738  99.660 0.0000000000
57801  3.767  -6.023  99.679 0.0000000000
58681  3.599  -5.258  99.309 0.0000000000
59614  7.303  -4.764  98.932 0.0000000000
58671  6.200  -4.887  99.700 0.0000000000
60679  6.089  -4.752  97.860 0.0000000000
60697  6.191  -3.974  97.452 0.0000000000
60681  4.992  -4.126  97.889 0.0000000000
60714  6.435  -3.354  96.760 0.0000000000
129350  5.908  -3.088  96.464 0.0000000000
61698  6.324  -3.144  95.952 0.0000000000
52631  15.434  -9.842  97.074 0.0000000000
51533  14.451  -10.095  96.184 0.0000000000
124466  14.647  -9.937  97.282 0.0000000000
52624  13.261  -9.988  97.968 0.0000000000
52633  13.461  -10.366  97.215 0.0000000000
51526  12.973  -10.398  96.848 0.0000000000
52599  12.165  -9.244  99.823 0.0000000000
52600  11.685  -9.233  99.896 0.0000000000
51520  9.960  -9.816  98.216 0.0000000000
52627  10.648  -10.210  98.791 0.0000000000
51528  10.514  -9.750  97.390 0.0000000000
50503  7.377  -10.998  97.011 0.0000000000
50494  6.503  -12.449  99.285 0.0000000000
52604  7.628  -10.457  100.719 0.0000000000
52593  7.056  -10.082  101.075 0.0000000000
52595  5.227  -9.859  100.714 0.0000000000
51504  5.394  -10.768  100.553 0.0000000000
125246  4.889  -11.685  100.346 0.0000000000
50490  3.911  -12.075  100.210 0.0000000000
120658  4.212  -11.185  100.405 0.0000000000
53672  3.553  -9.729  100.406 0.0000000000
52606  3.115  -10.551  100.351 0.0000000000
52607  2.363  -10.492  100.037 0.0000000000
52608  1.890  -10.969  100.036 0.0000000000
58720  1.511  -4.162  91.440 0.0000000000
58729  1.444  -4.188  90.650 0.0000000000
58739  1.450  -4.289  89.907 0.0000000000
58747  1.544  -4.826  89.237 0.0000000000
57866  1.516  -5.321  88.654 0.0000000000
143691  1.155  -4.826  88.682 0.0000000000
61793  2.017  -2.015  88.521 0.0000000000
61813  2.358  -2.207  87.533 0.0000000000
60847  1.311  -2.935  86.496 0.0000000000
60832  0.951  -3.073  87.336 0.0000000000
58758  0.627  -4.478  87.179 0.0000000000
133836  0.709  -5.363  86.789 0.0000000000
56900  1.034  -6.049  86.487 0.0000000000
58763  0.909  -4.670  86.188 0.0000000000
59790  1.815  -3.431  84.441 0.0000000000
58767  2.041  -4.602  85.427 0.0000000000
58774  2.036  -3.986  84.664 0.0000000000
126367  2.651  -4.741  85.020 0.0000000000
142826  1.968  -3.463  84.120 0.0000000000
60711  13.338  -4.394  97.869 0.0000000000
59663  14.609  -4.331  96.921 0.0000000000
122690  19.331  -8.510  94.922 0.0000000000
54789  18.104  -8.045  94.716 0.0000000000
56818  21.314  -6.389  97.385 0.0000000000
56817  21.987  -5.588  96.533 0.0000000000
55799  21.669  -6.239  96.706 0.0000000000
55809  21.693  -6.263  95.929 0.0000000000
54765  20.725  -7.182  96.637 0.0000000000
54777  20.252  -7.714  96.059 0.0000000000
53680  18.562  -7.869  97.137 0.0000000000
53687  18.088  -8.858  97.028 0.0000000000
55786  17.609  -6.359  99.019 0.0000000000
54741  17.308  -6.644  98.761 0.0000000000
134552  16.661  -6.597  99.043 0.0000000000
54742  16.118  -7.192  99.012 0.0000000000
55777  16.517  -6.395  99.252 0.0000000000
139778  17.286  -5.342  98.401 0.0000000000
57799  16.160  -5.722  99.217 0.0000000000
57788  16.041  -5.940  99.497 0.0000000000
58661  15.541  -5.712  99.529 0.0000000000
126383  14.738  -5.739  100.052 0.0000000000
58676  15.417  -5.403  99.048 0.0000000000
59644  14.837  -4.814  98.415 0.0000000000
59622  14.111  -4.839  99.213 0.0000000000
59645  13.960  -4.506  98.983 0.0000000000
44475  0.507  -18.158  92.317 0.0000000000
45534  0.855  -17.477  92.285 0.0000000000
49528  1.022  -13.984  93.204 0.0000000000
48456  1.182  -14.719  92.537 0.0000000000
127949  1.247  -13.618  92.367 0.0000000000
49539  1.122  -12.903  92.245 0.0000000000
122094  -0.122  -12.353  94.672 0.0000000000
50515  -0.001  -12.835  94.080 0.0000000000
52708  1.918  -11.223  93.195 0.0000000000
51602  1.347  -12.152  92.747 0.0000000000
53749  2.302  -10.249  93.246 0.0000000000
55823  2.735  -7.925  94.295 0.0000000000
54798  2.781  -9.002  93.824 0.0000000000
55822  3.204  -7.021  94.088 0.0000000000
54754  1.818  -8.681  98.930 0.0000000000
136655  1.346  -9.065  98.394 0.0000000000
54758  1.397  -8.260  98.209 0.0000000000
55802  1.166  -7.589  97.563 0.0000000000
56825  1.134  -7.011  96.785 0.0000000000
143855  0.714  -7.451  96.322 0.0000000000
60718  3.539  -2.732  96.877 0.0000000000
59680  2.853  -3.190  96.815 0.0000000000
58708  1.741  -4.077  95.660 0.0000000000
57826  1.569  -5.592  95.736 0.0000000000
58718  2.751  -4.845  93.239 0.0000000000
59709  0.932  -3.048  92.581 0.0000000000
62844  2.469  -1.250  91.618 0.0000000000
61744  1.839  -1.537  91.560 0.0000000000
62845  2.262  -1.341  91.294 0.0000000000
143680  2.258  -1.285  90.831 0.0000000000
63884  2.642  -0.747  90.676 0.0000000000
64869  3.766  1.057  92.155 0.0000000000
51559  13.937  -9.813  94.708 0.0000000000
51578  13.918  -9.995  94.133 0.0000000000
51560  13.591  -10.090  94.246 0.0000000000
47424  4.300  -14.457  96.146 0.0000000000
47391  3.197  -14.889  98.755 0.0000000000
48371  3.969  -14.605  98.242 0.0000000000
126101  0.193  -17.568  93.259 0.0000000000
135584  0.458  -17.781  92.696 0.0000000000
120046  1.796  -15.894  89.418 0.0000000000
120948  1.858  -15.577  88.798 0.0000000000
120452  1.607  -15.963  87.910 0.0000000000
51627  2.409  -11.853  90.626 0.0000000000
51637  2.101  -12.687  89.940 0.0000000000
50599  2.692  -13.758  87.722 0.0000000000
49601  2.399  -13.974  88.607 0.0000000000
49616  2.511  -13.993  87.584 0.0000000000
121396  2.161  -15.118  87.225 0.0000000000
49654  3.192  -14.141  86.160 0.0000000000
50627  4.106  -13.051  85.646 0.0000000000
48565  3.499  -14.219  85.401 0.0000000000
49670  3.772  -13.782  84.869 0.0000000000
48586  3.768  -14.321  84.609 0.0000000000
49669  4.240  -13.403  84.493 0.0000000000
57856  2.765  -5.126  90.826 0.0000000000
56863  3.225  -5.703  90.318 0.0000000000
127356  5.091  -6.783  89.345 0.0000000000
56873  5.049  -6.535  90.071 0.0000000000
56860  6.094  -7.113  89.667 0.0000000000
54848  6.606  -8.242  89.643 0.0000000000
55849  6.445  -7.550  89.317 0.0000000000
55889  4.656  -8.002  86.430 0.0000000000
120197  5.261  -7.454  87.198 0.0000000000
55888  5.634  -7.511  86.369 0.0000000000
122009  8.043  -9.134  86.045 0.0000000000
55886  7.195  -7.845  86.786 0.0000000000
53818  7.636  -9.243  86.949 0.0000000000
53812  7.401  -9.402  87.784 0.0000000000
52775  7.216  -10.037  87.215 0.0000000000
52787  6.755  -10.730  86.547 0.0000000000
51709  6.569  -11.150  85.702 0.0000000000
51744  6.783  -11.632  83.638 0.0000000000
50638  6.099  -12.129  84.150 0.0000000000
139114  5.705  -12.824  83.713 0.0000000000
49685  4.906  -13.655  83.860 0.0000000000
49698  5.313  -13.847  82.768 0.0000000000
48620  4.934  -14.502  82.255 0.0000000000
140252  5.748  -13.309  82.590 0.0000000000
50679  6.501  -12.137  81.201 0.0000000000
50712  6.143  -12.208  80.235 0.0000000000
54970  8.026  -8.560  81.467 0.0000000000
53885  8.034  -9.215  80.651 0.0000000000
52907  6.558  -10.147  78.452 0.0000000000
52891  6.869  -11.028  79.005 0.0000000000
51834  5.277  -11.598  78.263 0.0000000000
64966  4.264  1.164  83.482 0.0000000000
63979  3.597  0.393  83.738 0.0000000000
62958  4.196  -0.172  83.988 0.0000000000
62959  3.061  -0.127  83.918 0.0000000000
62948  1.865  -0.768  83.992 0.0000000000
61877  1.695  -1.288  82.696 0.0000000000
60875  1.728  -1.592  83.221 0.0000000000
126463  2.270  -2.463  82.761 0.0000000000
60864  2.574  -3.172  83.046 0.0000000000
62996  4.686  -0.040  80.606 0.0000000000
62997  3.492  -0.005  80.663 0.0000000000
62981  2.784  -0.722  81.012 0.0000000000
62982  1.875  -0.382  81.768 0.0000000000
141975  3.202  -1.245  81.052 0.0000000000
59809  5.368  -3.616  81.626 0.0000000000
60882  5.072  -2.802  82.020 0.0000000000
59802  4.883  -3.430  82.308 0.0000000000
59803  4.309  -3.799  82.791 0.0000000000
58795  4.756  -5.021  81.790 0.0000000000
57903  4.120  -5.692  82.137 0.0000000000
57902  4.488  -5.439  81.208 0.0000000000
57923  3.203  -5.490  79.904 0.0000000000
57912  3.368  -5.957  80.813 0.0000000000
55979  2.048  -7.098  80.195 0.0000000000
56977  1.756  -6.525  79.765 0.0000000000
59837  3.021  -3.665  78.442 0.0000000000
58659  9.218  -4.936  100.718 0.0000000000
58668  8.632  -4.462  99.911 0.0000000000
59611  9.923  -4.613  99.601 0.0000000000
58655  12.699  -5.338  100.453 0.0000000000
56788  12.391  -6.066  100.911 0.0000000000
57781  12.176  -5.718  100.889 0.0000000000
57777  11.156  -6.076  101.662 0.0000000000
57778  10.317  -6.162  101.749 0.0000000000
56785  9.885  -6.892  101.978 0.0000000000
57784  9.797  -5.507  101.334 0.0000000000
122102  3.408  -15.161  80.659 0.0000000000
50502  0.026  -12.849  97.627 0.0000000000
51532  -0.049  -12.030  97.041 0.0000000000
52636  0.306  -10.609  97.513 0.0000000000
130797  1.820  -13.366  99.579 0.0000000000
49471  1.341  -12.803  99.618 0.0000000000
48373  0.139  -14.048  98.245 0.0000000000
49485  0.137  -13.423  98.173 0.0000000000
54810  3.421  -8.355  93.438 0.0000000000
54825  3.538  -8.868  92.855 0.0000000000
54809  4.090  -7.986  92.934 0.0000000000
55828  4.380  -7.096  92.548 0.0000000000
55838  4.880  -6.979  91.914 0.0000000000
56904  2.323  -6.666  85.415 0.0000000000
139185  2.806  -7.661  84.806 0.0000000000
55942  3.392  -7.808  83.971 0.0000000000
139175  3.715  -8.426  83.439 0.0000000000
54958  4.456  -9.002  82.750 0.0000000000
55966  3.033  -7.795  82.260 0.0000000000
54747  3.526  -8.944  100.389 0.0000000000
140182  3.682  -8.133  100.510 0.0000000000
57795  4.337  -6.032  100.116 0.0000000000
60713  7.825  -4.666  96.376 0.0000000000
123390  8.003  -3.927  95.604 0.0000000000
142960  7.392  -3.304  95.539 0.0000000000
60734  7.922  -3.264  95.121 0.0000000000
52610  15.089  -9.141  97.773 0.0000000000
52623  14.519  -9.574  97.678 0.0000000000
52611  14.261  -9.102  97.983 0.0000000000
125245  13.721  -9.594  98.085 0.0000000000
124467  13.012  -9.615  98.685 0.0000000000
52590  11.224  -8.991  99.971 0.0000000000
123381  10.969  -9.577  99.585 0.0000000000
141365  10.694  -9.292  99.523 0.0000000000
51513  9.702  -10.174  98.883 0.0000000000
51521  8.872  -9.804  98.432 0.0000000000
50493  7.002  -11.959  99.041 0.0000000000
50487  7.013  -11.893  99.838 0.0000000000
53661  6.505  -9.235  101.323 0.0000000000
53662  5.652  -9.370  101.151 0.0000000000
52596  4.571  -10.419  100.477 0.0000000000
52605  3.822  -10.687  100.434 0.0000000000
135231  1.922  -2.252  90.620 0.0000000000
59739  1.424  -3.557  90.382 0.0000000000
60784  1.679  -2.862  90.214 0.0000000000
60797  1.478  -2.780  89.661 0.0000000000
139735  1.312  -2.709  89.101 0.0000000000
61831  3.148  -1.546  86.681 0.0000000000
61832  2.559  -2.119  86.681 0.0000000000
60852  1.988  -2.442  85.963 0.0000000000
59782  1.294  -3.406  85.937 0.0000000000
58769  1.291  -3.995  85.696 0.0000000000
60857  1.729  -2.843  84.454 0.0000000000
53710  19.539  -8.542  95.228 0.0000000000
54749  18.614  -6.915  98.184 0.0000000000
128983  18.300  -6.511  98.810 0.0000000000
56803  18.161  -6.199  99.113 0.0000000000
48439  0.671  -14.890  93.221 0.0000000000
137862  1.506  -10.391  95.257 0.0000000000
52671  1.720  -11.189  94.682 0.0000000000
144921  1.988  -10.531  94.813 0.0000000000
52670  2.168  -10.443  94.335 0.0000000000
54812  2.298  -9.782  93.914 0.0000000000
56809  2.447  -6.480  98.924 0.0000000000
55793  1.594  -7.345  98.375 0.0000000000
56810  1.943  -6.570  98.468 0.0000000000
57808  1.949  -5.992  97.826 0.0000000000
57820  1.964  -5.307  97.168 0.0000000000
61712  3.868  -2.268  95.616 0.0000000000
60727  3.275  -2.884  96.172 0.0000000000
61713  3.764  -2.455  95.210 0.0000000000
60728  3.146  -3.167  95.113 0.0000000000
59692  1.971  -3.463  95.144 0.0000000000
58711  1.810  -4.019  94.874 0.0000000000
59700  1.752  -3.324  94.426 0.0000000000
59708  1.298  -3.128  93.648 0.0000000000
61737  1.168  -1.115  92.646 0.0000000000
62832  2.020  -1.181  92.014 0.0000000000
63867  3.047  -1.089  92.028 0.0000000000
51561  13.120  -9.938  94.432 0.0000000000
48369  4.800  -13.338  97.588 0.0000000000
48388  4.408  -13.936  97.333 0.0000000000
47400  4.143  -14.902  97.508 0.0000000000
46483  2.949  -16.130  97.895 0.0000000000
120878  -0.292  -15.525  96.022 0.0000000000
46518  -0.243  -16.258  95.675 0.0000000000
128807  0.103  -16.940  93.964 0.0000000000
141183  0.217  -16.487  93.325 0.0000000000
141278  1.654  -14.765  91.031 0.0000000000
47505  1.738  -15.553  90.471 0.0000000000
128486  1.849  -14.656  90.307 0.0000000000
48487  1.958  -14.281  89.938 0.0000000000
48501  2.057  -14.252  89.702 0.0000000000
52754  3.975  -11.298  89.965 0.0000000000
51636  3.049  -12.127  89.791 0.0000000000
52765  3.910  -11.867  89.357 0.0000000000
50598  3.318  -13.321  87.436 0.0000000000
49634  3.204  -13.836  86.356 0.0000000000
138132  3.470  -13.302  86.852 0.0000000000
50611  4.477  -12.655  86.349 0.0000000000
50610  4.946  -12.450  85.624 0.0000000000
140059  2.737  -5.805  89.481 0.0000000000
56874  3.426  -6.199  89.524 0.0000000000
56885  4.596  -6.993  88.795 0.0000000000
56884  5.513  -7.041  88.673 0.0000000000
55927  6.596  -7.435  84.875 0.0000000000
55907  6.824  -7.554  85.623 0.0000000000
55926  7.471  -7.838  85.254 0.0000000000
123413  7.945  -8.438  85.668 0.0000000000
52799  8.036  -9.888  85.372 0.0000000000
52817  7.233  -10.841  84.957 0.0000000000
51724  7.410  -10.991  84.014 0.0000000000
51762  6.850  -11.831  82.854 0.0000000000
50665  6.395  -12.324  82.627 0.0000000000
51777  7.431  -11.493  81.316 0.0000000000
123551  6.498  -8.190  80.130 0.0000000000
55002  7.302  -8.773  79.813 0.0000000000
127133  5.872  -9.764  77.978 0.0000000000
62961  1.554  -0.254  83.357 0.0000000000
63981  1.395  0.395  83.109 0.0000000000
61889  1.909  -1.064  82.185 0.0000000000
62995  5.559  -0.310  80.195 0.0000000000
62979  5.081  -0.649  80.796 0.0000000000
61886  5.072  -1.304  81.111 0.0000000000
132209  5.865  -1.823  80.910 0.0000000000
122005  5.771  -2.777  81.156 0.0000000000
59815  5.557  -3.785  80.679 0.0000000000
58804  5.011  -4.746  80.538 0.0000000000
58815  4.381  -4.709  79.759 0.0000000000
128050  3.372  -4.816  79.320 0.0000000000
56793  5.947  -7.022  101.108 0.0000000000
56798  6.254  -6.047  100.980 0.0000000000
58670  7.033  -4.944  99.581 0.0000000000
59613  8.121  -4.479  99.150 0.0000000000
59612  8.926  -4.220  99.345 0.0000000000
60677  7.943  -5.334  98.006 0.0000000000
54732  14.173  -7.195  99.947 0.0000000000
54745  13.661  -7.351  99.710 0.0000000000
54733  13.040  -7.122  99.964 0.0000000000
54734  12.330  -7.741  100.373 0.0000000000
123821  11.980  -8.567  100.609 0.0000000000
56782  11.880  -6.491  101.250 0.0000000000
54727  11.658  -7.663  101.148 0.0000000000
53656  11.579  -8.535  100.491 0.0000000000
53657  10.710  -8.338  100.144 0.0000000000
53658  9.511  -8.356  99.900 0.0000000000
128782  8.736  -9.370  100.092 0.0000000000
52603  8.240  -10.366  100.323 0.0000000000
53659  8.695  -8.566  100.574 0.0000000000
54737  8.162  -8.534  101.142 0.0000000000
54738  7.735  -8.339  101.576 0.0000000000
55770  8.610  -7.703  101.983 0.0000000000
54731  7.952  -7.840  101.858 0.0000000000
134086  7.072  -8.649  101.569 0.0000000000
122232  7.171  -8.107  101.783 0.0000000000
55775  6.397  -7.749  101.544 0.0000000000
62881  4.297  -0.452  89.036 0.0000000000
62882  3.315  -0.840  88.789 0.0000000000
62901  4.082  -0.937  88.155 0.0000000000
61811  3.910  -1.447  87.295 0.0000000000
62916  5.511  -0.901  86.564 0.0000000000
62917  4.708  -1.281  86.925 0.0000000000
61830  4.021  -1.479  86.472 0.0000000000
61848  3.962  -1.136  85.726 0.0000000000
61859  4.378  -1.032  84.981 0.0000000000
134295  -0.019  -13.644  94.239 0.0000000000
51552  -0.044  -11.733  95.448 0.0000000000
145353  -0.095  -11.577  96.298 0.0000000000
121212  0.846  -11.105  95.274 0.0000000000
121041  1.001  -9.553  95.602 0.0000000000
54785  0.879  -8.673  95.447 0.0000000000
60699  4.157  -2.899  97.410 0.0000000000
59652  3.520  -3.556  97.808 0.0000000000
61699  4.181  -2.603  96.241 0.0000000000
61711  4.321  -2.364  95.673 0.0000000000
62799  5.582  -1.501  94.753 0.0000000000
62793  4.671  -1.922  95.233 0.0000000000
62794  4.504  -2.025  95.285 0.0000000000
62802  4.618  -1.563  94.815 0.0000000000
63838  4.221  -1.161  94.212 0.0000000000
63846  4.194  -0.471  93.776 0.0000000000
122367  3.648  -0.261  93.285 0.0000000000
63855  4.058  0.396  93.358 0.0000000000
48353  2.881  -14.266  99.237 0.0000000000
47392  2.398  -14.839  98.856 0.0000000000
47403  1.931  -15.259  98.264 0.0000000000
46485  1.493  -15.521  97.514 0.0000000000
46495  0.998  -15.878  96.926 0.0000000000
46496  0.267  -15.593  96.860 0.0000000000
47426  -0.148  -15.303  96.778 0.0000000000
136626  -0.041  -14.463  97.744 0.0000000000
52725  2.041  -11.395  92.329 0.0000000000
52743  1.938  -11.935  91.171 0.0000000000
52724  2.455  -11.238  91.659 0.0000000000
123277  3.041  -11.105  91.077 0.0000000000
53760  3.960  -9.347  92.186 0.0000000000
120796  4.131  -9.833  91.388 0.0000000000
52742  3.909  -10.592  90.787 0.0000000000
52753  4.800  -10.428  90.062 0.0000000000
52752  5.685  -10.357  89.457 0.0000000000
55873  2.078  -7.187  87.040 0.0000000000
55872  2.617  -7.724  87.368 0.0000000000
54904  2.201  -8.133  86.360 0.0000000000
55890  3.766  -8.364  86.479 0.0000000000
124747  3.544  -8.300  84.741 0.0000000000
55929  4.452  -7.970  84.704 0.0000000000
55928  5.534  -7.525  84.715 0.0000000000
139584  7.203  -8.142  83.787 0.0000000000
54943  7.708  -8.175  83.091 0.0000000000
53860  8.880  -9.171  82.395 0.0000000000
54955  7.938  -8.176  82.182 0.0000000000
54971  7.237  -8.357  81.609 0.0000000000
54987  6.186  -8.516  81.115 0.0000000000
54972  5.174  -9.128  81.965 0.0000000000
137509  5.580  -8.273  80.477 0.0000000000
138564  4.693  -8.071  79.549 0.0000000000
61923  5.783  -1.186  78.359 0.0000000000
61924  5.052  -1.848  78.185 0.0000000000
60920  4.566  -2.627  78.468 0.0000000000
60934  3.895  -2.168  77.827 0.0000000000
61951  1.669  -1.292  76.599 0.0000000000
52619  0.783  -10.349  99.157 0.0000000000
54753  2.448  -8.193  99.381 0.0000000000
54752  3.129  -8.167  100.007 0.0000000000
55787  2.880  -7.412  99.587 0.0000000000
55792  2.216  -7.213  99.028 0.0000000000
56806  3.045  -6.075  99.158 0.0000000000
141722  3.538  -4.755  98.815 0.0000000000
58690  3.922  -4.140  98.388 0.0000000000
56799  5.463  -6.347  100.720 0.0000000000
57794  4.991  -5.735  100.261 0.0000000000
58672  5.343  -4.991  99.755 0.0000000000
59630  6.575  -5.075  98.284 0.0000000000
58678  5.679  -4.613  99.025 0.0000000000
58679  4.928  -4.564  99.116 0.0000000000
59632  4.471  -4.090  98.106 0.0000000000
59650  4.541  -3.532  97.666 0.0000000000
123986  4.663  -3.048  97.200 0.0000000000
120443  5.622  -2.866  95.823 0.0000000000
61708  6.104  -2.735  95.322 0.0000000000
52641  16.131  -9.688  96.590 0.0000000000
52668  14.934  -9.470  95.353 0.0000000000
52654  15.137  -9.692  96.046 0.0000000000
51545  13.906  -10.192  95.593 0.0000000000
51546  13.796  -10.375  95.797 0.0000000000
52632  14.044  -10.337  97.060 0.0000000000
51525  13.800  -10.470  96.534 0.0000000000
51547  13.792  -10.058  95.235 0.0000000000
121451  13.055  -9.579  95.189 0.0000000000
51549  10.330  -8.790  95.555 0.0000000000
53669  13.197  -8.594  99.280 0.0000000000
52598  12.742  -9.227  99.375 0.0000000000
52625  12.485  -9.973  98.412 0.0000000000
143274  11.045  -10.060  99.282 0.0000000000
52626  11.610  -10.101  98.792 0.0000000000
52635  11.916  -10.174  97.991 0.0000000000
51527  11.788  -10.202  97.174 0.0000000000
51537  11.165  -9.180  96.363 0.0000000000
51539  8.310  -10.151  96.683 0.0000000000
49482  5.925  -12.702  98.058 0.0000000000
49483  5.354  -13.063  98.109 0.0000000000
49468  5.353  -13.261  98.765 0.0000000000
49456  4.924  -13.062  99.507 0.0000000000
51508  6.708  -11.478  100.337 0.0000000000
51503  6.392  -10.870  100.742 0.0000000000
50489  5.418  -12.387  100.077 0.0000000000
49457  4.078  -12.965  99.845 0.0000000000
49458  3.318  -12.787  100.042 0.0000000000
50491  2.802  -12.083  100.174 0.0000000000
51511  2.712  -11.290  100.250 0.0000000000
51512  1.980  -11.591  100.154 0.0000000000
51517  1.196  -11.169  99.736 0.0000000000
57836  2.618  -4.651  92.222 0.0000000000
57846  3.268  -5.061  91.802 0.0000000000
57847  2.316  -4.768  91.285 0.0000000000
57857  2.107  -4.946  90.333 0.0000000000
142569  1.628  -4.494  90.279 0.0000000000
57858  1.822  -4.777  89.840 0.0000000000
56865  2.122  -5.157  89.396 0.0000000000
56875  2.315  -5.651  89.013 0.0000000000
142282  1.775  -5.901  88.134 0.0000000000
61794  1.495  -2.402  88.808 0.0000000000
60815  1.018  -2.984  88.289 0.0000000000
58753  0.772  -4.303  88.191 0.0000000000
130760  0.851  -5.238  87.949 0.0000000000
56896  1.318  -6.298  87.096 0.0000000000
55892  1.416  -6.638  86.314 0.0000000000
55912  1.368  -6.331  86.155 0.0000000000
56905  1.805  -5.989  85.970 0.0000000000
124774  1.547  -4.560  85.681 0.0000000000
57877  1.782  -5.217  85.911 0.0000000000
57883  2.834  -5.857  85.026 0.0000000000
57882  3.114  -5.342  84.594 0.0000000000
59624  12.436  -4.335  99.079 0.0000000000
59664  13.666  -4.500  96.804 0.0000000000
52652  16.693  -8.903  95.913 0.0000000000
53697  19.811  -8.272  95.556 0.0000000000
53698  19.163  -8.525  95.994 0.0000000000
54766  19.885  -7.528  96.963 0.0000000000
53711  18.666  -8.572  95.837 0.0000000000
145125  17.769  -8.905  96.502 0.0000000000
52640  16.959  -9.270  96.495 0.0000000000
52653  15.995  -9.337  95.930 0.0000000000
143727  16.851  -9.807  96.918 0.0000000000
53673  17.361  -7.520  97.868 0.0000000000
53674  16.625  -7.892  98.118 0.0000000000
53675  15.500  -8.564  98.121 0.0000000000
53666  15.439  -7.788  98.686 0.0000000000
54743  15.459  -7.202  99.536 0.0000000000
58674  18.684  -5.296  98.463 0.0000000000
120442  17.664  -5.946  99.083 0.0000000000
143350  17.483  -5.648  98.748 0.0000000000
56794  16.731  -6.162  99.157 0.0000000000
55778  15.589  -6.778  99.809 0.0000000000
55779  15.036  -6.859  100.160 0.0000000000
55771  14.485  -6.493  100.427 0.0000000000
56787  14.298  -6.179  100.519 0.0000000000
57790  14.014  -5.712  100.246 0.0000000000
58677  14.368  -5.164  99.374 0.0000000000
58662  14.049  -5.318  99.798 0.0000000000
58663  13.329  -4.997  100.064 0.0000000000
59608  13.139  -4.369  99.883 0.0000000000
131839  12.800  -4.172  99.785 0.0000000000
127019  1.195  -15.553  92.221 0.0000000000
48472  1.502  -14.142  91.650 0.0000000000
49552  1.357  -13.258  91.516 0.0000000000
122144  1.305  -12.558  91.973 0.0000000000
49529  0.562  -13.270  93.604 0.0000000000
52689  1.323  -11.673  94.042 0.0000000000
50531  1.077  -12.457  93.188 0.0000000000
52726  2.088  -10.967  92.924 0.0000000000
53761  2.279  -10.318  92.988 0.0000000000
54811  2.882  -9.143  93.466 0.0000000000
55830  3.515  -7.395  93.738 0.0000000000
138684  0.949  -9.651  98.589 0.0000000000
54759  0.837  -9.271  97.760 0.0000000000
54768  0.833  -8.425  97.361 0.0000000000
121368  0.501  -9.032  96.839 0.0000000000
133407  0.462  -8.377  96.587 0.0000000000
55810  0.495  -7.976  96.017 0.0000000000
59667  2.816  -3.916  97.295 0.0000000000
144098  2.526  -4.772  97.446 0.0000000000
58705  1.836  -4.224  96.367 0.0000000000
139502  1.769  -4.860  96.582 0.0000000000
57824  1.604  -5.508  96.449 0.0000000000
56824  1.330  -6.307  96.177 0.0000000000
56832  1.346  -7.325  95.047 0.0000000000
56831  1.933  -6.549  94.731 0.0000000000
120296  1.997  -4.713  94.535 0.0000000000
131760  2.538  -5.451  94.310 0.0000000000
59729  1.282  -3.617  91.091 0.0000000000
60773  1.817  -2.213  91.155 0.0000000000
62857  2.081  -1.631  90.514 0.0000000000
62856  2.273  -1.079  90.472 0.0000000000
63856  3.412  -0.441  92.398 0.0000000000
64870  3.612  0.137  91.888 0.0000000000
64882  3.636  -0.202  91.255 0.0000000000
63881  4.366  0.272  90.938 0.0000000000
63882  3.808  -0.158  90.833 0.0000000000
63902  3.344  -0.467  90.491 0.0000000000
62868  3.491  -0.402  90.118 0.0000000000
62867  3.783  -0.400  89.668 0.0000000000
59646  12.481  -4.458  98.040 0.0000000000
52669  14.114  -9.783  94.649 0.0000000000
52686  13.900  -10.063  93.974 0.0000000000
52687  13.170  -10.091  93.274 0.0000000000
121826  12.842  -10.241  93.720 0.0000000000
46491  3.970  -15.494  96.909 0.0000000000
51628  1.582  -12.778  90.828 0.0000000000
49584  1.896  -13.549  89.967 0.0000000000
49602  2.240  -14.071  89.266 0.0000000000
51652  2.483  -12.916  89.181 0.0000000000
48515  2.202  -14.667  88.918 0.0000000000
47532  1.643  -15.660  87.584 0.0000000000
123045  0.937  -16.133  87.010 0.0000000000
47575  4.339  -15.199  83.341 0.0000000000
57845  3.941  -5.811  91.786 0.0000000000
56853  4.494  -6.390  91.409 0.0000000000
56852  5.203  -6.780  90.990 0.0000000000
56862  4.116  -6.219  90.204 0.0000000000
55844  5.746  -7.330  90.842 0.0000000000
53776  6.187  -8.573  90.433 0.0000000000
53792  6.387  -9.019  89.822 0.0000000000
139479  6.520  -10.119  88.839 0.0000000000
130815  3.361  -7.837  87.621 0.0000000000
55870  4.907  -7.253  88.004 0.0000000000
56883  6.266  -7.252  88.105 0.0000000000
55887  6.588  -7.527  86.413 0.0000000000
55868  6.757  -7.555  87.343 0.0000000000
55855  6.956  -7.663  88.071 0.0000000000
53806  7.317  -8.746  88.309 0.0000000000
53807  7.107  -9.514  88.450 0.0000000000
121128  6.426  -10.743  88.227 0.0000000000
51668  6.106  -11.457  87.059 0.0000000000
51725  6.394  -11.691  84.978 0.0000000000
50639  5.549  -12.348  84.922 0.0000000000
50640  4.508  -12.889  84.779 0.0000000000
48621  4.620  -14.879  82.765 0.0000000000
48636  4.280  -15.002  81.525 0.0000000000
124569  3.995  -14.652  80.674 0.0000000000
53873  8.559  -9.194  81.630 0.0000000000
130911  8.192  -10.910  80.938 0.0000000000
51797  7.673  -11.244  80.385 0.0000000000
123622  7.718  -9.720  79.659 0.0000000000
51815  7.594  -10.765  79.618 0.0000000000
51816  6.934  -11.556  79.789 0.0000000000
50713  5.342  -12.432  79.689 0.0000000000
132741  5.720  -1.044  84.269 0.0000000000
62945  4.819  -0.787  84.391 0.0000000000
135352  5.108  0.546  83.429 0.0000000000
62946  3.734  -0.503  84.475 0.0000000000
61862  1.803  -1.437  84.237 0.0000000000
60866  1.761  -2.095  83.861 0.0000000000
59796  2.074  -3.287  83.647 0.0000000000
127324  2.714  -3.661  83.657 0.0000000000
58781  3.324  -4.416  83.788 0.0000000000
60884  3.141  -2.080  81.815 0.0000000000
61887  3.893  -1.668  81.361 0.0000000000
60883  4.180  -2.394  81.993 0.0000000000
60873  3.108  -2.676  82.396 0.0000000000
59804  3.554  -3.307  82.817 0.0000000000
58780  3.952  -4.404  83.181 0.0000000000
57892  3.819  -5.338  83.100 0.0000000000
56935  3.539  -6.152  82.674 0.0000000000
56947  3.340  -6.397  82.231 0.0000000000
56948  2.735  -7.038  81.875 0.0000000000
56963  2.512  -6.661  81.118 0.0000000000
55992  3.502  -7.971  79.869 0.0000000000
56007  3.511  -7.805  78.861 0.0000000000
59836  4.199  -3.403  78.741 0.0000000000
58826  2.750  -4.495  78.754 0.0000000000
55994  1.866  -7.002  79.258 0.0000000000
55019  3.993  -7.986  77.974 0.0000000000
47493  1.461  -15.624  91.504 0.0000000000
47523  1.997  -15.425  88.461 0.0000000000
47566  3.870  -14.916  84.321 0.0000000000
47582  4.396  -15.599  82.204 0.0000000000
48530  2.243  -14.999  88.052 0.0000000000
48635  4.620  -14.362  81.253 0.0000000000
49540  1.007  -12.763  93.033 0.0000000000
49635  2.700  -14.013  86.778 0.0000000000
49636  2.411  -14.442  87.398 0.0000000000
49653  3.556  -13.810  85.631 0.0000000000
49684  5.449  -13.301  83.389 0.0000000000
49686  4.297  -13.985  84.224 0.0000000000
50542  1.252  -12.964  91.722 0.0000000000
50553  1.430  -12.885  91.227 0.0000000000
50566  1.815  -13.007  90.017 0.0000000000
50583  2.427  -13.604  88.878 0.0000000000
50584  2.145  -13.652  89.505 0.0000000000
50597  4.026  -12.859  87.077 0.0000000000
50612  3.110  -13.616  86.706 0.0000000000
50651  6.270  -12.214  83.303 0.0000000000
51585  0.793  -12.155  93.789 0.0000000000
51651  3.443  -12.543  88.926 0.0000000000
51669  5.332  -11.887  87.387 0.0000000000
51691  4.797  -12.382  86.987 0.0000000000
51761  7.532  -11.386  82.299 0.0000000000
52601  9.965  -9.700  99.419 0.0000000000
52609  15.630  -9.158  97.716 0.0000000000
52614  11.649  -9.667  99.486 0.0000000000
52630  16.196  -9.664  97.242 0.0000000000
52643  14.473  -10.176  96.677 0.0000000000
52667  15.908  -9.175  95.527 0.0000000000
52762  6.991  -10.159  88.047 0.0000000000
52800  7.185  -10.457  85.772 0.0000000000
52815  8.571  -9.684  83.840 0.0000000000
52834  8.134  -10.482  83.513 0.0000000000
52862  8.421  -10.069  81.195 0.0000000000
52890  7.330  -10.190  79.023 0.0000000000
53655  12.155  -8.547  100.391 0.0000000000
53670  12.416  -8.857  99.958 0.0000000000
53699  18.190  -8.657  96.472 0.0000000000
53777  4.774  -9.190  91.573 0.0000000000
53830  8.385  -9.000  85.152 0.0000000000
54729  9.330  -7.856  101.527 0.0000000000
54735  12.006  -8.157  100.784 0.0000000000
54736  11.678  -8.186  100.885 0.0000000000
54750  17.802  -6.965  98.351 0.0000000000
54751  16.797  -7.179  98.536 0.0000000000
54757  18.165  -7.339  97.686 0.0000000000
54824  5.859  -8.056  91.084 0.0000000000
54865  7.018  -8.021  88.767 0.0000000000
54901  7.631  -8.442  86.650 0.0000000000
54903  2.980  -8.488  85.985 0.0000000000
54916  2.928  -8.421  85.155 0.0000000000
54942  8.332  -8.572  83.444 0.0000000000
54954  8.451  -8.539  82.720 0.0000000000
55765  11.942  -6.996  101.014 0.0000000000
55766  11.472  -7.096  101.483 0.0000000000
55772  13.585  -6.257  100.532 0.0000000000
55843  6.220  -7.582  90.218 0.0000000000
55854  7.314  -8.119  88.039 0.0000000000
55867  7.267  -7.998  87.422 0.0000000000
55871  3.137  -8.272  86.910 0.0000000000
55874  1.793  -6.795  86.922 0.0000000000
55909  5.085  -7.730  85.500 0.0000000000
55911  1.657  -7.025  85.843 0.0000000000
56784  10.741  -6.765  101.977 0.0000000000
56786  8.969  -7.212  101.977 0.0000000000
56790  8.473  -6.527  101.634 0.0000000000
56795  15.816  -6.296  99.739 0.0000000000
56797  14.631  -6.035  100.449 0.0000000000
56802  18.716  -6.420  98.605 0.0000000000
56872  5.661  -6.872  89.514 0.0000000000
56876  1.947  -5.494  88.584 0.0000000000
56888  1.847  -6.371  87.629 0.0000000000
56895  5.644  -7.197  87.832 0.0000000000
56964  2.052  -6.770  80.540 0.0000000000
57776  11.758  -6.096  101.327 0.0000000000
57779  13.999  -5.803  100.649 0.0000000000
57782  11.529  -5.609  101.200 0.0000000000
57787  7.077  -5.868  101.114 0.0000000000
57789  15.303  -6.039  100.078 0.0000000000
57793  5.803  -5.455  100.400 0.0000000000
57797  18.257  -5.794  98.938 0.0000000000
57844  3.960  -5.976  90.948 0.0000000000
58657  11.158  -4.988  100.992 0.0000000000
58667  9.539  -4.624  100.150 0.0000000000
58675  16.385  -5.568  98.728 0.0000000000
58700  2.141  -4.475  96.886 0.0000000000
58768  1.737  -3.996  85.010 0.0000000000
58773  3.059  -4.694  84.407 0.0000000000
58786  4.941  -4.247  82.078 0.0000000000
58814  5.241  -4.126  80.023 0.0000000000
59610  11.608  -4.624  99.629 0.0000000000
59623  13.396  -4.414  99.623 0.0000000000
59631  5.723  -4.529  98.378 0.0000000000
59633  4.529  -4.161  98.495 0.0000000000
60675  13.232  -4.285  99.306 0.0000000000
60680  5.602  -4.138  97.821 0.0000000000
60693  13.059  -4.327  98.643 0.0000000000
60700  3.758  -2.911  97.477 0.0000000000
60715  5.861  -3.204  97.054 0.0000000000
60717  3.949  -2.738  96.908 0.0000000000
60752  1.041  -2.203  93.264 0.0000000000
60874  1.962  -1.929  82.868 0.0000000000
60905  5.829  -2.445  79.420 0.0000000000
61688  5.237  -2.932  96.653 0.0000000000
61700  3.990  -2.558  96.289 0.0000000000
61717  7.632  -3.099  95.182 0.0000000000
61720  3.284  -1.831  94.522 0.0000000000
61728  2.428  -1.090  94.330 0.0000000000
61765  1.949  -1.593  90.018 0.0000000000
61792  2.759  -1.594  88.195 0.0000000000
61898  5.754  -1.037  80.543 0.0000000000
61907  5.810  -1.819  78.859 0.0000000000
61936  5.054  -1.024  77.766 0.0000000000
62792  5.020  -1.754  95.199 0.0000000000
62795  4.473  -1.860  95.061 0.0000000000
62803  4.193  -1.542  94.538 0.0000000000
62812  5.044  -0.637  94.345 0.0000000000
62813  3.731  -1.333  94.097 0.0000000000
62823  1.727  -0.713  92.870 0.0000000000
62883  2.377  -1.193  89.091 0.0000000000
62933  5.610  -1.256  85.495 0.0000000000
63020  6.110  -0.609  78.723 0.0000000000
63021  5.747  -0.463  77.986 0.0000000000
63027  4.848  -0.254  77.425 0.0000000000
63847  3.579  -0.978  93.656 0.0000000000
63853  5.320  0.253  93.334 0.0000000000
63857  3.160  -0.756  92.932 0.0000000000
63866  3.314  -0.582  91.592 0.0000000000
63883  3.267  -0.527  90.953 0.0000000000
63901  4.023  -0.171  90.452 0.0000000000
64860  3.609  0.696  92.814 0.0000000000
120848  3.754  -13.245  86.389 0.0000000000
121068  5.869  -8.906  101.394 0.0000000000
121717  5.806  -0.808  94.496 0.0000000000
121996  2.368  -1.071  90.948 0.0000000000
123835  0.248  -12.343  94.069 0.0000000000
124668  2.600  -7.596  80.429 0.0000000000
124955  12.808  -5.856  100.645 0.0000000000
128317  11.218  -7.883  101.247 0.0000000000
129532  1.146  -3.276  89.078 0.0000000000
133585  10.079  -7.847  101.860 0.0000000000
134647  1.267  -2.915  91.467 0.0000000000
135429  5.541  -7.751  101.334 0.0000000000
135653  6.576  -7.495  88.649 0.0000000000
136821  6.173  -11.493  86.309 0.0000000000
136872  0.950  -3.331  86.733 0.0000000000
138102  4.878  -13.137  84.095 0.0000000000
139923  5.938  -1.281  84.802 0.0000000000
140317  9.902  -7.927  101.287 0.0000000000
140695  16.264  -9.869  96.994 0.0000000000
141688  2.298  0.166  81.030 0.0000000000
143310  0.850  -3.627  88.456 0.0000000000
143374  16.685  -6.829  98.858 0.0000000000
143449  5.869  -3.067  80.484 0.0000000000
144841  6.307  -9.658  89.546 0.0000000000
144914  1.557  -4.013  85.268 0.0000000000
145417  5.075  -9.315  101.075 0.0000000000
