#!ascii label  , from subject sub-06 vox2ras=TkReg
2019
64043  51.169  0.178  77.803 0.0000000000
143451  42.951  -24.471  87.260 0.0000000000
44626  26.679  -19.487  83.293 0.0000000000
128103  22.260  -20.568  89.081 0.0000000000
122195  31.779  -17.703  91.983 0.0000000000
41712  37.586  -21.580  82.588 0.0000000000
59870  44.913  -3.263  75.572 0.0000000000
67096  55.937  2.971  70.373 0.0000000000
60868  43.328  -2.995  82.542 0.0000000000
40824  43.673  -22.396  80.143 0.0000000000
127626  39.802  -22.394  77.948 0.0000000000
47543  24.594  -15.963  86.298 0.0000000000
43626  21.534  -19.707  83.180 0.0000000000
123655  20.336  -16.385  85.990 0.0000000000
44544  29.124  -18.619  87.775 0.0000000000
65990  43.646  3.217  81.218 0.0000000000
48458  38.595  -14.480  91.446 0.0000000000
46611  39.531  -15.967  86.915 0.0000000000
47568  42.861  -14.961  82.835 0.0000000000
37990  46.029  -26.063  83.071 0.0000000000
36050  40.745  -28.337  78.966 0.0000000000
130790  42.791  -24.831  82.440 0.0000000000
40805  34.675  -23.017  81.805 0.0000000000
124152  35.360  -24.517  79.726 0.0000000000
65074  54.487  1.036  74.520 0.0000000000
63118  57.324  -0.331  72.212 0.0000000000
42682  30.537  -20.176  81.047 0.0000000000
39833  26.177  -23.060  82.418 0.0000000000
43529  37.766  -18.909  90.246 0.0000000000
39771  39.884  -23.484  85.238 0.0000000000
44562  36.157  -17.695  86.968 0.0000000000
45694  33.594  -17.383  82.311 0.0000000000
122909  48.282  -1.806  78.892 0.0000000000
46569  19.187  -15.858  91.103 0.0000000000
44396  22.893  -19.215  95.817 0.0000000000
65101  52.390  1.254  74.230 0.0000000000
67009  49.722  1.900  78.901 0.0000000000
64028  46.636  0.667  79.823 0.0000000000
120468  43.138  -2.714  78.032 0.0000000000
52912  41.746  -10.418  77.217 0.0000000000
133312  44.855  -5.090  85.059 0.0000000000
50683  42.793  -12.940  80.887 0.0000000000
122193  41.440  -19.044  77.794 0.0000000000
38045  43.891  -28.073  77.696 0.0000000000
40800  39.650  -22.591  81.731 0.0000000000
48541  23.698  -14.477  86.649 0.0000000000
47545  22.448  -15.146  85.240 0.0000000000
48561  20.784  -13.706  85.731 0.0000000000
46597  24.781  -15.550  88.688 0.0000000000
44495  40.592  -18.946  89.627 0.0000000000
143504  42.891  -19.788  86.730 0.0000000000
41681  45.542  -21.281  84.797 0.0000000000
36920  45.118  -26.438  84.985 0.0000000000
35090  42.849  -29.284  82.824 0.0000000000
36921  43.681  -26.471  85.168 0.0000000000
142747  34.178  -23.068  82.723 0.0000000000
37995  35.320  -27.097  81.455 0.0000000000
64048  53.084  0.402  76.344 0.0000000000
63041  54.973  -0.258  75.520 0.0000000000
61927  52.915  -0.855  76.946 0.0000000000
44666  28.212  -19.119  80.788 0.0000000000
41734  28.412  -21.299  81.000 0.0000000000
42698  25.438  -20.381  80.358 0.0000000000
42642  21.298  -20.173  86.254 0.0000000000
40751  21.973  -22.805  84.826 0.0000000000
40701  22.617  -22.031  88.606 0.0000000000
40674  23.161  -22.367  91.203 0.0000000000
46531  35.369  -16.279  92.648 0.0000000000
44463  35.029  -17.434  91.141 0.0000000000
43561  36.897  -18.618  89.039 0.0000000000
44500  33.751  -17.739  89.744 0.0000000000
43613  27.800  -19.569  85.620 0.0000000000
45636  31.905  -18.204  85.220 0.0000000000
45677  30.322  -18.161  83.200 0.0000000000
45721  31.766  -18.144  81.192 0.0000000000
59840  46.991  -2.885  77.153 0.0000000000
59830  48.247  -3.526  77.800 0.0000000000
58839  46.985  -4.863  76.514 0.0000000000
44366  21.632  -18.532  97.148 0.0000000000
64973  48.087  1.417  80.768 0.0000000000
66996  47.885  3.512  80.843 0.0000000000
63986  42.526  0.727  82.194 0.0000000000
64032  42.953  0.140  79.925 0.0000000000
60887  42.765  -2.939  80.326 0.0000000000
57928  42.765  -6.066  77.799 0.0000000000
56968  42.999  -6.896  79.778 0.0000000000
43640  44.858  -19.710  81.920 0.0000000000
48605  43.452  -14.486  82.208 0.0000000000
44660  43.641  -18.188  80.477 0.0000000000
46690  42.304  -16.075  78.771 0.0000000000
42702  42.700  -20.499  79.493 0.0000000000
40879  42.954  -23.053  76.989 0.0000000000
39007  42.864  -25.353  77.994 0.0000000000
38058  40.278  -26.167  76.799 0.0000000000
41690  38.743  -21.861  83.893 0.0000000000
39828  39.656  -23.895  83.627 0.0000000000
39830  38.162  -24.380  82.500 0.0000000000
40862  35.151  -22.426  78.742 0.0000000000
68140  58.873  4.236  67.549 0.0000000000
66121  57.511  2.539  69.245 0.0000000000
135293  25.418  -19.407  85.032 0.0000000000
43634  24.177  -19.520  82.194 0.0000000000
46646  23.246  -17.067  83.655 0.0000000000
45659  21.601  -17.363  84.475 0.0000000000
45601  20.706  -18.307  86.889 0.0000000000
138453  28.784  -17.514  92.183 0.0000000000
140061  30.513  -18.905  90.089 0.0000000000
44487  27.865  -18.072  89.537 0.0000000000
44546  26.468  -18.687  86.907 0.0000000000
67989  45.536  4.656  80.695 0.0000000000
133442  43.080  1.187  83.808 0.0000000000
46632  41.033  -16.258  84.100 0.0000000000
42658  45.439  -20.851  83.343 0.0000000000
38971  44.944  -24.312  81.686 0.0000000000
38025  43.308  -25.919  79.797 0.0000000000
36040  43.019  -28.318  80.860 0.0000000000
125290  40.572  -26.759  80.491 0.0000000000
140176  40.931  -23.505  79.632 0.0000000000
41728  36.495  -21.702  81.920 0.0000000000
38975  37.138  -25.546  81.566 0.0000000000
38976  36.443  -25.972  81.195 0.0000000000
66087  55.400  1.991  72.477 0.0000000000
65129  57.536  1.446  71.823 0.0000000000
64104  55.979  0.631  74.017 0.0000000000
41738  22.748  -21.512  81.555 0.0000000000
45535  37.862  -17.532  91.104 0.0000000000
41654  40.215  -20.785  89.021 0.0000000000
123417  41.356  -24.388  86.645 0.0000000000
42634  39.849  -20.404  87.900 0.0000000000
43588  38.582  -19.299  86.523 0.0000000000
44604  37.741  -18.288  84.278 0.0000000000
141289  32.631  -18.031  87.402 0.0000000000
122752  34.674  -17.738  84.790 0.0000000000
44636  36.945  -18.146  82.310 0.0000000000
43645  35.031  -19.421  81.298 0.0000000000
137122  32.947  -20.227  82.062 0.0000000000
142397  49.289  -1.052  80.285 0.0000000000
140374  50.939  -2.404  79.199 0.0000000000
60896  49.973  -3.121  79.549 0.0000000000
46599  19.328  -16.063  88.543 0.0000000000
140653  20.645  -18.895  90.399 0.0000000000
45517  21.069  -17.794  93.592 0.0000000000
43519  22.399  -20.302  92.232 0.0000000000
66089  54.077  1.818  72.752 0.0000000000
65076  53.352  1.325  74.734 0.0000000000
66035  52.425  1.153  76.397 0.0000000000
65014  50.355  0.820  78.822 0.0000000000
62969  49.144  -0.245  80.616 0.0000000000
61901  47.307  -0.537  79.176 0.0000000000
61929  45.420  -1.404  77.447 0.0000000000
65004  45.000  2.167  80.653 0.0000000000
63014  44.337  -0.568  78.481 0.0000000000
60941  43.543  -2.704  76.713 0.0000000000
57949  42.517  -5.548  75.933 0.0000000000
125105  41.464  -9.554  75.748 0.0000000000
134355  44.579  -4.182  83.726 0.0000000000
51711  44.025  -10.730  84.572 0.0000000000
53849  43.841  -9.299  83.446 0.0000000000
55956  43.320  -7.520  81.582 0.0000000000
124503  42.055  -10.873  79.436 0.0000000000
142032  41.530  -14.861  77.663 0.0000000000
36062  42.357  -28.328  78.016 0.0000000000
39787  41.890  -23.956  84.886 0.0000000000
40798  41.254  -22.068  82.077 0.0000000000
41756  39.527  -21.126  79.752 0.0000000000
39883  37.310  -23.872  80.376 0.0000000000
42705  37.852  -20.706  79.093 0.0000000000
49645  22.570  -13.634  85.545 0.0000000000
49627  21.965  -12.350  85.868 0.0000000000
41661  41.881  -21.319  88.300 0.0000000000
43557  41.732  -19.552  88.204 0.0000000000
40704  43.238  -22.506  87.158 0.0000000000
130749  44.548  -23.042  86.353 0.0000000000
37924  43.546  -25.210  86.642 0.0000000000
35042  44.152  -27.529  84.413 0.0000000000
35982  43.036  -25.899  86.596 0.0000000000
64049  52.360  -0.060  76.927 0.0000000000
63022  53.414  -0.404  76.570 0.0000000000
63010  52.025  -0.566  77.410 0.0000000000
44655  27.729  -18.920  81.282 0.0000000000
43662  26.796  -19.721  80.414 0.0000000000
43648  25.698  -19.370  81.757 0.0000000000
42635  21.650  -20.544  87.668 0.0000000000
42641  21.596  -20.750  87.028 0.0000000000
40690  22.532  -21.143  88.798 0.0000000000
40689  23.029  -22.285  89.343 0.0000000000
42623  22.713  -21.114  89.566 0.0000000000
44412  30.991  -17.424  93.710 0.0000000000
44410  32.914  -17.184  93.451 0.0000000000
45523  34.346  -17.391  92.567 0.0000000000
44464  33.854  -17.611  91.478 0.0000000000
126710  34.284  -17.705  90.293 0.0000000000
44483  32.394  -17.814  90.915 0.0000000000
44609  27.422  -19.529  83.985 0.0000000000
44607  28.961  -18.729  84.246 0.0000000000
121182  28.732  -18.506  82.776 0.0000000000
44637  29.144  -18.368  81.792 0.0000000000
59852  45.580  -2.726  76.129 0.0000000000
123517  47.142  -3.642  76.845 0.0000000000
58859  45.470  -4.307  75.338 0.0000000000
68052  47.608  3.691  78.760 0.0000000000
68004  48.500  3.950  80.188 0.0000000000
68021  47.450  4.179  79.782 0.0000000000
62973  42.728  -1.001  81.985 0.0000000000
62974  42.427  -0.773  81.023 0.0000000000
59812  42.822  -3.704  80.972 0.0000000000
122361  42.754  -5.264  80.384 0.0000000000
57898  42.949  -5.176  81.328 0.0000000000
144380  43.909  -21.264  81.237 0.0000000000
44659  44.295  -18.239  81.007 0.0000000000
132874  43.573  -19.954  80.894 0.0000000000
43655  43.039  -18.941  80.113 0.0000000000
41753  43.308  -21.736  79.730 0.0000000000
39893  43.217  -23.383  78.539 0.0000000000
39881  43.595  -23.434  79.240 0.0000000000
41700  38.158  -21.778  83.203 0.0000000000
40760  38.000  -23.137  83.864 0.0000000000
40780  37.618  -22.839  83.187 0.0000000000
67128  57.908  3.262  68.889 0.0000000000
66109  57.187  2.348  70.011 0.0000000000
46623  25.256  -17.391  85.884 0.0000000000
130924  24.452  -17.419  84.301 0.0000000000
140989  24.473  -16.490  84.726 0.0000000000
138691  21.163  -15.888  84.991 0.0000000000
46625  21.457  -16.561  84.665 0.0000000000
46626  20.824  -16.461  85.273 0.0000000000
45616  21.100  -17.940  85.868 0.0000000000
45617  20.336  -17.232  86.644 0.0000000000
46565  26.769  -16.008  91.712 0.0000000000
133043  28.728  -18.113  90.786 0.0000000000
46578  26.645  -16.247  90.699 0.0000000000
46604  25.017  -15.832  87.775 0.0000000000
45581  25.938  -17.398  87.981 0.0000000000
46612  25.486  -17.238  86.695 0.0000000000
44568  25.894  -19.232  85.881 0.0000000000
47524  39.489  -15.883  87.802 0.0000000000
49570  40.666  -13.341  88.886 0.0000000000
49604  40.453  -13.169  87.136 0.0000000000
49619  40.412  -13.229  86.001 0.0000000000
47542  40.234  -16.159  84.945 0.0000000000
39785  46.395  -23.827  84.146 0.0000000000
137837  45.560  -20.836  84.196 0.0000000000
40775  46.085  -22.821  83.261 0.0000000000
40776  45.861  -22.921  82.762 0.0000000000
37991  45.022  -25.230  82.010 0.0000000000
38000  44.542  -26.227  81.510 0.0000000000
36959  44.511  -27.441  81.903 0.0000000000
36961  42.338  -27.250  82.485 0.0000000000
36033  41.407  -28.069  81.375 0.0000000000
38003  41.408  -26.481  81.191 0.0000000000
38027  40.620  -25.675  79.852 0.0000000000
38973  41.856  -23.834  81.315 0.0000000000
41729  35.638  -21.925  81.768 0.0000000000
39856  36.301  -24.834  81.789 0.0000000000
39857  35.231  -24.489  81.585 0.0000000000
65098  55.146  1.333  73.725 0.0000000000
65097  55.808  1.070  73.787 0.0000000000
65073  55.140  0.976  74.219 0.0000000000
63040  55.768  -0.753  75.289 0.0000000000
42668  31.007  -20.662  81.825 0.0000000000
41717  30.457  -21.231  82.497 0.0000000000
44642  22.981  -18.870  82.504 0.0000000000
43650  23.342  -20.324  81.393 0.0000000000
43637  21.944  -20.292  82.371 0.0000000000
39760  22.439  -23.552  86.286 0.0000000000
39799  22.530  -23.382  84.277 0.0000000000
45537  36.687  -17.676  91.328 0.0000000000
45536  36.541  -16.970  91.560 0.0000000000
44459  38.329  -18.561  90.875 0.0000000000
43526  39.649  -19.682  90.446 0.0000000000
42622  38.746  -19.763  90.101 0.0000000000
41663  39.850  -20.603  89.018 0.0000000000
130572  38.919  -19.880  89.371 0.0000000000
44516  36.510  -18.183  88.454 0.0000000000
43578  38.009  -19.095  87.323 0.0000000000
137171  37.511  -18.331  87.057 0.0000000000
44603  38.380  -18.713  84.886 0.0000000000
44586  36.964  -17.720  85.577 0.0000000000
44522  30.264  -18.375  88.833 0.0000000000
44521  31.698  -18.218  88.788 0.0000000000
44542  31.256  -18.162  87.486 0.0000000000
120568  32.467  -17.703  83.535 0.0000000000
45635  33.251  -18.034  85.161 0.0000000000
45654  34.356  -17.605  84.103 0.0000000000
123304  35.675  -17.376  83.577 0.0000000000
45692  35.546  -17.629  82.076 0.0000000000
44649  35.884  -18.865  81.238 0.0000000000
45705  34.864  -17.803  81.492 0.0000000000
131548  31.131  -18.977  80.512 0.0000000000
43647  32.737  -19.368  81.163 0.0000000000
42681  31.483  -20.038  81.216 0.0000000000
61891  49.329  -1.280  79.999 0.0000000000
137234  49.879  -2.193  79.458 0.0000000000
60910  48.987  -2.561  78.916 0.0000000000
58809  49.189  -4.284  79.070 0.0000000000
46582  18.978  -15.895  90.227 0.0000000000
46591  19.291  -17.000  89.042 0.0000000000
45554  20.198  -17.540  90.973 0.0000000000
45471  22.653  -18.461  96.520 0.0000000000
44417  22.391  -18.560  94.644 0.0000000000
44452  21.885  -19.297  92.777 0.0000000000
43485  22.467  -20.061  93.849 0.0000000000
42577  22.600  -20.697  93.604 0.0000000000
42565  22.662  -20.770  94.850 0.0000000000
66101  54.709  3.108  71.197 0.0000000000
65121  53.215  1.494  72.931 0.0000000000
65100  53.201  1.535  74.097 0.0000000000
121809  53.118  1.122  75.639 0.0000000000
65052  52.768  1.209  75.488 0.0000000000
66026  50.255  2.172  77.945 0.0000000000
66025  51.138  1.148  77.753 0.0000000000
124189  50.288  1.514  78.586 0.0000000000
64013  49.682  0.646  79.634 0.0000000000
138225  49.547  1.044  79.744 0.0000000000
133215  47.649  1.441  80.722 0.0000000000
62972  47.831  0.396  80.435 0.0000000000
62988  47.410  0.122  79.862 0.0000000000
63012  46.320  -0.337  78.630 0.0000000000
66998  45.096  4.603  80.992 0.0000000000
65988  45.700  3.627  81.143 0.0000000000
66003  44.129  2.857  80.815 0.0000000000
60900  42.872  -1.770  78.974 0.0000000000
63003  43.285  -0.269  79.242 0.0000000000
61915  43.332  -1.883  78.107 0.0000000000
60926  44.003  -1.784  77.510 0.0000000000
59841  43.170  -3.023  77.222 0.0000000000
58840  43.071  -4.087  76.043 0.0000000000
58832  43.071  -4.030  77.113 0.0000000000
55023  42.560  -8.413  77.642 0.0000000000
55036  42.215  -8.590  76.376 0.0000000000
122307  41.576  -10.023  76.576 0.0000000000
49793  41.501  -13.009  76.039 0.0000000000
134247  44.743  -4.187  84.153 0.0000000000
48568  42.854  -13.427  83.905 0.0000000000
51692  44.026  -10.634  85.413 0.0000000000
49655  43.223  -13.037  83.782 0.0000000000
50682  43.079  -13.191  81.615 0.0000000000
130660  43.190  -12.365  82.630 0.0000000000
51763  42.756  -10.746  81.956 0.0000000000
53850  43.616  -8.763  82.683 0.0000000000
52868  42.751  -10.076  81.086 0.0000000000
53878  42.820  -9.688  80.330 0.0000000000
50701  42.208  -12.797  80.038 0.0000000000
44679  41.639  -17.998  78.568 0.0000000000
131006  41.891  -15.584  78.375 0.0000000000
140983  41.049  -17.005  77.406 0.0000000000
46702  40.772  -16.694  76.776 0.0000000000
127162  41.347  -18.845  77.029 0.0000000000
133186  41.985  -21.104  76.597 0.0000000000
39908  43.097  -24.008  77.199 0.0000000000
39921  43.372  -23.796  76.621 0.0000000000
132740  42.549  -28.122  79.458 0.0000000000
36985  42.624  -27.775  78.828 0.0000000000
36063  41.184  -28.359  78.065 0.0000000000
38057  41.266  -26.903  76.588 0.0000000000
121913  40.408  -23.608  86.058 0.0000000000
38915  41.109  -24.283  85.930 0.0000000000
38932  40.609  -24.123  85.494 0.0000000000
40779  39.880  -23.092  82.514 0.0000000000
40778  40.783  -22.497  82.666 0.0000000000
40799  40.488  -22.082  81.932 0.0000000000
41741  40.586  -21.817  80.773 0.0000000000
138525  39.703  -21.401  80.523 0.0000000000
38993  36.594  -25.454  80.381 0.0000000000
38983  37.308  -25.367  81.136 0.0000000000
39884  36.690  -24.499  80.038 0.0000000000
41759  36.482  -21.803  78.958 0.0000000000
42716  37.931  -20.041  78.377 0.0000000000
64122  57.888  0.764  71.796 0.0000000000
64136  58.183  0.523  71.003 0.0000000000
60909  51.557  -2.315  78.736 0.0000000000
47534  23.999  -15.193  86.282 0.0000000000
47544  23.427  -15.262  85.249 0.0000000000
48559  23.284  -14.733  85.750 0.0000000000
142625  22.069  -14.763  85.345 0.0000000000
131170  20.999  -14.641  85.455 0.0000000000
47525  24.131  -15.251  88.196 0.0000000000
46576  38.799  -16.769  90.070 0.0000000000
48457  39.079  -14.226  90.913 0.0000000000
139766  39.439  -16.980  89.204 0.0000000000
44536  40.786  -18.115  87.918 0.0000000000
44560  41.625  -18.531  86.799 0.0000000000
44583  41.893  -18.433  85.867 0.0000000000
41673  44.283  -21.095  85.879 0.0000000000
39768  45.994  -23.955  84.914 0.0000000000
36009  46.107  -27.334  83.970 0.0000000000
35087  44.343  -29.406  82.907 0.0000000000
34098  44.286  -28.969  83.796 0.0000000000
132468  43.139  -28.394  83.682 0.0000000000
37993  43.421  -25.709  83.522 0.0000000000
40783  34.330  -22.777  82.350 0.0000000000
38977  35.435  -25.923  81.561 0.0000000000
38962  34.956  -26.139  82.266 0.0000000000
64065  53.775  0.478  75.340 0.0000000000
64064  54.395  0.275  74.994 0.0000000000
64055  54.124  -0.006  75.580 0.0000000000
61943  54.299  -0.882  76.508 0.0000000000
43659  29.577  -19.233  80.406 0.0000000000
41733  29.174  -20.971  81.375 0.0000000000
42695  28.246  -20.054  80.407 0.0000000000
41746  27.069  -20.874  80.402 0.0000000000
40829  25.717  -21.914  80.596 0.0000000000
43617  21.198  -19.687  84.232 0.0000000000
142538  20.895  -21.032  84.192 0.0000000000
41686  21.294  -21.262  85.419 0.0000000000
40720  21.893  -22.641  86.702 0.0000000000
39699  23.109  -23.340  91.025 0.0000000000
140216  35.515  -17.270  91.938 0.0000000000
44479  36.945  -18.451  90.204 0.0000000000
43544  37.349  -18.767  89.661 0.0000000000
44497  36.457  -18.203  89.597 0.0000000000
121269  35.702  -17.825  89.273 0.0000000000
44540  35.099  -17.793  88.024 0.0000000000
136005  28.008  -19.036  86.865 0.0000000000
44565  30.543  -18.309  86.377 0.0000000000
44589  29.549  -18.778  85.416 0.0000000000
44606  30.874  -18.183  83.944 0.0000000000
120735  31.923  -17.527  82.725 0.0000000000
120128  32.999  -17.426  81.761 0.0000000000
45709  30.902  -17.952  81.612 0.0000000000
44652  30.477  -18.331  80.918 0.0000000000
60912  47.624  -1.856  78.258 0.0000000000
60911  48.297  -2.619  78.310 0.0000000000
59839  47.631  -3.600  77.258 0.0000000000
58831  47.419  -4.509  76.963 0.0000000000
45446  22.315  -17.909  97.054 0.0000000000
43428  22.925  -18.954  97.228 0.0000000000
42535  22.683  -20.086  96.467 0.0000000000
43438  21.173  -19.543  96.584 0.0000000000
67023  48.740  3.126  78.785 0.0000000000
65984  49.173  1.799  79.657 0.0000000000
66994  48.624  3.396  80.489 0.0000000000
66980  48.109  2.991  81.068 0.0000000000
64990  47.186  2.322  80.922 0.0000000000
64991  43.011  2.500  81.167 0.0000000000
142940  43.076  2.136  80.727 0.0000000000
122588  42.606  0.111  80.694 0.0000000000
60888  42.630  -2.053  79.895 0.0000000000
59831  42.954  -3.151  78.804 0.0000000000
57937  42.983  -4.524  78.268 0.0000000000
125276  42.921  -4.921  79.314 0.0000000000
56969  43.096  -6.980  78.889 0.0000000000
55010  42.636  -8.927  78.457 0.0000000000
45690  44.094  -17.176  82.699 0.0000000000
47567  43.267  -14.693  82.562 0.0000000000
46666  44.122  -16.311  81.846 0.0000000000
131726  44.071  -16.255  81.292 0.0000000000
48651  43.474  -14.867  80.615 0.0000000000
49726  42.614  -14.218  79.726 0.0000000000
45727  42.922  -17.129  79.784 0.0000000000
129655  42.399  -18.899  79.347 0.0000000000
42714  41.857  -20.696  78.075 0.0000000000
139517  42.104  -21.392  77.499 0.0000000000
122446  42.576  -21.984  78.100 0.0000000000
123762  42.930  -23.282  77.825 0.0000000000
38046  43.249  -26.574  77.828 0.0000000000
125697  39.817  -26.701  78.379 0.0000000000
36990  40.491  -27.509  77.820 0.0000000000
38039  39.613  -25.379  77.373 0.0000000000
39022  39.476  -24.645  76.813 0.0000000000
39934  38.956  -23.678  75.563 0.0000000000
127476  39.097  -22.292  84.567 0.0000000000
142140  39.383  -23.800  84.630 0.0000000000
39790  38.883  -23.830  84.275 0.0000000000
39829  39.071  -24.085  83.062 0.0000000000
39853  38.918  -23.859  82.205 0.0000000000
40847  35.172  -23.459  79.271 0.0000000000
40863  34.418  -22.560  78.540 0.0000000000
68123  58.471  4.404  68.362 0.0000000000
66135  58.489  2.854  68.255 0.0000000000
66136  57.929  2.835  68.536 0.0000000000
43623  25.957  -20.060  84.004 0.0000000000
43633  24.980  -19.661  82.642 0.0000000000
44611  24.577  -19.194  83.170 0.0000000000
45679  23.788  -18.339  83.243 0.0000000000
45680  22.751  -17.687  83.417 0.0000000000
46634  23.067  -16.428  84.179 0.0000000000
46648  21.931  -16.885  84.145 0.0000000000
44612  21.723  -18.118  84.231 0.0000000000
134923  21.274  -18.554  85.550 0.0000000000
43583  21.036  -19.459  87.205 0.0000000000
43567  21.114  -19.800  88.188 0.0000000000
125811  29.971  -18.789  92.182 0.0000000000
44467  30.584  -18.966  91.203 0.0000000000
43516  29.920  -19.327  91.416 0.0000000000
43547  29.072  -18.788  89.645 0.0000000000
43563  28.422  -18.791  88.775 0.0000000000
145399  26.536  -17.174  88.944 0.0000000000
44506  27.170  -18.128  88.269 0.0000000000
43580  27.260  -18.924  87.230 0.0000000000
43590  26.945  -19.476  86.734 0.0000000000
43603  26.369  -20.171  85.664 0.0000000000
58871  44.093  -4.430  74.560 0.0000000000
141215  44.802  -4.499  74.782 0.0000000000
57985  43.914  -5.779  73.585 0.0000000000
68022  46.799  4.415  79.879 0.0000000000
67000  43.744  4.474  81.788 0.0000000000
65971  42.704  2.624  82.142 0.0000000000
64975  42.676  1.544  82.750 0.0000000000
61864  43.428  -1.629  83.275 0.0000000000
48569  41.362  -14.052  83.985 0.0000000000
122626  42.315  -15.474  83.035 0.0000000000
44602  43.131  -18.447  84.518 0.0000000000
45649  43.584  -17.969  83.725 0.0000000000
45670  43.872  -17.449  83.117 0.0000000000
43628  45.156  -19.578  82.694 0.0000000000
125909  44.658  -21.998  82.038 0.0000000000
39872  44.226  -23.428  80.835 0.0000000000
123849  43.750  -24.151  79.528 0.0000000000
38013  43.887  -25.458  80.423 0.0000000000
36971  42.756  -27.933  80.054 0.0000000000
35117  41.033  -28.622  80.060 0.0000000000
35106  42.567  -28.875  81.917 0.0000000000
36042  40.869  -28.264  80.691 0.0000000000
36982  39.948  -27.732  79.537 0.0000000000
127915  39.891  -25.967  79.010 0.0000000000
38992  40.627  -24.606  79.268 0.0000000000
40861  40.406  -22.312  78.840 0.0000000000
42676  37.076  -20.977  82.127 0.0000000000
128784  37.265  -22.579  82.656 0.0000000000
40803  36.147  -23.182  81.912 0.0000000000
38994  35.964  -25.484  80.181 0.0000000000
38004  35.844  -26.530  81.107 0.0000000000
38986  35.543  -26.031  80.554 0.0000000000
66100  55.679  2.318  71.678 0.0000000000
66099  56.744  2.012  71.411 0.0000000000
66086  56.345  1.732  72.224 0.0000000000
65117  57.281  1.177  72.701 0.0000000000
64078  56.426  -0.130  73.964 0.0000000000
64063  55.226  0.040  74.904 0.0000000000
63057  55.979  -0.418  74.650 0.0000000000
43649  24.756  -19.691  81.562 0.0000000000
137827  23.842  -21.108  80.521 0.0000000000
134015  24.020  -22.878  80.948 0.0000000000
40768  21.831  -22.264  83.498 0.0000000000
39837  22.837  -23.193  82.846 0.0000000000
47484  38.041  -15.712  91.182 0.0000000000
45549  39.259  -18.410  90.569 0.0000000000
42608  40.239  -19.891  90.054 0.0000000000
39715  41.453  -23.116  87.980 0.0000000000
38880  41.820  -24.740  87.119 0.0000000000
39716  40.918  -22.719  87.915 0.0000000000
41669  40.541  -22.190  87.466 0.0000000000
41676  40.283  -21.423  86.468 0.0000000000
43559  38.401  -19.500  88.754 0.0000000000
136914  39.121  -19.994  87.153 0.0000000000
41683  40.134  -21.428  85.591 0.0000000000
42653  39.454  -20.495  84.688 0.0000000000
42654  39.036  -20.582  84.025 0.0000000000
43630  38.281  -19.831  82.901 0.0000000000
128804  32.106  -17.953  90.275 0.0000000000
123756  33.228  -17.769  89.096 0.0000000000
45597  34.138  -17.773  86.980 0.0000000000
45614  32.125  -18.186  86.161 0.0000000000
140048  33.769  -17.882  86.440 0.0000000000
125103  35.139  -17.866  85.916 0.0000000000
45631  36.265  -17.683  84.918 0.0000000000
44635  37.575  -18.611  82.774 0.0000000000
43631  37.719  -19.842  82.366 0.0000000000
42677  36.541  -20.407  81.781 0.0000000000
43644  35.936  -19.811  81.526 0.0000000000
42679  34.564  -20.363  81.786 0.0000000000
140447  33.574  -18.426  81.044 0.0000000000
120013  34.036  -19.641  81.453 0.0000000000
41730  34.407  -21.231  82.101 0.0000000000
41714  33.972  -21.340  82.638 0.0000000000
62998  50.421  -0.213  78.605 0.0000000000
63011  51.187  -0.612  78.109 0.0000000000
61899  50.577  -1.469  78.886 0.0000000000
59829  48.911  -3.470  78.499 0.0000000000
59819  49.917  -3.508  79.834 0.0000000000
57971  45.835  -5.761  74.765 0.0000000000
50621  20.936  -12.691  85.986 0.0000000000
48543  19.803  -13.949  86.308 0.0000000000
137211  19.808  -14.778  86.540 0.0000000000
125960  19.402  -14.440  87.692 0.0000000000
46614  19.994  -16.260  86.865 0.0000000000
45583  19.988  -17.568  88.287 0.0000000000
124131  20.339  -18.339  88.765 0.0000000000
44507  20.862  -19.429  89.931 0.0000000000
46553  19.908  -16.749  92.417 0.0000000000
45540  20.686  -18.170  91.762 0.0000000000
44488  21.597  -19.445  91.260 0.0000000000
43532  21.915  -20.170  90.597 0.0000000000
42598  22.751  -21.067  91.852 0.0000000000
67113  55.756  3.524  69.749 0.0000000000
129253  54.944  2.723  71.919 0.0000000000
66088  54.704  2.000  72.584 0.0000000000
66079  54.449  1.612  73.511 0.0000000000
66090  53.535  1.763  71.930 0.0000000000
65120  53.802  1.661  73.583 0.0000000000
65075  53.914  1.152  74.720 0.0000000000
65051  53.556  0.975  75.215 0.0000000000
65027  52.796  0.880  76.415 0.0000000000
64041  52.387  0.779  76.862 0.0000000000
66048  51.785  1.186  76.692 0.0000000000
65023  51.588  0.933  77.281 0.0000000000
64026  50.462  0.781  78.606 0.0000000000
64027  49.798  0.240  79.432 0.0000000000
141640  49.089  -0.779  80.528 0.0000000000
62985  48.896  -0.873  80.455 0.0000000000
63982  48.760  0.492  80.558 0.0000000000
62987  48.058  -0.309  80.331 0.0000000000
61900  48.072  -1.098  79.456 0.0000000000
61912  46.897  -1.135  78.296 0.0000000000
61944  46.121  -1.688  77.086 0.0000000000
61945  45.300  -1.931  76.604 0.0000000000
135153  46.434  4.112  80.665 0.0000000000
65987  46.697  3.222  81.068 0.0000000000
65003  46.063  1.352  80.357 0.0000000000
65015  43.931  1.180  79.881 0.0000000000
64030  44.563  0.461  79.429 0.0000000000
137267  44.689  -0.166  78.925 0.0000000000
63023  44.885  -0.964  78.001 0.0000000000
122795  44.664  -1.730  77.190 0.0000000000
59871  44.103  -3.255  75.548 0.0000000000
58861  43.202  -4.323  75.284 0.0000000000
57961  42.566  -5.483  75.045 0.0000000000
133417  42.610  -5.753  76.882 0.0000000000
56044  41.867  -7.731  75.322 0.0000000000
127041  43.585  -1.346  84.012 0.0000000000
60867  43.803  -3.233  83.282 0.0000000000
54918  45.063  -8.182  85.031 0.0000000000
50641  43.442  -12.422  83.559 0.0000000000
136000  44.222  -9.530  84.007 0.0000000000
55930  44.708  -7.170  84.387 0.0000000000
55931  44.366  -7.106  83.716 0.0000000000
56926  43.640  -6.564  82.541 0.0000000000
123530  43.322  -5.373  82.045 0.0000000000
55983  43.034  -7.441  80.341 0.0000000000
120613  42.756  -9.226  79.192 0.0000000000
129904  41.904  -11.005  78.483 0.0000000000
126956  42.163  -13.881  79.033 0.0000000000
49739  41.936  -13.253  78.465 0.0000000000
133071  41.743  -12.059  77.506 0.0000000000
48706  40.893  -14.488  76.094 0.0000000000
40893  42.955  -22.349  76.465 0.0000000000
40892  43.486  -23.224  76.109 0.0000000000
38990  43.361  -25.116  79.233 0.0000000000
38037  42.878  -26.615  78.379 0.0000000000
36061  43.859  -28.884  77.727 0.0000000000
36998  41.218  -28.142  77.452 0.0000000000
138821  41.675  -28.095  76.909 0.0000000000
37958  42.036  -25.044  85.944 0.0000000000
38929  43.220  -24.967  84.956 0.0000000000
38959  42.920  -23.799  83.106 0.0000000000
39809  39.980  -24.018  84.285 0.0000000000
40758  41.772  -22.850  83.311 0.0000000000
39851  41.971  -22.690  82.148 0.0000000000
39852  41.487  -22.701  81.222 0.0000000000
139996  40.574  -21.824  79.663 0.0000000000
128949  39.943  -21.707  78.547 0.0000000000
38961  37.341  -24.980  82.106 0.0000000000
39854  38.042  -24.432  81.791 0.0000000000
40828  38.267  -22.967  80.694 0.0000000000
40845  36.703  -22.953  79.689 0.0000000000
40844  37.565  -22.621  79.986 0.0000000000
41744  38.174  -21.640  79.807 0.0000000000
41757  38.694  -20.979  79.463 0.0000000000
42703  39.053  -20.877  78.989 0.0000000000
131340  57.610  1.715  70.418 0.0000000000
65150  57.374  1.762  69.891 0.0000000000
65163  57.231  2.020  68.919 0.0000000000
139569  52.560  -1.322  77.478 0.0000000000
40698  42.501  -23.037  87.844 0.0000000000
41660  42.501  -21.898  87.745 0.0000000000
39732  43.099  -23.682  87.307 0.0000000000
38877  43.580  -24.519  86.955 0.0000000000
126847  43.682  -24.987  87.020 0.0000000000
36894  43.160  -25.412  86.639 0.0000000000
36881  42.740  -25.541  86.997 0.0000000000
44639  27.240  -18.938  82.180 0.0000000000
44656  26.761  -19.141  81.438 0.0000000000
44640  26.394  -19.240  82.324 0.0000000000
42628  21.985  -20.588  88.357 0.0000000000
44450  31.530  -17.625  92.586 0.0000000000
134216  31.651  -17.254  94.012 0.0000000000
44430  32.420  -17.413  93.166 0.0000000000
44429  33.437  -17.412  92.889 0.0000000000
44465  32.830  -17.595  91.615 0.0000000000
130546  33.393  -17.679  91.080 0.0000000000
44625  28.362  -18.817  83.696 0.0000000000
124678  27.749  -18.869  83.014 0.0000000000
44638  28.203  -18.618  81.988 0.0000000000
59869  45.991  -3.663  75.930 0.0000000000
68036  47.909  3.858  79.522 0.0000000000
68037  47.246  3.968  79.198 0.0000000000
61872  43.102  -1.952  82.430 0.0000000000
60876  42.822  -2.651  81.762 0.0000000000
59805  42.899  -3.531  81.914 0.0000000000
58800  42.842  -4.496  80.881 0.0000000000
141727  42.961  -4.162  81.751 0.0000000000
42691  43.822  -20.610  81.200 0.0000000000
41740  43.666  -21.442  80.622 0.0000000000
42701  43.304  -20.764  80.201 0.0000000000
120919  43.364  -22.627  79.215 0.0000000000
144231  43.651  -22.936  79.627 0.0000000000
67112  56.472  3.523  69.603 0.0000000000
67095  56.696  2.829  69.932 0.0000000000
46624  24.840  -16.531  85.573 0.0000000000
45638  24.929  -17.372  85.040 0.0000000000
47547  20.662  -15.551  85.518 0.0000000000
45640  20.687  -17.161  85.810 0.0000000000
46551  26.733  -15.720  91.759 0.0000000000
46579  25.715  -15.746  90.465 0.0000000000
46613  25.123  -16.258  86.934 0.0000000000
132601  25.073  -16.650  86.275 0.0000000000
48502  40.106  -14.029  88.527 0.0000000000
48517  39.553  -14.944  87.293 0.0000000000
49586  40.623  -13.311  88.131 0.0000000000
48532  39.538  -15.045  86.230 0.0000000000
48531  39.796  -13.986  86.688 0.0000000000
46622  39.741  -16.061  85.907 0.0000000000
133395  46.430  -25.095  83.679 0.0000000000
39806  46.378  -23.710  83.535 0.0000000000
134210  46.255  -25.140  83.304 0.0000000000
38957  46.171  -24.418  82.918 0.0000000000
139079  45.774  -25.233  82.695 0.0000000000
37992  45.336  -26.360  82.364 0.0000000000
36021  45.227  -27.600  82.665 0.0000000000
38002  42.171  -26.189  82.014 0.0000000000
127059  42.178  -25.051  81.516 0.0000000000
38014  41.387  -25.343  80.680 0.0000000000
120644  34.901  -22.008  81.898 0.0000000000
40804  35.321  -23.195  81.660 0.0000000000
41732  30.049  -20.789  81.635 0.0000000000
127249  22.397  -19.390  82.500 0.0000000000
38923  22.998  -24.167  85.627 0.0000000000
43514  37.399  -18.537  90.591 0.0000000000
44460  37.502  -18.243  91.058 0.0000000000
43513  38.048  -18.851  90.660 0.0000000000
43512  38.579  -19.175  90.844 0.0000000000
43528  38.430  -19.329  90.442 0.0000000000
43543  38.108  -19.259  89.886 0.0000000000
44539  35.783  -17.787  87.694 0.0000000000
44538  36.878  -18.003  87.679 0.0000000000
44561  36.915  -17.730  86.609 0.0000000000
133921  37.590  -18.112  86.145 0.0000000000
44523  29.440  -18.565  88.709 0.0000000000
44543  30.217  -18.263  87.892 0.0000000000
45675  33.250  -17.502  83.109 0.0000000000
45655  33.420  -17.777  84.098 0.0000000000
120569  34.027  -17.480  83.200 0.0000000000
45674  34.884  -17.417  83.358 0.0000000000
45693  34.628  -17.455  82.323 0.0000000000
45706  33.911  -17.622  81.614 0.0000000000
42692  30.909  -19.515  80.679 0.0000000000
42667  32.045  -20.400  82.158 0.0000000000
60898  48.875  -1.698  79.526 0.0000000000
60886  49.595  -1.911  79.511 0.0000000000
47512  19.144  -14.954  89.821 0.0000000000
46581  19.599  -16.646  90.594 0.0000000000
46568  19.779  -16.655  91.440 0.0000000000
44364  22.992  -19.031  96.454 0.0000000000
45503  22.571  -18.227  95.278 0.0000000000
43454  22.715  -19.358  95.123 0.0000000000
44435  22.455  -19.400  94.440 0.0000000000
128691  22.549  -19.827  94.582 0.0000000000
122039  22.565  -20.349  94.332 0.0000000000
43469  22.684  -19.918  95.086 0.0000000000
66112  53.887  3.128  70.798 0.0000000000
132555  52.568  1.335  73.461 0.0000000000
142859  52.862  1.353  74.798 0.0000000000
131456  50.590  1.583  78.252 0.0000000000
65002  49.927  1.114  79.043 0.0000000000
64989  49.739  1.566  79.106 0.0000000000
64014  46.937  0.899  79.963 0.0000000000
63000  46.553  0.195  79.282 0.0000000000
63001  45.527  0.109  79.020 0.0000000000
65989  44.418  3.998  81.232 0.0000000000
60913  42.998  -2.432  78.660 0.0000000000
143999  43.270  -1.233  78.463 0.0000000000
122898  43.079  -3.547  78.037 0.0000000000
53911  42.147  -9.692  77.238 0.0000000000
55024  42.405  -8.907  76.975 0.0000000000
52930  41.508  -10.823  76.716 0.0000000000
51881  41.400  -11.444  75.974 0.0000000000
51859  41.604  -11.586  76.882 0.0000000000
58770  44.715  -4.731  84.563 0.0000000000
48588  42.977  -14.188  83.174 0.0000000000
49711  43.262  -13.746  81.071 0.0000000000
50667  42.714  -12.129  81.808 0.0000000000
51782  42.309  -11.072  81.091 0.0000000000
120407  42.283  -12.032  80.659 0.0000000000
143718  41.487  -18.560  78.189 0.0000000000
45745  41.333  -17.399  78.011 0.0000000000
44685  41.252  -18.249  77.734 0.0000000000
144497  41.078  -17.671  77.365 0.0000000000
43681  41.476  -19.725  77.084 0.0000000000
42727  41.678  -20.582  77.232 0.0000000000
38056  43.681  -26.353  77.349 0.0000000000
140632  44.278  -27.655  77.329 0.0000000000
36049  41.260  -28.609  79.341 0.0000000000
36056  41.491  -28.397  78.700 0.0000000000
40728  40.280  -22.504  85.973 0.0000000000
39770  40.453  -23.999  85.601 0.0000000000
41742  40.134  -21.768  81.090 0.0000000000
40827  39.305  -22.130  80.991 0.0000000000
39875  37.130  -25.198  80.596 0.0000000000
39885  36.045  -24.658  79.843 0.0000000000
64123  57.469  0.318  72.454 0.0000000000
64137  57.702  0.111  71.556 0.0000000000
48542  23.237  -13.936  85.942 0.0000000000
127779  21.794  -14.171  85.365 0.0000000000
49625  23.560  -13.569  86.812 0.0000000000
48525  23.794  -14.297  87.872 0.0000000000
47526  23.935  -15.032  87.304 0.0000000000
45565  39.700  -18.183  89.926 0.0000000000
122052  39.226  -17.461  89.876 0.0000000000
45564  40.188  -18.368  89.390 0.0000000000
42633  42.413  -19.829  87.368 0.0000000000
44535  41.196  -18.579  88.065 0.0000000000
122190  41.554  -18.778  87.410 0.0000000000
145174  41.271  -18.398  87.503 0.0000000000
43574  42.682  -19.516  86.510 0.0000000000
44559  42.073  -19.101  86.652 0.0000000000
42639  43.296  -19.937  86.283 0.0000000000
37942  45.128  -25.309  85.496 0.0000000000
39751  45.125  -23.583  85.966 0.0000000000
37956  45.899  -25.530  84.849 0.0000000000
37955  46.328  -25.630  84.397 0.0000000000
142215  45.916  -27.139  84.296 0.0000000000
35057  45.104  -28.511  84.026 0.0000000000
35041  45.097  -28.179  84.228 0.0000000000
143782  43.856  -27.181  84.507 0.0000000000
35058  43.853  -28.096  84.096 0.0000000000
36000  43.642  -27.712  84.119 0.0000000000
36940  43.420  -26.971  83.804 0.0000000000
37981  43.591  -25.780  84.349 0.0000000000
39832  34.390  -24.232  82.318 0.0000000000
64056  53.566  0.375  75.833 0.0000000000
63032  53.842  -0.177  76.147 0.0000000000
61926  53.781  -1.303  76.842 0.0000000000
44665  29.126  -18.898  80.609 0.0000000000
42694  29.140  -19.808  80.572 0.0000000000
43660  28.682  -19.438  80.513 0.0000000000
136009  25.864  -19.801  80.509 0.0000000000
42696  27.361  -20.176  80.243 0.0000000000
42697  26.433  -20.234  80.263 0.0000000000
41747  26.142  -21.174  80.554 0.0000000000
41748  25.183  -21.278  80.364 0.0000000000
43605  21.232  -19.818  85.261 0.0000000000
42655  21.051  -20.600  84.763 0.0000000000
42649  21.276  -20.586  85.616 0.0000000000
40708  22.046  -22.349  87.690 0.0000000000
41677  21.599  -21.671  86.976 0.0000000000
39743  22.388  -23.281  87.310 0.0000000000
39722  22.625  -23.006  88.209 0.0000000000
39721  22.975  -23.602  88.757 0.0000000000
40700  22.936  -22.771  88.859 0.0000000000
41656  22.988  -21.804  89.856 0.0000000000
40680  23.044  -22.591  90.253 0.0000000000
40668  23.114  -22.865  91.809 0.0000000000
46533  33.949  -16.710  93.425 0.0000000000
44447  34.801  -17.530  91.863 0.0000000000
45522  35.048  -17.376  92.257 0.0000000000
44446  35.480  -17.373  91.454 0.0000000000
44445  36.098  -17.492  91.114 0.0000000000
44462  35.777  -17.543  90.807 0.0000000000
44480  36.150  -17.844  90.222 0.0000000000
44499  34.793  -17.674  89.648 0.0000000000
44518  34.944  -17.677  88.757 0.0000000000
44567  28.522  -18.946  86.121 0.0000000000
44590  28.725  -18.973  85.127 0.0000000000
144639  29.769  -18.290  83.327 0.0000000000
44623  29.845  -18.399  83.954 0.0000000000
140787  31.645  -17.859  83.483 0.0000000000
45676  31.144  -17.906  82.961 0.0000000000
137842  31.408  -17.645  82.163 0.0000000000
45695  30.585  -17.953  82.336 0.0000000000
44654  28.671  -18.698  81.129 0.0000000000
44653  29.567  -18.472  80.955 0.0000000000
44664  29.951  -18.744  80.478 0.0000000000
60924  47.608  -2.711  77.711 0.0000000000
127817  46.817  -4.067  76.427 0.0000000000
57947  47.252  -5.589  76.959 0.0000000000
57948  46.804  -5.522  76.226 0.0000000000
132346  21.858  -17.957  97.146 0.0000000000
44353  22.687  -18.782  97.046 0.0000000000
135119  21.858  -19.286  97.182 0.0000000000
44367  21.207  -18.447  96.663 0.0000000000
67011  48.792  2.836  79.629 0.0000000000
68003  48.641  3.785  80.219 0.0000000000
67987  48.231  3.781  80.428 0.0000000000
66995  48.430  3.502  80.803 0.0000000000
65986  47.523  2.900  81.035 0.0000000000
64976  42.546  1.761  81.606 0.0000000000
64004  42.544  0.922  81.190 0.0000000000
60877  42.674  -2.307  80.804 0.0000000000
61880  42.525  -1.421  80.453 0.0000000000
60899  42.802  -2.670  79.397 0.0000000000
59821  42.922  -3.646  79.874 0.0000000000
58821  43.085  -4.031  78.992 0.0000000000
57907  42.730  -6.206  80.205 0.0000000000
57919  42.717  -5.665  79.603 0.0000000000
55998  42.754  -7.797  78.492 0.0000000000
55984  42.972  -7.591  79.514 0.0000000000
43629  44.927  -18.833  82.235 0.0000000000
46658  43.957  -16.404  82.295 0.0000000000
44646  44.507  -18.116  81.822 0.0000000000
45719  43.978  -17.478  80.874 0.0000000000
46674  44.135  -16.882  81.421 0.0000000000
46675  43.874  -16.670  80.743 0.0000000000
47592  43.708  -15.257  81.050 0.0000000000
127150  43.871  -15.902  80.753 0.0000000000
46682  43.473  -16.347  79.967 0.0000000000
45726  43.451  -17.285  80.308 0.0000000000
43667  42.563  -19.660  79.497 0.0000000000
140249  42.067  -19.533  78.862 0.0000000000
42713  42.123  -20.268  78.793 0.0000000000
129508  42.352  -21.187  78.652 0.0000000000
40860  42.954  -22.615  78.408 0.0000000000
39894  42.984  -24.205  77.883 0.0000000000
38038  39.640  -25.648  78.078 0.0000000000
39922  38.992  -23.730  76.247 0.0000000000
39044  39.480  -24.387  75.981 0.0000000000
40743  39.142  -23.265  84.683 0.0000000000
40744  38.592  -23.174  84.271 0.0000000000
120649  38.245  -24.170  83.281 0.0000000000
43616  25.577  -20.003  84.577 0.0000000000
43624  25.359  -19.688  83.698 0.0000000000
44610  25.103  -19.307  84.188 0.0000000000
46645  23.839  -17.562  83.742 0.0000000000
139974  23.328  -17.750  83.397 0.0000000000
45697  23.147  -18.321  82.987 0.0000000000
47558  23.693  -15.987  84.660 0.0000000000
47559  22.760  -15.795  84.730 0.0000000000
45681  22.088  -17.472  83.855 0.0000000000
44591  21.429  -18.871  84.833 0.0000000000
122655  21.443  -17.998  85.019 0.0000000000
44569  21.061  -18.820  86.301 0.0000000000
44547  20.805  -19.034  87.761 0.0000000000
45524  28.282  -16.710  92.526 0.0000000000
45514  28.286  -16.366  93.285 0.0000000000
123227  28.853  -17.132  92.865 0.0000000000
44432  29.657  -17.664  93.073 0.0000000000
43484  29.748  -18.341  92.395 0.0000000000
43500  29.915  -19.119  91.863 0.0000000000
43518  29.403  -18.679  91.561 0.0000000000
44486  28.577  -18.391  90.001 0.0000000000
126962  28.909  -18.725  89.798 0.0000000000
43548  28.359  -18.723  89.010 0.0000000000
46590  24.709  -15.491  89.545 0.0000000000
46589  25.445  -15.998  89.689 0.0000000000
128162  25.274  -16.002  88.977 0.0000000000
44525  26.514  -18.121  87.669 0.0000000000
43565  27.088  -18.612  87.565 0.0000000000
123603  26.672  -19.078  86.710 0.0000000000
43592  26.011  -19.926  86.070 0.0000000000
43604  25.799  -20.026  85.393 0.0000000000
43615  26.166  -20.254  84.825 0.0000000000
57973  43.765  -5.037  73.972 0.0000000000
131969  43.195  3.525  81.896 0.0000000000
66981  43.216  4.669  82.620 0.0000000000
137018  42.835  2.208  83.229 0.0000000000
63985  42.900  0.449  83.294 0.0000000000
62950  43.361  -0.613  83.564 0.0000000000
48474  39.298  -14.554  90.260 0.0000000000
48570  40.461  -14.364  84.531 0.0000000000
49638  41.313  -12.902  85.161 0.0000000000
47569  41.024  -14.699  83.885 0.0000000000
48589  41.688  -14.536  83.587 0.0000000000
46644  41.882  -16.273  83.303 0.0000000000
43585  44.133  -19.774  85.320 0.0000000000
44582  42.691  -18.777  85.426 0.0000000000
43597  44.487  -19.674  84.871 0.0000000000
42652  45.440  -20.499  83.851 0.0000000000
43609  44.763  -19.440  84.399 0.0000000000
43620  44.936  -19.128  83.854 0.0000000000
44620  44.164  -18.168  83.661 0.0000000000
44619  44.590  -18.448  83.458 0.0000000000
44618  45.033  -18.893  83.097 0.0000000000
142168  45.231  -20.253  82.890 0.0000000000
39849  45.464  -23.613  82.131 0.0000000000
122785  45.411  -22.063  82.704 0.0000000000
40796  45.093  -22.796  82.137 0.0000000000
40797  44.425  -22.748  81.414 0.0000000000
38980  44.452  -24.167  80.996 0.0000000000
144999  44.150  -24.704  80.567 0.0000000000
38012  44.403  -25.143  81.185 0.0000000000
36960  43.843  -27.288  81.157 0.0000000000
36970  43.334  -27.100  80.550 0.0000000000
36041  42.297  -28.471  80.378 0.0000000000
34111  43.061  -29.945  83.248 0.0000000000
35104  43.564  -29.306  82.219 0.0000000000
35091  42.192  -28.493  81.918 0.0000000000
36972  40.817  -27.608  80.973 0.0000000000
36973  40.179  -27.791  80.339 0.0000000000
38015  39.949  -26.903  79.786 0.0000000000
38982  41.293  -24.017  80.252 0.0000000000
129874  40.543  -23.542  78.916 0.0000000000
40802  36.821  -22.970  82.388 0.0000000000
38985  36.229  -26.093  80.840 0.0000000000
123051  35.213  -26.557  80.793 0.0000000000
38987  34.519  -25.589  80.462 0.0000000000
38995  34.826  -24.906  79.935 0.0000000000
64103  56.898  0.653  73.505 0.0000000000
64080  54.832  0.639  74.636 0.0000000000
41718  29.539  -21.373  82.265 0.0000000000
41719  28.734  -21.602  81.956 0.0000000000
42687  22.863  -20.854  81.356 0.0000000000
42686  23.465  -20.798  80.985 0.0000000000
41737  23.329  -21.415  81.027 0.0000000000
40831  23.796  -21.997  80.603 0.0000000000
40810  23.293  -22.308  81.350 0.0000000000
41695  21.215  -21.470  84.630 0.0000000000
41706  21.289  -21.437  83.724 0.0000000000
40752  21.580  -22.173  84.327 0.0000000000
39798  23.298  -23.857  84.020 0.0000000000
39819  22.868  -23.470  83.534 0.0000000000
47463  35.121  -15.390  93.448 0.0000000000
46530  35.693  -15.391  92.886 0.0000000000
46564  37.292  -16.952  91.435 0.0000000000
46547  36.730  -16.221  91.824 0.0000000000
47485  37.370  -16.056  91.543 0.0000000000
46563  37.784  -16.821  91.132 0.0000000000
133196  38.175  -17.427  90.902 0.0000000000
45550  38.489  -18.127  90.884 0.0000000000
42609  39.678  -20.175  90.088 0.0000000000
41647  40.170  -20.449  89.679 0.0000000000
41653  40.844  -20.956  89.099 0.0000000000
40688  40.659  -21.452  88.409 0.0000000000
41662  40.443  -21.296  88.270 0.0000000000
42627  39.547  -20.348  88.928 0.0000000000
126399  40.356  -21.015  87.972 0.0000000000
129190  40.356  -21.286  87.383 0.0000000000
41675  40.404  -22.077  86.757 0.0000000000
43560  37.719  -19.106  89.068 0.0000000000
131634  37.784  -19.181  88.210 0.0000000000
126521  38.513  -19.503  87.232 0.0000000000
42640  39.829  -20.626  86.244 0.0000000000
43599  39.256  -19.911  86.028 0.0000000000
42648  39.715  -20.554  85.417 0.0000000000
43611  39.376  -19.878  85.225 0.0000000000
43612  39.055  -19.562  84.513 0.0000000000
44621  38.367  -18.905  83.988 0.0000000000
43621  38.696  -19.732  83.589 0.0000000000
44634  38.117  -19.100  83.218 0.0000000000
44485  30.587  -19.030  90.636 0.0000000000
44484  31.321  -18.423  90.760 0.0000000000
138940  31.208  -18.519  90.115 0.0000000000
140445  32.052  -18.176  87.987 0.0000000000
44520  32.463  -18.006  88.858 0.0000000000
44541  33.123  -17.796  88.172 0.0000000000
45579  34.220  -17.620  87.888 0.0000000000
45598  33.357  -17.841  87.103 0.0000000000
44587  31.238  -18.240  85.832 0.0000000000
44564  31.313  -18.131  86.656 0.0000000000
45634  34.013  -17.854  84.913 0.0000000000
122693  33.852  -17.937  85.743 0.0000000000
45633  34.584  -17.885  85.491 0.0000000000
45612  34.519  -17.874  86.333 0.0000000000
45632  35.345  -17.737  85.135 0.0000000000
137462  35.783  -17.516  84.370 0.0000000000
45672  36.254  -17.532  82.833 0.0000000000
44622  37.128  -17.979  83.445 0.0000000000
131605  37.820  -19.246  82.606 0.0000000000
44647  37.344  -19.048  81.921 0.0000000000
43642  37.183  -19.963  81.900 0.0000000000
43643  36.639  -19.384  81.553 0.0000000000
44650  35.027  -18.384  81.133 0.0000000000
121131  35.296  -20.308  81.686 0.0000000000
45707  32.375  -17.725  81.488 0.0000000000
44661  33.187  -17.906  81.238 0.0000000000
45720  32.384  -18.184  81.131 0.0000000000
126936  33.205  -19.768  81.535 0.0000000000
43646  33.448  -19.104  81.100 0.0000000000
41731  33.748  -20.473  81.994 0.0000000000
143477  33.438  -20.591  82.395 0.0000000000
62999  49.933  -0.713  79.472 0.0000000000
61890  49.685  -1.527  79.723 0.0000000000
58808  49.656  -4.228  79.961 0.0000000000
57972  45.193  -5.743  74.189 0.0000000000
57960  45.386  -5.097  74.777 0.0000000000
49628  19.946  -12.933  86.229 0.0000000000
48544  19.426  -14.185  87.015 0.0000000000
47527  19.515  -15.196  88.085 0.0000000000
47536  19.632  -15.252  87.116 0.0000000000
46606  19.637  -16.107  87.691 0.0000000000
46605  19.905  -16.978  87.487 0.0000000000
46598  19.504  -16.794  88.169 0.0000000000
125637  20.207  -18.254  90.277 0.0000000000
45569  20.010  -17.833  89.304 0.0000000000
45568  20.412  -18.740  89.609 0.0000000000
44526  20.645  -19.195  88.761 0.0000000000
46536  21.393  -17.294  94.239 0.0000000000
46523  21.352  -16.486  94.549 0.0000000000
46537  20.812  -16.915  93.844 0.0000000000
46538  20.232  -16.374  93.358 0.0000000000
46552  20.422  -17.328  93.073 0.0000000000
45528  20.400  -17.559  92.287 0.0000000000
45527  20.855  -18.111  92.683 0.0000000000
44469  21.977  -19.620  92.072 0.0000000000
136930  21.663  -19.162  91.872 0.0000000000
126669  21.981  -19.964  91.524 0.0000000000
42599  22.412  -20.581  91.273 0.0000000000
41627  22.854  -21.466  93.268 0.0000000000
41589  23.000  -20.884  95.838 0.0000000000
67090  55.247  2.924  71.158 0.0000000000
67097  55.155  3.221  70.523 0.0000000000
66102  54.328  2.575  71.790 0.0000000000
120043  53.487  2.438  71.266 0.0000000000
65099  53.872  1.500  74.221 0.0000000000
138325  53.377  1.136  75.176 0.0000000000
65034  52.906  1.061  76.062 0.0000000000
65028  52.287  0.931  76.994 0.0000000000
65036  52.060  1.246  76.141 0.0000000000
66015  50.840  1.321  78.098 0.0000000000
66036  51.803  1.170  76.944 0.0000000000
64025  50.946  0.861  78.045 0.0000000000
122465  49.466  0.148  80.210 0.0000000000
62970  48.681  -0.408  80.590 0.0000000000
65967  48.719  2.009  80.291 0.0000000000
64971  49.069  0.870  80.362 0.0000000000
63983  48.267  0.637  80.602 0.0000000000
62971  48.190  -0.058  80.546 0.0000000000
138432  47.844  -0.575  79.874 0.0000000000
61911  47.670  -1.245  78.827 0.0000000000
61913  45.898  -0.851  78.033 0.0000000000
61928  46.307  -1.357  77.639 0.0000000000
139575  46.375  4.590  80.032 0.0000000000
68006  47.037  4.321  79.973 0.0000000000
131578  46.189  4.580  80.276 0.0000000000
66002  45.057  3.077  81.044 0.0000000000
132456  46.119  2.482  80.995 0.0000000000
64017  42.890  0.939  80.519 0.0000000000
65006  43.317  1.682  80.387 0.0000000000
64016  43.352  0.867  80.046 0.0000000000
63015  43.585  -0.662  78.646 0.0000000000
64031  43.657  0.396  79.545 0.0000000000
63002  43.963  -0.114  78.989 0.0000000000
60940  44.151  -2.232  76.743 0.0000000000
60955  43.823  -2.832  76.087 0.0000000000
59872  43.564  -3.599  75.738 0.0000000000
58862  42.750  -4.798  75.537 0.0000000000
57021  42.378  -6.298  75.457 0.0000000000
57037  42.424  -6.249  74.598 0.0000000000
57938  42.837  -5.102  77.530 0.0000000000
56998  42.620  -6.671  77.193 0.0000000000
56030  42.233  -7.935  76.086 0.0000000000
55048  41.772  -8.610  75.643 0.0000000000
53933  41.348  -9.039  74.812 0.0000000000
144181  44.423  -3.437  84.217 0.0000000000
60859  44.201  -3.354  83.896 0.0000000000
61863  43.710  -2.341  83.836 0.0000000000
59798  44.317  -3.847  83.482 0.0000000000
53820  44.669  -9.534  85.480 0.0000000000
52788  44.462  -10.093  85.049 0.0000000000
53831  44.962  -8.904  85.177 0.0000000000
130245  44.700  -9.427  84.808 0.0000000000
49671  43.193  -13.327  83.170 0.0000000000
49687  43.276  -13.676  82.597 0.0000000000
52835  43.606  -9.918  83.207 0.0000000000
52819  43.608  -10.834  83.300 0.0000000000
53841  44.315  -8.996  84.040 0.0000000000
139307  44.482  -8.284  84.058 0.0000000000
133340  44.210  -7.781  83.512 0.0000000000
54963  43.424  -8.207  81.925 0.0000000000
55955  43.557  -7.357  82.265 0.0000000000
57897  43.440  -6.037  82.054 0.0000000000
56940  43.337  -6.767  81.634 0.0000000000
55971  43.137  -7.298  81.061 0.0000000000
128671  43.092  -8.014  81.018 0.0000000000
54978  42.962  -9.104  80.017 0.0000000000
52881  42.645  -9.862  79.477 0.0000000000
52895  42.361  -10.230  78.683 0.0000000000
51821  41.767  -11.690  78.951 0.0000000000
48652  42.874  -14.951  79.560 0.0000000000
47613  42.407  -15.242  78.931 0.0000000000
124195  41.414  -15.536  77.650 0.0000000000
48666  41.955  -14.026  78.370 0.0000000000
48681  41.656  -14.326  77.636 0.0000000000
50739  41.799  -12.852  77.506 0.0000000000
49756  41.789  -13.610  77.593 0.0000000000
49771  41.646  -13.275  76.745 0.0000000000
47627  41.219  -14.903  76.967 0.0000000000
44686  40.901  -17.883  76.217 0.0000000000
41789  42.575  -22.186  77.242 0.0000000000
128191  43.745  -24.075  76.337 0.0000000000
39033  44.185  -24.946  76.568 0.0000000000
129953  43.834  -24.861  79.928 0.0000000000
38026  42.949  -26.289  79.072 0.0000000000
36989  43.245  -28.222  78.149 0.0000000000
139489  43.318  -28.697  77.771 0.0000000000
38047  39.911  -26.333  77.500 0.0000000000
36999  40.749  -27.300  77.183 0.0000000000
37010  42.223  -27.794  76.255 0.0000000000
38881  41.509  -24.482  87.002 0.0000000000
37944  41.914  -25.328  87.002 0.0000000000
132632  41.935  -25.043  86.629 0.0000000000
38931  41.369  -24.348  85.711 0.0000000000
38930  42.378  -24.565  85.420 0.0000000000
39786  42.934  -24.163  84.516 0.0000000000
39807  42.447  -23.469  83.841 0.0000000000
131397  39.375  -23.948  84.409 0.0000000000
40777  41.356  -22.448  82.828 0.0000000000
140064  41.750  -22.494  82.697 0.0000000000
40825  41.040  -22.074  81.016 0.0000000000
41755  40.259  -21.433  80.238 0.0000000000
40826  40.791  -21.983  80.267 0.0000000000
41769  40.133  -21.430  79.364 0.0000000000
40782  36.943  -24.497  82.361 0.0000000000
40781  37.266  -23.726  82.968 0.0000000000
39874  37.615  -24.572  80.905 0.0000000000
39855  37.655  -24.816  81.354 0.0000000000
39873  38.065  -24.142  81.237 0.0000000000
123062  36.067  -23.669  79.596 0.0000000000
40846  35.815  -22.625  79.154 0.0000000000
41771  37.072  -20.968  78.903 0.0000000000
41758  37.318  -21.744  79.393 0.0000000000
41743  39.011  -21.488  80.268 0.0000000000
42704  38.520  -20.444  78.744 0.0000000000
42715  39.120  -20.604  78.308 0.0000000000
68153  58.906  4.268  66.640 0.0000000000
66098  57.884  1.670  71.036 0.0000000000
65139  58.141  1.159  70.568 0.0000000000
65151  57.400  1.481  70.157 0.0000000000
65162  57.408  2.316  69.180 0.0000000000
61910  51.788  -1.396  78.099 0.0000000000
49626  22.962  -12.867  86.032 0.0000000000
49646  21.854  -13.142  85.665 0.0000000000
43540  41.434  -19.969  89.135 0.0000000000
43558  41.310  -19.309  88.988 0.0000000000
42626  41.913  -20.345  88.317 0.0000000000
41668  42.502  -20.779  87.619 0.0000000000
41667  43.137  -21.249  87.054 0.0000000000
41666  43.756  -21.668  86.498 0.0000000000
39731  43.795  -23.421  86.838 0.0000000000
39752  44.391  -24.048  86.462 0.0000000000
37943  44.455  -25.695  85.586 0.0000000000
35989  44.739  -26.804  84.753 0.0000000000
35990  44.132  -26.095  85.249 0.0000000000
35991  43.738  -26.020  85.851 0.0000000000
35996  43.134  -26.123  85.863 0.0000000000
44667  27.233  -19.313  80.815 0.0000000000
133232  26.268  -19.398  80.841 0.0000000000
43663  25.464  -19.559  80.936 0.0000000000
42636  21.388  -20.125  87.103 0.0000000000
41670  21.969  -21.257  87.928 0.0000000000
143827  22.922  -21.611  89.190 0.0000000000
129945  23.118  -21.857  90.674 0.0000000000
130140  33.108  -16.812  93.640 0.0000000000
45513  33.800  -17.175  93.172 0.0000000000
44448  33.877  -17.547  92.119 0.0000000000
129628  34.459  -17.565  91.541 0.0000000000
44481  35.150  -17.566  90.375 0.0000000000
44482  34.264  -17.621  90.929 0.0000000000
127514  33.316  -17.737  90.458 0.0000000000
44608  28.074  -19.258  84.613 0.0000000000
44624  29.223  -18.450  83.458 0.0000000000
45696  29.683  -18.209  82.648 0.0000000000
60939  46.284  -2.280  76.750 0.0000000000
59851  46.504  -3.203  76.511 0.0000000000
58858  46.461  -4.613  75.933 0.0000000000
45461  20.648  -17.221  96.511 0.0000000000
67036  48.226  3.352  78.780 0.0000000000
68019  48.595  3.853  79.843 0.0000000000
68020  48.197  3.991  79.865 0.0000000000
68005  47.870  4.099  80.036 0.0000000000
67988  47.295  3.961  80.339 0.0000000000
62962  42.533  -0.052  81.595 0.0000000000
61879  42.666  -1.686  81.396 0.0000000000
138423  42.774  -3.084  81.161 0.0000000000
58810  42.909  -4.469  79.875 0.0000000000
42675  44.468  -20.247  81.656 0.0000000000
43641  44.654  -18.939  81.364 0.0000000000
121848  44.317  -19.691  81.285 0.0000000000
129402  44.030  -19.082  80.663 0.0000000000
43654  43.115  -19.810  80.266 0.0000000000
41754  42.888  -21.240  79.405 0.0000000000
40842  42.896  -21.908  78.920 0.0000000000
39006  43.276  -24.380  78.678 0.0000000000
39812  37.770  -23.905  83.477 0.0000000000
68124  57.817  4.552  68.800 0.0000000000
67111  57.144  3.098  69.417 0.0000000000
45637  25.368  -18.385  85.443 0.0000000000
45658  24.928  -18.470  84.637 0.0000000000
46633  23.856  -16.727  84.132 0.0000000000
47546  21.526  -15.167  85.281 0.0000000000
47560  21.859  -15.792  84.806 0.0000000000
45639  21.143  -17.244  85.143 0.0000000000
144411  20.717  -17.693  86.288 0.0000000000
141218  26.951  -16.203  92.412 0.0000000000
45525  27.578  -16.369  92.064 0.0000000000
44468  28.982  -18.158  91.509 0.0000000000
45539  27.608  -16.652  91.004 0.0000000000
45551  28.237  -17.589  90.364 0.0000000000
45552  27.365  -17.140  89.993 0.0000000000
46596  25.438  -16.369  88.251 0.0000000000
46603  25.536  -16.897  87.503 0.0000000000
45600  25.930  -18.016  87.163 0.0000000000
130272  26.161  -18.774  86.521 0.0000000000
45615  25.723  -18.191  86.277 0.0000000000
48490  39.646  -14.760  88.953 0.0000000000
48489  40.081  -13.897  89.205 0.0000000000
126029  40.504  -13.191  89.633 0.0000000000
49603  41.200  -12.606  87.609 0.0000000000
49618  41.182  -12.422  86.384 0.0000000000
48552  39.911  -14.171  85.555 0.0000000000
41680  45.896  -22.073  84.404 0.0000000000
42645  45.761  -21.319  84.145 0.0000000000
41688  46.052  -22.008  83.766 0.0000000000
41698  46.004  -22.045  83.345 0.0000000000
41710  45.855  -21.952  82.995 0.0000000000
142441  45.994  -23.799  82.627 0.0000000000
36031  43.660  -28.480  81.675 0.0000000000
36022  42.511  -28.433  82.544 0.0000000000
36032  41.960  -27.998  81.910 0.0000000000
36962  41.566  -27.404  81.643 0.0000000000
65118  55.983  1.405  73.136 0.0000000000
63031  54.689  -0.599  76.087 0.0000000000
40807  27.208  -22.126  81.282 0.0000000000
43635  23.260  -19.593  81.989 0.0000000000
43636  22.581  -20.218  81.806 0.0000000000
42669  22.227  -20.902  81.785 0.0000000000
40734  21.985  -22.758  85.738 0.0000000000
39778  22.482  -23.467  85.256 0.0000000000
46549  35.731  -16.883  91.982 0.0000000000
46548  36.001  -16.224  92.110 0.0000000000
136521  37.360  -17.557  91.274 0.0000000000
144388  37.988  -17.967  91.063 0.0000000000
44478  38.945  -18.909  90.938 0.0000000000
42610  39.237  -19.936  90.293 0.0000000000
41655  39.750  -20.436  89.605 0.0000000000
42621  39.317  -20.200  89.738 0.0000000000
44515  37.177  -18.733  88.399 0.0000000000
44537  37.448  -18.748  87.783 0.0000000000
142753  37.984  -18.722  86.572 0.0000000000
43600  38.887  -19.262  85.510 0.0000000000
44584  38.199  -18.676  85.812 0.0000000000
44585  37.690  -18.123  85.202 0.0000000000
44504  29.908  -18.724  89.626 0.0000000000
44503  30.954  -18.491  89.336 0.0000000000
126565  31.106  -18.306  88.366 0.0000000000
44563  32.017  -18.205  87.065 0.0000000000
45657  31.772  -18.113  84.287 0.0000000000
143259  32.588  -18.142  85.459 0.0000000000
45656  32.573  -18.055  84.626 0.0000000000
45653  35.136  -17.483  84.231 0.0000000000
45673  35.418  -17.416  82.805 0.0000000000
45691  36.229  -17.917  82.000 0.0000000000
44648  36.524  -18.548  81.601 0.0000000000
45704  35.710  -18.126  81.462 0.0000000000
44662  31.849  -18.659  80.846 0.0000000000
43657  31.896  -19.331  80.876 0.0000000000
42680  32.388  -19.876  81.414 0.0000000000
60897  49.562  -2.677  79.216 0.0000000000
58820  47.976  -4.445  77.535 0.0000000000
58819  48.574  -4.375  78.246 0.0000000000
57926  48.124  -5.251  77.995 0.0000000000
46592  19.071  -15.998  89.398 0.0000000000
144136  19.172  -16.613  89.836 0.0000000000
130588  19.817  -17.264  89.999 0.0000000000
46497  22.582  -17.623  96.529 0.0000000000
45504  22.356  -17.663  94.958 0.0000000000
45516  21.808  -18.061  94.241 0.0000000000
45526  21.498  -18.584  93.213 0.0000000000
44436  22.021  -19.028  93.871 0.0000000000
43486  22.243  -19.605  93.593 0.0000000000
43503  22.282  -19.884  92.938 0.0000000000
43502  22.500  -20.374  93.126 0.0000000000
67098  54.621  3.299  70.531 0.0000000000
65035  52.622  1.159  76.054 0.0000000000
66037  51.105  1.204  77.523 0.0000000000
64012  49.969  0.897  79.058 0.0000000000
141849  49.455  0.487  80.122 0.0000000000
63984  48.013  0.830  80.959 0.0000000000
139342  47.669  1.039  80.519 0.0000000000
63004  42.850  -0.569  79.574 0.0000000000
61916  42.962  -0.897  79.006 0.0000000000
61914  43.940  -1.144  78.038 0.0000000000
60927  43.512  -2.359  77.374 0.0000000000
59853  43.333  -3.277  76.405 0.0000000000
58841  42.779  -4.844  76.480 0.0000000000
56013  42.650  -7.541  77.468 0.0000000000
55035  42.462  -8.134  76.852 0.0000000000
53923  41.982  -9.248  76.404 0.0000000000
52952  41.324  -10.428  75.898 0.0000000000
52953  41.109  -10.850  75.180 0.0000000000
50782  41.339  -12.382  75.609 0.0000000000
59791  44.642  -3.801  84.239 0.0000000000
58775  44.589  -4.713  84.055 0.0000000000
50615  42.779  -12.262  85.145 0.0000000000
124753  43.451  -10.981  85.828 0.0000000000
144877  43.233  -12.161  84.829 0.0000000000
50629  43.415  -12.302  84.255 0.0000000000
51712  43.697  -11.560  84.096 0.0000000000
49699  43.423  -13.847  81.898 0.0000000000
50666  43.129  -13.092  82.326 0.0000000000
51745  43.205  -11.412  82.618 0.0000000000
123323  43.311  -10.340  82.630 0.0000000000
120394  43.477  -9.463  82.620 0.0000000000
53865  43.392  -9.036  81.852 0.0000000000
136819  43.171  -8.679  81.291 0.0000000000
54977  43.012  -8.690  80.696 0.0000000000
53877  42.990  -9.243  81.010 0.0000000000
123983  42.414  -10.428  80.282 0.0000000000
51802  41.916  -11.887  79.753 0.0000000000
45735  41.907  -17.002  78.695 0.0000000000
46691  41.523  -16.413  78.062 0.0000000000
46701  41.086  -16.310  77.348 0.0000000000
47628  40.860  -15.847  76.839 0.0000000000
139138  41.079  -18.131  76.901 0.0000000000
44690  41.327  -18.490  76.374 0.0000000000
126056  42.450  -21.168  75.952 0.0000000000
39034  43.607  -24.861  76.851 0.0000000000
36981  42.847  -27.125  79.602 0.0000000000
36055  42.015  -28.448  79.002 0.0000000000
38069  40.750  -25.776  76.084 0.0000000000
39753  40.789  -23.788  86.625 0.0000000000
38898  41.557  -24.533  86.203 0.0000000000
127148  41.001  -24.183  86.117 0.0000000000
39788  40.691  -24.110  84.988 0.0000000000
137602  40.050  -23.478  83.122 0.0000000000
41726  40.680  -21.930  81.377 0.0000000000
38984  36.919  -25.794  80.959 0.0000000000
41773  35.616  -21.605  78.514 0.0000000000
65128  58.204  1.079  71.234 0.0000000000
60894  51.422  -3.080  79.377 0.0000000000
47557  24.275  -15.758  85.405 0.0000000000
48560  22.618  -14.402  85.431 0.0000000000
47519  24.096  -15.281  89.234 0.0000000000
47533  24.410  -15.510  87.167 0.0000000000
47495  38.752  -15.213  90.788 0.0000000000
47494  38.950  -15.784  90.137 0.0000000000
46587  39.174  -16.399  89.602 0.0000000000
47506  39.340  -15.316  89.585 0.0000000000
44514  40.744  -18.488  88.703 0.0000000000
45578  39.693  -17.220  88.521 0.0000000000
47516  39.377  -16.023  88.740 0.0000000000
45595  39.843  -17.218  87.903 0.0000000000
46602  39.702  -16.747  87.478 0.0000000000
45609  40.659  -17.500  86.617 0.0000000000
45629  40.942  -17.456  85.880 0.0000000000
141094  42.236  -18.873  86.160 0.0000000000
43586  43.459  -19.716  85.762 0.0000000000
41682  44.922  -20.690  85.286 0.0000000000
40713  44.458  -22.074  86.090 0.0000000000
40712  45.218  -22.567  85.695 0.0000000000
40727  45.714  -22.578  84.994 0.0000000000
38911  46.187  -24.819  84.610 0.0000000000
37969  46.521  -25.598  83.993 0.0000000000
36950  46.142  -26.815  83.397 0.0000000000
36020  45.854  -27.652  83.171 0.0000000000
35073  45.634  -28.102  83.282 0.0000000000
34121  44.274  -29.407  83.316 0.0000000000
35076  42.980  -29.741  83.372 0.0000000000
34083  44.219  -28.488  84.067 0.0000000000
35075  43.179  -29.164  83.611 0.0000000000
36010  42.845  -29.097  83.301 0.0000000000
36941  42.864  -27.886  83.167 0.0000000000
37994  43.026  -25.846  82.763 0.0000000000
41713  34.481  -22.042  82.285 0.0000000000
39858  34.680  -23.975  81.829 0.0000000000
65050  54.104  0.824  74.828 0.0000000000
42693  30.036  -19.648  80.549 0.0000000000
42683  29.610  -20.299  80.905 0.0000000000
42684  28.730  -20.513  80.719 0.0000000000
41745  27.909  -20.740  80.482 0.0000000000
43661  27.745  -19.624  80.478 0.0000000000
41735  27.618  -21.498  80.802 0.0000000000
41736  26.921  -21.659  80.717 0.0000000000
40808  26.386  -22.273  80.938 0.0000000000
39859  25.919  -22.969  81.379 0.0000000000
42660  20.976  -20.510  83.783 0.0000000000
40735  21.555  -22.044  85.275 0.0000000000
41678  21.500  -21.120  86.194 0.0000000000
41685  21.595  -21.983  86.112 0.0000000000
39708  23.012  -23.137  89.464 0.0000000000
45512  34.575  -17.117  92.884 0.0000000000
45511  35.182  -17.031  92.521 0.0000000000
45521  35.998  -17.204  91.490 0.0000000000
44461  36.629  -18.061  90.813 0.0000000000
44498  35.687  -17.747  89.820 0.0000000000
138169  36.304  -18.159  89.025 0.0000000000
44517  35.759  -17.863  88.583 0.0000000000
44566  28.851  -18.723  86.938 0.0000000000
127459  29.844  -18.405  87.018 0.0000000000
129464  29.661  -18.664  86.224 0.0000000000
44588  30.425  -18.513  85.585 0.0000000000
135157  29.496  -18.689  84.686 0.0000000000
123033  30.249  -18.530  84.740 0.0000000000
44605  31.096  -18.333  84.934 0.0000000000
120337  32.732  -17.399  82.510 0.0000000000
137571  32.175  -17.410  81.982 0.0000000000
45708  31.646  -17.775  81.621 0.0000000000
45722  31.186  -18.129  81.215 0.0000000000
45710  30.052  -18.137  81.640 0.0000000000
44663  31.155  -18.494  80.795 0.0000000000
135760  30.599  -18.743  80.534 0.0000000000
43658  30.377  -19.116  80.382 0.0000000000
57936  47.649  -5.196  77.424 0.0000000000
45459  22.515  -17.495  97.007 0.0000000000
45445  22.407  -18.201  97.169 0.0000000000
44352  22.873  -18.940  96.911 0.0000000000
43435  22.942  -19.043  96.747 0.0000000000
42534  22.798  -19.708  96.424 0.0000000000
43436  22.844  -19.206  96.862 0.0000000000
43430  21.992  -19.928  96.976 0.0000000000
133906  20.857  -18.944  96.279 0.0000000000
67010  49.118  2.380  79.017 0.0000000000
66001  49.195  2.172  79.170 0.0000000000
66993  48.877  2.383  80.055 0.0000000000
65968  48.188  2.082  80.858 0.0000000000
67986  48.646  3.786  80.529 0.0000000000
65969  47.840  2.308  81.057 0.0000000000
64974  47.653  1.900  80.918 0.0000000000
64003  46.799  1.660  80.591 0.0000000000
64992  42.786  1.749  80.860 0.0000000000
62989  42.614  -0.602  80.181 0.0000000000
61893  42.665  -1.183  79.627 0.0000000000
57927  42.857  -5.572  78.613 0.0000000000
137136  42.913  -6.403  78.510 0.0000000000
56985  42.943  -6.913  78.043 0.0000000000
53910  42.504  -9.142  77.651 0.0000000000
53899  42.472  -9.693  78.100 0.0000000000
58759  44.899  -4.913  85.535 0.0000000000
46659  43.357  -15.479  82.456 0.0000000000
128931  43.684  -15.818  82.281 0.0000000000
47577  43.545  -15.212  82.190 0.0000000000
134159  43.687  -15.174  81.776 0.0000000000
45718  44.270  -17.559  81.461 0.0000000000
47583  43.935  -15.736  81.512 0.0000000000
48622  43.516  -14.544  81.340 0.0000000000
48637  43.183  -14.299  80.507 0.0000000000
49712  42.691  -13.610  80.279 0.0000000000
145219  43.144  -14.765  80.108 0.0000000000
47604  42.995  -15.731  79.404 0.0000000000
46683  42.673  -16.603  79.321 0.0000000000
44669  42.771  -18.029  79.853 0.0000000000
45734  42.304  -17.507  79.255 0.0000000000
44678  42.147  -18.280  79.137 0.0000000000
43673  41.801  -18.902  78.570 0.0000000000
43674  41.585  -19.881  78.091 0.0000000000
128198  42.746  -22.612  77.748 0.0000000000
39021  43.199  -25.156  77.400 0.0000000000
36986  40.245  -27.709  78.653 0.0000000000
38048  39.695  -25.567  76.959 0.0000000000
38059  39.906  -25.238  76.352 0.0000000000
40729  39.811  -22.403  85.066 0.0000000000
39810  38.989  -24.046  83.904 0.0000000000
39811  38.285  -23.940  83.961 0.0000000000
40801  38.758  -23.419  81.458 0.0000000000
39886  34.662  -24.043  79.405 0.0000000000
41774  34.213  -21.611  78.155 0.0000000000
134863  34.846  -21.853  78.413 0.0000000000
67127  58.432  3.553  68.551 0.0000000000
67144  58.863  3.299  68.001 0.0000000000
66151  58.312  2.808  68.049 0.0000000000
43632  25.749  -19.659  83.029 0.0000000000
45678  24.455  -18.413  83.843 0.0000000000
44641  23.652  -18.962  82.588 0.0000000000
44627  22.623  -18.527  82.983 0.0000000000
43625  22.050  -18.894  83.133 0.0000000000
46635  22.236  -16.354  84.351 0.0000000000
46647  22.540  -16.916  83.841 0.0000000000
44628  22.173  -18.229  83.542 0.0000000000
119894  21.676  -18.891  83.824 0.0000000000
43593  21.203  -19.266  85.786 0.0000000000
142962  21.161  -19.569  86.540 0.0000000000
43582  21.457  -20.162  87.874 0.0000000000
43566  21.746  -20.161  88.703 0.0000000000
134493  29.445  -17.364  93.639 0.0000000000
43482  30.123  -18.261  92.642 0.0000000000
43498  30.590  -18.561  91.911 0.0000000000
44466  31.458  -18.095  91.335 0.0000000000
43515  30.093  -19.348  91.458 0.0000000000
137068  29.878  -19.394  90.900 0.0000000000
43531  29.194  -18.734  90.753 0.0000000000
43530  29.581  -19.068  90.566 0.0000000000
43546  29.543  -19.053  90.233 0.0000000000
43562  29.205  -18.783  89.439 0.0000000000
44524  28.526  -18.836  88.413 0.0000000000
46588  26.437  -16.623  89.646 0.0000000000
45566  27.115  -17.631  89.055 0.0000000000
45567  25.982  -16.702  88.818 0.0000000000
45580  26.570  -17.566  88.375 0.0000000000
143629  27.603  -18.323  88.911 0.0000000000
43549  27.680  -18.579  88.526 0.0000000000
43579  27.869  -18.970  87.866 0.0000000000
44545  28.182  -18.948  87.536 0.0000000000
43589  27.499  -19.093  87.102 0.0000000000
43601  27.542  -19.403  86.489 0.0000000000
43602  27.035  -20.035  86.075 0.0000000000
43581  26.281  -19.364  86.337 0.0000000000
43614  27.069  -20.132  85.006 0.0000000000
43622  26.595  -20.068  84.267 0.0000000000
58860  44.465  -3.917  75.143 0.0000000000
127221  44.411  -5.471  73.866 0.0000000000
57984  44.606  -5.982  73.697 0.0000000000
68007  45.077  5.250  80.680 0.0000000000
122434  44.696  5.499  81.206 0.0000000000
66999  44.333  5.260  81.632 0.0000000000
67990  44.151  5.951  81.956 0.0000000000
65970  42.752  3.332  83.063 0.0000000000
134462  42.761  -0.301  82.633 0.0000000000
140348  43.104  -1.146  82.825 0.0000000000
50601  42.372  -11.732  86.033 0.0000000000
49637  42.411  -12.809  84.716 0.0000000000
135248  42.258  -14.016  83.641 0.0000000000
46643  42.800  -16.105  82.754 0.0000000000
45628  41.467  -17.783  85.367 0.0000000000
45627  42.210  -18.207  84.824 0.0000000000
45651  41.717  -17.276  84.153 0.0000000000
43596  45.142  -20.082  84.454 0.0000000000
44601  43.938  -18.588  84.332 0.0000000000
45650  42.697  -17.762  83.859 0.0000000000
139311  42.447  -16.960  83.321 0.0000000000
45671  43.258  -17.132  83.133 0.0000000000
46642  43.601  -16.476  82.606 0.0000000000
44633  44.492  -18.051  82.680 0.0000000000
42663  45.225  -20.949  82.905 0.0000000000
41724  44.936  -21.370  82.554 0.0000000000
42674  44.784  -20.580  82.243 0.0000000000
41725  44.337  -21.113  81.781 0.0000000000
41739  44.090  -21.943  81.141 0.0000000000
40823  43.978  -22.770  80.727 0.0000000000
128072  43.863  -23.306  80.029 0.0000000000
38981  44.104  -24.080  80.275 0.0000000000
38001  43.966  -26.192  80.808 0.0000000000
130286  43.527  -26.228  80.315 0.0000000000
36980  43.111  -26.798  80.089 0.0000000000
36048  41.923  -28.571  79.798 0.0000000000
36030  44.325  -28.811  82.464 0.0000000000
35105  43.014  -29.058  81.659 0.0000000000
35115  42.354  -28.523  81.058 0.0000000000
35116  41.764  -28.361  81.232 0.0000000000
35121  41.617  -28.478  80.455 0.0000000000
36043  40.501  -28.346  79.751 0.0000000000
133613  39.763  -26.993  79.182 0.0000000000
39008  40.014  -24.717  78.424 0.0000000000
39895  39.991  -23.526  78.075 0.0000000000
41727  37.109  -21.923  82.263 0.0000000000
38016  35.527  -26.730  80.946 0.0000000000
66111  56.002  2.499  71.041 0.0000000000
66110  56.914  2.292  70.586 0.0000000000
64079  55.606  0.390  74.455 0.0000000000
43664  24.837  -20.004  80.741 0.0000000000
42685  24.001  -19.941  81.407 0.0000000000
140180  23.980  -20.447  80.821 0.0000000000
42699  24.548  -20.704  80.412 0.0000000000
41749  24.423  -21.595  80.340 0.0000000000
39876  24.441  -22.401  80.549 0.0000000000
127887  25.322  -23.345  81.857 0.0000000000
42670  21.446  -20.743  82.993 0.0000000000
41721  21.814  -21.581  82.892 0.0000000000
41720  22.252  -21.586  82.158 0.0000000000
40767  22.321  -22.985  83.443 0.0000000000
40790  22.334  -22.403  82.661 0.0000000000
40789  23.033  -22.769  82.132 0.0000000000
39862  23.662  -23.154  81.698 0.0000000000
39835  24.067  -23.517  82.356 0.0000000000
39834  25.473  -23.409  82.784 0.0000000000
48459  37.748  -15.022  91.869 0.0000000000
46577  38.345  -16.514  90.596 0.0000000000
125120  38.689  -17.515  90.521 0.0000000000
44496  39.997  -18.813  90.259 0.0000000000
44477  39.551  -19.163  90.679 0.0000000000
44476  40.131  -19.354  90.289 0.0000000000
43542  40.519  -19.458  89.874 0.0000000000
42619  41.392  -20.754  88.950 0.0000000000
40699  41.769  -22.408  88.229 0.0000000000
39714  42.068  -23.284  88.014 0.0000000000
141749  42.080  -24.452  87.361 0.0000000000
39734  41.861  -23.927  87.519 0.0000000000
38861  41.411  -23.858  87.331 0.0000000000
39735  41.034  -23.844  86.941 0.0000000000
139806  40.598  -22.067  87.760 0.0000000000
40705  40.633  -23.050  87.330 0.0000000000
40714  40.455  -22.988  86.799 0.0000000000
142255  38.400  -19.506  89.507 0.0000000000
123615  39.068  -19.895  88.372 0.0000000000
43577  38.444  -19.534  87.842 0.0000000000
138592  39.978  -20.650  87.035 0.0000000000
41689  39.687  -21.397  84.858 0.0000000000
138459  39.241  -21.320  84.375 0.0000000000
42659  38.527  -20.704  83.354 0.0000000000
42664  38.010  -20.674  82.751 0.0000000000
44501  32.787  -17.832  89.687 0.0000000000
44502  31.874  -18.152  89.505 0.0000000000
44519  34.014  -17.573  88.919 0.0000000000
45596  34.846  -17.787  87.240 0.0000000000
138083  30.636  -18.127  87.062 0.0000000000
45599  32.640  -18.073  86.759 0.0000000000
45613  33.078  -18.042  86.119 0.0000000000
45611  35.351  -17.766  86.677 0.0000000000
45610  36.040  -17.608  85.994 0.0000000000
45630  37.041  -17.836  84.556 0.0000000000
45652  36.389  -17.561  83.928 0.0000000000
136704  37.789  -18.539  83.545 0.0000000000
42665  37.524  -20.568  82.333 0.0000000000
42678  35.824  -20.845  81.793 0.0000000000
120810  35.084  -21.096  81.880 0.0000000000
44651  34.156  -18.074  81.194 0.0000000000
124241  34.250  -18.736  81.011 0.0000000000
43656  32.737  -18.712  80.999 0.0000000000
42666  33.001  -20.593  82.703 0.0000000000
40784  34.033  -22.160  83.213 0.0000000000
60895  50.220  -2.073  79.371 0.0000000000
135746  50.134  -2.459  79.458 0.0000000000
59820  49.504  -3.425  79.238 0.0000000000
132332  46.182  -5.370  75.447 0.0000000000
57035  46.219  -6.274  75.229 0.0000000000
122239  20.314  -14.714  85.927 0.0000000000
47535  20.077  -15.524  86.295 0.0000000000
45602  20.261  -17.699  87.427 0.0000000000
45582  20.476  -18.343  87.945 0.0000000000
43551  21.263  -19.889  89.225 0.0000000000
43550  21.833  -20.133  89.564 0.0000000000
47489  19.298  -15.902  92.016 0.0000000000
45553  20.720  -18.518  91.015 0.0000000000
44453  21.387  -18.689  92.235 0.0000000000
44470  21.285  -18.852  91.434 0.0000000000
44489  21.183  -19.143  90.874 0.0000000000
43533  21.421  -19.687  90.298 0.0000000000
42612  22.529  -20.862  90.390 0.0000000000
42611  22.877  -21.250  90.970 0.0000000000
41641  23.076  -21.748  91.495 0.0000000000
42587  22.694  -20.905  92.763 0.0000000000
41635  22.945  -21.588  92.343 0.0000000000
42544  22.864  -20.178  95.950 0.0000000000
41598  22.794  -21.081  95.859 0.0000000000
65119  55.112  1.616  73.100 0.0000000000
120750  54.524  1.283  74.233 0.0000000000
124170  53.247  0.846  75.819 0.0000000000
64042  51.751  0.743  77.270 0.0000000000
65077  52.162  1.022  75.053 0.0000000000
62984  49.434  -0.553  80.239 0.0000000000
61892  48.944  -1.191  80.181 0.0000000000
65966  49.036  1.509  80.113 0.0000000000
64000  48.765  0.063  80.661 0.0000000000
64001  48.214  0.225  80.592 0.0000000000
62986  48.572  -0.616  80.443 0.0000000000
139689  48.398  -0.910  80.082 0.0000000000
60925  46.853  -1.909  77.511 0.0000000000
130028  47.028  3.603  80.842 0.0000000000
66997  46.165  3.980  81.040 0.0000000000
66004  43.466  2.397  80.719 0.0000000000
65005  44.016  2.039  80.282 0.0000000000
64015  44.853  1.292  80.051 0.0000000000
64029  45.707  0.689  79.645 0.0000000000
63013  45.284  -0.424  78.485 0.0000000000
61930  44.561  -1.407  77.637 0.0000000000
60954  44.558  -2.575  75.990 0.0000000000
59884  43.777  -4.021  75.144 0.0000000000
58873  42.881  -4.898  74.753 0.0000000000
57010  42.455  -6.452  76.332 0.0000000000
56029  42.463  -7.313  76.627 0.0000000000
56043  42.263  -7.121  75.807 0.0000000000
63966  43.598  0.195  84.086 0.0000000000
61871  43.526  -2.425  83.059 0.0000000000
59799  43.573  -3.975  82.659 0.0000000000
55893  45.154  -7.565  85.380 0.0000000000
56901  45.164  -6.658  85.234 0.0000000000
48587  43.247  -14.032  82.843 0.0000000000
51727  43.512  -11.960  83.116 0.0000000000
140014  43.658  -11.533  83.586 0.0000000000
52801  44.335  -9.987  84.316 0.0000000000
137248  44.510  -9.354  84.389 0.0000000000
54919  44.809  -7.915  84.586 0.0000000000
56906  44.847  -6.482  84.697 0.0000000000
57884  44.635  -5.533  84.416 0.0000000000
56914  44.504  -6.379  84.050 0.0000000000
57885  44.295  -5.555  83.702 0.0000000000
54947  43.748  -7.965  82.826 0.0000000000
56915  44.074  -6.408  83.313 0.0000000000
58776  44.116  -4.785  83.453 0.0000000000
58783  43.610  -4.787  82.770 0.0000000000
58789  43.144  -4.713  81.972 0.0000000000
56952  43.037  -5.930  81.232 0.0000000000
56953  43.015  -6.759  80.716 0.0000000000
54994  42.989  -8.227  80.157 0.0000000000
54995  42.807  -8.482  79.314 0.0000000000
52896  42.103  -10.385  77.887 0.0000000000
49738  42.203  -13.413  79.446 0.0000000000
50719  41.854  -12.552  79.080 0.0000000000
48665  42.313  -14.495  79.023 0.0000000000
136904  41.736  -12.135  78.634 0.0000000000
50720  41.800  -12.460  78.242 0.0000000000
51841  41.716  -11.154  77.587 0.0000000000
50758  41.633  -12.390  76.590 0.0000000000
49772  41.348  -13.683  76.023 0.0000000000
41809  42.450  -21.678  76.610 0.0000000000
38991  42.999  -25.482  78.606 0.0000000000
36071  42.078  -28.366  77.372 0.0000000000
128327  43.218  -28.733  77.493 0.0000000000
37910  42.242  -25.636  87.085 0.0000000000
36909  42.431  -25.561  86.789 0.0000000000
37957  42.841  -25.847  85.924 0.0000000000
38914  42.189  -24.929  86.024 0.0000000000
38913  42.447  -25.080  85.786 0.0000000000
37970  43.370  -25.841  84.990 0.0000000000
38948  43.478  -24.777  84.051 0.0000000000
38958  43.251  -24.760  83.263 0.0000000000
39789  39.940  -24.037  84.953 0.0000000000
39808  41.313  -23.578  84.167 0.0000000000
40759  40.794  -23.241  83.431 0.0000000000
39827  42.362  -22.903  82.965 0.0000000000
38972  42.474  -23.726  82.223 0.0000000000
39882  41.148  -22.736  80.308 0.0000000000
40843  40.802  -22.607  79.584 0.0000000000
39831  37.574  -24.391  82.660 0.0000000000
38960  37.671  -24.736  82.167 0.0000000000
38974  37.494  -25.102  81.682 0.0000000000
41770  39.572  -21.154  78.816 0.0000000000
123326  39.503  -21.357  77.857 0.0000000000
65177  57.756  2.616  68.595 0.0000000000
64138  57.153  -0.083  71.578 0.0000000000
34082  44.657  -28.313  84.206 0.0000000000
34097  44.768  -28.658  84.004 0.0000000000
34099  43.678  -29.254  83.660 0.0000000000
34108  44.482  -29.006  83.775 0.0000000000
34109  43.803  -29.655  83.530 0.0000000000
34110  43.205  -29.852  83.407 0.0000000000
34122  43.618  -29.975  83.101 0.0000000000
35029  44.912  -27.690  84.456 0.0000000000
35030  44.491  -27.312  84.519 0.0000000000
35031  44.035  -26.569  84.908 0.0000000000
35040  45.587  -27.856  84.129 0.0000000000
35056  45.618  -28.174  83.684 0.0000000000
35074  44.976  -28.679  83.234 0.0000000000
35088  43.858  -29.748  82.625 0.0000000000
35089  43.287  -29.560  82.619 0.0000000000
35981  43.663  -25.727  85.914 0.0000000000
35995  45.374  -27.297  84.479 0.0000000000
36019  46.058  -27.475  83.534 0.0000000000
36895  42.745  -25.665  87.254 0.0000000000
36896  42.070  -25.618  86.953 0.0000000000
36907  44.434  -26.068  85.276 0.0000000000
36908  44.136  -25.517  86.113 0.0000000000
36910  42.093  -25.529  86.794 0.0000000000
36919  45.840  -26.588  84.566 0.0000000000
36922  42.858  -25.791  86.045 0.0000000000
36931  46.213  -26.603  84.260 0.0000000000
36932  43.681  -26.675  84.612 0.0000000000
36939  46.374  -26.565  83.914 0.0000000000
36951  45.849  -26.916  82.951 0.0000000000
36952  43.094  -26.671  83.130 0.0000000000
37925  42.934  -25.354  87.100 0.0000000000
37926  42.594  -25.457  87.103 0.0000000000
37927  42.126  -25.500  87.063 0.0000000000
37928  41.871  -25.080  86.800 0.0000000000
37959  41.977  -25.125  86.563 0.0000000000
37980  46.331  -25.873  83.614 0.0000000000
38878  43.072  -25.091  87.102 0.0000000000
38879  42.410  -24.914  87.214 0.0000000000
38897  45.010  -24.489  85.889 0.0000000000
38905  23.004  -24.381  86.402 0.0000000000
38912  45.646  -24.734  85.225 0.0000000000
38947  46.540  -24.621  83.792 0.0000000000
38949  43.156  -24.070  83.772 0.0000000000
38956  46.409  -24.441  83.416 0.0000000000
38970  45.618  -24.395  82.332 0.0000000000
39733  42.418  -23.991  87.504 0.0000000000
39769  45.631  -23.292  85.298 0.0000000000
39777  23.093  -24.002  84.814 0.0000000000
39826  46.294  -23.680  83.103 0.0000000000
39836  23.422  -23.297  82.417 0.0000000000
39850  44.770  -23.502  81.516 0.0000000000
39860  25.004  -23.012  80.953 0.0000000000
39861  24.460  -23.364  81.613 0.0000000000
40686  41.298  -21.530  88.573 0.0000000000
40687  41.081  -22.019  88.290 0.0000000000
40703  43.942  -22.555  86.587 0.0000000000
40726  45.945  -23.064  84.547 0.0000000000
40742  46.019  -22.896  84.150 0.0000000000
40757  46.132  -22.847  83.635 0.0000000000
40806  27.968  -21.898  81.576 0.0000000000
40809  25.652  -22.576  80.813 0.0000000000
40811  22.707  -22.126  81.942 0.0000000000
40830  25.089  -22.195  80.465 0.0000000000
41583  22.433  -21.037  96.634 0.0000000000
41648  22.871  -21.390  90.276 0.0000000000
41672  45.058  -21.558  85.524 0.0000000000
41674  43.591  -20.675  86.345 0.0000000000
41699  45.684  -21.541  83.229 0.0000000000
41711  45.560  -21.537  82.974 0.0000000000
42527  22.442  -20.080  96.944 0.0000000000
42553  22.752  -20.518  95.463 0.0000000000
42620  40.782  -20.306  89.552 0.0000000000
42632  43.076  -20.259  86.948 0.0000000000
42638  44.073  -20.170  85.685 0.0000000000
42646  45.349  -20.629  84.607 0.0000000000
42647  44.720  -20.069  85.028 0.0000000000
42651  45.723  -21.339  83.596 0.0000000000
43429  22.574  -19.208  97.111 0.0000000000
43445  23.011  -19.316  95.915 0.0000000000
43467  30.607  -17.685  93.091 0.0000000000
43468  30.230  -17.732  93.354 0.0000000000
43481  30.622  -17.974  92.597 0.0000000000
43483  29.926  -18.143  92.769 0.0000000000
43499  30.020  -19.213  91.862 0.0000000000
43501  29.644  -18.779  91.898 0.0000000000
43517  29.675  -19.129  91.379 0.0000000000
43527  39.017  -19.566  90.738 0.0000000000
43541  40.845  -19.671  89.600 0.0000000000
43545  30.017  -19.308  90.485 0.0000000000
43564  27.782  -18.827  88.138 0.0000000000
43575  41.856  -19.275  87.293 0.0000000000
43576  41.454  -18.986  88.130 0.0000000000
43587  42.900  -19.328  85.818 0.0000000000
43591  26.429  -19.734  86.362 0.0000000000
43598  43.807  -19.510  85.253 0.0000000000
43608  45.166  -19.763  84.058 0.0000000000
43610  44.224  -19.218  84.690 0.0000000000
43619  45.257  -19.831  83.453 0.0000000000
44354  22.218  -18.633  97.244 0.0000000000
44365  22.909  -18.963  96.786 0.0000000000
44378  23.023  -19.021  96.018 0.0000000000
44411  32.150  -17.237  93.742 0.0000000000
44413  30.653  -17.404  94.041 0.0000000000
44414  29.992  -17.452  93.976 0.0000000000
44416  22.670  -18.893  95.030 0.0000000000
44431  31.422  -17.446  93.316 0.0000000000
44433  29.336  -17.472  92.921 0.0000000000
44449  32.710  -17.521  92.466 0.0000000000
44451  29.331  -18.015  92.200 0.0000000000
44494  40.901  -19.253  89.441 0.0000000000
44505  27.992  -18.524  89.227 0.0000000000
44513  41.114  -18.898  88.845 0.0000000000
44581  43.478  -19.037  85.014 0.0000000000
44600  44.530  -18.798  84.128 0.0000000000
45458  22.528  -18.219  96.773 0.0000000000
45500  29.350  -17.175  94.004 0.0000000000
45515  27.522  -16.096  92.791 0.0000000000
45538  28.413  -17.253  91.466 0.0000000000
45541  20.207  -17.348  91.732 0.0000000000
45577  40.247  -17.967  88.584 0.0000000000
45593  41.079  -18.009  87.188 0.0000000000
45594  40.314  -17.499  87.416 0.0000000000
45608  41.346  -17.941  86.390 0.0000000000
45669  44.243  -17.837  83.127 0.0000000000
45703  44.251  -17.171  82.095 0.0000000000
45746  40.858  -17.463  76.782 0.0000000000
46486  22.654  -17.186  96.908 0.0000000000
46535  27.638  -15.986  93.026 0.0000000000
46595  39.585  -16.651  88.095 0.0000000000
46610  39.942  -16.875  86.690 0.0000000000
46620  40.879  -17.039  85.007 0.0000000000
46621  40.329  -16.914  85.829 0.0000000000
47554  41.487  -15.311  83.523 0.0000000000
47555  40.514  -15.314  84.235 0.0000000000
47556  39.758  -15.198  85.070 0.0000000000
47576  43.937  -15.773  81.991 0.0000000000
47603  43.487  -15.381  80.148 0.0000000000
47614  41.825  -14.818  78.305 0.0000000000
48503  39.654  -14.940  88.191 0.0000000000
48516  39.990  -14.016  87.721 0.0000000000
48705  41.485  -14.031  76.820 0.0000000000
49639  40.571  -13.575  85.118 0.0000000000
49656  41.948  -13.439  84.306 0.0000000000
49657  41.119  -13.615  84.584 0.0000000000
49672  43.084  -13.617  83.346 0.0000000000
50568  41.837  -12.112  88.046 0.0000000000
50614  43.097  -11.677  85.518 0.0000000000
50630  43.107  -12.734  84.442 0.0000000000
50652  43.249  -12.870  82.937 0.0000000000
51726  43.911  -10.777  83.913 0.0000000000
51822  41.765  -11.755  78.239 0.0000000000
52818  43.934  -10.029  83.730 0.0000000000
52851  43.138  -9.723  81.860 0.0000000000
53832  44.792  -8.759  84.630 0.0000000000
54906  44.987  -8.339  85.537 0.0000000000
54933  44.017  -8.531  83.446 0.0000000000
55913  45.048  -7.361  84.909 0.0000000000
55943  43.902  -7.192  83.040 0.0000000000
56984  42.877  -6.352  79.281 0.0000000000
57022  42.088  -6.983  74.993 0.0000000000
57874  45.219  -5.833  85.636 0.0000000000
57879  44.904  -5.692  84.942 0.0000000000
57889  43.697  -5.626  82.880 0.0000000000
58872  43.432  -4.615  74.601 0.0000000000
59792  44.647  -3.857  83.919 0.0000000000
60854  44.323  -2.836  84.608 0.0000000000
60858  44.062  -2.616  84.354 0.0000000000
63999  49.198  0.235  80.535 0.0000000000
64002  47.944  0.674  80.572 0.0000000000
64972  48.395  1.137  80.557 0.0000000000
65985  48.698  2.315  80.212 0.0000000000
66979  48.413  2.872  80.809 0.0000000000
67022  50.074  1.856  78.522 0.0000000000
68002  48.663  3.438  79.612 0.0000000000
123425  44.612  -5.002  74.308 0.0000000000
126408  22.837  -19.770  95.679 0.0000000000
126733  42.365  -14.715  83.248 0.0000000000
127325  22.953  -19.028  96.911 0.0000000000
129088  40.206  -17.634  88.057 0.0000000000
130039  22.788  -18.803  95.634 0.0000000000
130864  43.725  -26.535  85.189 0.0000000000
130874  45.500  -24.027  85.493 0.0000000000
131659  44.090  -4.271  83.272 0.0000000000
131806  43.572  -11.441  84.892 0.0000000000
132015  21.396  -19.230  96.956 0.0000000000
133726  45.165  -28.482  83.041 0.0000000000
133847  45.556  -21.963  85.107 0.0000000000
133884  21.978  -22.779  84.058 0.0000000000
134451  39.730  -17.715  89.238 0.0000000000
134758  45.551  -26.000  85.029 0.0000000000
134936  46.163  -26.121  84.547 0.0000000000
135146  49.561  2.187  78.546 0.0000000000
135892  44.898  -28.735  83.641 0.0000000000
136612  24.795  -23.497  82.340 0.0000000000
136824  22.223  -20.556  89.801 0.0000000000
137875  45.059  -20.223  82.516 0.0000000000
138182  42.618  -9.612  78.770 0.0000000000
138632  29.819  -17.686  93.348 0.0000000000
138687  41.517  -8.221  74.868 0.0000000000
138799  46.355  -26.133  84.259 0.0000000000
138826  30.180  -19.408  90.980 0.0000000000
140875  42.080  -11.237  80.275 0.0000000000
141196  21.469  -21.614  85.785 0.0000000000
141440  41.617  -24.552  86.033 0.0000000000
142183  44.191  -25.029  86.331 0.0000000000
143017  30.108  -18.750  92.204 0.0000000000
143139  46.480  -24.949  84.159 0.0000000000
143468  44.433  -28.022  84.301 0.0000000000
143722  21.863  -21.008  82.358 0.0000000000
144553  44.535  -7.644  84.062 0.0000000000
144753  40.525  -28.322  80.248 0.0000000000
