#!ascii label  , from subject sub-06 vox2ras=TkReg
243
71661  29.463  7.713  6.478 0.0000000000
62741  27.877  -1.289  9.646 0.0000000000
75663  28.075  12.158  4.574 0.0000000000
82994  26.982  19.833  0.138 0.0000000000
62733  25.301  -2.114  10.767 0.0000000000
78486  30.616  14.202  5.871 0.0000000000
81259  30.234  17.262  5.101 0.0000000000
137151  27.478  5.655  5.754 0.0000000000
67775  27.939  2.564  6.424 0.0000000000
68766  29.285  4.494  8.032 0.0000000000
73641  31.998  9.838  7.304 0.0000000000
133473  31.911  6.878  8.640 0.0000000000
73672  28.934  9.411  5.026 0.0000000000
76576  31.476  12.234  6.113 0.0000000000
82118  27.745  18.154  1.794 0.0000000000
82959  31.539  19.875  4.226 0.0000000000
131579  29.873  0.455  8.120 0.0000000000
79528  29.457  15.630  4.613 0.0000000000
80435  29.280  16.502  4.162 0.0000000000
139379  28.255  6.424  5.814 0.0000000000
69720  28.381  5.191  6.932 0.0000000000
70671  29.232  5.879  6.931 0.0000000000
62743  26.510  -1.820  10.067 0.0000000000
75651  28.983  11.076  4.848 0.0000000000
74679  30.469  11.149  5.388 0.0000000000
75649  30.576  11.860  5.085 0.0000000000
80409  32.491  16.543  7.045 0.0000000000
78474  31.832  14.486  7.123 0.0000000000
82995  26.825  20.187  -0.054 0.0000000000
82119  27.095  18.024  0.989 0.0000000000
82980  27.463  19.105  0.842 0.0000000000
84777  31.590  21.904  0.995 0.0000000000
140702  31.958  21.059  2.160 0.0000000000
83883  30.713  20.484  3.262 0.0000000000
83895  31.776  20.952  3.448 0.0000000000
82958  32.115  19.705  4.338 0.0000000000
67758  29.485  2.651  7.891 0.0000000000
66766  28.845  1.517  7.255 0.0000000000
62734  24.044  -1.664  11.552 0.0000000000
77530  29.826  13.423  5.166 0.0000000000
78499  29.355  14.553  4.700 0.0000000000
79517  30.255  15.829  5.604 0.0000000000
81257  31.962  17.719  5.784 0.0000000000
67777  26.863  2.933  6.368 0.0000000000
68779  27.315  4.208  6.104 0.0000000000
129574  28.985  3.554  7.928 0.0000000000
67757  30.750  3.099  8.220 0.0000000000
72631  30.732  8.526  6.797 0.0000000000
133453  30.665  7.091  7.452 0.0000000000
72612  31.757  8.452  7.868 0.0000000000
71672  27.284  7.573  5.564 0.0000000000
72654  27.363  8.596  5.356 0.0000000000
72642  29.436  8.535  5.952 0.0000000000
73658  30.790  9.797  6.306 0.0000000000
74655  31.983  10.810  6.825 0.0000000000
76564  32.743  12.070  7.118 0.0000000000
77517  31.021  12.970  6.061 0.0000000000
78463  32.382  13.781  7.222 0.0000000000
129380  28.159  17.668  2.654 0.0000000000
83908  28.474  20.870  0.972 0.0000000000
83884  29.666  20.069  2.854 0.0000000000
82966  29.026  19.318  3.079 0.0000000000
82096  29.449  18.090  4.048 0.0000000000
82089  31.121  18.306  4.799 0.0000000000
82094  32.312  18.778  4.685 0.0000000000
64749  27.360  -0.140  8.705 0.0000000000
132899  27.418  2.058  6.720 0.0000000000
70669  30.758  6.211  7.706 0.0000000000
68752  31.469  4.425  8.101 0.0000000000
79529  28.923  15.811  3.507 0.0000000000
80436  28.803  16.441  3.397 0.0000000000
123278  28.771  6.926  6.107 0.0000000000
70679  28.633  6.014  6.135 0.0000000000
70678  29.355  6.675  6.568 0.0000000000
61625  23.266  -2.679  12.248 0.0000000000
61624  24.088  -3.101  11.925 0.0000000000
63774  27.074  -1.379  9.560 0.0000000000
143604  28.595  11.662  4.706 0.0000000000
75650  29.970  11.519  4.892 0.0000000000
75662  29.300  12.059  4.663 0.0000000000
81245  32.980  17.092  6.613 0.0000000000
80408  33.270  16.486  7.001 0.0000000000
82981  26.995  18.964  0.573 0.0000000000
83898  28.006  19.951  0.922 0.0000000000
84756  31.537  21.017  2.663 0.0000000000
82978  32.449  20.097  3.309 0.0000000000
66764  30.304  2.294  8.485 0.0000000000
66755  29.959  1.735  8.402 0.0000000000
139874  24.995  -0.117  10.009 0.0000000000
77542  29.117  13.627  4.527 0.0000000000
140711  28.714  14.310  4.017 0.0000000000
80424  29.801  16.595  5.053 0.0000000000
80423  30.554  16.829  5.656 0.0000000000
80422  31.400  17.095  6.094 0.0000000000
81258  31.061  17.646  5.345 0.0000000000
83910  25.986  20.530  -1.399 0.0000000000
68780  26.962  4.237  6.095 0.0000000000
69730  26.990  5.016  5.821 0.0000000000
69719  28.844  5.168  7.696 0.0000000000
68767  28.366  4.226  7.441 0.0000000000
67773  29.985  3.663  8.028 0.0000000000
68765  30.531  4.519  7.835 0.0000000000
137387  24.666  -1.700  11.091 0.0000000000
61636  25.389  -2.723  11.191 0.0000000000
73642  31.314  9.223  6.813 0.0000000000
72630  31.320  8.461  7.207 0.0000000000
73627  31.765  9.016  7.377 0.0000000000
70691  26.766  6.822  5.518 0.0000000000
73686  28.182  9.738  4.724 0.0000000000
128241  28.116  9.024  5.321 0.0000000000
72652  28.836  8.714  5.557 0.0000000000
73660  29.380  9.124  5.460 0.0000000000
73659  30.013  9.298  5.931 0.0000000000
135076  29.559  9.780  5.290 0.0000000000
75640  31.060  11.641  5.731 0.0000000000
130782  31.093  10.769  6.152 0.0000000000
75639  31.684  11.539  6.341 0.0000000000
75629  32.275  11.578  6.779 0.0000000000
76565  32.159  12.170  6.601 0.0000000000
122702  30.446  13.526  5.680 0.0000000000
77528  30.882  13.779  6.193 0.0000000000
128325  33.241  13.449  7.361 0.0000000000
81296  27.258  17.704  1.323 0.0000000000
141231  27.492  17.504  1.405 0.0000000000
81295  27.779  16.953  1.503 0.0000000000
84767  30.230  21.829  1.671 0.0000000000
85595  30.600  22.371  1.275 0.0000000000
84758  29.689  21.163  1.818 0.0000000000
83896  30.246  20.733  2.584 0.0000000000
82965  30.468  19.713  3.626 0.0000000000
82104  29.625  18.882  3.729 0.0000000000
82103  30.607  18.834  4.312 0.0000000000
82963  32.253  20.070  4.049 0.0000000000
82957  32.775  19.133  4.206 0.0000000000
125117  32.938  18.514  4.732 0.0000000000
64765  26.015  0.881  8.615 0.0000000000
67776  27.277  2.654  6.217 0.0000000000
123039  27.150  2.352  6.419 0.0000000000
66778  27.539  2.200  6.461 0.0000000000
64761  29.433  0.286  7.810 0.0000000000
65760  28.881  0.892  7.472 0.0000000000
143104  28.895  -0.162  8.223 0.0000000000
133862  31.263  6.978  8.066 0.0000000000
78500  28.840  15.047  3.731 0.0000000000
70680  28.005  5.798  5.779 0.0000000000
69729  27.600  5.079  5.964 0.0000000000
69718  30.008  5.413  7.502 0.0000000000
62744  25.690  -1.639  10.179 0.0000000000
137726  26.039  -2.121  10.492 0.0000000000
125365  26.778  -2.251  10.738 0.0000000000
62732  27.634  -2.139  11.304 0.0000000000
74654  32.476  10.600  7.530 0.0000000000
127864  32.563  10.058  8.182 0.0000000000
74692  28.283  10.363  4.563 0.0000000000
74681  29.052  10.066  4.689 0.0000000000
74680  29.722  10.633  5.157 0.0000000000
76577  30.926  12.240  5.604 0.0000000000
79508  30.940  15.530  6.359 0.0000000000
78475  31.114  14.583  6.455 0.0000000000
79507  31.795  15.575  7.105 0.0000000000
79506  32.914  15.794  7.388 0.0000000000
126123  27.328  18.484  0.953 0.0000000000
82967  28.100  18.801  1.959 0.0000000000
84766  31.323  21.574  1.825 0.0000000000
84757  30.790  21.300  2.338 0.0000000000
82964  31.606  20.711  3.874 0.0000000000
83882  32.088  20.838  3.945 0.0000000000
66776  28.775  2.099  7.010 0.0000000000
66777  28.196  1.989  6.743 0.0000000000
66765  29.546  1.518  7.721 0.0000000000
65748  29.889  0.827  7.841 0.0000000000
61638  23.837  -2.348  11.821 0.0000000000
63765  24.363  -0.942  11.215 0.0000000000
62745  24.998  -1.305  10.625 0.0000000000
123611  25.350  -0.889  10.008 0.0000000000
63775  26.157  -1.206  9.649 0.0000000000
63785  26.764  -0.671  9.185 0.0000000000
76596  28.672  12.936  4.217 0.0000000000
124519  29.634  12.702  4.722 0.0000000000
143703  29.496  13.960  5.052 0.0000000000
78487  30.020  14.231  5.385 0.0000000000
130013  29.919  15.032  5.233 0.0000000000
143090  31.274  16.013  6.714 0.0000000000
80421  32.224  17.199  6.492 0.0000000000
81256  32.776  17.617  5.931 0.0000000000
83909  27.170  20.443  -0.196 0.0000000000
68769  27.126  3.433  6.146 0.0000000000
122533  27.547  3.348  6.182 0.0000000000
68768  27.760  4.367  6.390 0.0000000000
130405  28.044  3.393  6.463 0.0000000000
67774  28.642  2.955  6.929 0.0000000000
66763  31.537  2.716  8.681 0.0000000000
71660  30.128  8.043  6.875 0.0000000000
70677  30.023  7.308  6.968 0.0000000000
71649  30.717  7.869  7.140 0.0000000000
71648  31.291  7.749  7.619 0.0000000000
71637  31.783  7.723  8.319 0.0000000000
73626  32.209  9.196  8.008 0.0000000000
72611  32.289  8.504  8.656 0.0000000000
71636  32.361  7.651  8.865 0.0000000000
70690  27.614  6.430  5.632 0.0000000000
70689  28.134  7.170  5.802 0.0000000000
72653  28.046  8.213  5.721 0.0000000000
71662  28.745  7.919  6.072 0.0000000000
72641  30.032  8.549  6.450 0.0000000000
73643  30.592  9.083  6.462 0.0000000000
74668  30.270  10.248  5.719 0.0000000000
125513  31.451  10.086  6.667 0.0000000000
75628  32.666  11.326  7.311 0.0000000000
77529  30.388  12.622  5.240 0.0000000000
126982  31.469  13.716  6.673 0.0000000000
139661  31.822  12.913  6.672 0.0000000000
129159  32.609  12.843  7.114 0.0000000000
81280  28.373  16.721  2.636 0.0000000000
82979  28.502  19.647  2.080 0.0000000000
82097  28.608  18.434  3.126 0.0000000000
143041  28.672  17.928  3.537 0.0000000000
81273  28.879  17.242  3.682 0.0000000000
81272  29.646  17.281  4.515 0.0000000000
81271  30.392  17.864  4.650 0.0000000000
82095  31.628  18.984  4.591 0.0000000000
82087  32.545  18.152  5.261 0.0000000000
64750  26.458  0.187  8.957 0.0000000000
63784  27.641  -0.885  8.980 0.0000000000
66779  26.967  2.052  7.146 0.0000000000
65770  28.108  1.686  7.072 0.0000000000
65762  27.522  1.455  7.650 0.0000000000
64763  27.910  0.543  8.210 0.0000000000
64748  28.185  -0.197  8.502 0.0000000000
70670  30.028  6.412  7.137 0.0000000000
70660  31.461  6.073  8.321 0.0000000000
69717  31.047  5.291  7.878 0.0000000000
67772  31.000  3.827  7.964 0.0000000000
69728  28.024  5.325  6.099 0.0000000000
76589  30.125  12.113  4.741 0.0000000000
79516  30.566  14.897  5.723 0.0000000000
80410  30.944  16.334  6.275 0.0000000000
82088  31.793  18.254  5.090 0.0000000000
83877  32.005  20.480  4.265 0.0000000000
134414  31.675  16.522  6.715 0.0000000000
136659  29.449  0.898  7.520 0.0000000000
141850  32.604  8.160  9.047 0.0000000000
144666  27.798  10.058  4.420 0.0000000000
