#!ascii label  , from subject sub-03 vox2ras=TkReg
697
14372  -41.087  -51.958  4.215 0.5000000000
15198  -41.721  -52.224  2.901 0.8000000119
14385  -40.751  -52.178  1.537 0.8000000119
14387  -41.544  -52.315  1.824 0.8000000119
15202  -41.729  -52.122  2.255 0.8000000119
14365  -39.923  -52.030  6.149 0.5000000000
15210  -38.959  -51.490  1.904 0.6999999881
15211  -40.069  -51.575  1.355 0.6999999881
15201  -41.297  -51.630  1.906 0.8000000119
15197  -41.275  -51.454  3.023 0.6999999881
120519  -39.333  -51.918  7.137 0.6000000238
128045  -40.558  -52.189  5.309 0.5000000000
15190  -40.154  -51.539  5.230 0.6000000238
14382  -36.885  -52.204  2.865 0.6999999881
15948  -39.688  -50.717  5.133 0.6000000238
15209  -37.596  -51.484  2.436 0.6999999881
14383  -38.136  -51.952  2.552 0.6999999881
15972  -40.378  -51.668  1.380 0.6999999881
15196  -40.492  -51.114  4.243 0.6000000238
16788  -39.363  -49.895  4.885 0.6000000238
15960  -40.709  -50.733  2.357 0.8000000119
132839  -39.948  -50.370  4.155 0.6999999881
15175  -38.749  -51.217  7.506 0.4000000060
15185  -39.299  -51.161  6.262 0.6000000238
117763  -36.694  -51.052  2.518 0.6999999881
16787  -38.845  -49.377  5.512 0.6000000238
15966  -37.543  -50.802  2.369 0.6999999881
15213  -38.512  -51.087  1.927 0.6999999881
15214  -39.432  -51.237  1.473 0.6999999881
15971  -39.850  -51.252  1.306 0.6999999881
15968  -39.959  -50.161  2.037 0.6000000238
16794  -39.501  -49.678  3.867 0.6999999881
125578  -38.855  -48.360  4.255 0.5000000000
127361  -39.558  -50.566  1.528 0.6000000238
16809  -39.111  -49.935  2.306 0.6000000238
16801  -39.381  -49.674  2.912 0.6000000238
17623  -38.986  -49.060  3.559 0.6000000238
17633  -38.649  -49.221  2.970 0.6000000238
17632  -38.491  -48.249  3.386 0.5000000000
15941  -38.510  -50.456  6.831 0.5000000000
15207  -35.575  -51.254  2.563 0.6999999881
16781  -38.463  -49.642  6.448 0.6000000238
15947  -38.940  -50.230  5.835 0.6000000238
15967  -38.223  -50.548  2.194 0.6999999881
17622  -39.056  -49.141  4.533 0.5000000000
16808  -38.748  -50.293  2.110 0.6999999881
125680  -38.793  -47.575  4.004 0.5000000000
18415  -39.367  -47.075  4.626 0.5000000000
15962  -32.561  -50.900  2.705 0.6000000238
16804  -33.859  -49.806  2.930 0.6000000238
15937  -38.372  -50.348  7.994 0.5000000000
128978  -38.066  -49.555  7.895 0.5000000000
15964  -34.920  -50.374  2.913 0.6999999881
15206  -34.605  -51.837  2.445 0.6999999881
17610  -38.336  -48.280  6.948 0.4000000060
15965  -36.123  -50.503  2.810 0.6999999881
17618  -38.594  -48.666  6.191 0.5000000000
115649  -36.909  -50.503  2.602 0.6999999881
121686  -37.409  -50.171  2.532 0.6999999881
18403  -38.951  -47.850  5.676 0.5000000000
16807  -37.920  -49.815  2.555 0.6999999881
18414  -39.022  -47.781  4.878 0.5000000000
17637  -38.351  -49.487  2.735 0.6000000238
17636  -38.111  -48.182  2.939 0.5000000000
18423  -38.416  -47.323  3.122 0.5000000000
18424  -38.968  -46.805  3.778 0.5000000000
19157  -39.802  -45.807  3.921 0.3000000119
18386  -37.862  -47.654  7.900 0.3000000119
16802  -31.515  -50.580  2.726 0.6000000238
16803  -32.767  -50.079  2.767 0.6000000238
17603  -37.949  -48.262  7.640 0.4000000060
18387  -38.277  -47.519  7.230 0.4000000060
16799  -34.936  -49.086  3.584 0.6000000238
18395  -38.713  -47.792  6.440 0.5000000000
16806  -36.714  -49.937  2.889 0.6999999881
18404  -39.410  -47.214  5.331 0.5000000000
117530  -37.277  -49.406  2.886 0.5000000000
19143  -39.747  -46.630  5.044 0.5000000000
17635  -37.732  -48.790  2.924 0.5000000000
132793  -39.807  -46.149  4.870 0.4000000060
19156  -39.618  -46.319  4.378 0.3000000119
20717  -40.789  -44.922  4.075 0.4000000060
19916  -39.659  -45.705  3.348 0.5000000000
16797  -31.722  -49.725  2.520 0.6000000238
16798  -32.913  -49.240  2.672 0.6000000238
130588  -33.926  -49.172  3.266 0.6000000238
19132  -39.137  -46.601  6.440 0.3000000119
18396  -39.198  -47.234  6.048 0.4000000060
134218  -35.858  -48.992  3.512 0.6000000238
19891  -39.502  -45.993  6.113 0.3000000119
16800  -36.589  -49.187  3.221 0.6000000238
19898  -40.279  -45.027  5.100 0.3000000119
19133  -39.531  -46.632  5.703 0.3000000119
17634  -37.136  -48.485  3.047 0.6000000238
21600  -40.549  -44.334  4.540 0.3000000119
131405  -40.015  -45.526  5.173 0.3000000119
18425  -37.620  -47.602  2.854 0.5000000000
21609  -41.885  -44.349  3.218 0.3000000119
18426  -38.114  -47.038  2.749 0.5000000000
114674  -40.975  -44.921  3.309 0.3000000119
19169  -38.249  -46.146  2.811 0.5000000000
19925  -40.691  -44.956  2.938 0.4000000060
19918  -41.532  -44.670  2.726 0.3000000119
17628  -31.960  -48.785  2.425 0.5000000000
18420  -32.883  -48.008  2.998 0.6000000238
118186  -33.092  -48.682  2.882 0.5000000000
17630  -35.419  -48.489  3.875 0.6000000238
21608  -41.505  -43.688  3.763 0.3000000119
17631  -36.421  -48.440  3.464 0.6000000238
22614  -42.284  -42.614  3.108 0.3000000119
20718  -41.207  -44.345  3.864 0.3000000119
18422  -36.883  -47.663  3.195 0.6000000238
19168  -37.797  -46.552  2.781 0.5000000000
19923  -38.449  -45.385  2.572 0.5000000000
19924  -39.836  -45.325  2.976 0.4000000060
20735  -40.074  -44.785  2.598 0.4000000060
18411  -33.179  -47.305  3.642 0.5000000000
19153  -33.939  -46.705  4.192 0.5000000000
18412  -33.925  -47.561  3.814 0.5000000000
17629  -34.114  -48.420  3.591 0.5000000000
118653  -34.707  -47.164  4.468 0.5000000000
129083  -40.765  -42.009  3.631 0.3000000119
22608  -41.554  -42.737  3.569 0.3000000119
19163  -36.523  -46.994  3.670 0.6000000238
19167  -37.245  -46.824  3.059 0.5000000000
19922  -37.900  -45.676  2.699 0.5000000000
20740  -42.330  -44.507  1.887 0.4000000060
116250  -41.952  -44.200  1.433 0.4000000060
19154  -35.092  -46.480  4.608 0.5000000000
23523  -40.751  -41.164  3.312 0.4000000060
24383  -41.484  -40.980  2.811 0.4000000060
19162  -35.621  -47.120  4.377 0.5000000000
19155  -36.078  -46.374  4.237 0.5000000000
23529  -42.310  -41.724  2.778 0.3000000119
19910  -36.319  -45.608  4.090 0.4000000060
120261  -43.023  -42.620  2.530 0.3000000119
19915  -36.841  -46.200  3.540 0.5000000000
19921  -37.493  -45.948  3.086 0.4000000060
20738  -40.042  -44.029  2.218 0.4000000060
121043  -33.337  -46.026  4.263 0.5000000000
20715  -34.451  -44.709  4.148 0.5000000000
19908  -34.507  -45.702  4.489 0.5000000000
24382  -40.879  -40.290  3.105 0.4000000060
19909  -35.534  -45.847  4.447 0.5000000000
20716  -35.485  -45.105  4.386 0.4000000060
24387  -41.642  -40.015  2.403 0.4000000060
24388  -42.680  -40.567  1.880 0.4000000060
20727  -36.389  -44.806  3.919 0.4000000060
118651  -36.989  -45.405  3.398 0.4000000060
23530  -43.110  -41.715  1.952 0.4000000060
20732  -37.438  -45.059  2.751 0.4000000060
21614  -38.233  -44.126  2.203 0.4000000060
20734  -38.671  -44.684  2.329 0.4000000060
21615  -39.066  -44.008  2.036 0.4000000060
21620  -40.857  -43.739  1.556 0.4000000060
21621  -42.619  -44.139  0.899 0.4000000060
21625  -41.583  -43.609  0.870 0.4000000060
124198  -33.627  -45.144  4.020 0.5000000000
26054  -41.046  -38.244  2.950 0.4000000060
126021  -41.343  -38.981  2.821 0.4000000060
20726  -35.334  -44.091  3.947 0.4000000060
125162  -36.949  -44.744  3.215 0.4000000060
25233  -43.328  -40.022  1.623 0.4000000060
124364  -37.115  -44.206  2.841 0.4000000060
119926  -37.604  -44.291  2.428 0.4000000060
126244  -43.764  -44.227  0.649 0.3000000119
128535  -33.665  -44.414  3.689 0.4000000060
20725  -34.096  -43.852  3.596 0.5000000000
21606  -34.527  -43.121  3.325 0.4000000060
25229  -42.058  -39.064  2.378 0.4000000060
21607  -35.620  -43.223  3.444 0.4000000060
21612  -36.531  -43.070  2.868 0.4000000060
115424  -36.443  -44.021  3.497 0.4000000060
21613  -37.161  -42.954  1.970 0.4000000060
132027  -37.263  -43.655  2.427 0.4000000060
21618  -38.558  -43.370  1.815 0.4000000060
22625  -42.875  -43.347  -0.084 0.4000000060
22618  -40.502  -43.003  1.044 0.4000000060
22624  -42.202  -43.497  0.333 0.4000000060
22605  -33.554  -42.202  2.389 0.4000000060
22606  -34.835  -42.396  2.984 0.4000000060
134684  -35.670  -42.649  3.135 0.4000000060
132242  -43.558  -43.758  0.139 0.4000000060
23532  -38.119  -42.078  1.042 0.4000000060
22616  -38.817  -42.629  1.340 0.4000000060
23533  -39.054  -41.950  0.933 0.4000000060
22617  -39.648  -42.501  1.192 0.4000000060
22623  -41.190  -42.798  0.550 0.4000000060
22611  -33.713  -41.393  1.970 0.4000000060
119515  -34.283  -40.811  1.768 0.4000000060
23526  -35.505  -40.964  1.927 0.4000000060
23527  -36.626  -41.262  1.597 0.4000000060
22613  -36.517  -42.068  2.084 0.4000000060
128645  -37.495  -41.384  1.135 0.4000000060
23528  -37.290  -42.150  1.465 0.4000000060
121155  -38.373  -41.315  0.866 0.4000000060
23537  -39.354  -41.233  0.784 0.4000000060
23540  -43.012  -42.371  -0.310 0.3000000119
23538  -40.928  -41.957  0.523 0.4000000060
23539  -41.884  -42.448  0.131 0.4000000060
23525  -33.133  -40.387  1.350 0.4000000060
24385  -34.135  -40.085  0.944 0.4000000060
24384  -33.453  -39.855  1.020 0.4000000060
24386  -35.660  -40.320  1.537 0.4000000060
22628  -44.903  -42.834  -0.194 0.4000000060
23541  -44.243  -42.336  -0.566 0.3000000119
121943  -40.293  -41.222  0.639 0.4000000060
24401  -42.170  -41.398  0.061 0.5000000000
24404  -43.370  -41.331  -0.458 0.4000000060
25223  -33.853  -39.578  1.428 0.4000000060
125413  -34.796  -39.276  1.627 0.4000000060
24389  -34.818  -39.709  1.376 0.4000000060
25230  -35.469  -39.050  1.454 0.4000000060
24390  -35.997  -39.746  1.362 0.4000000060
24398  -39.653  -40.367  0.724 0.4000000060
123324  -41.174  -41.331  0.404 0.5000000000
25224  -34.892  -39.147  2.333 0.4000000060
26052  -35.382  -38.450  1.980 0.4000000060
26057  -35.458  -38.590  1.656 0.4000000060
24399  -40.557  -40.416  0.597 0.4000000060
24400  -41.454  -40.463  0.390 0.5000000000
26048  -35.631  -38.419  2.978 0.4000000060
26053  -35.890  -37.985  1.759 0.4000000060
25239  -40.864  -39.556  0.531 0.5000000000
27709  -36.749  -37.006  3.751 0.4000000060
26049  -36.233  -37.699  3.382 0.4000000060
27714  -36.477  -37.038  2.523 0.4000000060
27715  -37.042  -36.482  2.242 0.5000000000
26881  -36.428  -37.513  4.536 0.4000000060
123034  -39.238  -45.117  2.567 0.5000000000
20739  -41.168  -44.402  2.294 0.4000000060
14366  -41.105  -52.676  4.880 0.5000000000
13569  -41.299  -52.763  1.824 0.8000000119
13568  -40.386  -52.864  2.180 0.8000000119
14375  -38.415  -52.257  2.695 0.6999999881
14343  -39.414  -52.484  7.742 0.5000000000
14374  -37.349  -52.489  3.043 0.6999999881
15176  -39.072  -51.902  8.182 0.5000000000
14381  -35.781  -52.516  2.832 0.6999999881
119120  -35.451  -52.030  2.578 0.6999999881
15963  -33.721  -50.577  2.643 0.6999999881
15930  -38.494  -50.415  9.022 0.4000000060
16769  -38.153  -49.659  8.723 0.4000000060
17602  -37.789  -48.095  8.274 0.4000000060
119297  -30.745  -49.428  2.386 0.6000000238
18419  -31.539  -48.063  2.734 0.5000000000
18410  -32.226  -47.332  3.317 0.5000000000
19152  -32.895  -46.743  3.930 0.5000000000
118231  -33.130  -43.779  3.184 0.4000000060
21604  -32.434  -42.871  2.768 0.4000000060
21605  -33.364  -42.999  2.823 0.4000000060
22604  -32.586  -41.969  2.268 0.4000000060
23522  -32.519  -40.689  1.625 0.4000000060
24380  -33.089  -40.085  1.596 0.4000000060
25219  -34.215  -39.694  2.719 0.4000000060
25220  -35.195  -39.159  3.742 0.4000000060
27705  -36.891  -36.924  4.765 0.4000000060
13570  -41.522  -52.630  2.015 0.8000000119
15212  -40.958  -52.021  1.450 0.8000000119
14384  -39.539  -51.939  2.084 0.6999999881
15970  -39.111  -50.870  1.573 0.6999999881
15959  -40.047  -50.146  3.117 0.6999999881
121564  -38.851  -48.541  5.186 0.5000000000
134223  -34.681  -49.630  3.288 0.6000000238
16768  -37.874  -48.845  8.308 0.5000000000
16775  -38.095  -49.049  7.223 0.5000000000
123676  -38.761  -47.155  6.648 0.3000000119
19164  -38.612  -46.520  3.034 0.5000000000
18413  -34.956  -47.838  4.314 0.6000000238
126240  -39.399  -44.535  2.343 0.4000000060
20733  -37.966  -44.917  2.382 0.4000000060
132287  -42.618  -44.371  1.362 0.4000000060
21619  -39.624  -43.299  1.596 0.4000000060
21617  -37.923  -42.795  1.585 0.4000000060
22610  -32.629  -41.210  1.634 0.4000000060
22622  -40.162  -42.034  0.881 0.4000000060
26883  -35.976  -37.795  2.310 0.4000000060
116598  -34.574  -65.004  2.159 0.4000000060
111836  -35.456  -64.823  2.465 0.4000000060
6687  -36.084  -63.859  2.868 0.4000000060
7236  -36.667  -63.628  3.436 0.4000000060
7250  -35.436  -62.970  2.195 0.4000000060
7235  -36.035  -63.049  2.683 0.4000000060
7768  -36.451  -62.490  2.911 0.4000000060
117322  -36.714  -61.605  2.516 0.4000000060
8898  -38.400  -60.321  3.134 0.5000000000
7778  -35.167  -62.277  1.436 0.4000000060
8317  -36.167  -61.786  1.717 0.4000000060
8323  -36.655  -60.878  1.842 0.5000000000
133098  -38.104  -59.807  2.172 0.5000000000
9564  -39.125  -58.838  1.660 0.6000000238
7777  -34.618  -62.060  1.256 0.4000000060
123405  -35.201  -61.930  1.283 0.4000000060
8918  -36.276  -60.519  1.721 0.4000000060
8913  -38.739  -59.442  2.058 0.5000000000
15159  -38.719  -51.148  8.600 0.3000000119
15145  -38.888  -50.985  9.161 0.4000000060
16756  -38.062  -48.932  9.162 0.3000000119
9558  -39.845  -59.008  2.133 0.5000000000
13524  -40.109  -53.890  7.885 0.5000000000
14327  -39.498  -52.642  8.603 0.4000000060
8911  -35.297  -60.458  2.159 0.4000000060
8919  -37.086  -59.984  1.691 0.5000000000
8920  -37.846  -59.565  1.764 0.5000000000
8916  -34.844  -61.039  1.895 0.4000000060
8321  -35.087  -61.541  1.375 0.4000000060
9565  -39.897  -58.440  1.886 0.6000000238
10193  -40.463  -57.944  2.281 0.6000000238
11451  -41.521  -56.162  2.752 0.6999999881
13534  -40.248  -53.560  6.766 0.5000000000
112689  -41.148  -57.071  3.119 0.6999999881
12080  -41.321  -55.711  4.859 0.6999999881
12817  -40.790  -54.334  6.074 0.6999999881
116504  -41.806  -55.707  3.168 0.6999999881
124309  -41.661  -55.023  4.276 0.6999999881
9562  -37.444  -59.325  1.718 0.5000000000
133404  -38.546  -58.748  1.649 0.6000000238
10197  -39.278  -58.239  1.774 0.6000000238
11452  -40.602  -56.818  2.339 0.6000000238
9557  -36.277  -59.584  2.010 0.4000000060
10195  -36.994  -59.136  1.788 0.5000000000
123183  -38.282  -58.363  1.916 0.6000000238
10822  -40.153  -57.709  2.043 0.6000000238
11453  -41.152  -56.281  2.387 0.6000000238
11454  -41.494  -56.025  2.495 0.6000000238
121927  -40.683  -57.076  2.385 0.6000000238
12081  -41.973  -55.362  3.486 0.6999999881
13545  -41.000  -53.425  5.464 0.6000000238
14355  -39.802  -52.663  6.920 0.5000000000
10191  -35.689  -59.404  2.989 0.6000000238
10184  -36.816  -58.170  3.547 0.6000000238
10818  -37.859  -57.864  2.935 0.6999999881
10819  -38.873  -57.648  2.374 0.6000000238
12099  -41.079  -55.900  2.297 0.6000000238
9556  -35.653  -59.916  2.271 0.5000000000
127985  -41.629  -55.618  2.372 0.6000000238
12093  -42.165  -55.120  2.475 0.6999999881
116263  -42.169  -54.736  3.171 0.6999999881
12818  -41.525  -54.231  4.562 0.6999999881
14356  -40.488  -52.740  5.957 0.6000000238
10812  -35.962  -57.399  4.512 0.6000000238
10813  -37.286  -57.256  4.195 0.6999999881
11441  -38.829  -56.136  4.076 0.6999999881
10814  -38.412  -57.045  3.720 0.6999999881
127776  -40.609  -55.776  2.448 0.6000000238
14367  -41.552  -52.648  3.702 0.5000000000
12100  -41.841  -55.313  2.271 0.6999999881
12835  -41.915  -54.514  2.437 0.6999999881
13546  -41.526  -53.294  4.218 0.6000000238
12826  -38.986  -54.518  4.154 0.6999999881
13554  -39.986  -53.872  3.219 0.6999999881
11440  -37.758  -56.339  4.645 0.6999999881
12827  -39.785  -54.689  3.414 0.6000000238
12833  -40.953  -54.570  2.539 0.5000000000
12092  -40.255  -55.212  2.921 0.6000000238
12834  -41.899  -54.739  2.303 0.6999999881
13555  -41.714  -53.152  3.161 0.5000000000
12096  -41.405  -55.126  2.303 0.6000000238
12828  -41.757  -53.894  3.142 0.6000000238
13559  -39.335  -53.077  3.201 0.6999999881
14376  -39.186  -52.471  2.714 0.6999999881
13562  -41.682  -53.212  2.384 0.6000000238
13560  -41.377  -53.662  2.364 0.6999999881
13523  -39.739  -53.142  7.749 0.5000000000
13561  -41.555  -53.427  2.492 0.6000000238
6706  -35.349  -63.888  2.374 0.4000000060
8318  -37.401  -61.042  2.808 0.4000000060
9561  -36.671  -59.752  1.724 0.4000000060
8917  -35.550  -60.894  1.581 0.4000000060
121438  -41.092  -55.085  5.483 0.6999999881
11450  -40.285  -56.488  2.405 0.6000000238
10192  -36.505  -58.951  2.573 0.6999999881
118379  -37.372  -58.588  2.200 0.6000000238
11449  -39.363  -56.804  2.910 0.6000000238
12091  -39.253  -55.271  3.932 0.6999999881
11439  -36.597  -56.512  4.753 0.5000000000
9555  -35.082  -59.917  3.317 0.4000000060
10183  -35.728  -58.579  3.891 0.5000000000
12089  -36.851  -55.618  4.967 0.6000000238
9545  -34.572  -60.030  4.058 0.4000000060
129406  -34.330  -59.342  4.343 0.5000000000
10182  -34.781  -58.991  4.081 0.5000000000
134455  -35.830  -56.648  4.787 0.5000000000
116160  -35.810  -56.080  4.844 0.5000000000
12088  -35.879  -55.151  4.709 0.5000000000
12090  -38.150  -55.269  4.718 0.6000000238
12825  -37.894  -54.197  4.531 0.5000000000
128722  -36.927  -54.697  4.884 0.5000000000
122344  -36.650  -53.843  4.244 0.6999999881
12824  -35.666  -54.350  4.024 0.6000000238
13557  -36.845  -53.088  3.499 0.6000000238
9534  -34.122  -59.336  4.650 0.5000000000
131815  -33.982  -58.966  4.530 0.5000000000
127129  -33.655  -57.711  4.341 0.5000000000
113512  -34.758  -56.072  4.563 0.5000000000
11438  -34.880  -56.929  4.718 0.5000000000
13552  -37.614  -53.466  3.898 0.6000000238
12087  -34.810  -55.238  3.856 0.6000000238
12832  -35.849  -53.604  3.483 0.5000000000
13567  -36.069  -52.902  3.202 0.6000000238
10181  -33.392  -58.661  4.820 0.5000000000
10810  -33.496  -58.309  4.531 0.5000000000
11437  -32.650  -57.567  4.200 0.5000000000
119862  -33.514  -56.958  4.237 0.5000000000
12831  -35.003  -54.391  3.046 0.5000000000
128775  -35.264  -53.686  2.936 0.6000000238
10171  -33.816  -59.160  5.122 0.5000000000
10809  -32.554  -57.848  4.550 0.5000000000
10808  -32.023  -57.243  4.178 0.5000000000
11446  -31.546  -56.578  3.884 0.5000000000
12086  -31.201  -55.919  3.709 0.6000000238
11447  -32.199  -56.855  3.663 0.4000000060
12829  -31.013  -55.082  3.665 0.4000000060
12094  -31.544  -56.296  3.361 0.5000000000
12095  -32.368  -56.071  2.914 0.5000000000
11448  -33.575  -56.229  3.653 0.4000000060
13556  -30.924  -54.313  3.579 0.4000000060
13563  -31.771  -54.270  2.869 0.5000000000
129791  -32.593  -55.352  2.546 0.5000000000
117441  -30.754  -53.604  3.758 0.4000000060
12838  -33.385  -54.658  2.331 0.6000000238
12839  -34.444  -54.206  2.535 0.6000000238
13566  -35.071  -53.369  2.736 0.6000000238
12098  -31.533  -55.645  3.001 0.5000000000
14378  -31.153  -53.541  3.226 0.5000000000
121515  -32.304  -53.557  2.623 0.5000000000
13564  -32.983  -54.164  2.330 0.5000000000
14373  -30.639  -52.668  3.634 0.4000000060
15204  -31.103  -51.838  3.181 0.5000000000
113579  -33.711  -52.379  2.362 0.6000000238
13565  -34.095  -53.840  2.262 0.6000000238
128290  -32.145  -51.610  2.653 0.5000000000
15958  -30.269  -50.281  2.714 0.3000000119
15200  -30.221  -51.800  3.735 0.4000000060
15961  -31.557  -51.236  2.826 0.5000000000
15205  -33.387  -51.536  2.465 0.5000000000
123427  -34.495  -51.097  2.505 0.6000000238
19907  -32.809  -45.374  3.903 0.3000000119
19151  -32.111  -46.280  4.021 0.3000000119
131770  -32.237  -46.816  3.732 0.4000000060
20724  -32.285  -43.848  3.251 0.3000000119
23521  -32.250  -41.198  2.067 0.3000000119
24379  -32.507  -40.760  2.426 0.3000000119
24376  -33.758  -40.463  3.506 0.3000000119
25210  -34.629  -39.808  4.390 0.3000000119
127999  -35.793  -38.293  4.374 0.3000000119
15203  -30.583  -51.138  3.114 0.5000000000
131646  -32.430  -44.763  3.641 0.3000000119
13553  -38.721  -53.661  3.887 0.5000000000
10811  -34.661  -58.057  4.409 0.5000000000
12830  -33.746  -55.187  2.791 0.5000000000
14380  -34.645  -52.764  2.541 0.6000000238
13510  -39.909  -53.350  8.475 0.3000000119
119708  -40.763  -55.178  6.644 0.6000000238
12807  -40.482  -54.472  7.210 0.6000000238
125188  -41.150  -50.281  9.659 0.3000000119
115050  -40.020  -51.161  9.661 0.3000000119
112501  -39.826  -51.884  9.544 0.3000000119
123422  -39.397  -51.096  9.403 0.3000000119
15146  -40.531  -51.890  9.759 0.3000000119
14313  -39.719  -52.438  9.286 0.3000000119
15160  -39.220  -51.777  9.095 0.3000000119
12062  -40.834  -55.159  7.583 0.6000000238
12801  -40.593  -54.563  8.127 0.5000000000
131348  -41.456  -49.590  9.491 0.3000000119
15920  -40.281  -50.411  9.768 0.3000000119
15919  -39.530  -50.391  9.665 0.3000000119
15918  -38.905  -50.368  9.433 0.3000000119
14314  -40.370  -52.645  9.560 0.3000000119
13499  -40.009  -53.086  9.105 0.3000000119
13511  -40.409  -53.868  8.812 0.4000000060
8910  -34.708  -60.618  2.903 0.4000000060
17583  -41.710  -48.227  9.300 0.3000000119
118227  -40.680  -49.671  9.750 0.3000000119
16747  -39.561  -49.043  9.992 0.3000000119
16746  -39.028  -49.554  9.806 0.3000000119
7752  -38.790  -62.053  4.789 0.5000000000
7736  -39.517  -61.684  5.240 0.5000000000
7219  -37.278  -63.104  4.003 0.4000000060
134535  -38.022  -62.524  4.421 0.4000000060
125524  -38.850  -63.007  4.793 0.5000000000
10185  -41.242  -58.548  3.966 0.5000000000
8901  -41.119  -59.757  4.620 0.5000000000
8309  -38.954  -61.058  4.430 0.5000000000
8884  -39.714  -60.788  4.992 0.5000000000
10789  -41.685  -57.579  5.944 0.6000000238
10801  -41.465  -57.777  4.818 0.6000000238
131554  -40.866  -58.992  3.603 0.5000000000
8900  -40.091  -60.076  4.262 0.5000000000
7751  -37.224  -62.008  3.576 0.3000000119
8308  -38.101  -61.451  3.926 0.4000000060
8899  -39.332  -60.413  4.030 0.5000000000
118281  -41.362  -56.506  6.924 0.6000000238
10815  -41.236  -57.741  3.832 0.6000000238
10821  -40.823  -57.691  3.030 0.6000000238
9546  -39.454  -59.731  3.153 0.4000000060
9547  -40.340  -59.333  3.292 0.5000000000
12063  -41.113  -55.845  7.205 0.6000000238
14315  -41.163  -52.523  9.778 0.3000000119
12788  -41.159  -54.623  8.895 0.4000000060
130147  -41.226  -56.409  5.379 0.6000000238
9559  -40.352  -58.673  2.585 0.4000000060
15147  -41.413  -51.729  9.729 0.3000000119
114096  -40.814  -51.088  9.726 0.3000000119
13500  -40.564  -53.341  9.340 0.3000000119
11443  -41.304  -56.741  3.716 0.6000000238
12073  -41.021  -55.985  6.148 0.6000000238
125592  -41.280  -57.009  5.086 0.6000000238
114955  -41.578  -53.640  9.604 0.3000000119
10776  -41.863  -57.130  6.937 0.5000000000
11409  -42.337  -56.872  7.635 0.5000000000
11408  -41.751  -56.396  7.711 0.5000000000
11398  -42.514  -56.275  8.277 0.4000000060
11397  -41.892  -55.920  8.357 0.5000000000
10790  -42.386  -57.818  6.361 0.5000000000
11410  -43.147  -56.849  7.780 0.4000000060
12052  -42.965  -55.587  8.719 0.4000000060
12038  -42.603  -55.131  9.097 0.4000000060
12049  -41.100  -55.083  8.255 0.5000000000
10172  -41.789  -58.529  4.711 0.5000000000
10802  -42.143  -58.270  5.515 0.5000000000
12037  -41.973  -54.980  9.155 0.4000000060
123887  -38.705  -69.141  6.089 0.3000000119
3983  -37.909  -69.477  6.165 0.3000000119
4425  -39.916  -68.286  6.404 0.3000000119
123064  -41.001  -67.867  5.929 0.3000000119
5415  -41.746  -66.979  6.578 0.4000000060
4434  -40.299  -68.116  5.533 0.3000000119
4442  -40.307  -67.794  4.338 0.3000000119
5416  -42.210  -66.026  6.346 0.4000000060
5431  -41.798  -66.593  5.683 0.4000000060
4891  -40.797  -67.554  4.878 0.3000000119
4902  -40.530  -67.200  3.847 0.3000000119
6653  -42.939  -64.632  6.404 0.4000000060
7208  -43.103  -64.083  6.460 0.4000000060
5449  -41.515  -66.539  4.755 0.4000000060
4903  -41.051  -66.996  4.470 0.4000000060
5467  -40.278  -66.667  3.460 0.4000000060
5448  -40.838  -66.418  3.895 0.4000000060
8867  -44.736  -60.778  6.133 0.3000000119
7725  -43.742  -63.112  6.847 0.4000000060
127946  -43.447  -62.550  6.592 0.4000000060
121143  -43.265  -63.453  6.547 0.4000000060
6664  -41.982  -64.638  5.226 0.4000000060
6675  -41.399  -65.289  4.518 0.4000000060
6056  -40.848  -65.852  3.923 0.4000000060
10176  -45.615  -58.825  4.936 0.3000000119
8293  -44.158  -61.213  6.232 0.4000000060
118777  -43.214  -61.751  6.314 0.4000000060
8292  -43.721  -61.633  6.429 0.4000000060
126078  -42.620  -62.931  6.365 0.4000000060
8291  -42.212  -61.787  6.216 0.4000000060
130248  -41.679  -63.640  5.748 0.4000000060
7738  -41.697  -62.611  6.198 0.4000000060
7223  -41.237  -64.538  4.784 0.4000000060
6674  -40.769  -65.281  4.185 0.4000000060
9552  -44.992  -59.356  4.761 0.4000000060
8904  -44.378  -60.052  5.169 0.4000000060
8290  -41.009  -61.717  6.158 0.4000000060
6673  -40.065  -65.048  4.014 0.4000000060
7206  -40.620  -63.520  5.150 0.4000000060
6072  -39.745  -66.170  3.317 0.4000000060
9550  -44.073  -59.665  5.091 0.4000000060
8887  -42.911  -60.838  5.882 0.4000000060
8886  -41.692  -60.716  5.795 0.4000000060
7737  -40.275  -62.334  5.705 0.4000000060
7221  -39.635  -63.886  4.523 0.4000000060
7205  -39.591  -62.803  5.155 0.4000000060
10187  -43.474  -59.283  5.122 0.4000000060
10186  -42.356  -59.074  4.829 0.4000000060
10173  -42.774  -58.883  5.178 0.4000000060
12053  -43.674  -55.345  8.440 0.3000000119
12775  -43.305  -54.764  8.994 0.3000000119
8885  -40.563  -60.657  5.436 0.4000000060
10777  -42.727  -57.403  7.150 0.4000000060
13502  -43.156  -53.785  9.351 0.3000000119
9548  -41.810  -59.287  4.662 0.4000000060
6044  -42.477  -65.295  5.797 0.4000000060
6665  -42.544  -64.677  5.772 0.4000000060
6676  -42.076  -65.303  5.032 0.4000000060
6057  -41.458  -65.870  4.423 0.4000000060
8890  -45.183  -60.097  5.428 0.4000000060
8271  -43.840  -62.170  6.750 0.4000000060
9537  -46.273  -59.177  5.270 0.3000000119
8905  -44.898  -59.814  4.961 0.4000000060
8888  -43.875  -60.829  5.807 0.4000000060
125765  -44.770  -58.911  4.916 0.4000000060
9549  -43.037  -59.552  5.207 0.4000000060
10791  -43.401  -57.951  6.485 0.4000000060
7711  -44.562  -62.630  7.832 0.3000000119
5994  -42.562  -65.252  7.929 0.3000000119
6013  -42.073  -65.833  7.668 0.3000000119
6640  -43.179  -64.723  7.726 0.3000000119
6642  -44.074  -63.910  7.471 0.3000000119
5405  -41.946  -66.391  7.240 0.3000000119
6014  -43.192  -64.732  7.074 0.3000000119
7191  -44.025  -63.605  7.242 0.3000000119
8259  -44.345  -61.752  6.985 0.3000000119
10175  -45.149  -58.235  5.306 0.3000000119
10792  -44.473  -57.707  6.189 0.3000000119
10778  -43.803  -57.265  7.060 0.3000000119
12064  -43.517  -56.094  8.207 0.3000000119
8868  -45.425  -60.438  6.268 0.3000000119
10161  -44.144  -58.424  5.634 0.3000000119
4433  -39.449  -68.590  5.792 0.3000000119
4892  -41.391  -67.263  5.576 0.3000000119
4901  -39.914  -67.749  3.542 0.3000000119
4913  -40.094  -67.129  3.362 0.4000000060
6012  -41.487  -66.298  7.728 0.3000000119
6028  -42.735  -65.246  6.545 0.4000000060
6043  -42.053  -65.966  5.214 0.4000000060
6641  -43.771  -64.202  7.527 0.3000000119
6654  -43.656  -64.094  6.944 0.4000000060
6691  -40.331  -65.785  3.623 0.4000000060
7190  -43.636  -63.681  6.795 0.4000000060
7207  -42.547  -64.018  6.084 0.4000000060
7222  -40.552  -64.522  4.452 0.4000000060
7726  -44.089  -62.824  7.231 0.3000000119
7767  -35.879  -62.370  1.802 0.4000000060
7779  -35.697  -61.967  1.371 0.4000000060
8272  -44.959  -61.119  6.889 0.3000000119
8289  -40.176  -61.394  5.633 0.4000000060
8316  -34.591  -61.713  1.724 0.4000000060
8322  -35.814  -61.471  1.498 0.4000000060
8889  -44.571  -60.422  5.501 0.4000000060
8902  -42.429  -60.042  5.257 0.4000000060
8903  -43.593  -60.175  5.361 0.4000000060
8912  -37.561  -60.199  2.027 0.5000000000
9535  -34.535  -59.945  5.009 0.5000000000
9536  -45.484  -59.492  4.976 0.4000000060
9551  -44.639  -59.636  4.896 0.4000000060
9560  -35.960  -60.172  1.748 0.4000000060
9563  -38.250  -59.097  1.588 0.6000000238
10160  -43.095  -58.467  5.760 0.4000000060
10174  -43.854  -58.974  5.188 0.4000000060
10188  -44.402  -59.345  4.936 0.4000000060
10194  -40.627  -58.353  3.028 0.6000000238
10196  -37.801  -58.874  1.686 0.6000000238
10820  -39.842  -57.370  2.144 0.6000000238
11429  -41.434  -56.162  4.203 0.6000000238
11442  -39.670  -55.901  2.983 0.6000000238
12050  -41.638  -55.337  8.622 0.5000000000
12051  -42.251  -55.575  8.755 0.4000000060
12097  -41.878  -55.417  2.299 0.6000000238
12772  -41.053  -53.860  9.386 0.3000000119
12773  -41.750  -54.262  9.464 0.4000000060
12774  -42.548  -54.472  9.394 0.4000000060
12836  -31.364  -54.942  3.136 0.4000000060
12837  -32.260  -54.945  2.541 0.5000000000
12840  -42.008  -55.133  2.257 0.6999999881
13501  -41.061  -53.207  9.644 0.3000000119
13558  -38.148  -52.853  3.276 0.6000000238
14377  -41.699  -52.501  2.183 0.8000000119
14379  -33.407  -53.235  2.376 0.6000000238
14386  -41.242  -52.343  1.591 0.8000000119
14388  -40.759  -51.949  1.429 0.6999999881
15208  -36.369  -51.774  2.640 0.6999999881
15908  -39.824  -49.715  9.897 0.3000000119
15953  -40.561  -50.714  3.410 0.6999999881
15969  -40.402  -51.135  1.459 0.6999999881
16757  -38.474  -49.670  9.391 0.3000000119
16758  -40.313  -48.984  9.884 0.3000000119
16805  -35.721  -49.711  3.278 0.6000000238
18421  -36.057  -47.782  3.903 0.6000000238
19165  -39.284  -46.170  3.512 0.4000000060
19170  -39.037  -45.795  2.877 0.5000000000
19897  -39.788  -46.008  5.284 0.3000000119
19911  -40.076  -45.582  4.619 0.4000000060
19917  -40.342  -45.385  3.586 0.3000000119
20714  -32.984  -44.551  3.502 0.4000000060
20728  -41.425  -44.683  3.268 0.3000000119
20741  -43.006  -44.419  1.309 0.4000000060
21622  -43.280  -44.401  0.878 0.3000000119
21626  -43.064  -44.021  0.393 0.4000000060
22612  -35.373  -41.847  2.600 0.4000000060
22627  -43.837  -43.117  -0.239 0.4000000060
23524  -41.534  -41.827  3.253 0.3000000119
23542  -45.285  -42.158  -0.492 0.4000000060
25227  -33.901  -39.643  1.085 0.4000000060
25228  -40.958  -39.529  3.047 0.4000000060
114009  -41.395  -55.644  7.991 0.5000000000
117130  -42.599  -65.524  7.279 0.3000000119
117825  -38.203  -49.836  7.238 0.5000000000
119877  -39.630  -68.243  4.643 0.3000000119
120090  -44.345  -63.308  7.721 0.3000000119
121640  -42.175  -40.938  2.315 0.4000000060
123428  -41.354  -56.864  6.191 0.6000000238
125249  -39.746  -45.452  5.623 0.3000000119
125762  -41.032  -62.790  5.939 0.4000000060
127429  -37.744  -43.539  2.069 0.4000000060
128040  -41.039  -56.796  2.517 0.6999999881
128785  -41.738  -52.735  2.681 0.5000000000
129341  -32.145  -52.556  2.647 0.5000000000
132593  -34.275  -62.281  1.359 0.4000000060
132644  -40.187  -58.518  2.083 0.5000000000
132863  -36.269  -54.469  4.580 0.6000000238
133123  -34.806  -62.083  1.212 0.4000000060
