#!ascii label  , from subject sub-03 vox2ras=TkReg
1678
31814  7.627  -29.902  79.176 0.0000000000
58398  40.981  -2.000  51.007 0.0000000000
43616  25.586  -16.840  69.319 0.0000000000
46644  34.791  -13.013  74.039 0.0000000000
41682  17.724  -19.035  69.404 0.0000000000
36755  13.800  -23.722  79.629 0.0000000000
66967  48.638  7.085  42.747 0.0000000000
130902  46.472  7.374  53.177 0.0000000000
52498  34.763  -7.060  63.365 0.0000000000
70501  49.272  11.072  32.710 0.0000000000
40661  23.604  -20.193  74.404 0.0000000000
34280  11.455  -26.906  79.241 0.0000000000
66916  47.560  7.737  47.262 0.0000000000
65090  42.934  5.032  47.397 0.0000000000
56381  41.706  -3.501  56.609 0.0000000000
60275  44.866  0.128  57.142 0.0000000000
123756  37.093  -6.186  56.971 0.0000000000
45646  33.549  -14.120  67.846 0.0000000000
44521  30.641  -15.836  71.386 0.0000000000
41610  19.801  -18.784  74.553 0.0000000000
39641  17.123  -20.913  79.503 0.0000000000
39680  15.325  -21.609  74.436 0.0000000000
36834  12.271  -24.262  74.124 0.0000000000
42702  21.552  -18.182  69.204 0.0000000000
68789  52.985  9.409  41.714 0.0000000000
69615  53.190  11.099  48.018 0.0000000000
62195  44.676  2.551  51.776 0.0000000000
56322  36.816  -4.683  63.343 0.0000000000
49801  38.446  -10.518  69.519 0.0000000000
111478  49.303  7.618  37.210 0.0000000000
67040  55.072  7.570  36.109 0.0000000000
68835  57.043  10.129  33.401 0.0000000000
40613  23.202  -20.272  77.505 0.0000000000
32643  9.704  -29.034  79.311 0.0000000000
32625  10.991  -28.829  82.634 0.0000000000
31790  9.070  -30.499  82.053 0.0000000000
65122  42.817  4.793  44.489 0.0000000000
57308  41.515  -2.843  60.629 0.0000000000
57306  43.166  -2.132  59.769 0.0000000000
32619  3.691  -28.538  82.727 0.0000000000
54520  36.235  -5.028  53.929 0.0000000000
113071  27.050  -15.530  67.180 0.0000000000
44571  29.396  -15.341  68.476 0.0000000000
44539  28.031  -15.737  70.154 0.0000000000
41645  18.893  -18.993  72.354 0.0000000000
40662  17.597  -19.366  74.431 0.0000000000
40694  16.016  -19.878  71.592 0.0000000000
113519  19.501  -18.080  68.803 0.0000000000
111758  20.678  -18.984  71.511 0.0000000000
38723  15.335  -22.249  79.668 0.0000000000
67871  50.571  7.959  42.470 0.0000000000
127053  53.395  9.912  44.762 0.0000000000
67838  50.056  9.154  45.401 0.0000000000
66883  46.773  7.395  50.247 0.0000000000
122576  49.430  9.036  50.835 0.0000000000
60382  40.189  0.713  48.331 0.0000000000
62207  41.280  2.481  48.941 0.0000000000
60356  43.511  -0.023  50.986 0.0000000000
53508  33.506  -6.731  60.742 0.0000000000
55372  34.811  -4.700  60.689 0.0000000000
55309  35.150  -5.804  63.891 0.0000000000
46687  35.460  -14.782  71.355 0.0000000000
46721  36.712  -12.832  68.502 0.0000000000
47779  36.804  -12.431  72.614 0.0000000000
123576  46.900  7.027  40.298 0.0000000000
110805  46.722  7.840  37.671 0.0000000000
66999  49.241  7.135  39.564 0.0000000000
66997  51.570  7.956  39.081 0.0000000000
116141  53.582  10.929  31.948 0.0000000000
68837  53.180  10.270  33.405 0.0000000000
67936  56.707  9.513  34.902 0.0000000000
67092  52.377  8.091  33.867 0.0000000000
125375  24.728  -18.867  71.182 0.0000000000
42653  27.144  -18.173  71.734 0.0000000000
111137  26.973  -20.074  74.717 0.0000000000
115399  12.180  -26.038  79.479 0.0000000000
35044  13.468  -26.118  82.730 0.0000000000
33460  12.187  -27.708  82.396 0.0000000000
115637  45.981  5.653  42.291 0.0000000000
66935  48.045  8.118  45.161 0.0000000000
66057  45.778  6.252  45.031 0.0000000000
66022  44.614  6.726  47.228 0.0000000000
115232  44.333  5.708  50.277 0.0000000000
132598  41.171  -2.887  53.548 0.0000000000
59306  43.183  -1.026  54.111 0.0000000000
58335  43.839  -2.012  56.622 0.0000000000
51650  36.503  -8.926  62.655 0.0000000000
129140  37.304  -12.002  75.047 0.0000000000
31816  5.478  -29.261  79.624 0.0000000000
31791  6.829  -30.584  82.089 0.0000000000
31793  5.196  -29.647  82.380 0.0000000000
110864  38.764  -2.785  50.731 0.0000000000
56400  38.719  -3.630  54.228 0.0000000000
55420  39.728  -4.639  56.681 0.0000000000
131581  39.780  -4.227  60.125 0.0000000000
44587  31.472  -15.295  67.035 0.0000000000
44551  32.682  -15.752  69.512 0.0000000000
44506  33.290  -15.231  72.516 0.0000000000
43581  29.251  -16.698  73.044 0.0000000000
44486  31.502  -15.396  74.300 0.0000000000
41576  20.756  -19.671  76.784 0.0000000000
40581  19.772  -19.758  79.765 0.0000000000
114568  18.646  -19.995  76.982 0.0000000000
39661  16.471  -21.122  77.145 0.0000000000
37738  14.645  -22.579  77.349 0.0000000000
39713  14.754  -21.018  71.713 0.0000000000
37791  14.062  -23.165  74.396 0.0000000000
36788  13.166  -24.280  77.256 0.0000000000
35091  11.938  -25.813  76.528 0.0000000000
34299  9.996  -27.374  76.286 0.0000000000
32670  7.921  -28.700  76.638 0.0000000000
44614  24.479  -15.515  66.432 0.0000000000
44616  22.555  -15.784  66.246 0.0000000000
42717  23.972  -17.693  68.623 0.0000000000
41644  22.523  -19.239  71.910 0.0000000000
41607  21.538  -19.782  73.929 0.0000000000
68713  55.001  9.343  47.469 0.0000000000
113187  49.868  9.361  48.211 0.0000000000
130361  40.594  3.216  46.960 0.0000000000
64084  42.841  4.329  49.751 0.0000000000
65048  45.323  5.174  51.923 0.0000000000
61243  44.148  1.812  54.461 0.0000000000
63095  45.188  3.978  55.102 0.0000000000
127802  34.669  -6.677  57.191 0.0000000000
55383  37.309  -5.740  60.112 0.0000000000
56320  39.123  -4.488  63.970 0.0000000000
131592  37.425  -11.051  65.849 0.0000000000
51615  37.770  -8.670  66.810 0.0000000000
50670  37.980  -9.513  73.318 0.0000000000
51592  37.865  -7.943  70.437 0.0000000000
53463  35.603  -6.243  67.033 0.0000000000
56264  36.485  -4.746  67.059 0.0000000000
57222  39.088  -3.671  67.069 0.0000000000
67941  49.347  8.498  34.176 0.0000000000
67043  51.789  7.606  36.652 0.0000000000
67894  54.345  9.118  39.000 0.0000000000
40594  23.823  -20.123  77.818 0.0000000000
31821  8.234  -29.556  78.674 0.0000000000
31805  9.603  -29.763  80.507 0.0000000000
31798  8.711  -30.221  81.028 0.0000000000
113602  41.665  -2.876  61.585 0.0000000000
57300  42.303  -2.532  61.090 0.0000000000
33454  3.153  -27.913  83.195 0.0000000000
44574  26.712  -15.972  68.441 0.0000000000
44573  27.436  -15.693  68.778 0.0000000000
43614  27.153  -16.134  69.977 0.0000000000
41672  17.834  -19.187  70.346 0.0000000000
41647  17.334  -19.338  71.928 0.0000000000
41661  17.039  -19.308  70.802 0.0000000000
117322  18.588  -17.660  67.658 0.0000000000
42706  18.456  -18.627  68.996 0.0000000000
42688  19.270  -18.465  70.273 0.0000000000
37710  14.261  -23.131  79.371 0.0000000000
37682  14.355  -23.487  81.125 0.0000000000
66966  49.902  7.686  42.467 0.0000000000
67862  50.623  8.450  43.850 0.0000000000
66958  49.346  7.840  43.779 0.0000000000
66875  46.469  7.549  51.728 0.0000000000
132573  47.422  8.418  52.177 0.0000000000
58416  40.638  -0.783  49.518 0.0000000000
59391  41.696  -0.094  49.460 0.0000000000
59364  42.507  -1.397  50.827 0.0000000000
115050  34.227  -7.521  61.732 0.0000000000
52507  34.003  -6.797  62.285 0.0000000000
54360  34.053  -5.892  62.114 0.0000000000
53491  34.653  -6.481  63.634 0.0000000000
46672  35.105  -14.287  72.288 0.0000000000
47793  36.555  -13.602  71.472 0.0000000000
47781  35.380  -13.034  73.125 0.0000000000
66975  47.342  6.781  40.882 0.0000000000
66986  47.674  7.170  40.076 0.0000000000
66985  48.989  7.111  41.075 0.0000000000
66983  50.434  7.654  41.021 0.0000000000
69712  52.154  11.293  32.646 0.0000000000
69696  51.636  10.539  33.031 0.0000000000
67958  52.785  9.065  33.612 0.0000000000
68839  51.039  9.486  33.318 0.0000000000
41623  24.085  -19.599  72.876 0.0000000000
40674  25.826  -19.730  73.328 0.0000000000
40659  25.504  -19.911  74.145 0.0000000000
129142  11.745  -26.468  79.130 0.0000000000
35059  12.279  -26.142  81.361 0.0000000000
34269  11.462  -27.352  81.151 0.0000000000
31780  10.861  -29.984  83.649 0.0000000000
31779  11.508  -29.872  83.501 0.0000000000
66085  44.224  5.514  41.740 0.0000000000
65134  45.821  5.716  44.020 0.0000000000
65135  44.971  5.471  43.735 0.0000000000
65111  42.689  4.886  45.545 0.0000000000
111170  44.010  5.900  46.208 0.0000000000
65099  44.052  6.171  46.991 0.0000000000
66011  44.759  6.236  49.043 0.0000000000
127752  43.905  5.514  48.326 0.0000000000
56397  41.293  -3.331  55.015 0.0000000000
57349  42.589  -2.522  54.827 0.0000000000
57333  43.036  -2.574  56.871 0.0000000000
125377  44.579  6.669  40.767 0.0000000000
31801  5.449  -29.649  81.567 0.0000000000
32634  4.809  -29.102  81.872 0.0000000000
56438  37.389  -3.441  50.433 0.0000000000
56419  38.445  -3.244  52.510 0.0000000000
56420  37.595  -3.686  52.343 0.0000000000
54472  37.227  -5.592  55.712 0.0000000000
110676  37.953  -4.576  54.998 0.0000000000
54430  38.566  -5.870  57.121 0.0000000000
55398  39.515  -4.691  58.257 0.0000000000
55399  38.839  -5.216  58.634 0.0000000000
126080  30.307  -15.571  66.304 0.0000000000
112277  30.194  -15.661  69.828 0.0000000000
44570  30.936  -15.578  68.570 0.0000000000
113233  31.896  -15.967  70.802 0.0000000000
44518  33.391  -15.942  70.891 0.0000000000
128688  31.917  -15.859  72.306 0.0000000000
41621  28.790  -18.652  73.415 0.0000000000
42651  28.629  -17.156  72.547 0.0000000000
42630  29.497  -18.143  73.783 0.0000000000
44472  31.909  -16.423  74.703 0.0000000000
45525  33.598  -15.819  74.382 0.0000000000
110926  20.244  -19.183  76.188 0.0000000000
41577  19.911  -19.514  76.801 0.0000000000
41578  19.427  -19.182  76.046 0.0000000000
40664  16.556  -20.229  73.911 0.0000000000
40648  17.259  -20.361  75.777 0.0000000000
39679  16.181  -21.150  75.549 0.0000000000
38754  15.134  -21.911  77.063 0.0000000000
38772  15.225  -22.233  75.101 0.0000000000
40705  14.909  -20.687  69.881 0.0000000000
36851  12.200  -23.526  72.540 0.0000000000
37833  13.238  -22.456  72.492 0.0000000000
36833  13.030  -23.885  74.152 0.0000000000
37754  13.429  -23.661  75.531 0.0000000000
35890  12.855  -24.241  75.666 0.0000000000
35884  12.278  -25.133  76.463 0.0000000000
115477  11.723  -25.011  75.174 0.0000000000
33495  9.445  -27.899  76.542 0.0000000000
44636  25.959  -14.764  65.927 0.0000000000
45668  24.544  -14.710  65.332 0.0000000000
43632  20.933  -17.138  67.791 0.0000000000
43631  21.822  -17.251  67.797 0.0000000000
43645  23.252  -16.641  67.428 0.0000000000
42718  23.042  -17.889  68.461 0.0000000000
42683  23.670  -18.335  70.209 0.0000000000
42685  21.872  -18.260  70.075 0.0000000000
41627  20.257  -18.647  73.708 0.0000000000
42639  21.207  -18.894  73.085 0.0000000000
41609  20.587  -18.768  74.461 0.0000000000
41591  21.143  -19.586  75.504 0.0000000000
39639  18.643  -20.195  80.158 0.0000000000
30941  6.285  -31.034  82.769 0.0000000000
30940  7.410  -31.279  82.908 0.0000000000
68769  54.375  9.933  43.200 0.0000000000
68733  52.644  10.387  46.104 0.0000000000
69622  53.768  10.766  46.272 0.0000000000
69614  53.981  10.730  47.810 0.0000000000
69594  53.786  10.601  49.798 0.0000000000
66926  47.461  7.654  46.412 0.0000000000
67829  48.656  8.764  46.320 0.0000000000
67822  48.813  8.658  47.236 0.0000000000
67788  50.490  9.940  51.247 0.0000000000
62201  42.469  2.555  50.162 0.0000000000
63128  42.207  3.057  49.812 0.0000000000
63126  43.324  3.608  50.739 0.0000000000
115045  44.134  4.701  51.153 0.0000000000
63112  44.982  3.984  52.068 0.0000000000
59287  44.224  -0.094  55.995 0.0000000000
60316  43.856  0.312  54.291 0.0000000000
60303  44.160  0.973  55.754 0.0000000000
115558  33.198  -6.216  58.231 0.0000000000
110609  35.979  -4.954  61.986 0.0000000000
133342  36.020  -4.884  60.806 0.0000000000
55337  37.236  -5.013  62.354 0.0000000000
119995  38.033  -5.126  62.108 0.0000000000
56321  38.029  -4.520  64.199 0.0000000000
45655  33.538  -14.331  66.104 0.0000000000
112095  34.550  -13.441  67.146 0.0000000000
47811  37.838  -12.084  69.263 0.0000000000
48878  37.047  -11.910  67.165 0.0000000000
124018  38.069  -10.957  67.279 0.0000000000
50720  37.839  -9.613  66.382 0.0000000000
50708  38.341  -9.344  68.191 0.0000000000
49763  37.754  -10.865  74.118 0.0000000000
53436  37.736  -6.647  70.723 0.0000000000
52462  37.053  -6.277  68.408 0.0000000000
53446  37.126  -6.013  68.787 0.0000000000
133626  35.469  -5.620  67.291 0.0000000000
55272  37.343  -5.422  68.616 0.0000000000
67031  48.347  7.550  37.148 0.0000000000
67063  49.757  7.422  35.497 0.0000000000
67062  50.643  7.373  35.201 0.0000000000
113769  50.994  7.555  36.944 0.0000000000
116048  52.364  9.113  41.086 0.0000000000
67896  52.786  8.811  39.314 0.0000000000
68798  53.976  9.582  40.617 0.0000000000
68797  54.943  9.434  40.220 0.0000000000
69709  55.099  10.508  33.068 0.0000000000
67058  55.468  7.965  35.410 0.0000000000
67024  56.323  7.800  37.191 0.0000000000
67009  56.370  8.042  37.924 0.0000000000
114270  23.765  -20.513  76.157 0.0000000000
111955  24.854  -19.920  76.142 0.0000000000
40612  24.089  -19.947  77.449 0.0000000000
33484  10.452  -28.109  78.571 0.0000000000
33472  11.104  -27.869  80.395 0.0000000000
32639  10.224  -29.141  79.995 0.0000000000
31789  9.874  -30.050  82.484 0.0000000000
30938  9.480  -30.806  83.742 0.0000000000
64144  41.387  4.107  44.458 0.0000000000
64128  41.335  4.086  45.422 0.0000000000
110831  41.455  -3.370  58.290 0.0000000000
57325  42.684  -2.664  58.394 0.0000000000
57307  42.367  -2.437  60.203 0.0000000000
58284  43.976  -2.160  61.219 0.0000000000
32635  4.286  -28.419  81.688 0.0000000000
132649  3.596  -27.486  81.968 0.0000000000
32620  2.848  -28.184  83.431 0.0000000000
54558  36.024  -4.904  52.242 0.0000000000
54474  35.553  -5.781  55.212 0.0000000000
44609  29.470  -15.507  66.558 0.0000000000
44572  28.579  -15.444  68.191 0.0000000000
129407  28.843  -15.577  69.924 0.0000000000
123628  29.410  -15.683  70.875 0.0000000000
41628  19.050  -19.011  73.183 0.0000000000
41611  18.900  -18.953  74.699 0.0000000000
41629  18.186  -19.277  72.988 0.0000000000
111750  16.538  -19.869  72.982 0.0000000000
39695  15.742  -20.655  73.210 0.0000000000
112354  11.106  -25.278  73.951 0.0000000000
35913  10.432  -24.558  72.308 0.0000000000
43633  20.080  -16.996  67.778 0.0000000000
42703  20.643  -18.196  69.050 0.0000000000
111131  21.077  -18.728  70.631 0.0000000000
42687  19.819  -18.336  70.563 0.0000000000
42657  19.865  -18.733  72.085 0.0000000000
38734  16.469  -21.276  79.937 0.0000000000
118071  52.253  8.843  42.033 0.0000000000
68770  52.939  8.904  43.554 0.0000000000
67851  52.070  8.663  43.952 0.0000000000
68748  51.670  9.734  45.596 0.0000000000
68735  51.547  10.175  46.351 0.0000000000
66905  47.269  7.508  48.732 0.0000000000
67801  48.825  8.236  49.320 0.0000000000
67789  48.433  8.488  50.783 0.0000000000
68687  48.948  9.758  52.421 0.0000000000
62211  40.373  2.319  47.602 0.0000000000
61286  41.069  1.718  48.480 0.0000000000
127755  42.047  1.079  49.667 0.0000000000
115845  43.895  1.217  51.478 0.0000000000
132851  45.242  1.533  57.381 0.0000000000
54385  32.593  -6.155  59.754 0.0000000000
54402  33.670  -6.161  59.252 0.0000000000
55358  34.224  -5.856  60.425 0.0000000000
118874  34.791  -5.119  61.996 0.0000000000
129241  35.934  -5.223  63.933 0.0000000000
45635  34.257  -14.538  69.081 0.0000000000
46741  34.951  -13.518  68.070 0.0000000000
46704  35.974  -13.979  69.469 0.0000000000
47803  37.020  -12.980  70.027 0.0000000000
48851  38.115  -11.421  70.906 0.0000000000
67017  45.703  8.199  38.648 0.0000000000
67034  45.954  8.271  37.761 0.0000000000
132210  46.893  7.679  39.067 0.0000000000
111032  47.981  7.468  38.838 0.0000000000
111110  49.009  7.745  37.970 0.0000000000
67012  50.649  7.741  38.590 0.0000000000
66998  50.220  7.358  39.409 0.0000000000
67886  51.231  8.013  40.890 0.0000000000
70511  52.201  11.862  32.259 0.0000000000
69694  53.687  10.772  33.141 0.0000000000
69693  55.070  10.327  33.550 0.0000000000
117207  56.637  10.163  34.464 0.0000000000
67956  55.063  10.011  33.918 0.0000000000
67938  54.170  8.437  34.220 0.0000000000
67059  54.392  7.647  35.458 0.0000000000
42681  25.503  -17.954  70.251 0.0000000000
42665  26.629  -17.555  71.160 0.0000000000
41656  26.290  -18.586  71.466 0.0000000000
40673  26.811  -19.355  73.120 0.0000000000
40656  28.662  -19.851  74.699 0.0000000000
35865  13.169  -24.990  79.437 0.0000000000
36748  13.376  -24.576  80.882 0.0000000000
35065  12.805  -25.320  80.821 0.0000000000
34261  12.961  -26.463  82.581 0.0000000000
33461  11.479  -28.146  82.224 0.0000000000
32615  12.313  -28.940  82.604 0.0000000000
66082  47.446  6.469  42.492 0.0000000000
66960  48.054  7.502  44.146 0.0000000000
66069  47.153  6.303  43.402 0.0000000000
66055  47.096  6.940  45.049 0.0000000000
66927  46.711  7.136  46.224 0.0000000000
65120  44.532  5.523  44.486 0.0000000000
66040  45.213  6.631  45.817 0.0000000000
66020  46.258  7.146  47.436 0.0000000000
126063  46.136  6.808  48.962 0.0000000000
65988  45.539  6.266  50.362 0.0000000000
110802  46.086  6.276  51.742 0.0000000000
57384  41.282  -2.238  52.316 0.0000000000
58396  42.616  -1.591  51.877 0.0000000000
58363  42.682  -1.575  53.691 0.0000000000
59272  43.761  -1.677  55.660 0.0000000000
131446  44.513  -1.517  56.792 0.0000000000
58318  44.098  -2.125  58.112 0.0000000000
58317  45.002  -1.979  58.084 0.0000000000
58324  45.500  -1.151  57.923 0.0000000000
51642  36.113  -8.195  63.182 0.0000000000
48803  35.468  -12.682  74.883 0.0000000000
67898  44.109  8.344  39.084 0.0000000000
66988  45.054  7.265  40.191 0.0000000000
66106  46.496  6.708  40.915 0.0000000000
71335  48.994  13.062  31.782 0.0000000000
70515  48.914  11.888  32.504 0.0000000000
31815  6.275  -29.666  79.246 0.0000000000
31799  7.478  -30.507  81.202 0.0000000000
31807  5.932  -30.072  80.825 0.0000000000
31792  5.955  -30.170  82.534 0.0000000000
31771  5.612  -30.549  82.974 0.0000000000
32618  4.463  -29.457  82.687 0.0000000000
58417  39.528  -1.260  49.035 0.0000000000
57415  38.374  -2.292  49.374 0.0000000000
57399  40.232  -2.145  50.583 0.0000000000
57386  39.508  -2.853  52.188 0.0000000000
56409  40.174  -3.254  54.209 0.0000000000
56390  40.015  -3.785  55.327 0.0000000000
55452  37.534  -4.210  53.490 0.0000000000
55429  39.383  -4.172  55.414 0.0000000000
55409  40.451  -4.289  57.031 0.0000000000
56365  40.709  -3.721  58.516 0.0000000000
56345  40.358  -3.862  60.063 0.0000000000
56339  40.600  -3.801  61.534 0.0000000000
132018  32.557  -14.743  67.385 0.0000000000
44588  30.885  -15.536  67.655 0.0000000000
44569  31.601  -15.493  68.087 0.0000000000
44567  33.216  -15.248  68.887 0.0000000000
45608  33.953  -15.509  70.349 0.0000000000
45580  33.907  -14.944  72.014 0.0000000000
133526  34.001  -14.198  73.402 0.0000000000
43596  27.808  -16.432  71.382 0.0000000000
43595  28.397  -15.965  71.747 0.0000000000
44508  29.516  -15.805  72.313 0.0000000000
43565  30.971  -17.356  74.339 0.0000000000
44488  30.318  -15.808  74.061 0.0000000000
44507  30.945  -15.685  72.754 0.0000000000
45562  32.342  -15.123  73.800 0.0000000000
117975  33.313  -15.067  74.138 0.0000000000
46614  34.935  -14.155  74.718 0.0000000000
40597  21.478  -20.366  77.930 0.0000000000
40615  20.196  -19.878  78.168 0.0000000000
120710  19.491  -19.722  78.717 0.0000000000
40600  18.210  -20.500  78.544 0.0000000000
40647  17.988  -19.579  75.627 0.0000000000
39669  17.326  -20.698  76.850 0.0000000000
39651  16.893  -21.030  78.550 0.0000000000
38746  16.022  -21.969  78.369 0.0000000000
37726  14.828  -22.728  78.254 0.0000000000
37727  14.202  -23.135  77.927 0.0000000000
125552  16.039  -19.972  69.714 0.0000000000
39712  15.503  -20.432  71.673 0.0000000000
39704  14.792  -21.245  72.794 0.0000000000
38813  13.250  -21.926  71.349 0.0000000000
38800  14.170  -21.602  72.720 0.0000000000
38781  14.692  -21.923  74.212 0.0000000000
38773  14.366  -22.478  75.714 0.0000000000
37739  13.894  -23.156  77.012 0.0000000000
117028  13.392  -24.321  78.197 0.0000000000
35870  12.775  -25.029  77.875 0.0000000000
35871  12.173  -25.678  77.988 0.0000000000
35072  11.520  -26.711  78.426 0.0000000000
127151  11.254  -25.633  75.118 0.0000000000
34298  10.736  -27.008  76.894 0.0000000000
34291  10.968  -27.215  77.668 0.0000000000
132247  9.955  -28.296  77.973 0.0000000000
32661  8.392  -28.921  77.457 0.0000000000
32662  7.383  -29.138  77.378 0.0000000000
31828  6.713  -29.296  77.847 0.0000000000
32655  5.232  -28.389  78.295 0.0000000000
44612  26.710  -15.060  66.422 0.0000000000
113252  26.301  -15.396  66.906 0.0000000000
43643  25.048  -16.365  67.844 0.0000000000
44615  23.757  -15.554  66.276 0.0000000000
43644  24.150  -16.519  67.584 0.0000000000
43617  24.841  -17.271  68.922 0.0000000000
42682  24.740  -18.284  70.045 0.0000000000
41658  24.001  -18.930  71.346 0.0000000000
122743  22.922  -19.514  72.737 0.0000000000
42669  21.464  -19.057  71.307 0.0000000000
125128  22.138  -19.248  72.816 0.0000000000
41606  22.381  -20.335  74.359 0.0000000000
111638  21.749  -20.216  76.192 0.0000000000
40614  21.933  -20.182  77.083 0.0000000000
30952  8.069  -30.755  81.894 0.0000000000
30939  8.627  -30.832  83.245 0.0000000000
69643  54.368  10.244  44.919 0.0000000000
67839  49.259  8.859  45.300 0.0000000000
116095  50.075  9.653  46.057 0.0000000000
68715  51.356  10.309  48.312 0.0000000000
67808  50.187  9.445  49.295 0.0000000000
68708  51.289  10.140  49.393 0.0000000000
69595  53.023  10.929  49.970 0.0000000000
64129  40.729  3.603  45.582 0.0000000000
124003  41.475  4.415  47.015 0.0000000000
63143  41.149  3.073  47.906 0.0000000000
64099  41.945  4.151  48.164 0.0000000000
116245  42.600  4.397  48.574 0.0000000000
65067  44.012  5.403  50.191 0.0000000000
65057  44.573  5.326  51.231 0.0000000000
65047  46.096  5.805  52.322 0.0000000000
59322  43.674  -0.403  52.874 0.0000000000
60341  44.062  0.267  52.449 0.0000000000
61249  44.574  1.672  53.536 0.0000000000
61233  44.512  1.798  56.112 0.0000000000
62175  44.524  2.521  54.911 0.0000000000
62182  45.159  3.042  53.511 0.0000000000
64057  45.437  4.544  53.375 0.0000000000
65030  45.831  5.568  54.385 0.0000000000
123016  34.239  -6.915  55.328 0.0000000000
117612  36.374  -6.402  57.015 0.0000000000
54416  34.669  -6.001  58.627 0.0000000000
54399  35.829  -5.398  59.213 0.0000000000
54413  37.281  -5.901  58.377 0.0000000000
118365  38.202  -5.178  60.082 0.0000000000
55351  39.770  -4.320  61.851 0.0000000000
56318  40.158  -3.612  63.323 0.0000000000
47842  35.718  -12.581  67.147 0.0000000000
49833  37.433  -10.023  65.099 0.0000000000
51632  36.986  -8.572  64.554 0.0000000000
52482  36.512  -7.715  65.034 0.0000000000
48821  37.124  -11.806  73.785 0.0000000000
48831  37.711  -11.031  72.404 0.0000000000
124874  37.931  -9.791  70.975 0.0000000000
51584  38.113  -8.467  71.831 0.0000000000
51598  37.833  -8.583  69.891 0.0000000000
125295  38.036  -7.420  68.053 0.0000000000
52469  37.158  -6.839  66.864 0.0000000000
53482  35.462  -6.483  65.106 0.0000000000
53473  35.409  -6.113  65.633 0.0000000000
55301  35.702  -5.449  65.549 0.0000000000
110906  36.300  -4.521  65.712 0.0000000000
56235  38.407  -4.329  68.916 0.0000000000
56263  37.615  -4.042  67.241 0.0000000000
56291  37.611  -4.009  65.628 0.0000000000
56289  39.413  -3.797  65.317 0.0000000000
70502  48.179  11.204  33.070 0.0000000000
68840  50.054  9.676  33.476 0.0000000000
67093  51.471  7.885  33.896 0.0000000000
67060  52.328  7.386  35.361 0.0000000000
122664  53.182  7.537  36.403 0.0000000000
67011  51.558  8.020  38.231 0.0000000000
67916  53.190  8.420  37.788 0.0000000000
67915  54.185  8.223  37.703 0.0000000000
68810  55.342  9.168  38.995 0.0000000000
40578  22.550  -20.461  78.216 0.0000000000
31813  8.515  -29.795  79.448 0.0000000000
57288  41.723  -2.966  62.496 0.0000000000
115217  42.342  -2.494  62.925 0.0000000000
43626  26.095  -16.280  68.946 0.0000000000
44557  26.849  -15.964  69.244 0.0000000000
43615  26.366  -16.515  69.674 0.0000000000
41673  17.017  -19.296  69.915 0.0000000000
42689  18.569  -18.802  69.873 0.0000000000
37694  14.285  -23.289  80.247 0.0000000000
36747  13.788  -23.859  80.526 0.0000000000
131809  48.994  7.285  42.329 0.0000000000
118041  49.321  7.480  42.887 0.0000000000
66866  46.336  7.259  52.383 0.0000000000
67771  46.756  7.986  52.424 0.0000000000
66865  46.494  7.597  52.938 0.0000000000
58408  40.882  -1.589  50.126 0.0000000000
58407  41.339  -0.798  49.784 0.0000000000
58397  41.685  -1.598  50.469 0.0000000000
52506  34.449  -7.254  62.617 0.0000000000
53501  34.220  -6.595  63.030 0.0000000000
52491  35.153  -6.735  64.141 0.0000000000
46659  34.689  -13.702  73.125 0.0000000000
46658  35.398  -13.573  72.652 0.0000000000
134037  34.989  -13.024  73.493 0.0000000000
66094  47.796  6.668  41.669 0.0000000000
110736  48.202  6.925  40.900 0.0000000000
111502  48.631  6.983  41.842 0.0000000000
66974  49.391  7.386  41.913 0.0000000000
69713  51.279  11.339  32.735 0.0000000000
69697  50.697  10.453  33.068 0.0000000000
68838  52.152  9.794  33.288 0.0000000000
40676  24.114  -19.798  73.752 0.0000000000
40675  24.905  -19.761  73.518 0.0000000000
40660  24.607  -19.885  74.344 0.0000000000
34274  11.478  -27.142  80.140 0.0000000000
132744  43.969  5.156  42.236 0.0000000000
65153  44.571  5.156  42.715 0.0000000000
65101  42.701  5.027  46.521 0.0000000000
65100  43.429  5.503  46.756 0.0000000000
65089  43.648  5.537  47.586 0.0000000000
56388  41.505  -3.455  55.822 0.0000000000
57342  42.210  -3.137  56.087 0.0000000000
56373  42.406  -3.128  56.825 0.0000000000
120807  4.809  -28.850  81.121 0.0000000000
56439  36.749  -3.719  49.971 0.0000000000
55485  36.611  -4.131  50.699 0.0000000000
56432  37.288  -3.705  51.463 0.0000000000
55474  36.704  -4.283  51.522 0.0000000000
54450  37.793  -5.992  56.396 0.0000000000
54412  38.168  -5.562  58.087 0.0000000000
114608  30.202  -15.785  70.664 0.0000000000
131709  30.820  -15.866  70.135 0.0000000000
44536  31.126  -15.911  70.728 0.0000000000
44520  31.544  -15.911  71.431 0.0000000000
41604  29.191  -19.086  74.099 0.0000000000
41603  29.812  -18.547  74.501 0.0000000000
41593  20.187  -18.939  75.362 0.0000000000
124433  19.380  -18.985  75.233 0.0000000000
39687  15.970  -21.072  74.268 0.0000000000
132634  16.154  -21.062  74.932 0.0000000000
38771  15.734  -21.467  75.005 0.0000000000
38762  15.596  -21.693  75.680 0.0000000000
36842  12.683  -23.745  73.399 0.0000000000
36818  12.895  -24.060  74.880 0.0000000000
36819  12.226  -24.452  75.035 0.0000000000
35891  12.278  -24.790  75.743 0.0000000000
35898  11.711  -24.854  74.433 0.0000000000
42720  21.223  -17.810  68.346 0.0000000000
43647  21.514  -16.693  67.247 0.0000000000
42719  22.126  -17.870  68.415 0.0000000000
42701  22.436  -18.078  69.342 0.0000000000
127051  20.865  -18.998  75.130 0.0000000000
39640  17.987  -20.608  79.419 0.0000000000
30931  6.030  -31.183  83.150 0.0000000000
30061  6.765  -31.560  83.584 0.0000000000
68788  53.892  9.645  41.551 0.0000000000
68777  54.691  10.048  42.345 0.0000000000
68778  53.781  9.518  42.413 0.0000000000
132989  52.483  11.068  47.431 0.0000000000
69623  53.214  11.182  47.012 0.0000000000
69604  53.924  10.617  48.803 0.0000000000
69605  53.112  10.903  48.979 0.0000000000
66925  48.148  8.144  46.754 0.0000000000
129633  48.179  8.128  47.507 0.0000000000
124682  44.078  2.835  51.134 0.0000000000
62200  43.163  2.683  50.650 0.0000000000
63119  43.956  3.939  51.146 0.0000000000
123936  44.668  3.422  51.575 0.0000000000
60304  43.983  0.192  55.143 0.0000000000
60291  44.574  0.430  56.536 0.0000000000
54418  32.395  -5.948  58.540 0.0000000000
55338  36.659  -4.950  62.553 0.0000000000
55321  37.307  -4.715  63.259 0.0000000000
110917  37.247  -4.324  63.973 0.0000000000
46743  33.855  -13.967  66.979 0.0000000000
46742  34.134  -13.682  67.766 0.0000000000
48862  38.240  -11.437  69.288 0.0000000000
48870  37.961  -11.697  68.492 0.0000000000
49807  38.414  -11.026  68.757 0.0000000000
50714  38.321  -10.274  67.643 0.0000000000
124404  38.484  -10.278  68.541 0.0000000000
112551  37.593  -6.550  71.462 0.0000000000
53445  37.872  -6.168  69.933 0.0000000000
54303  37.452  -5.936  69.186 0.0000000000
55266  37.042  -5.822  68.770 0.0000000000
55265  37.815  -5.520  69.449 0.0000000000
67046  48.224  7.357  36.117 0.0000000000
133402  48.857  7.426  36.497 0.0000000000
110840  48.943  7.343  35.744 0.0000000000
67045  49.568  7.437  36.391 0.0000000000
113129  50.377  7.401  36.234 0.0000000000
111313  50.153  7.632  37.120 0.0000000000
133713  52.736  9.289  40.546 0.0000000000
68799  53.089  9.567  40.898 0.0000000000
69707  56.551  10.283  33.029 0.0000000000
68851  57.040  9.665  32.601 0.0000000000
68834  57.516  9.434  33.318 0.0000000000
67039  56.186  7.939  36.233 0.0000000000
112284  55.563  7.597  36.792 0.0000000000
111490  23.551  -20.320  76.854 0.0000000000
40630  24.261  -19.979  76.834 0.0000000000
33479  10.310  -28.540  79.272 0.0000000000
31797  9.719  -29.917  81.479 0.0000000000
31781  10.106  -30.273  83.383 0.0000000000
30947  9.286  -30.622  82.994 0.0000000000
64127  42.033  4.461  45.044 0.0000000000
115698  40.770  3.815  44.760 0.0000000000
56364  41.136  -3.178  59.082 0.0000000000
57326  41.933  -2.930  58.821 0.0000000000
57316  41.717  -2.808  59.667 0.0000000000
33468  3.787  -27.520  81.457 0.0000000000
44611  27.648  -15.410  66.593 0.0000000000
44590  28.017  -15.553  67.512 0.0000000000
44556  27.563  -15.771  69.466 0.0000000000
44555  28.396  -15.527  69.108 0.0000000000
44538  28.794  -15.649  70.611 0.0000000000
40686  16.612  -19.572  72.046 0.0000000000
41630  17.317  -19.461  72.636 0.0000000000
40687  15.904  -20.083  72.343 0.0000000000
42723  19.097  -17.668  68.208 0.0000000000
42730  19.211  -17.044  67.608 0.0000000000
42722  19.657  -17.501  68.265 0.0000000000
42721  20.352  -17.596  68.328 0.0000000000
122838  19.957  -18.043  68.961 0.0000000000
115616  20.161  -18.154  69.846 0.0000000000
42704  19.657  -18.221  69.699 0.0000000000
41659  18.782  -18.882  71.600 0.0000000000
42672  19.362  -18.619  71.098 0.0000000000
42658  19.394  -18.704  71.817 0.0000000000
42642  19.590  -18.826  72.561 0.0000000000
38735  15.988  -21.919  79.279 0.0000000000
128632  15.883  -21.736  80.318 0.0000000000
67870  51.432  8.356  42.456 0.0000000000
67869  52.127  8.750  42.945 0.0000000000
67861  51.340  8.537  43.441 0.0000000000
67853  50.382  8.746  44.647 0.0000000000
67852  51.107  8.771  44.359 0.0000000000
67837  50.913  9.220  45.156 0.0000000000
68749  50.746  9.718  45.833 0.0000000000
66895  47.411  7.642  49.639 0.0000000000
67790  47.407  8.032  50.672 0.0000000000
111506  48.190  8.981  52.320 0.0000000000
60394  39.847  1.137  47.871 0.0000000000
61297  40.116  1.778  47.708 0.0000000000
61288  40.569  1.388  47.972 0.0000000000
60369  42.199  0.215  49.736 0.0000000000
60368  42.699  0.779  50.354 0.0000000000
60367  43.357  1.006  51.067 0.0000000000
54386  31.469  -6.301  60.050 0.0000000000
54374  33.652  -6.472  60.273 0.0000000000
55374  33.925  -6.366  59.780 0.0000000000
54373  33.876  -6.017  61.174 0.0000000000
54348  34.197  -5.890  62.945 0.0000000000
55341  34.527  -5.507  62.413 0.0000000000
55324  34.975  -5.650  63.214 0.0000000000
55322  35.761  -5.459  63.283 0.0000000000
55323  35.499  -5.486  63.905 0.0000000000
45622  34.773  -14.757  69.657 0.0000000000
46723  35.102  -14.221  69.022 0.0000000000
46705  35.563  -14.526  70.140 0.0000000000
111928  37.131  -12.975  70.866 0.0000000000
128014  37.714  -12.214  70.179 0.0000000000
47791  37.618  -12.166  71.283 0.0000000000
67002  46.266  7.771  39.264 0.0000000000
112186  46.892  7.402  39.658 0.0000000000
67000  48.272  7.281  39.458 0.0000000000
111306  48.712  7.454  38.759 0.0000000000
67013  49.618  7.546  38.618 0.0000000000
66973  50.152  7.643  41.783 0.0000000000
67879  50.951  7.938  41.698 0.0000000000
67878  51.694  8.454  41.480 0.0000000000
129231  52.452  10.640  33.078 0.0000000000
69695  53.023  10.970  32.903 0.0000000000
68836  54.209  10.403  33.522 0.0000000000
67939  53.330  8.345  34.033 0.0000000000
67076  53.776  7.880  34.762 0.0000000000
67077  52.842  7.714  34.657 0.0000000000
41669  25.142  -18.538  70.677 0.0000000000
42666  25.854  -18.157  70.904 0.0000000000
41657  25.428  -18.842  71.320 0.0000000000
40658  26.420  -19.920  73.977 0.0000000000
40672  27.350  -19.655  73.907 0.0000000000
40657  27.786  -19.848  74.488 0.0000000000
35866  12.650  -25.453  79.895 0.0000000000
119556  13.073  -24.928  80.187 0.0000000000
34268  11.946  -26.729  81.708 0.0000000000
35051  12.554  -26.285  82.148 0.0000000000
34262  12.382  -26.929  82.332 0.0000000000
34254  12.836  -27.107  82.590 0.0000000000
33453  12.620  -27.962  82.432 0.0000000000
32632  10.822  -28.535  81.655 0.0000000000
122726  11.055  -28.006  81.124 0.0000000000
66083  46.699  6.098  42.445 0.0000000000
66070  46.379  5.774  43.267 0.0000000000
66071  46.686  6.250  44.433 0.0000000000
66056  46.386  6.629  45.193 0.0000000000
66039  46.564  6.906  45.606 0.0000000000
127162  45.902  6.717  45.542 0.0000000000
65137  43.346  4.846  43.600 0.0000000000
65121  43.690  5.191  44.449 0.0000000000
66032  44.587  6.545  46.440 0.0000000000
65109  44.590  6.151  45.828 0.0000000000
66031  45.172  6.974  46.600 0.0000000000
66021  45.388  7.001  47.522 0.0000000000
66009  46.145  6.991  48.129 0.0000000000
66010  45.389  6.701  48.514 0.0000000000
66000  45.476  6.416  49.438 0.0000000000
65978  45.712  6.207  51.116 0.0000000000
65989  44.794  5.913  50.639 0.0000000000
57369  41.296  -2.479  53.035 0.0000000000
58364  42.159  -2.164  53.300 0.0000000000
58355  42.382  -2.334  54.041 0.0000000000
58336  43.100  -2.187  56.105 0.0000000000
58344  43.036  -1.957  55.290 0.0000000000
58334  44.379  -1.187  56.107 0.0000000000
57314  43.465  -2.261  58.778 0.0000000000
58308  44.973  -1.912  59.054 0.0000000000
58316  45.662  -1.362  58.713 0.0000000000
59241  46.013  -0.561  58.489 0.0000000000
51651  35.911  -8.445  62.275 0.0000000000
67004  44.548  7.795  39.570 0.0000000000
131061  45.559  5.954  41.660 0.0000000000
66107  45.548  6.627  40.974 0.0000000000
66096  46.202  6.226  41.640 0.0000000000
66095  46.977  6.457  41.654 0.0000000000
71326  48.554  12.633  32.365 0.0000000000
116283  6.062  -29.972  80.034 0.0000000000
114155  5.994  -29.986  82.183 0.0000000000
31783  5.910  -30.405  82.712 0.0000000000
31784  5.285  -30.004  82.823 0.0000000000
32627  4.325  -28.944  82.312 0.0000000000
32609  3.804  -29.326  82.908 0.0000000000
58425  39.175  -0.989  48.412 0.0000000000
58418  38.837  -1.669  48.869 0.0000000000
57407  37.861  -2.907  49.828 0.0000000000
57416  37.500  -2.487  49.036 0.0000000000
57406  38.654  -2.602  50.042 0.0000000000
57405  39.466  -2.364  50.261 0.0000000000
57400  39.491  -2.559  51.152 0.0000000000
112937  40.250  -2.311  51.594 0.0000000000
57387  38.670  -2.945  51.598 0.0000000000
56411  38.581  -3.427  53.427 0.0000000000
56418  39.176  -3.163  52.958 0.0000000000
56410  39.481  -3.252  53.735 0.0000000000
56398  40.420  -3.413  54.851 0.0000000000
56399  39.544  -3.590  54.696 0.0000000000
54542  36.124  -4.946  53.095 0.0000000000
55463  36.662  -4.589  52.615 0.0000000000
55453  36.898  -4.603  53.489 0.0000000000
55430  38.593  -4.598  55.465 0.0000000000
113525  39.275  -4.745  56.084 0.0000000000
55419  40.098  -4.245  56.038 0.0000000000
55397  40.207  -4.231  57.963 0.0000000000
55381  39.432  -4.705  59.073 0.0000000000
56355  39.883  -4.157  59.507 0.0000000000
56338  40.798  -3.564  60.711 0.0000000000
56340  40.061  -4.187  60.848 0.0000000000
44630  31.823  -14.996  65.944 0.0000000000
44607  32.244  -14.802  66.854 0.0000000000
132772  29.733  -15.322  67.856 0.0000000000
127429  30.107  -15.458  67.266 0.0000000000
111130  30.228  -15.360  68.149 0.0000000000
44552  31.695  -15.667  69.043 0.0000000000
44568  32.412  -15.441  68.526 0.0000000000
44550  33.617  -15.510  69.584 0.0000000000
44533  33.304  -15.839  70.145 0.0000000000
44505  33.400  -15.666  71.728 0.0000000000
46660  33.905  -14.512  72.793 0.0000000000
43597  27.171  -16.805  71.116 0.0000000000
42664  27.487  -17.197  71.543 0.0000000000
43590  28.181  -16.725  71.961 0.0000000000
43589  28.874  -16.269  72.390 0.0000000000
44509  28.988  -15.778  71.904 0.0000000000
43588  29.527  -15.918  72.986 0.0000000000
113597  31.383  -15.753  74.502 0.0000000000
43572  30.965  -16.214  74.434 0.0000000000
44487  30.883  -15.599  74.327 0.0000000000
44496  30.763  -15.465  73.754 0.0000000000
44495  31.654  -15.532  73.287 0.0000000000
133519  31.555  -15.167  74.007 0.0000000000
45535  33.546  -15.408  74.205 0.0000000000
46630  34.541  -14.187  74.343 0.0000000000
41563  20.859  -20.083  77.638 0.0000000000
40598  20.712  -20.091  78.567 0.0000000000
40633  19.222  -19.608  76.880 0.0000000000
40616  19.672  -19.759  77.613 0.0000000000
40617  19.093  -19.898  77.771 0.0000000000
40599  18.807  -19.953  78.659 0.0000000000
40618  18.508  -20.332  77.773 0.0000000000
41595  18.056  -19.158  74.911 0.0000000000
110699  17.396  -19.702  75.021 0.0000000000
39670  16.625  -20.951  76.220 0.0000000000
39660  17.019  -20.921  77.794 0.0000000000
38752  16.529  -21.448  78.026 0.0000000000
38747  15.360  -22.261  77.868 0.0000000000
39727  14.240  -21.010  70.583 0.0000000000
39726  15.111  -20.564  70.900 0.0000000000
39703  15.384  -20.760  72.348 0.0000000000
38826  13.312  -21.705  70.464 0.0000000000
38814  12.861  -22.341  71.747 0.0000000000
37811  13.568  -22.643  73.174 0.0000000000
114035  13.816  -22.044  73.001 0.0000000000
38792  14.024  -22.354  73.829 0.0000000000
38791  14.368  -21.690  73.423 0.0000000000
38782  14.560  -22.735  74.721 0.0000000000
37770  14.086  -23.243  75.219 0.0000000000
36805  13.377  -23.792  76.430 0.0000000000
37753  13.897  -23.089  76.087 0.0000000000
132052  13.532  -23.728  77.096 0.0000000000
36787  13.686  -23.710  77.685 0.0000000000
35877  12.257  -25.408  77.236 0.0000000000
35084  11.918  -26.075  77.334 0.0000000000
35078  11.823  -26.246  78.000 0.0000000000
35085  11.437  -26.666  77.503 0.0000000000
131686  11.306  -25.307  74.670 0.0000000000
34305  9.756  -27.199  75.326 0.0000000000
34304  10.620  -26.792  76.004 0.0000000000
34292  10.203  -27.494  77.090 0.0000000000
34286  10.416  -27.758  77.830 0.0000000000
33489  9.741  -28.099  77.313 0.0000000000
33496  8.514  -28.216  76.098 0.0000000000
33490  8.911  -28.463  76.918 0.0000000000
32663  6.388  -28.969  77.195 0.0000000000
32654  6.003  -29.001  77.999 0.0000000000
32664  5.583  -28.365  77.469 0.0000000000
44637  24.983  -15.026  65.880 0.0000000000
132428  26.117  -15.033  66.536 0.0000000000
44613  25.506  -15.320  66.606 0.0000000000
44593  25.727  -15.910  67.304 0.0000000000
44594  24.775  -15.937  67.126 0.0000000000
117220  23.211  -15.318  65.771 0.0000000000
128355  23.232  -15.781  66.418 0.0000000000
43629  23.585  -17.081  68.072 0.0000000000
43628  24.478  -16.894  68.293 0.0000000000
42699  24.344  -18.074  69.331 0.0000000000
42668  22.815  -18.480  71.031 0.0000000000
42667  23.579  -18.592  70.943 0.0000000000
123383  23.225  -18.852  71.413 0.0000000000
41643  23.526  -19.339  71.973 0.0000000000
42655  21.172  -19.177  72.295 0.0000000000
41625  21.536  -19.063  73.408 0.0000000000
115816  22.257  -19.653  73.400 0.0000000000
41589  22.200  -20.556  75.409 0.0000000000
41590  21.319  -20.156  74.883 0.0000000000
41575  21.336  -19.832  76.467 0.0000000000
41562  21.482  -20.094  77.223 0.0000000000
40596  22.093  -20.254  77.554 0.0000000000
40580  20.423  -19.922  79.639 0.0000000000
35843  13.413  -25.212  82.280 0.0000000000
35851  13.617  -24.569  81.822 0.0000000000
35043  13.854  -25.463  82.708 0.0000000000
30949  7.624  -30.991  82.499 0.0000000000
30930  7.846  -31.512  83.400 0.0000000000
30059  8.705  -31.599  83.905 0.0000000000
30929  8.886  -31.174  83.734 0.0000000000
128995  53.780  9.576  44.017 0.0000000000
69613  54.631  10.153  47.474 0.0000000000
66949  48.183  7.946  44.615 0.0000000000
66948  48.693  7.876  44.257 0.0000000000
67855  48.805  8.326  44.861 0.0000000000
67821  49.546  9.296  47.341 0.0000000000
67828  49.327  9.257  45.957 0.0000000000
67827  49.821  9.655  46.645 0.0000000000
67820  50.384  9.970  47.509 0.0000000000
111746  48.948  8.349  50.148 0.0000000000
67800  49.535  8.712  49.781 0.0000000000
114920  50.886  9.953  50.285 0.0000000000
118675  51.784  10.591  50.461 0.0000000000
68707  52.195  10.735  49.974 0.0000000000
68700  52.751  11.083  50.992 0.0000000000
69588  53.443  10.753  50.725 0.0000000000
64108  39.928  3.295  46.579 0.0000000000
110560  39.902  3.371  45.638 0.0000000000
64119  40.632  3.385  46.371 0.0000000000
64118  41.141  4.001  46.337 0.0000000000
64107  41.021  3.749  47.180 0.0000000000
131105  41.046  2.419  47.949 0.0000000000
63144  40.661  2.723  47.456 0.0000000000
63137  41.308  2.955  48.541 0.0000000000
63135  42.472  3.671  49.579 0.0000000000
64093  42.220  3.825  48.813 0.0000000000
64092  42.601  4.191  49.193 0.0000000000
64091  43.089  4.631  49.259 0.0000000000
64083  43.386  4.820  50.118 0.0000000000
64067  44.753  4.735  51.668 0.0000000000
65056  45.506  5.623  51.544 0.0000000000
59323  43.071  -0.928  53.328 0.0000000000
59344  43.179  -0.969  52.382 0.0000000000
60315  43.895  1.126  54.823 0.0000000000
60327  43.935  0.283  53.423 0.0000000000
60326  43.989  1.081  53.955 0.0000000000
60340  44.338  0.969  52.996 0.0000000000
63088  45.214  3.778  55.969 0.0000000000
62168  44.810  3.216  55.454 0.0000000000
62183  44.849  2.379  54.012 0.0000000000
125498  45.003  3.242  54.497 0.0000000000
63103  45.206  3.865  53.894 0.0000000000
130775  45.168  3.920  54.491 0.0000000000
54454  33.935  -6.776  56.970 0.0000000000
54453  34.938  -6.981  56.040 0.0000000000
117551  35.513  -6.602  57.043 0.0000000000
55387  34.421  -5.923  59.789 0.0000000000
54401  34.424  -5.830  59.317 0.0000000000
55386  34.611  -4.853  59.912 0.0000000000
55384  36.182  -5.079  59.984 0.0000000000
54398  36.844  -5.860  59.298 0.0000000000
54414  36.354  -5.965  58.523 0.0000000000
54397  38.012  -5.847  59.222 0.0000000000
55369  37.733  -5.329  60.820 0.0000000000
55319  39.197  -4.752  63.189 0.0000000000
55352  38.851  -4.879  61.792 0.0000000000
127234  39.252  -4.698  62.482 0.0000000000
56331  39.703  -4.147  62.764 0.0000000000
124677  39.703  -3.828  63.847 0.0000000000
46722  35.909  -13.587  68.684 0.0000000000
47826  35.828  -13.002  67.909 0.0000000000
133060  37.577  -11.269  66.540 0.0000000000
48885  36.718  -11.869  66.378 0.0000000000
48896  37.016  -11.456  65.734 0.0000000000
49824  37.215  -10.872  65.298 0.0000000000
51622  37.599  -8.880  65.946 0.0000000000
50724  37.457  -9.125  65.113 0.0000000000
51623  37.169  -8.271  65.481 0.0000000000
48802  36.373  -12.531  74.832 0.0000000000
48810  36.345  -12.508  74.494 0.0000000000
133440  36.904  -12.267  74.575 0.0000000000
50662  38.075  -9.906  73.582 0.0000000000
49770  37.705  -10.663  73.644 0.0000000000
49777  37.568  -10.487  73.180 0.0000000000
49786  37.989  -10.562  71.539 0.0000000000
50678  37.759  -10.085  72.374 0.0000000000
52442  38.108  -7.374  70.970 0.0000000000
115725  38.292  -7.748  71.701 0.0000000000
121215  38.094  -8.038  71.089 0.0000000000
51591  37.878  -8.793  70.902 0.0000000000
51604  37.982  -8.275  68.847 0.0000000000
51599  37.832  -7.656  69.639 0.0000000000
52470  36.051  -6.603  67.717 0.0000000000
119056  37.517  -6.669  67.769 0.0000000000
52476  36.100  -6.709  66.579 0.0000000000
53472  35.632  -6.316  66.101 0.0000000000
53464  35.425  -6.081  66.423 0.0000000000
55281  35.926  -5.306  67.398 0.0000000000
55290  35.713  -5.330  66.143 0.0000000000
55289  36.044  -5.050  66.559 0.0000000000
56278  36.301  -4.574  66.373 0.0000000000
115475  38.684  -4.252  69.848 0.0000000000
57166  38.870  -3.644  70.325 0.0000000000
57207  38.297  -3.965  67.721 0.0000000000
56262  38.190  -3.858  67.162 0.0000000000
56276  37.340  -3.958  66.452 0.0000000000
56275  38.297  -3.914  66.384 0.0000000000
56290  38.565  -4.112  65.559 0.0000000000
57240  39.238  -3.720  66.175 0.0000000000
70516  47.871  12.035  32.933 0.0000000000
67917  45.498  8.511  36.829 0.0000000000
67033  46.282  8.072  36.845 0.0000000000
68841  49.116  9.582  33.786 0.0000000000
132255  49.655  9.165  33.774 0.0000000000
67961  50.168  8.894  33.709 0.0000000000
67940  50.177  8.249  34.046 0.0000000000
67044  51.187  7.324  36.080 0.0000000000
67061  51.526  7.335  35.286 0.0000000000
67042  52.505  7.412  36.192 0.0000000000
67908  52.303  8.303  38.736 0.0000000000
67895  53.494  9.109  39.110 0.0000000000
67907  53.003  8.772  38.466 0.0000000000
67906  53.736  8.872  38.389 0.0000000000
67905  54.786  8.616  38.455 0.0000000000
68796  55.992  9.632  40.647 0.0000000000
69721  53.135  11.060  31.210 0.0000000000
69719  54.469  10.428  32.151 0.0000000000
127525  23.199  -20.439  78.139 0.0000000000
32644  9.029  -29.284  78.998 0.0000000000
31812  9.366  -29.569  79.698 0.0000000000
130114  8.862  -29.957  80.131 0.0000000000
44592  26.573  -15.853  67.597 0.0000000000
44591  27.285  -15.688  67.986 0.0000000000
41646  18.083  -19.241  72.134 0.0000000000
41660  17.843  -19.222  71.296 0.0000000000
119289  17.022  -19.352  71.481 0.0000000000
40693  16.506  -19.551  71.234 0.0000000000
124142  18.998  -18.212  68.714 0.0000000000
42705  19.148  -18.399  69.424 0.0000000000
41671  18.657  -18.868  70.768 0.0000000000
111856  14.793  -22.738  79.988 0.0000000000
37693  15.371  -22.290  80.697 0.0000000000
117760  14.834  -22.871  80.973 0.0000000000
37681  14.863  -23.152  81.838 0.0000000000
36730  14.845  -23.700  82.385 0.0000000000
128869  50.825  8.278  43.105 0.0000000000
66957  50.095  7.976  43.265 0.0000000000
67863  49.900  8.304  44.163 0.0000000000
115660  46.702  7.655  51.057 0.0000000000
66874  46.952  8.103  51.613 0.0000000000
67770  47.649  8.543  52.786 0.0000000000
59393  40.379  0.075  48.995 0.0000000000
60381  40.819  0.873  48.639 0.0000000000
59392  41.052  0.071  49.258 0.0000000000
59379  42.090  -0.729  50.031 0.0000000000
59378  42.822  -0.403  50.421 0.0000000000
53516  33.556  -6.924  60.901 0.0000000000
53507  33.865  -6.510  61.703 0.0000000000
53502  33.992  -6.264  62.658 0.0000000000
53492  34.288  -6.223  63.259 0.0000000000
53484  34.790  -6.268  63.728 0.0000000000
46686  36.187  -14.396  71.085 0.0000000000
46671  35.907  -14.073  72.016 0.0000000000
47780  36.108  -13.081  72.433 0.0000000000
48833  36.288  -12.544  73.322 0.0000000000
111682  48.602  7.044  40.232 0.0000000000
132637  49.288  7.079  40.478 0.0000000000
66984  49.961  7.240  40.315 0.0000000000
114266  49.677  7.380  41.129 0.0000000000
67959  51.777  8.714  33.480 0.0000000000
41642  24.683  -19.307  71.863 0.0000000000
41641  25.766  -19.249  71.954 0.0000000000
40685  25.237  -19.562  72.677 0.0000000000
111299  26.065  -20.009  74.796 0.0000000000
35066  12.287  -25.959  80.463 0.0000000000
34279  11.840  -26.523  79.849 0.0000000000
34273  11.892  -26.641  80.774 0.0000000000
33466  11.720  -27.405  81.996 0.0000000000
31788  10.590  -29.600  82.980 0.0000000000
32617  11.270  -29.370  83.173 0.0000000000
66084  45.173  5.425  42.046 0.0000000000
65152  45.560  5.361  42.992 0.0000000000
111245  45.254  5.745  44.510 0.0000000000
131516  43.294  5.205  45.123 0.0000000000
116710  43.369  5.315  45.902 0.0000000000
113593  44.676  6.607  48.111 0.0000000000
65088  44.186  6.192  47.817 0.0000000000
65081  44.240  5.990  48.722 0.0000000000
65075  44.267  5.761  49.651 0.0000000000
57356  41.946  -3.018  54.432 0.0000000000
57350  42.121  -3.139  55.264 0.0000000000
132757  42.717  -2.764  56.321 0.0000000000
58309  44.056  -2.012  59.390 0.0000000000
66097  44.873  6.054  41.386 0.0000000000
32646  4.926  -28.541  79.123 0.0000000000
31808  5.367  -29.439  80.539 0.0000000000
56437  38.002  -3.168  51.068 0.0000000000
56431  37.905  -3.214  51.843 0.0000000000
56412  37.883  -3.752  53.096 0.0000000000
55439  36.808  -4.788  54.302 0.0000000000
54495  37.160  -4.992  55.040 0.0000000000
55421  38.600  -5.338  56.167 0.0000000000
112934  39.237  -5.241  56.855 0.0000000000
55410  39.673  -4.708  57.429 0.0000000000
55411  39.012  -5.229  57.750 0.0000000000
115155  39.326  -4.541  59.795 0.0000000000
111310  30.203  -15.411  69.003 0.0000000000
44553  30.921  -15.730  69.444 0.0000000000
44535  31.671  -15.926  70.013 0.0000000000
44534  32.580  -15.977  70.461 0.0000000000
44519  32.562  -15.979  71.436 0.0000000000
125971  32.766  -15.785  72.203 0.0000000000
42638  28.347  -18.155  72.780 0.0000000000
42652  27.942  -17.705  72.106 0.0000000000
42637  29.056  -17.654  73.163 0.0000000000
43574  29.694  -17.180  73.584 0.0000000000
43556  32.477  -16.933  75.139 0.0000000000
45526  32.740  -15.672  74.378 0.0000000000
41564  20.296  -19.792  77.388 0.0000000000
40634  18.671  -19.530  76.211 0.0000000000
40663  17.066  -19.793  74.416 0.0000000000
39678  16.623  -20.450  74.944 0.0000000000
126869  16.672  -20.747  75.610 0.0000000000
118030  15.819  -21.501  76.487 0.0000000000
38763  15.044  -22.127  76.206 0.0000000000
37834  12.503  -22.897  72.123 0.0000000000
37812  12.977  -23.104  72.890 0.0000000000
37792  13.496  -23.269  73.746 0.0000000000
37771  13.526  -23.615  74.675 0.0000000000
35883  12.793  -24.552  76.429 0.0000000000
111607  11.841  -25.398  75.776 0.0000000000
33505  8.089  -27.736  75.427 0.0000000000
43659  22.042  -16.227  66.753 0.0000000000
43658  22.876  -16.203  66.853 0.0000000000
43646  22.379  -16.701  67.336 0.0000000000
43630  22.707  -17.269  67.855 0.0000000000
42700  23.352  -18.118  69.356 0.0000000000
42684  22.728  -18.133  70.231 0.0000000000
42656  20.390  -18.928  72.307 0.0000000000
42640  20.727  -18.787  73.087 0.0000000000
41626  20.930  -18.751  73.695 0.0000000000
41608  21.153  -19.116  74.426 0.0000000000
41592  20.843  -19.204  75.912 0.0000000000
31782  6.566  -30.837  82.493 0.0000000000
128805  6.804  -31.402  83.198 0.0000000000
68746  53.516  10.330  45.483 0.0000000000
122218  54.114  10.779  46.988 0.0000000000
69603  54.393  10.197  48.525 0.0000000000
69593  54.295  10.173  49.476 0.0000000000
116550  48.035  8.179  45.917 0.0000000000
67840  48.659  8.639  45.570 0.0000000000
125164  49.217  8.909  47.953 0.0000000000
67779  49.505  9.910  51.878 0.0000000000
62202  41.825  2.517  49.635 0.0000000000
63127  42.708  3.273  50.227 0.0000000000
119783  42.937  4.101  50.295 0.0000000000
64075  43.539  4.455  50.722 0.0000000000
63118  44.509  4.222  51.465 0.0000000000
64066  45.291  4.567  52.437 0.0000000000
117132  43.785  -0.531  54.542 0.0000000000
59305  43.595  -0.396  53.789 0.0000000000
117872  45.456  4.566  55.123 0.0000000000
54455  33.098  -6.844  56.901 0.0000000000
54435  34.099  -6.453  57.900 0.0000000000
55371  35.351  -4.719  60.356 0.0000000000
55355  35.480  -4.775  61.258 0.0000000000
55354  36.443  -5.026  61.648 0.0000000000
55370  36.839  -5.324  60.847 0.0000000000
55353  37.388  -5.206  61.550 0.0000000000
128123  37.884  -4.997  62.802 0.0000000000
55320  38.295  -4.898  63.491 0.0000000000
47825  37.475  -12.345  68.704 0.0000000000
48871  37.248  -12.125  68.004 0.0000000000
48877  37.764  -11.518  67.559 0.0000000000
125208  37.682  -10.434  65.920 0.0000000000
49818  37.990  -10.379  66.807 0.0000000000
130311  38.078  -9.482  67.244 0.0000000000
49754  37.299  -11.831  74.539 0.0000000000
50647  37.806  -10.973  74.338 0.0000000000
51538  38.244  -9.938  73.778 0.0000000000
129214  37.906  -9.289  73.174 0.0000000000
52447  37.981  -7.182  70.179 0.0000000000
52455  37.807  -6.670  69.240 0.0000000000
52463  35.980  -6.307  68.343 0.0000000000
54316  35.222  -5.905  67.105 0.0000000000
54310  35.502  -5.765  68.001 0.0000000000
55273  36.070  -5.473  68.383 0.0000000000
55280  36.845  -5.125  67.832 0.0000000000
67032  47.468  7.631  37.478 0.0000000000
132361  46.920  7.739  36.895 0.0000000000
67047  47.524  7.582  36.551 0.0000000000
67081  49.085  7.624  34.914 0.0000000000
67080  49.924  7.754  34.626 0.0000000000
67884  52.396  8.738  40.194 0.0000000000
67897  52.186  8.297  39.497 0.0000000000
67883  53.169  9.346  40.034 0.0000000000
68805  54.089  9.367  39.706 0.0000000000
68804  54.888  9.244  39.463 0.0000000000
69708  55.767  10.177  32.452 0.0000000000
68852  56.513  9.761  32.219 0.0000000000
67057  56.505  8.601  35.443 0.0000000000
111486  57.060  8.634  36.005 0.0000000000
67038  57.202  8.398  36.737 0.0000000000
40645  24.169  -20.230  75.267 0.0000000000
112153  24.838  -19.754  77.180 0.0000000000
33478  11.030  -27.786  79.404 0.0000000000
33473  10.775  -28.449  79.905 0.0000000000
32638  10.731  -28.575  80.656 0.0000000000
32633  10.275  -29.249  81.020 0.0000000000
32626  10.398  -29.375  82.033 0.0000000000
30937  10.287  -30.574  84.007 0.0000000000
30927  10.420  -31.107  84.286 0.0000000000
132385  42.625  4.586  43.607 0.0000000000
64143  42.065  4.390  44.080 0.0000000000
64117  41.911  4.545  46.192 0.0000000000
56374  41.803  -3.401  57.444 0.0000000000
57335  42.065  -2.997  58.102 0.0000000000
57315  42.578  -2.558  59.320 0.0000000000
57299  43.112  -2.360  60.668 0.0000000000
58298  43.923  -2.155  60.243 0.0000000000
120358  4.161  -28.071  80.828 0.0000000000
32628  3.905  -28.038  82.205 0.0000000000
33462  3.373  -27.533  82.426 0.0000000000
116116  3.253  -28.484  83.094 0.0000000000
32610  3.103  -28.838  83.118 0.0000000000
54496  36.327  -5.211  54.730 0.0000000000
54473  36.483  -5.588  55.518 0.0000000000
54451  36.801  -5.993  56.282 0.0000000000
44589  29.133  -15.406  67.514 0.0000000000
133923  27.925  -15.567  68.326 0.0000000000
44554  29.438  -15.468  69.445 0.0000000000
44537  29.499  -15.627  70.230 0.0000000000
44522  29.686  -15.763  71.510 0.0000000000
111462  19.345  -18.773  73.925 0.0000000000
126992  18.271  -18.995  74.007 0.0000000000
119034  17.323  -19.518  73.655 0.0000000000
37835  11.699  -23.251  71.772 0.0000000000
36843  11.899  -24.148  73.075 0.0000000000
35903  11.539  -24.738  73.570 0.0000000000
35904  10.748  -24.995  73.174 0.0000000000
42686  20.914  -18.394  69.875 0.0000000000
126540  20.353  -18.382  70.398 0.0000000000
42670  20.198  -18.590  70.994 0.0000000000
42671  19.761  -18.594  71.370 0.0000000000
115288  20.077  -18.753  71.649 0.0000000000
42641  20.142  -18.718  72.872 0.0000000000
115928  19.742  -18.756  73.264 0.0000000000
68779  52.976  8.995  42.646 0.0000000000
133850  53.585  9.278  43.192 0.0000000000
68760  52.823  9.164  44.425 0.0000000000
68761  51.841  9.109  44.871 0.0000000000
68747  52.634  9.808  45.221 0.0000000000
68734  52.278  10.754  46.829 0.0000000000
66915  47.741  7.856  48.085 0.0000000000
66904  48.051  7.822  48.969 0.0000000000
66894  48.161  8.066  49.904 0.0000000000
67781  47.833  8.527  51.546 0.0000000000
67780  48.689  9.222  51.667 0.0000000000
61287  40.720  1.935  47.788 0.0000000000
60380  41.495  0.823  49.165 0.0000000000
61277  41.572  1.788  49.357 0.0000000000
61275  42.874  1.806  50.557 0.0000000000
61267  43.609  1.904  51.077 0.0000000000
61266  44.314  1.854  51.580 0.0000000000
60274  45.312  0.317  57.640 0.0000000000
60290  45.087  0.937  57.102 0.0000000000
54419  31.710  -5.914  58.923 0.0000000000
54403  32.491  -5.824  59.250 0.0000000000
55373  34.338  -4.948  60.580 0.0000000000
55357  34.257  -5.360  61.465 0.0000000000
55356  34.752  -4.824  61.361 0.0000000000
111978  35.397  -4.971  61.947 0.0000000000
55339  36.136  -5.229  62.705 0.0000000000
56323  36.348  -5.039  63.603 0.0000000000
45645  34.160  -13.942  68.444 0.0000000000
46703  36.588  -13.346  69.371 0.0000000000
46685  36.505  -13.774  70.343 0.0000000000
47812  37.281  -12.694  69.326 0.0000000000
131242  37.994  -11.755  69.688 0.0000000000
114825  38.245  -11.318  70.035 0.0000000000
67016  46.490  7.956  38.531 0.0000000000
67001  47.499  7.460  39.276 0.0000000000
67015  47.301  7.638  38.457 0.0000000000
67014  48.134  7.567  38.124 0.0000000000
67030  49.885  7.864  37.889 0.0000000000
133844  50.996  7.663  39.452 0.0000000000
66982  50.773  7.601  40.217 0.0000000000
67885  51.649  7.986  40.055 0.0000000000
128868  51.854  8.513  40.764 0.0000000000
70523  52.479  11.821  31.643 0.0000000000
69711  52.860  11.304  32.195 0.0000000000
69710  53.667  10.967  32.651 0.0000000000
115539  54.332  10.710  33.119 0.0000000000
69692  55.957  10.494  33.546 0.0000000000
69681  56.489  10.408  34.077 0.0000000000
68822  57.189  10.175  34.101 0.0000000000
68823  55.900  10.345  34.086 0.0000000000
68824  55.937  9.832  34.440 0.0000000000
67957  53.959  9.441  33.862 0.0000000000
67937  55.045  8.942  34.140 0.0000000000
67074  55.822  8.665  34.725 0.0000000000
67075  54.801  8.117  34.712 0.0000000000
43607  25.862  -17.138  70.035 0.0000000000
42680  26.069  -17.455  70.614 0.0000000000
40684  26.076  -19.448  72.617 0.0000000000
41640  26.651  -19.013  72.160 0.0000000000
41639  27.527  -18.640  72.464 0.0000000000
41622  27.856  -18.982  73.270 0.0000000000
41605  28.281  -19.386  73.947 0.0000000000
40644  25.166  -19.816  75.053 0.0000000000
111600  25.792  -19.877  75.665 0.0000000000
131011  26.474  -20.000  75.341 0.0000000000
112163  26.499  -19.893  76.004 0.0000000000
129733  27.011  -20.023  75.476 0.0000000000
41683  16.951  -19.174  68.988 0.0000000000
36756  13.381  -24.332  79.951 0.0000000000
35852  13.141  -25.026  81.559 0.0000000000
35058  12.790  -25.641  81.737 0.0000000000
35050  13.159  -25.856  82.501 0.0000000000
34253  13.406  -26.653  82.801 0.0000000000
33467  11.271  -27.845  81.667 0.0000000000
32616  11.800  -28.647  82.689 0.0000000000
66081  48.130  6.740  42.424 0.0000000000
66959  48.667  7.418  43.533 0.0000000000
66068  47.955  6.853  43.315 0.0000000000
115465  47.446  6.929  44.224 0.0000000000
66936  47.369  7.551  45.532 0.0000000000
66917  46.850  7.289  46.988 0.0000000000
65136  44.148  5.205  43.627 0.0000000000
65119  44.947  5.920  45.195 0.0000000000
65110  44.085  5.563  45.323 0.0000000000
112161  45.864  6.944  46.052 0.0000000000
66030  45.982  7.155  46.788 0.0000000000
66906  46.956  7.354  47.873 0.0000000000
133390  46.665  7.179  48.595 0.0000000000
66896  46.757  7.223  49.337 0.0000000000
65999  46.198  6.778  49.890 0.0000000000
65977  46.250  6.906  50.923 0.0000000000
132933  46.226  6.832  51.655 0.0000000000
58379  41.817  -2.081  51.486 0.0000000000
58378  42.016  -2.116  52.475 0.0000000000
58377  42.573  -1.484  52.883 0.0000000000
58354  42.875  -1.757  54.472 0.0000000000
58353  43.574  -1.368  54.829 0.0000000000
59288  44.092  -0.809  55.329 0.0000000000
59256  44.665  -0.564  56.753 0.0000000000
57334  42.576  -2.848  57.560 0.0000000000
57324  43.453  -2.391  57.676 0.0000000000
133096  44.287  -2.008  58.660 0.0000000000
58326  44.338  -1.977  57.415 0.0000000000
58325  44.937  -1.420  57.350 0.0000000000
59255  45.127  -0.508  57.422 0.0000000000
129728  45.591  -0.310  57.905 0.0000000000
51652  35.076  -8.025  61.969 0.0000000000
52497  35.235  -7.728  62.898 0.0000000000
115818  35.524  -7.450  63.724 0.0000000000
47751  35.022  -12.919  75.275 0.0000000000
48811  35.352  -12.674  74.419 0.0000000000
48789  36.205  -12.810  75.328 0.0000000000
67018  44.883  8.311  38.886 0.0000000000
67003  45.444  7.817  39.466 0.0000000000
66987  46.093  7.255  40.121 0.0000000000
70514  50.084  11.940  32.463 0.0000000000
133954  6.928  -29.822  78.960 0.0000000000
113568  7.859  -30.160  80.153 0.0000000000
127268  6.877  -30.137  79.637 0.0000000000
31806  6.744  -30.318  80.541 0.0000000000
31800  6.390  -30.266  81.523 0.0000000000
31772  4.950  -30.234  83.203 0.0000000000
30932  5.306  -30.784  83.310 0.0000000000
122210  39.590  0.492  48.172 0.0000000000
59407  39.711  -0.224  48.633 0.0000000000
129236  40.071  -0.741  49.201 0.0000000000
58409  40.053  -1.683  49.701 0.0000000000
57414  39.161  -2.007  49.571 0.0000000000
57385  40.507  -2.536  52.518 0.0000000000
57370  40.534  -3.016  53.431 0.0000000000
57371  39.879  -3.055  52.951 0.0000000000
57357  41.052  -3.154  54.150 0.0000000000
56389  40.701  -3.673  55.577 0.0000000000
55462  37.006  -4.188  52.133 0.0000000000
115588  37.313  -4.262  52.844 0.0000000000
55451  38.023  -3.827  53.875 0.0000000000
55438  37.511  -4.420  54.252 0.0000000000
55437  38.215  -4.116  54.549 0.0000000000
56382  40.945  -3.832  56.364 0.0000000000
120923  41.211  -3.829  57.037 0.0000000000
56375  40.992  -3.833  57.711 0.0000000000
56366  40.006  -4.133  58.758 0.0000000000
56354  40.504  -3.689  59.292 0.0000000000
56353  40.945  -3.192  59.871 0.0000000000
57301  41.102  -3.328  62.042 0.0000000000
57289  41.033  -3.347  62.933 0.0000000000
115587  32.735  -14.677  66.040 0.0000000000
133340  33.020  -14.431  67.022 0.0000000000
44608  30.807  -15.556  66.865 0.0000000000
44586  32.196  -15.136  67.649 0.0000000000
45647  32.912  -14.810  68.005 0.0000000000
122848  33.648  -14.586  68.594 0.0000000000
127261  33.793  -14.946  69.182 0.0000000000
45623  34.201  -15.034  69.727 0.0000000000
45607  34.710  -15.072  70.569 0.0000000000
45595  34.031  -15.347  71.205 0.0000000000
45594  34.643  -14.929  71.695 0.0000000000
45579  34.443  -14.488  72.424 0.0000000000
46645  34.431  -13.768  73.930 0.0000000000
43606  26.636  -16.795  70.516 0.0000000000
43605  27.493  -16.243  70.719 0.0000000000
43604  28.174  -15.817  71.046 0.0000000000
44523  28.862  -15.727  71.327 0.0000000000
117195  30.291  -15.773  72.127 0.0000000000
42629  30.158  -17.689  74.105 0.0000000000
43573  30.310  -16.734  73.979 0.0000000000
43580  29.791  -16.260  73.568 0.0000000000
44497  30.029  -15.662  73.494 0.0000000000
112650  30.081  -15.569  72.964 0.0000000000
131541  31.080  -15.799  71.989 0.0000000000
44494  32.562  -15.487  72.951 0.0000000000
45547  32.119  -15.168  74.166 0.0000000000
45561  33.340  -14.892  73.422 0.0000000000
45560  34.016  -14.509  73.901 0.0000000000
46629  34.677  -13.342  74.516 0.0000000000
40579  21.773  -20.589  78.414 0.0000000000
114855  20.128  -19.737  79.053 0.0000000000
40582  19.078  -19.806  79.622 0.0000000000
40583  18.531  -20.131  79.314 0.0000000000
41594  18.680  -19.162  75.478 0.0000000000
40635  18.020  -20.130  76.388 0.0000000000
118152  18.085  -20.430  77.106 0.0000000000
39659  17.799  -20.687  77.739 0.0000000000
39650  17.513  -20.839  78.560 0.0000000000
38745  16.575  -21.557  78.918 0.0000000000
38753  15.866  -21.675  77.490 0.0000000000
38736  15.446  -22.387  78.728 0.0000000000
37709  14.843  -22.741  79.092 0.0000000000
115885  14.335  -23.018  78.665 0.0000000000
36770  13.858  -23.587  78.654 0.0000000000
40715  16.465  -19.554  69.434 0.0000000000
40703  16.393  -19.623  70.378 0.0000000000
112763  16.067  -19.865  70.959 0.0000000000
39725  15.682  -20.178  71.115 0.0000000000
39696  15.078  -21.330  73.740 0.0000000000
39714  13.871  -21.432  71.446 0.0000000000
38801  13.653  -21.880  72.152 0.0000000000
39705  14.194  -21.384  72.209 0.0000000000
37752  14.404  -22.580  76.505 0.0000000000
36771  13.474  -24.304  79.093 0.0000000000
124388  13.200  -24.923  78.672 0.0000000000
119861  12.607  -25.504  78.849 0.0000000000
35876  12.627  -24.878  77.056 0.0000000000
123280  12.003  -26.139  78.643 0.0000000000
35096  11.350  -26.169  75.786 0.0000000000
111658  10.457  -26.398  74.965 0.0000000000
35092  11.360  -26.470  76.685 0.0000000000
34285  11.050  -27.423  78.493 0.0000000000
32651  9.670  -28.748  78.567 0.0000000000
32660  9.280  -28.658  77.713 0.0000000000
32652  8.785  -29.094  78.232 0.0000000000
32653  8.032  -29.252  78.018 0.0000000000
31822  7.346  -29.536  78.347 0.0000000000
31823  6.496  -29.477  78.502 0.0000000000
32645  5.728  -29.094  78.789 0.0000000000
132067  4.236  -27.971  79.381 0.0000000000
111419  27.405  -15.100  65.773 0.0000000000
44575  25.962  -16.300  68.075 0.0000000000
43627  25.336  -16.652  68.583 0.0000000000
44638  24.113  -15.134  65.799 0.0000000000
44595  23.774  -15.988  66.916 0.0000000000
42698  25.218  -17.662  69.558 0.0000000000
41670  24.319  -18.639  70.691 0.0000000000
41624  23.208  -19.872  73.564 0.0000000000
110928  22.133  -18.550  70.778 0.0000000000
110746  22.004  -19.116  71.571 0.0000000000
42654  21.726  -19.151  72.557 0.0000000000
40646  23.102  -20.544  75.331 0.0000000000
40631  22.759  -20.645  76.230 0.0000000000
40632  22.651  -20.362  76.872 0.0000000000
119763  22.497  -20.289  77.465 0.0000000000
36740  13.855  -23.961  81.421 0.0000000000
114171  14.039  -23.980  82.050 0.0000000000
115808  8.044  -31.063  82.931 0.0000000000
30948  8.456  -30.858  82.690 0.0000000000
30928  9.596  -31.102  84.116 0.0000000000
112378  54.909  10.151  44.070 0.0000000000
127155  49.270  8.188  44.407 0.0000000000
67854  49.617  8.584  44.805 0.0000000000
68736  50.584  10.063  46.573 0.0000000000
68724  51.530  10.494  47.281 0.0000000000
115080  52.238  10.999  48.154 0.0000000000
67810  48.608  8.327  48.239 0.0000000000
67809  49.362  8.826  48.773 0.0000000000
67799  50.126  9.321  50.272 0.0000000000
68716  50.581  9.826  48.524 0.0000000000
68714  52.145  10.813  49.109 0.0000000000
64145  40.242  3.586  44.989 0.0000000000
64105  42.028  4.838  47.232 0.0000000000
63148  40.967  3.091  47.358 0.0000000000
63136  41.755  3.164  49.183 0.0000000000
63142  41.631  3.484  48.398 0.0000000000
64100  41.334  3.722  47.838 0.0000000000
64106  41.644  4.363  47.665 0.0000000000
64098  42.357  4.635  47.892 0.0000000000
65082  43.293  4.888  48.311 0.0000000000
65076  43.846  5.178  49.290 0.0000000000
64082  43.952  5.101  50.658 0.0000000000
65066  44.372  5.553  50.647 0.0000000000
65979  45.082  5.793  51.104 0.0000000000
65969  46.262  6.709  52.553 0.0000000000
59363  43.208  -0.890  51.308 0.0000000000
59343  43.800  -0.382  51.845 0.0000000000
60355  43.929  0.433  51.592 0.0000000000
60354  44.260  1.046  52.076 0.0000000000
61255  44.747  1.830  52.485 0.0000000000
116987  44.674  1.187  56.475 0.0000000000
61239  44.100  1.860  55.282 0.0000000000
62161  44.728  2.430  56.473 0.0000000000
62169  44.524  2.514  55.770 0.0000000000
119151  45.033  2.302  53.199 0.0000000000
62188  45.061  2.964  52.475 0.0000000000
63111  45.230  3.844  52.962 0.0000000000
64052  45.422  4.619  54.421 0.0000000000
115947  45.728  5.230  53.675 0.0000000000
65037  46.101  5.669  53.128 0.0000000000
65960  46.241  6.466  53.221 0.0000000000
65959  46.439  7.050  53.612 0.0000000000
54475  34.866  -6.384  55.078 0.0000000000
54452  35.929  -6.178  56.158 0.0000000000
124414  33.041  -5.925  58.893 0.0000000000
54417  33.880  -6.252  58.742 0.0000000000
55385  35.285  -4.884  59.704 0.0000000000
54415  35.463  -5.908  58.573 0.0000000000
54434  35.075  -6.417  57.903 0.0000000000
54433  35.959  -6.434  57.850 0.0000000000
54432  36.770  -6.123  57.718 0.0000000000
54431  37.610  -5.943  57.473 0.0000000000
55382  38.749  -4.990  59.481 0.0000000000
126379  38.821  -4.753  60.117 0.0000000000
128671  38.127  -5.095  61.419 0.0000000000
55368  38.620  -4.861  60.820 0.0000000000
113543  39.346  -4.573  61.152 0.0000000000
56330  40.421  -3.788  62.410 0.0000000000
126179  35.190  -13.065  67.373 0.0000000000
47841  36.480  -12.452  67.609 0.0000000000
47865  35.825  -12.228  66.383 0.0000000000
50730  37.188  -9.562  64.162 0.0000000000
51641  36.768  -8.765  63.591 0.0000000000
51633  36.194  -8.048  64.159 0.0000000000
52490  35.857  -7.143  64.576 0.0000000000
49764  36.932  -12.106  74.010 0.0000000000
48832  37.166  -11.691  73.018 0.0000000000
48843  37.405  -11.934  72.166 0.0000000000
48842  37.873  -11.440  71.678 0.0000000000
49792  38.273  -10.552  70.542 0.0000000000
126948  38.045  -8.765  72.797 0.0000000000
52433  38.315  -7.841  72.040 0.0000000000
51574  38.278  -8.238  72.469 0.0000000000
50679  37.886  -9.183  72.697 0.0000000000
50687  37.894  -9.436  71.760 0.0000000000
50695  38.086  -9.602  70.176 0.0000000000
50703  38.260  -9.412  69.211 0.0000000000
51609  38.086  -8.441  67.723 0.0000000000
51605  37.813  -7.023  68.747 0.0000000000
51610  37.781  -7.501  67.228 0.0000000000
51616  37.390  -7.904  66.352 0.0000000000
52475  36.739  -7.366  65.961 0.0000000000
52483  36.044  -6.895  65.557 0.0000000000
53483  35.175  -6.308  64.498 0.0000000000
54331  35.422  -5.935  65.181 0.0000000000
54324  35.474  -5.793  66.124 0.0000000000
56294  35.540  -5.596  64.659 0.0000000000
56309  35.843  -5.259  64.453 0.0000000000
56308  36.248  -4.909  64.398 0.0000000000
56307  36.793  -4.436  64.162 0.0000000000
126527  38.224  -4.909  69.794 0.0000000000
56236  38.098  -4.914  69.220 0.0000000000
56249  37.653  -4.727  68.337 0.0000000000
57180  38.900  -3.904  69.587 0.0000000000
56248  38.013  -4.211  67.995 0.0000000000
119237  37.230  -4.467  67.472 0.0000000000
130101  36.653  -4.120  66.192 0.0000000000
56292  36.817  -3.991  65.623 0.0000000000
56306  37.120  -4.042  64.760 0.0000000000
121377  37.952  -4.303  64.906 0.0000000000
56305  38.830  -4.354  64.781 0.0000000000
56304  39.523  -3.860  64.512 0.0000000000
69699  48.655  10.447  33.473 0.0000000000
69698  49.704  10.379  33.194 0.0000000000
67960  50.863  8.409  33.650 0.0000000000
110839  51.237  7.514  34.590 0.0000000000
67078  51.968  7.537  34.536 0.0000000000
113109  53.280  7.460  35.571 0.0000000000
67041  54.029  7.458  36.206 0.0000000000
67029  50.805  7.814  37.721 0.0000000000
67028  51.689  7.897  37.429 0.0000000000
67010  52.417  8.227  37.937 0.0000000000
67027  52.591  7.952  37.071 0.0000000000
67026  53.592  7.897  36.993 0.0000000000
67025  54.648  7.681  36.889 0.0000000000
67914  55.453  7.873  37.683 0.0000000000
67904  55.911  8.618  38.442 0.0000000000
118828  55.709  9.434  39.558 0.0000000000
30923  5.075  -31.003  83.652 0.0000000000
35842  13.984  -24.706  82.467 0.0000000000
45536  32.419  -15.398  74.311 0.0000000000
47752  34.839  -13.403  74.904 0.0000000000
47761  34.843  -12.834  74.783 0.0000000000
47770  35.425  -12.797  73.794 0.0000000000
47792  36.987  -12.757  71.835 0.0000000000
48801  36.977  -12.352  75.110 0.0000000000
48822  36.134  -12.605  73.917 0.0000000000
49813  38.290  -11.024  68.008 0.0000000000
50630  37.821  -10.905  74.752 0.0000000000
51563  38.124  -8.864  73.026 0.0000000000
52417  38.482  -8.028  72.900 0.0000000000
53452  35.789  -5.998  68.344 0.0000000000
53457  35.509  -6.167  67.867 0.0000000000
54304  36.174  -5.775  68.627 0.0000000000
54317  35.591  -5.496  66.725 0.0000000000
54339  35.125  -6.048  64.232 0.0000000000
54340  34.651  -5.959  63.534 0.0000000000
54400  34.953  -5.243  59.251 0.0000000000
55300  35.916  -4.972  65.911 0.0000000000
55336  38.656  -5.094  62.687 0.0000000000
55340  35.263  -5.341  62.593 0.0000000000
55367  39.334  -4.526  60.471 0.0000000000
55388  33.489  -6.198  59.455 0.0000000000
55422  37.873  -5.111  55.622 0.0000000000
55436  38.793  -4.049  54.903 0.0000000000
56277  36.860  -4.192  66.789 0.0000000000
56293  35.967  -5.018  65.134 0.0000000000
56319  39.557  -4.100  63.391 0.0000000000
57193  38.635  -3.934  68.517 0.0000000000
57341  42.671  -2.654  55.645 0.0000000000
61276  42.205  1.778  49.980 0.0000000000
65154  43.722  4.979  42.777 0.0000000000
65968  46.288  7.215  53.022 0.0000000000
66001  44.768  6.037  49.937 0.0000000000
66950  47.645  7.618  44.779 0.0000000000
67079  50.682  7.775  34.237 0.0000000000
69691  56.666  10.402  33.708 0.0000000000
112642  51.862  7.319  35.939 0.0000000000
113132  36.524  -4.461  64.980 0.0000000000
114312  46.027  5.860  53.756 0.0000000000
114675  45.780  5.096  52.757 0.0000000000
115513  41.712  -2.743  53.706 0.0000000000
116786  36.504  -4.562  51.962 0.0000000000
120340  33.364  -6.559  57.566 0.0000000000
120360  38.385  -4.329  54.984 0.0000000000
121694  37.948  -6.473  69.809 0.0000000000
124842  35.728  -5.432  54.360 0.0000000000
125991  38.120  -3.004  50.422 0.0000000000
126468  14.399  -23.661  81.823 0.0000000000
126994  40.942  -2.185  51.823 0.0000000000
127798  37.661  -9.627  65.679 0.0000000000
127964  36.301  -12.161  66.951 0.0000000000
128151  41.113  -3.203  61.301 0.0000000000
128854  14.756  -22.226  76.793 0.0000000000
131547  12.521  -25.778  81.085 0.0000000000
131649  36.744  -12.240  74.073 0.0000000000
132710  37.606  -4.576  63.769 0.0000000000
133248  37.480  -4.262  64.427 0.0000000000
133830  49.212  9.174  46.674 0.0000000000
134058  38.368  -8.270  72.812 0.0000000000
