#!ascii label  , from subject sub-03 vox2ras=TkReg
1219
23062  25.216  -40.811  12.363 0.8999999762
23076  25.880  -40.731  11.807 0.8000000119
23075  26.497  -40.566  11.049 0.8000000119
21383  25.768  -42.631  10.957 0.6999999881
21382  26.275  -42.062  10.679 0.8000000119
117980  24.581  -40.941  12.530 0.8999999762
23905  26.150  -40.061  11.670 1.0000000000
23904  26.664  -39.732  11.247 1.0000000000
22211  26.606  -41.292  10.376 0.8000000119
123643  26.528  -42.038  10.004 0.8000000119
23093  26.895  -40.704  9.811 0.8999999762
21394  26.234  -42.295  9.306 0.8000000119
130837  26.280  -41.888  8.645 0.6999999881
21403  25.887  -42.625  8.362 0.6999999881
23063  24.701  -40.162  12.692 0.8000000119
133251  25.124  -39.662  12.707 0.8999999762
116341  25.493  -39.195  12.597 0.8999999762
23888  24.588  -39.195  12.971 0.8999999762
114880  22.797  -39.786  12.502 0.8999999762
23886  26.211  -39.308  11.965 0.8999999762
122412  26.842  -39.060  11.455 1.0000000000
23085  27.001  -40.055  10.411 0.8999999762
23914  27.510  -39.352  10.025 1.0000000000
23092  27.228  -39.987  9.386 0.8999999762
116642  26.938  -40.700  8.934 0.8999999762
22238  26.103  -41.807  7.844 0.6999999881
24737  25.989  -38.503  12.428 0.8999999762
24738  25.146  -38.413  12.745 0.8999999762
24739  24.219  -38.282  12.895 0.8999999762
124171  23.791  -38.912  13.053 0.8999999762
23890  23.058  -39.018  12.696 0.8999999762
24758  26.643  -38.490  11.858 0.8999999762
23903  27.255  -39.253  10.863 1.0000000000
127845  27.126  -40.137  8.644 0.8000000119
23104  26.867  -40.515  8.151 0.8000000119
22237  26.355  -40.976  7.453 0.8000000119
23121  26.151  -40.336  6.804 0.8000000119
127497  25.873  -40.995  6.716 0.8000000119
23122  25.532  -40.591  6.201 0.8000000119
25539  24.691  -37.609  12.897 0.8999999762
24741  22.579  -38.302  12.312 0.8999999762
25538  25.667  -37.701  12.722 0.8999999762
25541  22.880  -37.559  12.392 0.8999999762
25558  22.262  -37.603  11.812 0.8000000119
24759  21.882  -38.308  11.710 0.8000000119
120726  26.458  -37.765  12.294 0.8999999762
124476  22.556  -36.981  11.982 0.6999999881
25559  21.741  -37.624  11.042 0.6999999881
25557  27.057  -37.847  11.739 0.8999999762
26385  21.659  -37.081  10.172 0.6999999881
132347  27.377  -37.864  11.332 1.0000000000
26408  21.326  -36.393  9.308 0.6000000238
116139  27.692  -37.788  10.823 1.0000000000
25570  28.027  -37.277  10.331 1.0000000000
25585  27.998  -37.960  9.871 1.0000000000
112624  28.023  -38.519  9.025 1.0000000000
23934  27.379  -39.657  8.715 0.8999999762
24781  27.853  -38.768  9.724 1.0000000000
115356  27.839  -38.101  8.199 0.8999999762
23946  27.589  -39.044  8.301 0.8000000119
23935  27.144  -39.795  8.125 0.8000000119
23953  26.475  -39.523  6.842 0.8000000119
123140  25.772  -39.801  6.180 0.8000000119
24804  26.068  -38.836  6.163 0.8000000119
23957  25.203  -39.347  5.515 0.8000000119
24740  23.347  -38.251  12.703 0.8999999762
26366  25.216  -36.874  13.180 0.8999999762
25540  23.708  -37.508  12.700 0.8999999762
123823  23.134  -36.778  12.434 0.8999999762
120620  22.185  -36.860  11.141 0.6999999881
25537  26.971  -37.103  12.086 0.8999999762
123360  22.403  -36.027  10.760 0.6000000238
26384  21.896  -36.437  10.277 0.6000000238
26383  27.480  -36.444  11.605 1.0000000000
26438  20.761  -35.801  8.389 0.5000000000
26406  27.799  -36.947  10.905 1.0000000000
27307  21.188  -35.204  8.869 0.5000000000
26436  28.156  -36.683  8.873 1.0000000000
25599  28.061  -37.587  8.946 1.0000000000
25608  27.559  -37.703  7.480 0.8999999762
23947  27.090  -39.298  7.509 0.8000000119
130118  27.181  -38.093  7.022 0.8000000119
24799  26.883  -38.737  6.897 0.8000000119
26445  27.114  -36.601  6.583 0.8999999762
25612  26.674  -38.054  6.480 0.8000000119
26446  26.680  -36.386  5.980 0.8999999762
25613  26.133  -38.003  5.835 0.8000000119
25618  24.789  -37.538  5.035 0.8000000119
26453  24.477  -36.907  4.733 0.8000000119
25619  24.055  -37.507  4.485 0.8000000119
118097  24.114  -36.648  12.899 0.8999999762
117865  26.261  -36.872  12.781 0.8999999762
26352  25.772  -36.114  13.188 0.8999999762
26367  23.336  -35.938  12.494 0.6999999881
26368  22.687  -36.186  11.774 0.8000000119
26364  26.911  -36.264  12.399 0.8999999762
26365  26.419  -36.046  12.887 0.8999999762
27266  22.752  -35.541  11.204 0.6999999881
27290  22.432  -35.281  10.574 0.6000000238
26407  21.785  -35.730  9.858 0.6000000238
28168  22.424  -34.520  10.585 0.6000000238
27291  21.865  -34.924  9.888 0.5000000000
27289  27.976  -36.260  10.912 1.0000000000
28169  21.841  -34.308  10.086 0.5000000000
28189  21.341  -34.470  9.269 0.5000000000
26405  28.214  -36.588  10.322 1.0000000000
26426  28.413  -36.219  9.618 1.0000000000
27317  28.328  -35.816  8.845 1.0000000000
26442  27.530  -36.851  7.350 0.8999999762
27306  28.529  -35.350  9.545 1.0000000000
128150  28.135  -35.358  8.208 0.8999999762
27318  27.850  -36.194  8.041 0.8999999762
27331  27.504  -35.990  7.117 0.8999999762
27332  27.108  -35.694  6.225 0.8999999762
125446  26.365  -35.789  5.553 0.8999999762
26451  26.022  -36.588  5.550 0.8999999762
27341  26.649  -35.008  5.669 0.8999999762
124455  25.469  -35.911  5.105 0.8999999762
26353  24.893  -36.022  13.248 0.8999999762
27252  24.069  -35.663  12.972 0.8999999762
27241  24.674  -35.185  13.201 0.8999999762
27242  24.048  -34.990  12.977 1.0000000000
27253  23.565  -35.143  12.526 0.8000000119
27240  25.485  -35.350  13.301 0.8999999762
27254  23.036  -35.351  11.923 0.6999999881
27251  26.833  -35.508  12.780 0.8999999762
28141  22.909  -34.859  11.182 0.6999999881
28140  22.879  -33.938  11.207 0.6999999881
27265  27.806  -35.592  11.260 1.0000000000
29042  21.402  -33.790  9.834 0.5000000000
27288  28.351  -35.677  10.387 1.0000000000
122258  28.542  -34.768  10.143 1.0000000000
118747  28.415  -35.014  8.808 1.0000000000
28188  28.509  -34.492  9.408 1.0000000000
129215  28.260  -34.744  8.247 0.8999999762
124057  27.638  -35.074  6.898 0.8999999762
28213  27.417  -34.260  6.502 0.8999999762
27379  26.034  -35.209  2.339 0.6999999881
28270  26.118  -34.333  2.338 0.8000000119
115420  25.424  -34.725  2.387 0.8000000119
121964  24.536  -34.772  2.482 0.8000000119
27239  26.234  -35.440  13.196 0.8999999762
28105  26.018  -34.737  13.427 1.0000000000
28106  25.188  -34.582  13.401 1.0000000000
28107  24.338  -34.480  13.211 1.0000000000
28108  23.716  -34.456  12.737 0.6999999881
28122  23.257  -34.455  11.990 0.6999999881
27250  27.313  -35.568  12.075 0.8999999762
29027  23.290  -33.647  11.832 0.6999999881
29041  22.210  -33.710  10.593 0.6000000238
27264  28.080  -34.836  10.873 1.0000000000
28139  27.619  -34.781  11.700 0.8999999762
28120  27.207  -34.790  12.560 0.8999999762
29043  20.741  -33.152  9.505 0.4000000060
132140  28.360  -34.210  10.621 1.0000000000
29078  28.486  -33.557  9.202 1.0000000000
28208  28.201  -34.201  7.932 1.0000000000
29091  28.286  -33.555  8.337 1.0000000000
28230  23.609  -34.188  4.094 0.8999999762
27367  28.184  -35.717  2.787 0.6000000238
28269  26.877  -34.953  2.466 0.6000000238
28256  26.861  -34.027  2.532 0.8000000119
28271  25.078  -33.970  2.567 0.8000000119
134047  23.800  -34.922  2.605 0.8999999762
28257  23.543  -34.365  3.554 0.8999999762
124428  27.110  -34.118  13.073 0.8999999762
124575  26.484  -34.220  13.430 0.8999999762
29012  23.506  -33.866  12.422 0.8000000119
29931  23.058  -33.060  11.429 0.6999999881
29942  22.429  -32.935  10.938 0.6000000238
29944  20.978  -32.381  10.256 0.4000000060
28138  28.070  -34.104  11.329 1.0000000000
28167  28.564  -33.940  10.040 1.0000000000
120994  28.494  -32.732  9.346 1.0000000000
122691  28.351  -32.831  8.665 1.0000000000
28229  24.071  -34.180  4.573 0.8999999762
120438  24.036  -32.623  4.439 0.8999999762
29120  23.800  -33.376  4.199 0.8999999762
29147  23.919  -32.804  3.167 0.8999999762
29134  23.677  -33.446  3.661 0.8999999762
27354  29.143  -35.667  4.132 0.6000000238
27366  28.650  -35.831  3.255 0.6000000238
27368  27.620  -34.958  2.678 0.6000000238
29159  25.822  -33.511  2.558 0.8000000119
29161  24.316  -33.325  2.826 0.8999999762
28997  25.764  -33.880  13.590 0.8999999762
28998  24.731  -33.824  13.463 0.8999999762
28999  23.917  -33.785  13.033 0.6999999881
123538  25.940  -33.082  13.551 0.8999999762
29011  27.481  -33.303  13.028 1.0000000000
28996  26.673  -33.435  13.448 1.0000000000
129652  23.228  -32.566  11.801 0.6000000238
29932  22.731  -32.132  11.486 0.6000000238
29943  21.747  -32.322  10.952 0.5000000000
29026  28.292  -33.377  11.764 1.0000000000
121771  27.667  -33.923  12.277 1.0000000000
29010  28.103  -33.034  12.499 1.0000000000
116931  28.534  -32.885  11.402 1.0000000000
29040  28.487  -33.461  10.846 1.0000000000
29060  28.548  -33.071  10.018 1.0000000000
29954  28.327  -32.108  9.039 1.0000000000
29968  27.853  -32.143  8.206 1.0000000000
29978  28.032  -32.948  8.033 1.0000000000
29979  27.508  -32.694  7.358 1.0000000000
29980  26.908  -32.194  6.865 1.0000000000
29986  26.931  -32.866  6.555 1.0000000000
29103  26.357  -33.037  5.815 0.8999999762
29102  26.974  -33.603  6.187 0.8999999762
133134  24.905  -32.794  4.895 0.8999999762
29133  23.718  -32.478  3.657 0.8999999762
30041  24.357  -32.553  2.858 0.8999999762
27338  31.117  -35.200  5.277 0.6000000238
27339  30.267  -35.239  5.203 0.6000000238
28242  28.940  -34.857  4.607 0.6000000238
122582  28.205  -35.158  2.985 0.6000000238
29144  27.005  -33.417  3.137 0.8000000119
29146  25.266  -32.702  2.868 0.8000000119
29893  24.681  -32.335  13.323 0.6999999881
122730  23.549  -33.018  12.339 0.6000000238
29912  23.364  -32.112  12.225 0.6000000238
29911  27.152  -32.746  13.375 0.8999999762
30781  22.972  -31.362  12.120 0.6000000238
29009  28.450  -32.769  11.983 1.0000000000
29909  28.273  -32.240  12.376 0.8999999762
120272  28.616  -32.605  10.744 1.0000000000
118113  28.515  -32.146  9.947 1.0000000000
30830  28.385  -31.409  9.470 1.0000000000
31697  28.173  -30.854  9.137 1.0000000000
30840  27.982  -31.412  8.768 1.0000000000
30841  27.404  -31.283  8.108 1.0000000000
29987  26.150  -32.213  6.236 1.0000000000
29988  25.241  -31.770  5.519 0.8999999762
30016  23.867  -31.841  3.429 0.8999999762
28225  30.629  -34.505  5.534 0.6000000238
27340  29.572  -34.530  5.421 0.6000000238
28243  28.367  -34.230  4.198 0.6000000238
29132  27.754  -33.497  3.841 0.6999999881
131510  27.152  -32.891  3.671 0.6999999881
29145  26.236  -33.251  2.828 0.6999999881
118148  24.446  -31.977  2.972 0.8999999762
28224  31.520  -34.483  5.319 0.6000000238
30029  26.184  -32.626  3.344 0.6999999881
30030  25.240  -32.081  3.203 0.8000000119
30903  24.842  -31.467  3.382 0.8999999762
29894  23.884  -32.263  12.938 0.6999999881
30780  23.558  -31.442  12.771 0.6000000238
29891  26.458  -32.561  13.531 0.8999999762
30763  26.093  -31.742  13.604 0.8000000119
30764  25.147  -31.645  13.461 0.6999999881
29910  27.697  -32.452  12.983 0.8999999762
30762  27.121  -31.873  13.475 0.8000000119
30779  27.918  -31.581  12.913 0.8000000119
30778  28.562  -31.421  12.177 0.8999999762
30801  28.911  -31.187  11.230 1.0000000000
112311  28.693  -31.877  10.741 1.0000000000
31673  28.703  -31.303  10.263 1.0000000000
31686  28.601  -30.663  9.715 1.0000000000
31698  27.717  -30.689  8.594 1.0000000000
30850  27.195  -31.791  7.451 1.0000000000
30851  26.481  -31.569  6.869 1.0000000000
30858  25.643  -31.390  6.289 0.8999999762
29989  24.426  -31.404  5.005 0.8999999762
30001  24.522  -32.122  4.926 0.8999999762
30890  24.260  -31.468  3.754 0.8999999762
28226  28.805  -34.219  5.082 0.6000000238
30904  24.171  -31.659  3.226 0.8999999762
29113  32.045  -33.845  5.181 0.6000000238
29114  31.166  -33.724  5.526 0.6000000238
30014  26.814  -32.268  4.081 0.6999999881
30015  25.815  -31.821  3.665 0.6999999881
114323  26.577  -30.975  13.676 0.8000000119
31609  24.685  -30.858  13.471 0.6999999881
30765  24.259  -31.562  13.235 0.6999999881
30761  27.471  -30.887  13.387 0.6999999881
31624  28.321  -30.647  12.849 0.6999999881
31649  28.958  -30.630  12.069 0.6999999881
31648  29.253  -30.287  11.385 0.8000000119
32488  29.388  -29.712  10.776 0.8000000119
31672  29.044  -30.501  10.518 0.8000000119
31685  29.021  -29.760  9.840 0.8999999762
32519  28.258  -30.081  9.056 1.0000000000
30842  26.766  -31.068  7.467 1.0000000000
30852  25.976  -30.887  6.918 1.0000000000
31699  27.112  -30.531  7.957 1.0000000000
127519  25.160  -30.677  6.222 1.0000000000
126224  24.929  -31.133  5.670 0.8999999762
30859  24.410  -30.534  5.380 0.8999999762
30872  24.422  -31.048  4.475 0.8999999762
29115  30.147  -33.712  5.872 0.6000000238
29116  29.169  -33.617  5.553 0.6000000238
29117  28.366  -33.515  4.806 0.6000000238
30013  27.721  -32.798  4.438 0.6999999881
30889  24.921  -30.834  3.757 0.8999999762
30870  27.098  -31.120  5.128 0.6999999881
30887  26.491  -31.498  4.349 0.6999999881
30888  25.573  -31.056  3.823 0.8999999762
115763  25.601  -30.929  13.657 0.6000000238
31610  23.885  -30.773  13.170 0.6000000238
31607  27.842  -30.040  13.448 0.6999999881
113312  26.052  -30.179  13.773 0.6000000238
31623  28.879  -29.986  12.549 0.6999999881
31622  29.261  -29.992  12.030 0.6999999881
33362  28.685  -29.183  9.125 0.8000000119
118503  27.979  -29.334  8.584 1.0000000000
120228  26.742  -29.817  7.867 1.0000000000
31709  26.327  -30.376  7.454 1.0000000000
31710  25.522  -30.201  6.866 1.0000000000
32521  26.387  -29.139  7.737 1.0000000000
32533  25.942  -29.704  7.384 1.0000000000
31711  25.139  -29.532  6.824 1.0000000000
32534  24.261  -29.308  6.412 1.0000000000
32550  23.858  -29.593  5.557 1.0000000000
29996  31.413  -32.361  5.089 0.6000000238
29998  29.737  -32.843  5.751 0.6000000238
29999  28.669  -32.639  5.351 0.6999999881
31746  24.618  -30.696  4.126 0.8999999762
30869  28.012  -31.244  5.448 0.6999999881
30871  26.258  -30.716  4.444 0.6999999881
31745  25.429  -30.400  4.037 0.8999999762
32440  24.716  -29.363  13.456 0.5000000000
32438  26.453  -29.421  13.772 0.6000000238
32439  25.560  -29.411  13.667 0.5000000000
32436  28.159  -29.178  13.315 0.6999999881
32437  27.338  -29.384  13.673 0.6999999881
115484  29.232  -28.768  12.615 0.6999999881
32447  28.826  -29.293  12.844 0.6999999881
32466  29.444  -29.499  11.625 0.6999999881
33344  29.562  -28.919  11.065 0.6999999881
119529  29.384  -29.140  10.324 0.8000000119
33361  29.221  -28.813  9.652 0.8000000119
34145  29.081  -28.331  8.890 0.8000000119
116574  28.383  -28.728  8.647 0.8000000119
33372  27.618  -28.643  8.356 0.8999999762
124102  27.132  -29.224  8.230 1.0000000000
34159  28.230  -28.021  8.318 0.8000000119
34160  27.228  -28.006  8.051 0.8999999762
33373  26.799  -28.562  7.999 1.0000000000
32522  25.600  -29.033  7.269 1.0000000000
32535  23.608  -28.871  6.095 1.0000000000
31736  24.262  -30.074  4.761 0.8999999762
32566  23.773  -29.370  4.834 0.8999999762
116255  24.309  -29.784  4.421 0.8999999762
30866  30.876  -31.894  5.258 0.6000000238
120906  29.410  -32.099  5.691 0.6000000238
31735  26.141  -29.938  4.698 0.8000000119
123099  24.621  -29.340  4.302 0.8999999762
31733  27.834  -30.497  5.453 0.6999999881
31734  26.849  -30.469  5.122 0.6999999881
32565  25.587  -29.191  4.709 0.8000000119
33422  24.184  -28.584  4.295 0.8999999762
32564  26.482  -29.205  5.268 0.6999999881
33408  25.026  -28.599  4.412 0.8999999762
33310  25.170  -28.703  13.496 0.5000000000
113025  27.519  -28.712  13.549 0.6999999881
33309  25.956  -28.699  13.677 0.5000000000
33316  29.355  -28.019  12.697 0.6999999881
33317  28.814  -28.533  13.029 0.6999999881
33328  29.563  -28.614  11.989 0.6999999881
34124  29.896  -27.619  10.333 0.6999999881
129684  29.576  -28.436  10.350 0.6999999881
34144  29.610  -27.994  9.542 0.8000000119
34158  29.680  -27.583  8.818 0.8000000119
124848  29.090  -27.717  8.417 0.8000000119
34173  27.624  -27.392  7.797 0.8000000119
34161  26.435  -27.955  7.712 0.8999999762
33374  26.044  -28.480  7.551 1.0000000000
33381  25.149  -28.342  7.133 1.0000000000
122636  24.867  -28.970  6.874 1.0000000000
34172  28.563  -27.271  7.985 0.8000000119
34162  25.739  -27.909  7.440 0.8999999762
34176  24.398  -27.919  6.766 1.0000000000
33382  24.279  -28.617  6.644 1.0000000000
34175  25.140  -27.581  7.079 0.8999999762
33383  23.756  -28.244  6.404 1.0000000000
32567  23.433  -28.918  5.340 1.0000000000
33409  23.384  -28.429  5.144 1.0000000000
32579  23.905  -29.082  4.453 0.8999999762
30868  28.714  -31.679  5.552 0.6999999881
33424  23.495  -28.266  4.875 0.8999999762
119845  30.422  -31.389  5.476 0.6000000238
115771  29.663  -31.290  5.702 0.6000000238
133916  28.816  -30.130  5.626 0.6999999881
113300  27.132  -29.832  5.294 0.6999999881
118572  27.315  -29.181  5.404 0.6999999881
34206  24.542  -28.083  4.328 0.8000000119
34218  24.000  -27.893  4.471 0.8999999762
33407  25.984  -28.557  5.076 0.6999999881
114883  26.797  -28.694  13.702 0.5000000000
34095  28.750  -27.668  13.122 0.6999999881
33307  28.047  -28.272  13.308 0.5000000000
34102  29.656  -27.602  11.966 0.6999999881
116758  29.955  -27.219  11.141 0.6999999881
34110  29.729  -26.705  11.832 0.6999999881
34123  30.269  -26.824  10.386 0.6999999881
34143  30.218  -27.155  9.433 0.6999999881
34157  30.106  -26.892  8.614 0.8000000119
34935  29.408  -27.110  8.236 0.8000000119
34950  28.007  -26.686  7.528 0.8000000119
34949  28.979  -26.659  7.642 0.8000000119
34951  26.928  -26.826  7.308 0.8000000119
34174  26.009  -27.325  7.318 0.8999999762
126365  24.541  -27.287  6.642 0.8999999762
34177  23.838  -27.569  6.278 1.0000000000
34967  27.516  -26.132  7.016 0.8000000119
33395  23.374  -28.214  5.779 1.0000000000
31731  30.362  -30.648  5.486 0.6000000238
34207  23.444  -27.895  5.193 1.0000000000
32563  28.242  -29.507  5.415 0.6999999881
33405  27.984  -28.624  5.183 0.6999999881
34219  23.720  -27.656  4.906 1.0000000000
33406  26.910  -28.548  5.358 0.6999999881
34204  26.409  -27.873  5.017 0.8000000119
34205  25.401  -27.939  4.645 0.8000000119
34894  29.798  -25.872  11.707 0.6999999881
34109  30.153  -26.395  11.132 0.6999999881
34906  30.437  -26.123  10.566 0.6999999881
34922  30.501  -26.191  9.811 0.6999999881
35718  30.525  -25.591  9.108 0.6999999881
34947  30.237  -26.101  8.440 0.6999999881
34934  30.381  -26.432  9.054 0.6999999881
34948  29.753  -26.461  7.957 0.8000000119
34966  28.523  -26.142  7.112 0.8000000119
35730  29.422  -26.025  7.277 0.8000000119
34952  26.014  -26.702  6.934 0.8999999762
34953  25.114  -26.879  6.799 0.8999999762
34968  26.515  -26.196  6.754 0.8000000119
34969  25.473  -26.219  6.553 0.8999999762
34954  24.243  -27.012  6.278 0.8999999762
31732  29.578  -30.348  5.648 0.6000000238
35746  24.899  -25.626  6.132 0.8999999762
34970  24.411  -26.396  6.164 0.8999999762
34190  23.583  -27.573  5.643 1.0000000000
32561  30.259  -29.774  5.406 0.6000000238
34983  23.841  -27.240  5.247 0.8999999762
34203  27.507  -27.806  5.017 0.6999999881
34993  23.945  -26.591  5.010 0.8999999762
34217  25.672  -27.265  4.526 0.8000000119
34992  24.766  -26.625  4.378 0.8999999762
114258  24.207  -27.013  4.959 0.8000000119
35679  30.297  -25.487  11.032 0.6999999881
35691  30.531  -25.590  10.343 0.6999999881
35704  30.605  -25.369  9.830 0.6999999881
125242  30.399  -25.321  8.346 0.6999999881
35729  30.058  -25.745  7.726 0.6999999881
35744  27.069  -25.654  6.452 0.8000000119
35745  26.016  -25.692  6.278 0.8000000119
35759  26.552  -25.253  5.878 0.8000000119
34971  23.963  -27.029  5.793 0.8999999762
33404  29.022  -28.736  5.152 0.6000000238
35760  25.553  -25.276  5.897 0.8000000119
36640  25.776  -24.800  5.405 0.8999999762
35747  24.127  -25.647  5.507 0.8999999762
34982  23.951  -26.400  5.335 0.8999999762
32577  30.005  -28.922  5.141 0.6000000238
33421  28.609  -27.909  4.817 0.6999999881
35769  23.856  -25.457  4.499 0.8999999762
34216  26.933  -27.101  4.465 0.6999999881
35002  24.027  -25.821  4.415 0.8000000119
34991  25.870  -26.601  4.027 0.6999999881
36570  30.471  -24.720  10.342 0.6999999881
36582  30.679  -24.766  9.451 0.6999999881
129156  30.690  -24.862  8.835 0.6999999881
114560  28.116  -25.629  6.567 0.8000000119
35758  27.677  -25.182  5.962 0.8000000119
36639  27.136  -24.765  5.357 0.8000000119
35761  24.660  -25.142  5.616 0.8999999762
35762  23.943  -25.010  5.026 0.8999999762
33420  29.621  -28.092  4.663 0.6000000238
34227  27.722  -26.593  4.048 0.6999999881
35777  26.022  -26.067  3.292 0.6999999881
35001  24.903  -25.959  3.730 0.8000000119
122562  23.438  -25.095  3.540 0.8000000119
35778  25.135  -25.467  2.900 0.6999999881
111631  24.061  -25.321  3.340 0.8000000119
111861  30.673  -23.958  9.657 0.6999999881
36648  25.416  -24.355  4.722 0.8000000119
36649  24.248  -24.540  4.577 0.8999999762
36650  23.480  -24.828  4.019 0.8999999762
34214  29.158  -27.345  4.212 0.6000000238
36659  23.363  -24.528  3.243 0.8999999762
35000  26.914  -26.356  3.749 0.8000000119
35770  23.374  -24.915  3.505 0.8999999762
35788  23.245  -25.108  2.625 0.8000000119
35786  26.253  -25.636  2.514 0.6999999881
35787  24.034  -25.351  2.274 0.8000000119
35789  22.923  -25.003  2.281 0.8000000119
34226  28.576  -26.762  3.748 0.6999999881
36657  24.945  -24.044  4.003 0.8000000119
34999  27.842  -26.236  3.165 0.5000000000
35785  27.311  -25.796  2.331 0.6000000238
35776  26.905  -25.962  3.033 0.6999999881
37599  23.059  -24.713  2.720 0.8000000119
111860  26.573  -25.374  1.654 0.6000000238
35799  25.231  -25.140  1.927 0.6000000238
35800  23.924  -25.243  1.528 0.6999999881
36689  23.560  -24.930  1.277 0.8000000119
35779  23.082  -25.170  3.009 0.8000000119
36677  24.513  -24.936  1.293 0.6000000238
37598  24.169  -23.733  3.196 0.8000000119
35798  27.683  -25.505  1.512 0.6000000238
124518  23.378  -24.400  1.308 0.8000000119
37604  22.950  -24.655  2.256 0.8000000119
37603  23.278  -23.812  2.293 0.8000000119
38623  24.911  -22.909  2.572 0.8000000119
38624  23.800  -23.296  2.384 0.8000000119
37609  23.122  -24.260  1.752 0.8000000119
36676  25.739  -24.872  1.107 0.6000000238
37621  23.552  -23.492  1.287 0.6999999881
111804  23.521  -23.440  1.755 0.8000000119
37619  25.147  -23.672  0.422 0.6000000238
37620  23.989  -23.693  0.902 0.6000000238
123123  23.854  -22.559  0.860 0.6999999881
121759  26.474  -24.644  0.707 0.6000000238
36687  25.692  -24.331  0.689 0.6000000238
38631  26.914  -22.284  2.455 0.8000000119
38632  25.832  -22.346  2.141 0.8000000119
35811  27.998  -25.040  0.895 0.5000000000
39526  24.160  -21.808  1.471 0.8000000119
38633  24.050  -22.691  1.796 0.8000000119
36686  27.391  -24.519  0.598 0.6000000238
36675  26.978  -25.121  0.969 0.6000000238
39535  23.790  -21.349  1.005 0.6000000238
36685  28.337  -24.454  0.414 0.5000000000
37618  26.543  -23.885  0.326 0.6000000238
38648  24.653  -22.661  0.223 0.6000000238
37636  27.198  -23.142  -0.238 0.6000000238
38647  25.952  -23.038  -0.145 0.6000000238
38661  25.745  -22.131  -0.311 0.6000000238
38662  24.728  -21.647  -0.080 0.6000000238
39524  26.414  -21.683  1.798 0.8000000119
129255  24.767  -22.252  1.940 0.8000000119
40466  26.959  -20.963  1.652 0.8000000119
40480  26.411  -20.122  1.329 0.6999999881
40467  25.649  -20.859  1.296 0.6999999881
37617  27.804  -23.811  0.208 0.6000000238
39548  23.839  -21.219  0.738 0.6000000238
40482  24.067  -20.803  0.861 0.6000000238
40468  24.328  -21.014  1.214 0.6999999881
37635  28.377  -23.126  -0.217 0.5000000000
39565  24.682  -20.908  -0.214 0.6000000238
38660  27.823  -22.319  -0.679 0.5000000000
125201  25.541  -20.142  0.946 0.6000000238
40481  24.802  -20.494  0.832 0.6000000238
40496  24.646  -20.406  0.363 0.6000000238
116096  27.821  -21.517  -1.137 0.5000000000
39563  26.712  -21.639  -0.841 0.6000000238
40509  26.015  -20.669  -1.072 0.6000000238
39564  25.501  -21.232  -0.574 0.6000000238
40497  24.291  -20.815  0.385 0.6000000238
41462  25.123  -19.912  0.427 0.6000000238
39574  27.219  -20.790  -1.209 0.6000000238
39562  28.758  -21.673  -1.030 0.5000000000
39573  28.422  -20.864  -1.544 0.5000000000
117953  28.561  -20.068  -1.874 0.5000000000
41461  25.892  -19.603  0.797 0.6000000238
40523  25.554  -19.827  -1.329 0.6000000238
41489  25.152  -19.674  -0.903 0.6000000238
41474  25.438  -19.308  -0.000 0.6000000238
40522  26.469  -20.139  -1.428 0.6000000238
40521  27.479  -19.992  -1.699 0.6000000238
41503  28.061  -19.376  -2.108 0.5000000000
41502  29.129  -19.506  -1.981 0.4000000060
41473  26.361  -19.040  0.489 0.5000000000
41460  26.887  -19.453  1.247 0.5000000000
41488  25.461  -19.036  -0.982 0.5000000000
122119  26.226  -19.411  -1.744 0.6000000238
130061  26.998  -19.208  -2.066 0.5000000000
42530  28.456  -18.799  -2.315 0.4000000060
42501  26.859  -18.419  0.169 0.4000000060
41504  25.585  -18.929  -1.625 0.6000000238
42531  25.643  -18.293  -1.783 0.5000000000
42536  27.212  -18.544  -2.423 0.4000000060
41512  26.076  -18.659  -2.194 0.6000000238
42538  25.621  -18.021  -2.150 0.6000000238
43487  25.480  -17.415  -2.018 0.4000000060
42535  28.103  -17.963  -2.616 0.4000000060
128137  26.798  -17.743  -2.605 0.4000000060
43473  25.911  -17.438  -1.458 0.4000000060
42537  25.973  -17.896  -2.503 0.4000000060
43494  25.600  -17.368  -2.309 0.4000000060
43486  29.000  -17.704  -2.529 0.4000000060
43493  25.910  -17.200  -2.537 0.4000000060
43457  28.275  -17.561  0.218 0.4000000060
133524  26.586  -17.360  -0.790 0.4000000060
130201  25.505  -16.868  -1.945 0.4000000060
43491  28.319  -17.052  -2.746 0.4000000060
43492  27.117  -17.074  -2.584 0.4000000060
44413  26.257  -16.501  -2.357 0.4000000060
44414  25.556  -16.856  -2.204 0.4000000060
44371  27.275  -16.906  -0.493 0.4000000060
44372  26.253  -16.854  -1.393 0.4000000060
44412  27.434  -16.175  -2.605 0.3000000119
44405  26.163  -16.390  -2.193 0.4000000060
124370  25.895  -16.494  -1.928 0.4000000060
45410  27.698  -16.224  -0.651 0.4000000060
44389  26.759  -16.210  -1.351 0.4000000060
27381  24.044  -35.469  2.416 0.8000000119
28272  23.614  -34.677  2.983 0.8999999762
27356  23.432  -34.945  3.927 0.8999999762
116258  23.534  -35.752  3.657 0.8999999762
128295  28.033  -34.859  7.669 0.8999999762
29092  27.957  -33.522  7.609 1.0000000000
27342  25.804  -35.063  5.144 0.8999999762
124896  27.188  -34.873  6.212 0.8999999762
27343  24.620  -35.114  4.742 0.8999999762
28214  26.868  -34.286  5.886 0.8999999762
28227  26.140  -34.292  5.382 0.8999999762
29101  27.513  -33.512  6.865 1.0000000000
42502  25.968  -18.696  -0.428 0.4000000060
42517  25.754  -18.171  -1.338 0.4000000060
42500  27.893  -18.247  0.559 0.4000000060
23887  25.592  -40.011  12.336 0.8999999762
22227  26.606  -41.261  8.366 0.8000000119
23889  23.733  -39.748  12.790 0.8999999762
24757  27.284  -38.445  11.262 1.0000000000
23115  26.673  -40.067  7.505 0.8000000119
26437  27.890  -37.191  8.118 0.8999999762
24798  27.419  -38.508  7.534 0.8000000119
24805  25.236  -38.362  5.372 0.8000000119
25616  26.514  -37.214  6.109 0.8999999762
26452  25.173  -36.751  5.144 0.8000000119
124006  24.616  -36.133  4.652 0.8999999762
133448  27.811  -35.504  7.600 0.8999999762
131998  22.708  -33.385  11.010 0.6000000238
117503  21.540  -33.079  10.415 0.4000000060
28199  28.375  -34.263  8.649 1.0000000000
28209  27.871  -34.239  7.208 0.8999999762
129015  24.491  -36.178  2.365 0.6999999881
29160  24.963  -33.128  2.690 0.8000000119
122713  23.784  -34.768  4.360 0.8999999762
27378  27.562  -35.685  2.593 0.6000000238
29148  23.887  -33.770  3.205 0.8999999762
124074  24.225  -33.054  13.238 0.6999999881
28228  25.153  -34.244  4.937 0.8999999762
30031  23.879  -32.049  3.032 0.8999999762
28255  27.767  -34.325  3.249 0.6999999881
29892  25.582  -32.405  13.498 0.8000000119
29118  26.431  -33.728  5.688 0.8999999762
128591  25.542  -32.541  5.387 0.8999999762
29119  25.651  -33.421  5.221 0.8999999762
31625  23.167  -30.580  12.636 0.5000000000
29930  28.599  -32.146  11.521 1.0000000000
30002  23.959  -31.840  4.203 0.8999999762
30000  27.631  -31.924  4.963 0.6999999881
31756  24.558  -31.331  3.642 0.8999999762
31608  27.014  -30.169  13.764 0.8000000119
114604  25.125  -30.136  13.627 0.6000000238
31606  28.426  -29.843  13.053 0.6999999881
32520  27.507  -29.946  8.370 1.0000000000
31720  24.591  -30.007  6.231 1.0000000000
121409  24.800  -30.150  4.044 0.8999999762
119611  23.624  -30.078  13.068 0.5000000000
128631  29.733  -28.071  11.169 0.6999999881
32580  23.540  -28.778  4.810 0.8999999762
33308  27.202  -28.033  13.532 0.6000000238
34097  26.760  -27.181  13.386 0.5000000000
133393  24.565  -26.875  6.484 0.8999999762
36624  28.807  -25.105  6.088 0.8000000119
36641  24.653  -24.726  5.208 0.8999999762
130360  30.350  -23.832  10.273 0.6000000238
36658  23.900  -24.365  3.878 0.8999999762
131694  23.701  -24.440  1.068 0.6999999881
36688  24.553  -24.412  0.964 0.6000000238
38639  23.816  -22.374  1.151 0.8000000119
38663  24.003  -21.787  0.480 0.6000000238
121469  26.692  -22.506  -0.524 0.6000000238
40510  25.136  -20.375  -0.771 0.6000000238
41475  24.978  -19.758  -0.242 0.6000000238
43458  27.227  -17.758  -0.141 0.4000000060
43459  26.376  -17.990  -0.675 0.4000000060
44370  28.510  -16.766  -0.053 0.4000000060
45448  26.848  -15.474  -2.580 0.4000000060
27344  23.892  -35.510  4.254 0.8999999762
16732  21.121  -48.001  11.134 0.4000000060
17443  20.924  -47.831  11.892 0.4000000060
118046  20.530  -47.437  12.573 0.4000000060
17467  22.184  -47.167  11.197 0.4000000060
17442  21.242  -47.104  12.241 0.4000000060
18205  20.692  -46.525  12.733 0.4000000060
18216  23.223  -46.225  11.088 0.3000000119
18218  21.970  -46.851  11.919 0.4000000060
18990  23.635  -45.750  10.496 0.4000000060
18999  24.024  -45.332  9.811 0.4000000060
133687  24.370  -44.746  9.073 0.4000000060
126864  24.386  -44.275  8.362 0.4000000060
18204  21.544  -46.327  12.500 0.5000000000
18980  23.116  -45.951  11.857 0.4000000060
18203  22.338  -46.152  12.230 0.4000000060
18989  24.260  -45.218  10.682 0.5000000000
19796  24.663  -44.785  10.047 0.4000000060
19795  25.003  -44.348  9.558 0.4000000060
19808  24.970  -44.098  8.837 0.5000000000
20624  25.228  -43.134  7.723 0.5000000000
20625  24.461  -43.418  7.353 0.5000000000
21412  24.816  -42.810  6.920 0.6000000238
21421  24.268  -42.420  6.134 0.4000000060
18966  21.825  -45.637  12.670 0.5000000000
118566  21.097  -45.676  12.843 0.5000000000
121371  20.543  -45.049  12.917 0.5000000000
18968  19.639  -45.375  12.852 0.5000000000
18964  23.393  -45.239  12.072 0.6000000238
18965  22.562  -45.233  12.455 0.6000000238
18978  24.339  -44.964  11.346 0.5000000000
19779  24.613  -44.382  11.645 0.6000000238
19787  24.783  -44.621  10.893 0.5000000000
19786  25.237  -44.193  10.337 0.5000000000
20597  25.503  -43.732  9.551 0.4000000060
20611  25.429  -43.433  8.608 0.6000000238
21411  25.510  -42.376  7.367 0.6000000238
115369  25.720  -41.599  7.018 0.6000000238
22246  25.250  -41.276  6.314 0.6000000238
23123  24.933  -40.873  5.719 0.6000000238
21420  24.967  -42.000  6.578 0.6000000238
22247  24.412  -41.527  5.702 0.6000000238
23127  24.394  -40.671  5.019 0.6000000238
121643  22.303  -44.319  12.752 0.5000000000
19769  21.526  -44.819  12.900 0.5000000000
125515  19.850  -44.506  12.746 0.5000000000
19767  24.120  -44.023  12.206 0.6000000238
19768  23.205  -44.378  12.377 0.6000000238
19778  25.222  -43.978  11.178 0.6000000238
20581  24.830  -43.636  11.889 0.6000000238
20589  25.609  -43.402  10.488 0.5000000000
20580  25.328  -43.158  11.424 0.6000000238
133473  25.848  -43.246  9.876 0.6000000238
113280  25.890  -43.028  9.304 0.6000000238
23958  24.496  -39.813  5.000 0.6000000238
20569  21.532  -43.644  12.776 0.6000000238
19770  20.673  -44.170  12.766 0.5000000000
115367  19.901  -43.727  12.400 0.5000000000
20566  24.235  -43.169  12.259 0.6000000238
20567  23.434  -43.396  12.422 0.6000000238
20568  22.559  -43.519  12.714 0.6000000238
20571  19.151  -43.510  12.007 0.5000000000
21359  24.364  -42.463  12.349 0.6000000238
21395  26.132  -42.705  10.111 0.6000000238
123002  24.336  -39.036  4.949 0.6999999881
115470  22.830  -42.675  12.578 0.6000000238
111980  21.927  -42.725  12.781 0.6000000238
20570  20.584  -43.300  12.371 0.6000000238
21360  23.671  -42.546  12.444 0.6000000238
21361  22.258  -41.986  12.586 0.6000000238
111016  21.073  -42.736  12.456 0.6000000238
130609  20.401  -42.654  12.037 0.6000000238
20582  18.946  -42.867  11.672 0.6000000238
21376  19.129  -42.239  11.387 0.5000000000
21374  24.906  -42.839  12.059 0.6000000238
112641  23.113  -41.879  12.519 0.6000000238
21363  20.668  -42.020  12.100 0.6000000238
21362  21.439  -42.016  12.447 0.6000000238
21375  19.940  -42.128  11.595 0.6000000238
22201  20.182  -41.258  11.708 0.6000000238
21358  24.897  -42.063  12.257 0.6000000238
22199  26.160  -41.388  11.238 0.6000000238
24809  23.624  -38.151  4.276 0.6999999881
25626  23.611  -37.520  3.913 0.6999999881
22188  24.111  -41.644  12.565 0.6000000238
22191  21.784  -41.425  12.321 0.6999999881
22192  21.053  -41.280  12.116 0.6999999881
22187  24.867  -41.402  12.385 0.6000000238
26464  23.482  -36.656  3.385 0.6999999881
22190  22.463  -41.264  12.411 0.6999999881
22189  23.262  -41.078  12.569 0.6999999881
111751  21.682  -40.678  12.112 0.6999999881
23891  21.965  -39.861  12.149 0.6999999881
23077  20.626  -40.406  11.699 0.6999999881
23908  20.666  -39.531  11.282 0.6000000238
23078  19.760  -40.472  11.067 0.5000000000
27382  23.474  -35.497  2.736 0.8000000119
23064  23.285  -40.372  12.574 0.6999999881
23065  22.578  -40.529  12.395 0.6999999881
23066  21.219  -39.905  11.866 0.6999999881
23916  19.498  -39.642  10.072 0.5000000000
23907  21.371  -39.072  11.646 0.6999999881
23915  20.181  -39.239  10.348 0.6000000238
35742  29.889  -25.188  6.998 0.6999999881
35743  29.078  -25.640  6.654 0.6999999881
36638  28.265  -24.650  5.432 0.6999999881
114617  30.284  -25.060  7.744 0.6000000238
36608  30.557  -24.556  7.429 0.6000000238
36646  27.754  -24.215  4.817 0.6999999881
36647  26.627  -24.347  4.743 0.6999999881
37591  26.156  -23.840  4.152 0.6999999881
36596  30.648  -24.619  8.197 0.6000000238
36622  30.451  -24.410  6.664 0.6000000238
36623  29.675  -24.750  6.272 0.6999999881
37579  28.794  -24.088  4.889 0.6999999881
116171  30.945  -24.086  8.815 0.6000000238
37590  27.268  -23.711  4.251 0.6999999881
37596  26.816  -23.290  3.583 0.6999999881
38622  26.321  -22.880  2.831 0.6999999881
37546  30.997  -24.005  7.135 0.6000000238
127690  30.473  -23.375  5.541 0.6000000238
37578  29.682  -23.796  5.155 0.6999999881
37595  27.859  -23.177  3.697 0.6999999881
38621  27.392  -22.754  3.056 0.6999999881
114786  31.003  -23.960  7.879 0.6000000238
132362  31.118  -22.939  5.891 0.5000000000
38609  29.533  -22.725  4.223 0.5000000000
38610  28.748  -22.960  3.954 0.6999999881
39522  28.355  -21.510  2.719 0.6999999881
39523  27.401  -21.585  2.300 0.6999999881
44403  30.038  -16.980  -1.942 0.3000000119
16733  20.500  -48.389  11.503 0.4000000060
16711  20.307  -48.239  12.277 0.3000000119
16712  19.590  -48.566  12.477 0.4000000060
17476  22.178  -47.228  10.550 0.3000000119
17426  19.738  -47.747  12.921 0.4000000060
19000  23.346  -45.804  9.692 0.4000000060
17425  20.081  -47.010  12.932 0.4000000060
19015  23.551  -45.321  8.972 0.4000000060
19810  23.659  -44.726  8.155 0.4000000060
19809  24.027  -43.980  7.737 0.5000000000
21422  24.111  -43.175  6.561 0.4000000060
18955  19.078  -46.063  12.972 0.4000000060
18969  18.808  -45.383  12.827 0.5000000000
120456  24.071  -40.086  4.470 0.6000000238
19771  19.043  -44.719  12.641 0.5000000000
130062  19.293  -44.100  12.448 0.5000000000
20572  18.547  -44.125  12.096 0.5000000000
120744  23.896  -39.521  4.570 0.6000000238
20583  18.415  -43.289  11.639 0.5000000000
21378  17.640  -42.913  11.180 0.4000000060
23959  23.432  -38.901  4.360 0.6999999881
22202  19.247  -41.311  11.067 0.5000000000
25635  23.454  -37.669  3.339 0.6999999881
26473  23.440  -36.299  2.799 0.8000000119
26482  23.699  -36.056  2.476 0.6999999881
23917  18.660  -39.680  9.441 0.5000000000
116943  29.268  -26.976  12.653 0.6000000238
34886  29.380  -26.186  12.233 0.6000000238
37545  31.459  -23.251  7.368 0.5000000000
38589  31.599  -22.676  6.603 0.5000000000
39505  31.007  -21.800  4.910 0.5000000000
38608  30.263  -22.387  4.483 0.5000000000
113467  29.173  -21.789  3.360 0.5000000000
39521  29.364  -21.079  2.730 0.5000000000
40465  28.533  -20.637  2.278 0.5000000000
44402  30.611  -16.259  -1.718 0.3000000119
22200  25.486  -41.546  11.916 0.6000000238
21373  25.390  -42.385  11.694 0.6000000238
23906  22.250  -39.066  12.207 0.8000000119
24808  24.209  -38.264  4.754 0.6999999881
26454  23.926  -36.564  4.128 0.6999999881
37597  25.619  -23.431  3.406 0.6999999881
112730  27.777  -20.925  2.222 0.6000000238
122234  23.297  -35.864  3.100 0.8000000119
123325  24.850  -37.034  2.383 0.6999999881
36637  29.284  -24.479  5.565 0.6999999881
17460  21.558  -47.466  11.521 0.4000000060
18217  22.623  -46.561  11.550 0.4000000060
18234  23.064  -46.330  10.288 0.3000000119
18979  23.753  -45.488  11.407 0.5000000000
18954  19.878  -46.271  12.894 0.5000000000
121731  18.185  -45.907  13.007 0.5000000000
23909  20.122  -39.857  10.975 0.6000000238
37589  28.295  -23.599  4.336 0.6999999881
36636  30.187  -24.134  5.890 0.6999999881
37563  31.000  -23.603  6.403 0.6000000238
37588  29.212  -23.433  4.491 0.6999999881
126142  30.676  -22.600  5.239 0.5000000000
37587  30.002  -23.093  4.796 0.6000000238
38620  28.359  -22.391  3.322 0.6999999881
38630  27.726  -22.128  2.756 0.6999999881
38602  31.430  -22.178  5.788 0.5000000000
119118  29.105  -22.348  3.787 0.5000000000
38575  31.826  -22.210  7.448 0.5000000000
38618  30.491  -21.797  4.113 0.5000000000
25647  23.711  -37.794  2.852 0.6000000238
124075  23.876  -36.871  2.595 0.6000000238
26480  26.524  -36.545  2.506 0.5000000000
25645  25.109  -37.933  2.501 0.6000000238
26481  25.666  -36.188  2.357 0.6000000238
121183  28.535  -37.211  2.981 0.5000000000
26479  27.345  -36.437  2.618 0.5000000000
25586  20.964  -37.124  9.213 0.5000000000
25634  28.834  -37.012  3.009 0.5000000000
26478  28.182  -36.466  2.812 0.5000000000
26471  29.120  -36.652  3.300 0.5000000000
26427  20.504  -36.449  8.165 0.4000000060
26439  20.065  -35.774  7.377 0.4000000060
26472  28.565  -36.335  2.977 0.5000000000
25625  29.962  -37.098  3.712 0.5000000000
133077  29.094  -36.155  3.621 0.5000000000
27319  20.312  -35.269  7.825 0.4000000060
26450  30.824  -35.967  5.080 0.5000000000
26463  29.557  -36.396  4.029 0.5000000000
28200  20.556  -34.650  8.424 0.4000000060
30802  22.417  -31.304  11.716 0.4000000060
30803  21.877  -31.568  11.337 0.4000000060
30819  21.181  -31.663  10.798 0.3000000119
129105  25.528  -28.052  13.501 0.4000000060
133211  24.905  -28.134  13.321 0.4000000060
115929  22.596  -30.038  12.452 0.4000000060
34099  25.042  -27.492  13.330 0.4000000060
32448  23.098  -29.691  12.806 0.4000000060
31626  22.489  -30.671  12.097 0.4000000060
33318  23.035  -28.847  12.792 0.4000000060
32449  22.399  -29.343  12.565 0.4000000060
31650  21.863  -30.790  11.618 0.4000000060
33311  24.445  -28.597  13.246 0.4000000060
33312  23.737  -28.323  12.925 0.4000000060
123153  23.841  -29.276  13.109 0.4000000060
34098  25.800  -27.330  13.478 0.4000000060
34100  24.366  -27.803  13.131 0.4000000060
34104  23.697  -27.435  12.787 0.4000000060
122704  23.068  -28.003  12.472 0.4000000060
31627  21.893  -29.924  12.062 0.4000000060
129348  22.395  -27.724  11.923 0.4000000060
33320  21.634  -28.389  11.747 0.4000000060
34096  27.780  -27.446  13.296 0.4000000060
34882  25.264  -26.852  13.279 0.4000000060
34103  24.459  -26.884  13.049 0.4000000060
34879  28.365  -26.808  13.031 0.5000000000
34880  27.476  -26.749  13.155 0.4000000060
34881  25.954  -26.553  13.262 0.4000000060
34889  24.315  -26.154  12.601 0.4000000060
34890  23.667  -26.580  12.575 0.4000000060
34105  23.007  -27.101  12.298 0.4000000060
34895  22.939  -26.198  12.176 0.4000000060
35670  28.650  -25.980  12.561 0.5000000000
34887  27.648  -26.122  12.817 0.5000000000
35664  26.798  -26.288  13.090 0.4000000060
35671  26.028  -25.756  12.930 0.4000000060
35672  25.415  -25.396  12.547 0.4000000060
34888  25.144  -26.129  12.861 0.4000000060
129330  26.873  -25.507  12.780 0.4000000060
35673  24.620  -25.444  12.209 0.4000000060
119875  27.728  -25.338  12.552 0.4000000060
36551  27.013  -24.692  12.539 0.4000000060
36552  26.074  -24.862  12.577 0.4000000060
36553  25.250  -24.796  12.147 0.4000000060
36560  27.333  -23.958  12.274 0.4000000060
37498  27.016  -23.125  10.763 0.4000000060
120980  26.618  -23.611  11.514 0.4000000060
127771  26.070  -23.886  11.813 0.4000000060
37490  25.550  -23.747  11.272 0.4000000060
35680  29.766  -25.035  11.632 0.5000000000
37489  28.920  -23.668  11.606 0.5000000000
112633  27.815  -23.348  11.630 0.4000000060
37499  26.116  -23.198  10.762 0.4000000060
37500  25.365  -23.217  10.619 0.3000000119
121760  27.752  -24.611  12.421 0.5000000000
36561  26.448  -24.123  12.243 0.4000000060
36562  25.730  -24.226  12.033 0.4000000060
134029  25.146  -24.293  11.668 0.4000000060
37488  29.573  -23.712  11.072 0.5000000000
38535  25.642  -22.654  10.295 0.3000000119
37487  30.084  -24.073  10.838 0.5000000000
38517  29.225  -23.193  10.928 0.5000000000
38518  28.514  -23.117  11.080 0.4000000060
38533  27.866  -22.765  10.660 0.4000000060
125225  27.139  -22.629  10.346 0.4000000060
38534  26.467  -22.655  10.319 0.3000000119
38553  25.173  -22.072  9.870 0.3000000119
37497  29.920  -23.295  10.555 0.5000000000
37520  30.885  -23.150  9.231 0.5000000000
38532  28.790  -22.602  10.661 0.3000000119
39433  28.268  -22.065  10.229 0.4000000060
39434  27.518  -22.237  10.163 0.4000000060
39435  26.849  -22.127  9.962 0.3000000119
38552  26.036  -22.095  9.859 0.3000000119
38554  24.346  -22.123  9.774 0.3000000119
38531  29.515  -22.703  10.547 0.3000000119
37496  30.430  -23.148  9.941 0.4000000060
38551  30.674  -22.331  9.696 0.4000000060
37533  31.237  -23.207  8.397 0.4000000060
39445  25.593  -21.556  9.300 0.3000000119
116289  23.927  -21.619  9.342 0.3000000119
39462  23.380  -21.133  8.941 0.3000000119
39432  29.301  -21.981  10.247 0.3000000119
39460  25.071  -21.093  8.675 0.3000000119
39446  24.723  -21.586  9.301 0.3000000119
38530  30.055  -22.464  10.226 0.3000000119
129921  31.456  -21.341  8.968 0.3000000119
37532  31.591  -22.558  8.133 0.4000000060
39489  31.983  -21.553  6.657 0.4000000060
39504  31.824  -21.315  5.650 0.4000000060
38619  29.831  -22.118  3.844 0.4000000060
40392  22.694  -20.633  8.393 0.3000000119
39441  29.490  -21.358  9.732 0.3000000119
39442  28.588  -21.398  9.757 0.3000000119
39440  30.158  -21.739  9.866 0.3000000119
39458  30.878  -21.473  9.463 0.3000000119
38564  31.785  -21.745  8.348 0.3000000119
39471  31.973  -21.237  7.628 0.4000000060
116463  32.355  -20.611  7.141 0.3000000119
110624  32.401  -20.511  6.432 0.4000000060
40446  31.089  -21.162  4.110 0.4000000060
40455  30.721  -20.713  3.512 0.4000000060
39516  30.192  -21.387  3.414 0.4000000060
40445  31.745  -20.513  4.551 0.4000000060
115934  31.324  -20.330  3.911 0.4000000060
40456  30.095  -20.529  2.957 0.4000000060
41446  30.036  -19.530  2.708 0.4000000060
41447  29.291  -19.559  2.156 0.4000000060
40478  28.647  -19.886  1.898 0.4000000060
40479  27.608  -20.163  1.762 0.5000000000
40405  32.523  -19.733  7.109 0.3000000119
41427  32.089  -18.919  5.510 0.3000000119
40454  31.798  -19.906  4.310 0.3000000119
41438  31.489  -19.546  3.812 0.4000000060
42460  30.987  -19.079  3.227 0.4000000060
42471  30.358  -18.536  2.632 0.3000000119
42472  29.531  -18.929  2.224 0.4000000060
41458  28.855  -19.190  1.733 0.3000000119
41459  27.960  -19.359  1.483 0.3000000119
42485  28.371  -18.725  1.222 0.3000000119
42486  27.370  -18.841  0.936 0.3000000119
41412  32.329  -19.015  6.598 0.3000000119
41432  31.878  -19.198  4.498 0.3000000119
42459  31.649  -18.690  3.806 0.3000000119
42470  31.277  -18.215  3.161 0.3000000119
132175  30.882  -17.831  2.663 0.3000000119
126006  29.777  -18.382  2.071 0.3000000119
42484  29.203  -18.589  1.594 0.3000000119
43443  28.908  -18.147  0.869 0.3000000119
42483  29.677  -17.978  1.461 0.3000000119
42439  31.909  -18.035  5.509 0.3000000119
42453  31.833  -18.241  4.603 0.3000000119
114910  31.682  -17.778  3.745 0.3000000119
43427  31.422  -17.386  3.020 0.3000000119
43428  30.804  -17.190  2.389 0.3000000119
116080  30.260  -17.859  2.174 0.3000000119
43441  30.197  -17.254  1.597 0.3000000119
43442  29.378  -17.325  0.710 0.3000000119
45409  28.710  -15.865  -0.319 0.3000000119
35669  29.253  -25.422  12.146 0.5000000000
24813  23.321  -38.356  3.802 0.6000000238
24837  23.769  -38.640  2.517 0.5000000000
25646  24.244  -37.852  2.540 0.5000000000
24834  26.123  -38.059  2.701 0.5000000000
24835  25.185  -38.648  2.446 0.5000000000
114034  29.551  -37.503  3.141 0.5000000000
118090  28.355  -37.780  3.085 0.5000000000
25643  26.867  -37.174  2.741 0.5000000000
24760  21.271  -38.245  10.989 0.6000000238
24768  20.837  -38.201  10.235 0.6000000238
25571  21.277  -37.708  10.157 0.6000000238
25572  20.612  -37.793  9.309 0.5000000000
24782  19.983  -37.957  8.337 0.5000000000
25587  20.195  -37.174  8.076 0.5000000000
24791  19.311  -37.274  7.204 0.5000000000
25600  19.672  -36.415  7.193 0.4000000060
26428  19.520  -35.836  7.277 0.4000000060
27320  19.806  -35.404  7.401 0.4000000060
28201  19.911  -34.905  7.777 0.4000000060
113347  21.327  -31.052  11.189 0.4000000060
31651  21.059  -30.249  11.348 0.4000000060
34106  21.691  -27.482  11.412 0.4000000060
35674  23.742  -25.818  12.172 0.4000000060
34896  22.262  -26.733  11.712 0.4000000060
127854  21.782  -26.055  11.462 0.4000000060
36563  24.598  -24.693  11.644 0.4000000060
35682  23.092  -25.474  11.672 0.4000000060
38536  24.737  -22.802  10.230 0.4000000060
37491  24.699  -24.093  11.175 0.4000000060
37501  24.761  -23.545  10.689 0.4000000060
128911  23.689  -22.100  9.723 0.3000000119
133185  21.080  -27.968  11.299 0.4000000060
35681  23.904  -25.120  11.613 0.4000000060
29061  20.774  -33.912  8.915 0.4000000060
119541  26.718  -35.813  2.453 0.5000000000
36557  30.127  -24.708  11.101 0.5000000000
25644  25.871  -37.158  2.453 0.6000000238
25642  27.828  -37.117  2.864 0.5000000000
25641  29.204  -37.835  2.982 0.5000000000
33319  22.382  -28.555  12.319 0.4000000060
32450  21.810  -29.092  12.253 0.4000000060
32467  21.201  -29.296  11.753 0.4000000060
35683  22.314  -25.809  11.684 0.4000000060
36550  28.457  -25.012  12.299 0.5000000000
115594  29.642  -24.270  11.415 0.5000000000
36558  29.105  -24.535  11.996 0.5000000000
36559  28.264  -24.059  12.243 0.5000000000
38565  31.393  -22.261  9.031 0.4000000060
39510  31.621  -21.117  4.866 0.4000000060
40372  30.151  -20.972  9.473 0.3000000119
40463  30.758  -19.946  3.366 0.4000000060
114215  32.446  -19.718  6.091 0.3000000119
40439  32.115  -20.523  5.400 0.3000000119
111325  32.130  -19.806  5.016 0.3000000119
121981  31.815  -17.600  4.956 0.3000000119
44369  29.299  -16.487  0.408 0.3000000119
22203  18.354  -41.739  10.830 0.4000000060
22212  18.213  -40.888  10.291 0.4000000060
22213  17.375  -41.270  10.055 0.4000000060
23087  17.975  -40.081  9.477 0.3000000119
23086  18.932  -40.326  10.350 0.4000000060
23131  24.120  -40.598  4.189 0.5000000000
24770  19.721  -38.940  9.199 0.5000000000
23924  18.903  -39.124  8.571 0.3000000119
23964  23.587  -39.739  3.911 0.5000000000
23973  23.605  -39.602  2.993 0.5000000000
24769  20.296  -38.513  9.602 0.5000000000
132034  19.844  -38.476  8.750 0.4000000060
23974  23.153  -39.071  3.484 0.5000000000
23141  24.098  -40.416  3.486 0.5000000000
122902  24.272  -39.971  2.665 0.3000000119
24823  23.394  -38.504  3.075 0.5000000000
23984  23.894  -39.280  2.290 0.4000000060
111295  25.238  -40.091  2.939 0.3000000119
23972  24.802  -39.346  2.379 0.3000000119
131842  25.457  -39.485  2.751 0.3000000119
23970  27.239  -39.140  3.456 0.3000000119
23971  26.221  -39.497  3.221 0.3000000119
24822  25.724  -38.959  2.725 0.4000000060
24836  24.407  -38.697  2.297 0.4000000060
126457  18.795  -36.692  7.034 0.3000000119
23983  29.003  -38.581  3.088 0.4000000060
24820  27.851  -38.505  3.328 0.4000000060
24821  26.746  -38.647  3.124 0.4000000060
26429  19.061  -35.932  7.413 0.3000000119
28190  20.015  -34.062  8.390 0.3000000119
32468  20.449  -29.434  11.180 0.3000000119
33329  20.754  -28.652  11.384 0.3000000119
34897  21.493  -26.701  11.170 0.3000000119
36566  21.716  -25.401  11.252 0.3000000119
35684  21.216  -25.917  10.977 0.3000000119
35685  20.416  -25.801  10.505 0.3000000119
37492  24.032  -24.452  11.101 0.3000000119
36564  23.252  -24.737  11.178 0.3000000119
36565  22.417  -25.057  11.291 0.3000000119
36572  21.743  -24.628  10.934 0.3000000119
117471  24.196  -23.905  10.740 0.3000000119
37502  23.423  -23.920  10.714 0.3000000119
36571  22.522  -24.269  10.898 0.3000000119
37503  22.551  -23.450  10.579 0.3000000119
37504  21.809  -23.843  10.557 0.3000000119
116531  24.044  -23.393  10.337 0.3000000119
38537  23.252  -23.092  10.364 0.3000000119
38538  22.573  -22.786  10.350 0.3000000119
115092  23.995  -42.142  5.345 0.5000000000
24833  27.324  -37.833  3.087 0.4000000060
27308  19.600  -35.210  7.674 0.3000000119
24783  19.143  -38.277  7.892 0.3000000119
18194  18.007  -46.897  13.135 0.4000000060
17444  17.219  -47.232  12.873 0.4000000060
18206  17.358  -46.327  12.711 0.4000000060
18972  15.957  -46.061  12.085 0.4000000060
18981  16.195  -45.328  11.727 0.3000000119
18970  17.473  -45.474  12.475 0.4000000060
18971  16.723  -45.797  12.292 0.4000000060
19774  16.917  -45.087  11.931 0.4000000060
20626  23.680  -43.683  7.067 0.3000000119
19772  18.186  -44.959  12.529 0.4000000060
19782  16.427  -44.685  11.460 0.3000000119
119473  16.975  -43.449  10.902 0.3000000119
19781  17.137  -44.354  11.460 0.4000000060
114071  16.701  -42.404  10.536 0.3000000119
20585  16.086  -43.832  11.019 0.3000000119
21384  16.436  -41.466  9.814 0.3000000119
20584  17.793  -43.787  11.521 0.4000000060
22204  17.501  -42.053  10.729 0.3000000119
17445  16.400  -47.477  12.706 0.4000000060
18207  16.575  -46.626  12.493 0.4000000060
18192  19.402  -46.897  13.100 0.3000000119
21385  15.565  -41.635  9.581 0.3000000119
16695  18.856  -48.883  12.663 0.4000000060
17468  21.709  -47.604  10.798 0.3000000119
18193  18.682  -46.647  13.156 0.4000000060
18228  22.649  -46.768  10.758 0.4000000060
18967  20.364  -45.782  12.861 0.5000000000
19773  17.513  -44.856  12.098 0.4000000060
19780  23.993  -44.816  11.957 0.6000000238
20573  17.855  -44.438  11.936 0.5000000000
20590  15.868  -42.704  10.397 0.3000000119
20612  24.766  -43.730  8.087 0.5000000000
21364  19.782  -42.936  11.825 0.6000000238
21372  25.828  -42.007  11.316 0.6000000238
21377  18.334  -42.507  11.304 0.4000000060
22220  26.633  -41.469  9.354 0.8000000119
23923  27.712  -39.259  9.195 1.0000000000
23954  25.085  -40.190  5.572 0.6999999881
23985  23.416  -39.068  2.737 0.4000000060
24761  20.709  -38.761  10.770 0.6000000238
25556  27.414  -37.336  11.434 1.0000000000
25569  28.210  -37.066  9.676 1.0000000000
25611  27.133  -37.422  6.831 0.8999999762
25617  25.691  -37.424  5.489 0.8000000119
26462  30.415  -36.594  4.445 0.5000000000
27337  31.789  -35.097  5.160 0.6000000238
27353  29.938  -35.878  4.675 0.5000000000
27355  28.525  -35.012  3.670 0.6000000238
27369  23.347  -35.175  3.286 0.8999999762
27380  25.047  -35.422  2.351 0.8000000119
28121  26.690  -34.824  13.175 0.8999999762
29131  31.729  -33.070  5.211 0.6000000238
29162  24.119  -34.215  2.775 0.8999999762
29997  30.754  -32.803  5.605 0.6000000238
30867  30.146  -32.058  5.639 0.6000000238
32446  29.273  -29.378  12.316 0.6999999881
32562  29.383  -29.538  5.488 0.6000000238
32578  25.266  -29.801  4.217 0.8999999762
33423  23.721  -28.421  4.574 0.8999999762
34215  28.119  -27.132  4.491 0.6999999881
35801  23.233  -25.189  1.811 0.8000000119
36651  23.186  -24.860  3.100 0.8999999762
36660  22.961  -24.926  2.500 0.8000000119
36667  23.002  -24.918  1.809 0.8000000119
39525  25.140  -21.630  1.662 0.8000000119
40464  29.378  -20.252  2.363 0.4000000060
40511  24.766  -20.309  -0.224 0.6000000238
113227  24.553  -33.417  4.713 0.8999999762
115331  28.794  -30.863  5.660 0.6999999881
116489  23.962  -40.666  12.666 0.6999999881
117009  27.664  -38.620  10.460 1.0000000000
117882  24.285  -30.085  13.364 0.5000000000
118203  23.688  -21.727  0.863 0.6999999881
119486  24.635  -27.441  4.489 0.8000000119
120287  26.330  -27.982  13.608 0.5000000000
120390  29.559  -35.242  4.825 0.6000000238
123297  25.144  -33.094  13.526 0.8999999762
123609  23.514  -37.035  2.932 0.8000000119
123928  26.841  -27.510  7.639 0.8000000119
131484  26.748  -40.650  10.408 0.8000000119
132120  24.187  -21.239  0.244 0.6000000238
132901  21.280  -35.786  9.109 0.5000000000
133382  29.372  -25.178  6.466 0.6999999881
