#!ascii label  , from subject sub-03 vox2ras=TkReg
298
133460  35.124  -46.443  23.343 0.0000000000
12435  38.171  -53.990  14.551 0.0000000000
11750  37.286  -55.542  20.468 0.0000000000
14543  34.137  -51.751  19.060 0.0000000000
9220  33.863  -59.349  16.982 0.0000000000
10452  35.155  -57.725  19.092 0.0000000000
8720  35.028  -60.291  19.702 0.0000000000
13085  36.946  -52.698  17.097 0.0000000000
15953  33.913  -49.072  17.784 0.0000000000
14496  35.596  -51.853  22.794 0.0000000000
12398  34.060  -54.346  20.385 0.0000000000
11779  34.023  -56.310  16.978 0.0000000000
10483  37.585  -56.876  15.914 0.0000000000
8242  37.670  -61.406  15.528 0.0000000000
19622  37.063  -44.227  23.817 0.0000000000
112612  37.318  -48.720  23.491 0.0000000000
13777  38.796  -52.503  21.869 0.0000000000
132621  33.298  -47.137  20.088 0.0000000000
9192  36.316  -59.097  19.763 0.0000000000
13090  38.253  -53.579  16.159 0.0000000000
14570  36.107  -51.666  16.055 0.0000000000
13036  36.388  -53.598  21.569 0.0000000000
12397  35.708  -54.984  20.562 0.0000000000
9810  33.938  -58.600  18.183 0.0000000000
130504  34.212  -57.261  18.531 0.0000000000
10473  33.854  -58.004  16.996 0.0000000000
11120  35.370  -56.431  16.385 0.0000000000
9829  35.780  -58.812  15.514 0.0000000000
120930  39.527  -60.056  14.729 0.0000000000
15207  38.452  -50.267  23.407 0.0000000000
14479  38.049  -50.971  23.202 0.0000000000
125362  39.221  -51.265  22.523 0.0000000000
14521  33.549  -51.073  20.684 0.0000000000
15932  34.320  -49.289  20.079 0.0000000000
17390  31.982  -47.954  17.884 0.0000000000
18137  31.844  -46.601  18.312 0.0000000000
11078  37.916  -56.269  20.147 0.0000000000
11080  35.935  -56.279  19.965 0.0000000000
10450  37.128  -57.690  19.614 0.0000000000
9797  34.971  -58.661  19.024 0.0000000000
8732  34.445  -60.259  18.981 0.0000000000
13831  35.738  -52.184  18.115 0.0000000000
15260  35.300  -50.271  18.874 0.0000000000
14555  36.147  -51.049  17.615 0.0000000000
15275  33.160  -49.894  17.306 0.0000000000
11133  38.319  -55.597  14.017 0.0000000000
15894  34.921  -49.554  23.541 0.0000000000
13039  33.502  -52.888  20.883 0.0000000000
13071  33.370  -53.335  19.380 0.0000000000
11761  34.915  -56.063  19.648 0.0000000000
11098  33.748  -55.722  18.779 0.0000000000
12419  34.010  -54.083  17.815 0.0000000000
12424  35.055  -54.588  16.977 0.0000000000
11118  37.743  -55.531  16.392 0.0000000000
11783  39.829  -54.995  16.029 0.0000000000
8743  35.849  -60.670  15.797 0.0000000000
9228  37.584  -59.558  15.057 0.0000000000
9827  39.580  -57.367  15.357 0.0000000000
11131  40.571  -55.966  14.547 0.0000000000
116880  36.036  -43.350  23.235 0.0000000000
18845  35.921  -45.237  23.334 0.0000000000
17336  36.917  -47.087  23.671 0.0000000000
17337  35.820  -47.604  23.668 0.0000000000
15209  36.483  -50.346  23.453 0.0000000000
13762  37.215  -52.298  22.392 0.0000000000
12368  38.020  -54.042  21.213 0.0000000000
12393  39.846  -54.451  20.308 0.0000000000
11748  39.358  -55.403  20.205 0.0000000000
124711  33.947  -48.089  19.120 0.0000000000
18102  35.016  -45.811  23.076 0.0000000000
119199  34.471  -45.175  22.587 0.0000000000
17343  34.576  -46.700  23.115 0.0000000000
13103  38.340  -53.663  15.096 0.0000000000
13096  37.268  -52.901  15.114 0.0000000000
12369  37.040  -54.203  21.267 0.0000000000
12370  36.014  -54.343  21.149 0.0000000000
12396  36.681  -54.892  20.771 0.0000000000
9215  33.757  -59.051  17.681 0.0000000000
9813  33.728  -58.263  17.629 0.0000000000
9221  34.032  -58.665  16.598 0.0000000000
9820  34.730  -58.679  15.990 0.0000000000
130252  34.446  -59.411  16.304 0.0000000000
8251  40.137  -60.969  14.479 0.0000000000
15224  38.908  -50.871  22.976 0.0000000000
14532  33.674  -51.639  19.821 0.0000000000
15250  34.023  -50.460  20.170 0.0000000000
14531  34.599  -50.757  19.435 0.0000000000
17380  31.450  -46.770  17.537 0.0000000000
11094  37.533  -57.014  19.782 0.0000000000
9193  35.536  -59.499  19.672 0.0000000000
9194  34.631  -59.509  19.089 0.0000000000
13830  36.593  -52.107  17.655 0.0000000000
13822  36.031  -51.544  18.117 0.0000000000
14554  36.700  -51.775  17.336 0.0000000000
14561  35.398  -51.083  16.314 0.0000000000
14562  34.271  -51.068  16.460 0.0000000000
15967  32.011  -49.752  16.992 0.0000000000
15210  35.468  -50.384  23.411 0.0000000000
15211  34.470  -50.338  23.098 0.0000000000
14482  35.022  -51.142  23.026 0.0000000000
13056  33.517  -53.534  20.252 0.0000000000
12413  33.535  -54.164  19.615 0.0000000000
11096  35.539  -56.929  19.467 0.0000000000
123746  34.621  -56.880  19.078 0.0000000000
11111  33.858  -56.588  17.465 0.0000000000
11104  34.005  -56.503  18.621 0.0000000000
123866  33.714  -56.092  18.095 0.0000000000
132369  33.568  -54.543  18.532 0.0000000000
11772  33.874  -55.613  17.607 0.0000000000
11771  34.217  -54.743  17.471 0.0000000000
11778  34.389  -55.492  17.009 0.0000000000
129319  36.325  -56.779  16.057 0.0000000000
11119  36.471  -55.953  16.407 0.0000000000
128928  37.270  -56.278  16.213 0.0000000000
11784  39.048  -55.174  16.311 0.0000000000
10482  39.116  -56.656  15.844 0.0000000000
7097  36.992  -63.925  17.264 0.0000000000
129378  37.369  -61.948  16.028 0.0000000000
8235  36.841  -61.975  16.530 0.0000000000
8243  36.694  -61.338  15.820 0.0000000000
8742  36.861  -60.451  15.371 0.0000000000
9229  36.578  -59.462  15.306 0.0000000000
9240  40.663  -59.343  14.253 0.0000000000
9837  39.863  -58.152  15.016 0.0000000000
9836  40.637  -58.273  14.416 0.0000000000
10491  40.484  -56.446  14.710 0.0000000000
10498  40.589  -56.792  14.276 0.0000000000
20431  36.473  -43.086  24.045 0.0000000000
20433  36.735  -43.637  23.725 0.0000000000
19623  36.298  -44.259  23.306 0.0000000000
18844  36.778  -44.930  23.592 0.0000000000
16605  37.596  -47.838  23.607 0.0000000000
18099  37.463  -46.254  23.808 0.0000000000
16606  36.626  -48.115  23.559 0.0000000000
15893  35.960  -49.579  23.537 0.0000000000
15892  36.936  -49.553  23.493 0.0000000000
13761  38.186  -52.112  22.359 0.0000000000
14494  37.626  -51.636  22.813 0.0000000000
13778  37.797  -52.756  21.922 0.0000000000
13034  38.417  -53.250  21.494 0.0000000000
12392  41.179  -54.281  19.748 0.0000000000
12394  38.659  -54.616  20.645 0.0000000000
15943  34.476  -48.911  18.301 0.0000000000
16640  34.530  -48.553  18.857 0.0000000000
16650  33.822  -48.405  18.501 0.0000000000
18129  32.175  -46.155  18.951 0.0000000000
115426  37.553  -53.301  16.511 0.0000000000
13835  37.190  -52.173  16.772 0.0000000000
13763  36.193  -52.444  22.407 0.0000000000
13764  35.173  -52.525  22.332 0.0000000000
13780  35.770  -53.050  21.895 0.0000000000
12371  34.958  -54.428  20.901 0.0000000000
10453  34.427  -58.047  18.612 0.0000000000
131307  34.590  -57.481  18.829 0.0000000000
10459  33.905  -57.762  18.102 0.0000000000
10465  33.803  -57.447  17.512 0.0000000000
11122  33.968  -57.157  16.930 0.0000000000
11121  34.480  -56.862  16.543 0.0000000000
116443  34.397  -57.809  16.367 0.0000000000
10484  35.241  -58.046  15.827 0.0000000000
127220  36.415  -57.713  15.625 0.0000000000
8750  38.356  -60.527  14.952 0.0000000000
8749  39.438  -60.906  14.782 0.0000000000
115973  40.213  -60.121  14.540 0.0000000000
15891  37.901  -49.474  23.525 0.0000000000
15208  37.492  -50.285  23.449 0.0000000000
14493  38.533  -51.451  22.691 0.0000000000
13760  39.076  -51.800  22.221 0.0000000000
15921  33.612  -48.883  20.765 0.0000000000
17367  33.532  -47.610  19.795 0.0000000000
16659  33.042  -48.744  18.073 0.0000000000
17379  32.332  -47.402  18.422 0.0000000000
127921  31.826  -47.256  17.893 0.0000000000
18878  30.958  -45.280  18.178 0.0000000000
11751  36.340  -55.595  20.362 0.0000000000
11079  36.911  -56.302  20.117 0.0000000000
11095  36.532  -56.977  19.684 0.0000000000
10451  36.139  -57.668  19.464 0.0000000000
9796  35.788  -58.461  19.377 0.0000000000
9809  34.331  -58.866  18.671 0.0000000000
9208  34.097  -59.499  18.382 0.0000000000
13823  34.964  -51.974  18.564 0.0000000000
14542  35.340  -51.090  18.825 0.0000000000
14541  35.712  -50.784  18.293 0.0000000000
15952  34.786  -49.489  17.902 0.0000000000
14560  36.236  -51.212  16.752 0.0000000000
15283  35.641  -50.683  17.037 0.0000000000
15954  32.644  -49.235  17.590 0.0000000000
15955  31.840  -49.106  17.252 0.0000000000
116277  34.890  -47.978  23.668 0.0000000000
17339  34.370  -47.542  23.277 0.0000000000
16607  34.517  -48.765  23.523 0.0000000000
111686  33.362  -52.617  19.934 0.0000000000
13809  33.572  -52.541  19.207 0.0000000000
11752  34.709  -55.104  20.137 0.0000000000
11097  34.221  -56.143  19.164 0.0000000000
12412  33.895  -54.825  19.766 0.0000000000
11763  33.554  -54.865  19.037 0.0000000000
129994  33.401  -54.029  18.904 0.0000000000
130345  33.929  -52.519  18.695 0.0000000000
13086  34.407  -53.071  18.103 0.0000000000
12418  34.778  -53.829  17.435 0.0000000000
113383  36.296  -54.417  16.824 0.0000000000
11777  35.480  -55.450  16.661 0.0000000000
11776  36.963  -55.036  16.629 0.0000000000
113559  37.491  -54.152  16.647 0.0000000000
12422  38.326  -54.062  16.353 0.0000000000
12427  39.281  -54.536  15.915 0.0000000000
11787  39.822  -54.931  15.487 0.0000000000
8737  34.292  -60.375  18.217 0.0000000000
7692  37.295  -63.235  16.810 0.0000000000
8739  35.230  -60.707  16.348 0.0000000000
8744  35.058  -60.082  15.996 0.0000000000
9230  35.784  -59.853  15.566 0.0000000000
9243  37.236  -58.621  15.218 0.0000000000
9242  38.888  -59.273  14.793 0.0000000000
9838  38.680  -58.331  15.121 0.0000000000
10481  40.147  -56.443  15.420 0.0000000000
11125  40.271  -55.633  15.316 0.0000000000
11788  39.174  -54.798  14.618 0.0000000000
11132  39.861  -55.644  14.290 0.0000000000
126604  35.356  -42.154  23.267 0.0000000000
21224  35.800  -42.637  23.615 0.0000000000
18101  35.783  -46.163  23.460 0.0000000000
18093  37.988  -46.281  24.303 0.0000000000
18843  37.123  -45.563  23.700 0.0000000000
18100  36.718  -46.208  23.599 0.0000000000
119805  36.065  -46.820  23.664 0.0000000000
17338  35.204  -47.049  23.555 0.0000000000
114072  35.554  -48.649  23.649 0.0000000000
14481  36.036  -51.156  23.278 0.0000000000
14480  37.057  -51.037  23.215 0.0000000000
14495  36.619  -51.772  22.851 0.0000000000
13779  36.785  -52.881  21.871 0.0000000000
13035  37.392  -53.412  21.553 0.0000000000
12395  37.651  -54.792  20.832 0.0000000000
13055  39.087  -53.771  20.862 0.0000000000
11749  38.279  -55.463  20.438 0.0000000000
15249  34.801  -49.775  19.445 0.0000000000
126633  34.202  -48.358  19.717 0.0000000000
114757  33.016  -47.029  19.650 0.0000000000
17368  32.520  -46.825  19.001 0.0000000000
7710  39.725  -61.771  14.452 0.0000000000
8237  35.010  -61.213  17.029 0.0000000000
9231  35.093  -59.381  15.812 0.0000000000
9241  40.010  -59.247  14.771 0.0000000000
9828  38.116  -57.616  15.549 0.0000000000
10472  35.291  -57.279  16.072 0.0000000000
10492  40.370  -57.257  14.901 0.0000000000
11105  33.821  -56.942  18.054 0.0000000000
11126  39.745  -55.719  15.988 0.0000000000
11127  38.468  -56.046  16.182 0.0000000000
11762  34.096  -55.476  19.456 0.0000000000
11768  33.683  -55.235  18.344 0.0000000000
11774  39.034  -54.604  16.190 0.0000000000
11775  38.232  -54.706  16.506 0.0000000000
12423  35.962  -53.630  17.105 0.0000000000
12434  38.951  -54.308  15.317 0.0000000000
13081  33.558  -53.248  18.719 0.0000000000
13084  37.107  -52.231  17.188 0.0000000000
13087  33.648  -53.971  18.327 0.0000000000
13089  38.757  -54.172  16.106 0.0000000000
13091  37.323  -52.563  16.867 0.0000000000
13094  38.645  -53.918  15.725 0.0000000000
13095  38.003  -53.298  15.452 0.0000000000
13782  33.658  -52.292  21.466 0.0000000000
14497  34.602  -51.856  22.566 0.0000000000
14569  36.718  -51.728  16.506 0.0000000000
15259  35.420  -50.011  18.146 0.0000000000
15272  35.701  -50.495  17.703 0.0000000000
15273  35.149  -50.165  17.459 0.0000000000
15274  34.326  -49.919  17.374 0.0000000000
15284  34.854  -50.470  16.823 0.0000000000
15285  33.772  -50.525  16.939 0.0000000000
15931  34.688  -48.974  19.302 0.0000000000
15942  35.001  -49.325  18.652 0.0000000000
16651  32.709  -48.180  18.346 0.0000000000
16660  32.249  -48.653  17.783 0.0000000000
16661  31.722  -48.372  17.073 0.0000000000
17378  33.094  -47.674  19.035 0.0000000000
18127  33.230  -46.613  20.284 0.0000000000
18877  31.553  -45.740  18.601 0.0000000000
18892  31.179  -46.051  17.866 0.0000000000
19618  37.221  -44.940  24.016 0.0000000000
20430  37.017  -43.700  24.412 0.0000000000
21221  35.891  -42.593  24.479 0.0000000000
22064  35.068  -41.550  23.533 0.0000000000
111431  34.612  -56.133  16.708 0.0000000000
111919  36.477  -48.921  23.515 0.0000000000
115825  35.777  -52.825  17.568 0.0000000000
116566  33.747  -54.693  18.010 0.0000000000
116848  40.174  -55.426  14.885 0.0000000000
119342  40.586  -57.278  14.341 0.0000000000
126827  36.947  -53.579  16.810 0.0000000000
128364  34.246  -48.217  23.385 0.0000000000
130800  38.023  -58.954  14.946 0.0000000000
132827  33.732  -58.678  17.161 0.0000000000
133462  36.495  -45.596  23.503 0.0000000000
