#!ascii label  , from subject sub-03 vox2ras=TkReg
1987
5521  35.718  -66.601  9.502 0.2000000030
5508  35.971  -66.246  9.813 0.2000000030
133142  35.501  -65.890  8.740 0.2000000030
5509  35.730  -66.650  10.121 0.2000000030
6689  33.976  -65.475  7.239 0.1000000015
6643  36.844  -64.947  10.577 0.3000000119
124778  35.992  -65.751  9.574 0.2000000030
6072  35.161  -66.570  8.464 0.1000000015
5537  35.468  -66.840  8.975 0.2000000030
6660  35.198  -65.166  8.862 0.1000000015
6676  34.623  -65.593  8.174 0.1000000015
6677  33.912  -64.563  7.930 0.1000000015
7247  33.663  -64.279  7.092 0.1000000015
8366  33.926  -62.077  6.018 0.1000000015
7259  33.758  -63.952  6.362 0.1000000015
7275  34.037  -63.701  5.713 0.1000000015
8841  34.891  -61.189  5.963 0.2000000030
7817  34.247  -62.751  5.622 0.1000000015
122466  34.639  -63.254  9.528 0.1000000015
7780  33.948  -62.470  9.209 0.1000000015
113681  35.570  -64.749  9.487 0.2000000030
116472  33.642  -63.521  7.895 0.1000000015
7214  34.634  -64.208  9.153 0.1000000015
7233  34.392  -64.702  8.556 0.1000000015
133679  33.515  -62.836  7.541 0.1000000015
8353  34.148  -61.382  6.251 0.1000000015
113469  36.060  -59.396  6.139 0.2000000030
8831  34.453  -60.472  6.375 0.2000000030
9936  36.735  -58.717  6.403 0.1000000015
8840  35.613  -60.620  5.866 0.2000000030
10592  38.123  -57.840  7.092 0.2000000030
117146  38.400  -58.535  6.923 0.1000000015
11213  40.116  -57.552  8.008 0.1000000015
7789  33.540  -62.498  8.181 0.1000000015
8326  33.534  -61.627  8.727 0.1000000015
113564  33.712  -61.804  6.595 0.1000000015
10593  36.899  -57.214  7.012 0.2000000030
11215  37.951  -56.886  7.178 0.2000000030
115789  39.144  -55.545  8.420 0.2000000030
11214  38.853  -56.671  7.626 0.2000000030
11197  39.629  -56.483  8.218 0.1000000015
11196  40.760  -57.204  8.657 0.2000000030
8335  33.402  -61.534  7.816 0.1000000015
122844  33.500  -60.788  7.485 0.1000000015
8344  33.524  -61.457  7.148 0.1000000015
9309  34.447  -59.463  6.770 0.2000000030
9916  35.327  -57.991  7.076 0.2000000030
10594  36.234  -57.889  6.681 0.3000000119
11853  40.325  -56.204  8.818 0.3000000119
11842  41.111  -55.872  9.297 0.2000000030
11852  41.523  -57.011  9.144 0.2000000030
11194  41.782  -57.728  8.748 0.2000000030
10575  35.728  -57.203  7.156 0.3000000119
115364  35.172  -59.147  6.460 0.2000000030
12496  39.707  -55.045  9.093 0.3000000119
121930  40.658  -54.892  9.571 0.3000000119
114333  41.542  -53.783  10.674 0.3000000119
130945  42.025  -55.362  9.768 0.2000000030
11851  42.193  -57.271  9.028 0.2000000030
116998  42.826  -56.580  9.154 0.2000000030
13903  39.498  -53.006  10.061 0.4000000060
12512  38.533  -54.688  8.633 0.3000000119
114573  39.664  -53.865  9.558 0.3000000119
124328  37.034  -56.425  7.339 0.2000000030
116071  38.114  -55.197  8.076 0.2000000030
13164  42.128  -54.518  10.327 0.3000000119
11840  42.959  -55.884  9.614 0.2000000030
12495  42.931  -54.963  10.315 0.2000000030
11839  43.248  -55.490  9.499 0.2000000030
14621  40.643  -52.134  11.191 0.3000000119
13149  40.377  -53.405  10.308 0.3000000119
13127  42.940  -53.516  11.598 0.2000000030
13902  43.842  -53.402  10.322 0.2000000030
13146  43.595  -53.794  10.911 0.2000000030
13916  43.642  -53.466  9.414 0.1000000015
12475  43.498  -54.467  10.333 0.2000000030
13180  43.498  -54.333  9.083 0.2000000030
12493  43.463  -54.852  9.715 0.2000000030
12511  43.403  -55.215  8.980 0.2000000030
14603  41.583  -51.688  11.927 0.3000000119
14602  42.604  -52.202  12.442 0.3000000119
13883  40.954  -53.028  11.049 0.3000000119
14588  42.854  -51.487  13.247 0.2000000030
13863  42.979  -52.753  11.927 0.3000000119
14600  43.212  -51.853  12.465 0.2000000030
13882  42.103  -53.366  11.369 0.3000000119
13862  43.286  -52.571  11.824 0.1000000015
13881  43.699  -52.807  11.025 0.1000000015
14639  43.150  -51.808  9.040 0.1000000015
122812  43.475  -51.747  9.971 0.1000000015
15334  43.133  -51.236  10.606 0.1000000015
120109  43.200  -52.644  8.734 0.1000000015
15323  42.356  -51.512  13.127 0.2000000030
15307  42.989  -50.957  13.587 0.2000000030
15990  43.197  -50.386  13.894 0.2000000030
17453  43.006  -48.432  12.773 0.1000000015
15989  43.252  -50.696  13.336 0.1000000015
16000  43.522  -49.869  13.037 0.1000000015
128811  43.373  -50.493  12.648 0.1000000015
132402  43.386  -51.497  11.541 0.1000000015
15356  42.600  -50.572  9.717 0.1000000015
15364  42.688  -50.450  8.553 0.1000000015
15308  42.789  -50.992  13.646 0.2000000030
16723  42.631  -48.600  11.953 0.1000000015
16741  42.162  -49.043  11.111 0.1000000015
16740  43.171  -49.306  11.991 0.1000000015
127307  42.561  -49.738  11.035 0.1000000015
15335  42.739  -50.463  10.874 0.1000000015
16034  41.853  -49.486  10.207 0.1000000015
132605  41.996  -49.703  9.368 0.1000000015
16033  42.315  -49.985  10.004 0.1000000015
16724  41.259  -48.258  11.214 0.1000000015
123763  41.469  -49.290  9.286 0.1000000015
16043  42.048  -49.638  8.497 0.1000000015
17455  41.212  -47.385  11.655 0.1000000015
7818  33.733  -62.759  6.328 0.1000000015
7215  33.944  -63.362  8.858 0.1000000015
9935  37.983  -58.983  6.554 0.1000000015
15211  34.470  -50.338  23.098 0.5000000000
15210  35.468  -50.384  23.411 0.5000000000
15894  34.921  -49.554  23.541 0.5000000000
16607  34.517  -48.765  23.523 0.5000000000
16608  33.896  -48.656  23.210 0.5000000000
15891  37.901  -49.474  23.525 0.2000000030
15208  37.492  -50.285  23.449 0.2000000030
112612  37.318  -48.720  23.491 0.3000000119
15892  36.936  -49.553  23.493 0.3000000119
15893  35.960  -49.579  23.537 0.5000000000
114072  35.554  -48.649  23.649 0.5000000000
17338  35.204  -47.049  23.555 0.5000000000
116277  34.890  -47.978  23.668 0.5000000000
133460  35.124  -46.443  23.343 0.5000000000
17339  34.370  -47.542  23.277 0.5000000000
15226  33.687  -50.286  22.494 0.5000000000
17344  33.880  -47.178  22.567 0.5000000000
15234  33.340  -50.211  21.736 0.5000000000
111686  33.362  -52.617  19.934 0.5000000000
16605  37.596  -47.838  23.607 0.3000000119
17336  36.917  -47.087  23.671 0.3000000119
17337  35.820  -47.604  23.668 0.5000000000
17343  34.576  -46.700  23.115 0.5000000000
113172  33.787  -48.076  22.964 0.5000000000
112427  33.468  -48.018  22.203 0.5000000000
15914  33.370  -49.511  21.460 0.5000000000
11778  34.389  -55.492  17.009 0.4000000060
11771  34.217  -54.743  17.471 0.5000000000
12419  34.010  -54.083  17.815 0.5000000000
13809  33.572  -52.541  19.207 0.5000000000
14521  33.549  -51.073  20.684 0.5000000000
11777  35.480  -55.450  16.661 0.4000000060
16604  38.271  -48.579  23.640 0.3000000119
18099  37.463  -46.254  23.808 0.4000000060
119805  36.065  -46.820  23.664 0.5000000000
18845  35.921  -45.237  23.334 0.5000000000
18101  35.783  -46.163  23.460 0.5000000000
18102  35.016  -45.811  23.076 0.5000000000
18848  35.313  -44.778  22.979 0.5000000000
119199  34.471  -45.175  22.587 0.5000000000
18112  33.677  -46.373  21.841 0.5000000000
15239  33.544  -50.040  20.900 0.6000000238
130345  33.929  -52.519  18.695 0.5000000000
14532  33.674  -51.639  19.821 0.5000000000
15250  34.023  -50.460  20.170 0.5000000000
129319  36.325  -56.779  16.057 0.4000000060
11120  35.370  -56.431  16.385 0.4000000060
12424  35.055  -54.588  16.977 0.5000000000
17303  40.446  -48.105  26.424 0.1000000015
17305  39.146  -47.531  26.276 0.1000000015
18052  38.515  -47.161  27.359 0.1000000015
17314  39.346  -47.727  25.441 0.1000000015
18068  38.468  -47.000  26.430 0.1000000015
18053  37.935  -46.673  27.219 0.1000000015
120513  38.750  -47.242  25.655 0.1000000015
18069  37.839  -46.281  26.305 0.1000000015
17334  38.246  -47.774  23.779 0.2000000030
18092  38.355  -46.859  24.460 0.1000000015
17335  37.964  -47.010  23.841 0.3000000119
18100  36.718  -46.208  23.599 0.5000000000
18093  37.988  -46.281  24.303 0.4000000060
18841  37.520  -45.645  24.180 0.4000000060
18844  36.778  -44.930  23.592 0.4000000060
19623  36.298  -44.259  23.306 0.5000000000
116880  36.036  -43.350  23.235 0.5000000000
20435  35.340  -43.510  22.723 0.5000000000
19627  34.833  -44.202  22.520 0.5000000000
17353  33.517  -47.242  21.625 0.5000000000
14543  34.137  -51.751  19.060 0.5000000000
13086  34.407  -53.071  18.103 0.5000000000
11119  36.471  -55.953  16.407 0.4000000060
9243  37.236  -58.621  15.218 0.5000000000
17263  41.760  -47.301  28.296 0.1000000015
17287  41.481  -47.958  27.538 0.1000000015
17288  40.627  -47.945  27.285 0.1000000015
17289  39.727  -47.746  26.988 0.1000000015
17290  38.967  -47.453  27.000 0.1000000015
18036  38.279  -46.856  28.185 0.1000000015
17265  40.056  -47.642  27.818 0.1000000015
17266  39.187  -47.384  27.845 0.1000000015
19611  35.903  -44.041  26.479 0.2000000030
20421  34.626  -43.388  27.465 0.2000000030
17315  38.701  -47.278  24.939 0.1000000015
18083  38.248  -46.494  25.245 0.1000000015
18828  37.373  -45.738  26.433 0.1000000015
18836  37.591  -45.612  25.534 0.1000000015
130276  37.229  -44.875  25.417 0.2000000030
20423  36.365  -43.741  25.602 0.2000000030
20425  35.143  -43.440  26.625 0.2000000030
112896  34.548  -42.874  26.759 0.2000000030
110988  37.793  -45.800  24.738 0.2000000030
19614  37.404  -45.053  24.709 0.2000000030
19619  37.230  -44.374  24.363 0.3000000119
20430  37.017  -43.700  24.412 0.3000000119
20431  36.473  -43.086  24.045 0.4000000060
15921  33.612  -48.883  20.765 0.5000000000
16640  34.530  -48.553  18.857 0.5000000000
126633  34.202  -48.358  19.717 0.5000000000
17367  33.532  -47.610  19.795 0.5000000000
15260  35.300  -50.271  18.874 0.5000000000
15249  34.801  -49.775  19.445 0.5000000000
15932  34.320  -49.289  20.079 0.5000000000
19628  34.107  -44.656  22.024 0.5000000000
19630  34.425  -43.930  21.924 0.5000000000
13831  35.738  -52.184  18.115 0.5000000000
14542  35.340  -51.090  18.825 0.5000000000
17360  33.437  -47.298  20.654 0.5000000000
11776  36.963  -55.036  16.629 0.5000000000
12418  34.778  -53.829  17.435 0.5000000000
14531  34.599  -50.757  19.435 0.5000000000
131659  33.391  -48.415  21.084 0.6000000238
13823  34.964  -51.974  18.564 0.5000000000
10483  37.585  -56.876  15.914 0.4000000060
18033  42.099  -46.562  29.040 0.1000000015
18034  41.126  -46.815  28.820 0.1000000015
18015  40.546  -46.275  29.375 0.1000000015
18794  40.043  -45.598  29.912 0.1000000015
17264  40.830  -47.545  28.113 0.1000000015
18035  40.029  -47.091  28.622 0.1000000015
124675  39.081  -46.918  28.667 0.1000000015
18018  37.836  -46.342  28.820 0.1000000015
18807  37.428  -46.206  27.969 0.1000000015
114170  36.394  -45.031  27.696 0.1000000015
18820  36.926  -45.549  27.180 0.1000000015
119800  35.860  -44.503  27.571 0.2000000030
20420  35.230  -43.925  27.439 0.2000000030
19608  36.432  -44.805  26.788 0.1000000015
20428  36.422  -43.192  24.948 0.3000000119
21218  35.620  -42.697  25.256 0.3000000119
21215  34.502  -42.325  26.087 0.2000000030
21221  35.891  -42.593  24.479 0.3000000119
21219  35.058  -42.287  25.505 0.2000000030
21224  35.800  -42.637  23.615 0.4000000060
22059  34.413  -41.167  24.820 0.3000000119
126604  35.356  -42.154  23.267 0.4000000060
22058  34.975  -41.517  24.459 0.4000000060
17368  32.520  -46.825  19.001 0.5000000000
18128  32.692  -46.195  19.627 0.5000000000
132621  33.298  -47.137  20.088 0.5000000000
21227  35.343  -42.748  22.802 0.5000000000
114854  31.389  -44.022  19.659 0.5000000000
20449  31.528  -43.182  20.118 0.5000000000
19642  32.143  -43.915  20.237 0.5000000000
18868  32.583  -45.393  20.065 0.5000000000
18121  33.033  -45.920  20.289 0.6000000238
21228  34.653  -42.648  22.160 0.5000000000
20436  34.841  -43.375  22.297 0.5000000000
21240  31.717  -42.238  20.487 0.5000000000
131868  32.384  -42.526  20.760 0.5000000000
19641  32.645  -44.633  20.474 0.6000000238
110780  33.475  -46.637  21.070 0.5000000000
18849  33.835  -45.493  22.046 0.5000000000
18861  33.104  -45.327  20.801 0.5000000000
18854  33.511  -45.736  21.383 0.5000000000
9242  38.888  -59.273  14.793 0.4000000060
9838  38.680  -58.331  15.121 0.4000000060
127220  36.415  -57.713  15.625 0.4000000060
19580  38.980  -43.615  31.008 0.1000000015
18783  39.526  -44.814  30.451 0.1000000015
19590  37.774  -44.504  30.442 0.1000000015
18016  39.516  -46.412  29.316 0.1000000015
18784  38.392  -45.144  30.244 0.1000000015
18795  38.967  -45.793  29.877 0.1000000015
18785  37.500  -45.247  29.979 0.1000000015
121266  36.886  -44.720  30.142 0.1000000015
115419  37.327  -45.826  28.954 0.1000000015
18796  36.829  -45.266  29.388 0.1000000015
19605  36.112  -44.787  28.679 0.1000000015
20418  34.693  -43.617  28.995 0.2000000030
119799  34.290  -43.259  28.252 0.2000000030
119887  33.895  -42.692  28.294 0.2000000030
21210  34.116  -42.802  27.579 0.2000000030
21216  34.011  -42.273  26.888 0.2000000030
29792  34.480  -32.624  21.600 0.2000000030
22043  33.960  -41.740  26.184 0.2000000030
29809  34.348  -32.845  20.738 0.2000000030
28899  32.894  -33.816  21.677 0.2000000030
120384  32.607  -34.735  22.444 0.2000000030
27138  32.480  -35.605  22.714 0.2000000030
22050  34.614  -41.696  25.372 0.2000000030
28041  33.469  -34.227  20.154 0.2000000030
112410  32.663  -35.029  21.033 0.2000000030
112632  32.431  -36.014  21.989 0.2000000030
25424  32.686  -37.311  22.273 0.2000000030
26234  32.517  -36.535  22.528 0.3000000119
121047  32.923  -37.849  22.687 0.2000000030
23770  33.485  -39.070  22.906 0.4000000060
26263  32.858  -36.360  19.885 0.2000000030
26252  32.568  -36.541  20.700 0.3000000119
25432  32.497  -37.624  21.556 0.3000000119
24632  32.637  -38.480  21.620 0.4000000060
123644  32.828  -37.941  22.109 0.3000000119
24625  33.119  -38.451  22.437 0.4000000060
22949  34.056  -40.471  22.796 0.5000000000
22943  34.240  -40.389  23.717 0.4000000060
22065  34.575  -41.053  23.114 0.5000000000
23788  31.751  -39.370  19.275 0.5000000000
23785  31.684  -39.628  20.005 0.4000000060
24641  31.758  -38.732  20.260 0.4000000060
24640  32.086  -38.792  21.009 0.4000000060
23776  32.518  -39.350  21.401 0.4000000060
22950  32.986  -40.037  21.737 0.5000000000
22954  33.487  -40.700  22.062 0.5000000000
121065  33.575  -39.863  22.444 0.5000000000
21225  34.864  -41.882  22.651 0.5000000000
133046  31.896  -40.104  20.563 0.5000000000
22076  32.105  -41.450  20.783 0.5000000000
21234  32.709  -41.986  21.025 0.5000000000
20447  32.994  -43.775  20.815 0.5000000000
125025  33.544  -44.971  21.473 0.5000000000
19631  33.908  -44.088  21.282 0.5000000000
20438  34.310  -43.327  21.725 0.5000000000
21188  38.339  -42.842  32.447 0.1000000015
20395  39.145  -43.433  31.670 0.1000000015
20403  38.400  -43.248  31.530 0.1000000015
113798  37.095  -42.618  31.289 0.1000000015
113089  37.085  -43.900  30.652 0.1000000015
128991  36.915  -43.157  30.889 0.1000000015
20405  36.336  -42.759  31.018 0.1000000015
19591  36.196  -44.230  30.224 0.1000000015
128338  35.450  -43.015  30.602 0.1000000015
19599  35.516  -44.192  29.500 0.1000000015
20415  34.957  -43.495  29.908 0.2000000030
20412  34.599  -42.764  30.233 0.2000000030
127673  34.411  -43.068  29.574 0.2000000030
21211  33.588  -42.095  27.804 0.2000000030
112859  33.536  -41.646  26.972 0.2000000030
29781  33.966  -32.756  22.292 0.1000000015
28889  33.261  -33.299  22.158 0.2000000030
28890  32.780  -33.966  22.308 0.2000000030
129893  32.775  -34.256  22.929 0.2000000030
22051  33.848  -41.063  25.557 0.2000000030
29770  35.104  -32.894  23.030 0.1000000015
29771  34.326  -32.905  23.007 0.1000000015
28879  33.669  -33.208  22.959 0.1000000015
28880  32.916  -34.187  23.674 0.1000000015
28009  32.586  -34.828  23.212 0.1000000015
25418  32.742  -37.244  23.184 0.1000000015
24617  33.142  -38.243  23.433 0.2000000030
25412  32.530  -36.839  24.064 0.1000000015
117411  32.797  -37.599  23.950 0.1000000015
23763  33.556  -39.009  23.856 0.3000000119
22937  34.618  -40.996  24.037 0.2000000030
22072  33.474  -41.560  21.671 0.5000000000
21229  34.219  -42.049  21.926 0.5000000000
22068  34.140  -41.271  22.344 0.5000000000
21233  33.542  -42.398  21.417 0.5000000000
21232  34.112  -42.724  21.680 0.5000000000
20439  33.693  -43.212  21.269 0.5000000000
117887  37.718  -42.240  32.606 0.1000000015
21189  37.213  -41.995  31.857 0.1000000015
21194  37.746  -42.697  31.739 0.1000000015
22016  36.596  -41.354  31.999 0.1000000015
21196  35.688  -42.208  31.135 0.1000000015
22017  35.950  -41.394  31.494 0.1000000015
21198  34.979  -42.329  30.775 0.2000000030
21203  33.913  -42.339  29.678 0.2000000030
21204  33.395  -41.602  29.290 0.2000000030
21208  33.572  -42.233  28.781 0.2000000030
22023  33.073  -40.908  29.108 0.2000000030
22026  33.122  -41.401  28.419 0.2000000030
22033  33.173  -41.423  27.590 0.2000000030
22044  33.050  -41.054  26.967 0.2000000030
132060  33.507  -41.231  26.385 0.2000000030
28877  35.494  -33.317  23.618 0.1000000015
28878  34.680  -33.224  23.675 0.1000000015
27994  32.851  -34.600  24.469 0.1000000015
28002  32.540  -34.805  23.907 0.1000000015
26224  32.303  -35.976  24.233 0.1000000015
23741  32.962  -39.138  25.613 0.1000000015
22925  33.450  -40.255  25.360 0.2000000030
22926  32.847  -39.824  26.092 0.2000000030
26200  32.398  -36.460  24.908 0.1000000015
112915  32.612  -37.428  24.773 0.1000000015
24610  32.965  -38.152  24.335 0.1000000015
130935  33.283  -38.560  24.106 0.2000000030
23755  33.726  -39.759  24.426 0.2000000030
22938  34.067  -40.598  24.652 0.2000000030
132798  37.544  -41.555  34.058 0.1000000015
21178  37.604  -41.839  33.505 0.1000000015
22832  37.492  -40.443  34.494 0.1000000015
22012  37.128  -41.403  32.777 0.1000000015
22854  37.215  -40.102  33.792 0.1000000015
22862  36.592  -40.629  32.587 0.1000000015
22020  34.303  -41.041  30.664 0.1000000015
22880  34.354  -40.193  30.598 0.1000000015
22881  33.841  -40.637  30.299 0.1000000015
130810  33.347  -41.134  29.549 0.2000000030
22027  32.718  -40.510  28.438 0.2000000030
22034  32.793  -40.815  27.698 0.2000000030
22907  32.431  -40.072  27.748 0.2000000030
23728  32.465  -39.586  27.026 0.1000000015
22918  32.675  -40.361  26.963 0.2000000030
28001  36.989  -34.035  23.687 0.1000000015
27970  35.725  -34.131  24.759 0.1000000015
28868  35.113  -33.588  24.294 0.1000000015
27973  33.325  -34.598  25.083 0.1000000015
121619  32.617  -39.003  26.319 0.2000000030
28851  34.743  -34.070  24.924 0.1000000015
27972  33.760  -34.631  25.580 0.1000000015
130247  32.779  -38.142  25.013 0.1000000015
24593  32.724  -38.502  25.620 0.2000000030
23621  37.632  -39.610  34.364 0.1000000015
121369  37.315  -39.140  33.582 0.1000000015
23656  36.356  -39.709  32.352 0.1000000015
125034  35.852  -39.925  31.785 0.1000000015
22872  34.917  -40.433  31.013 0.1000000015
23680  33.835  -39.895  30.143 0.1000000015
22890  33.361  -40.541  29.723 0.2000000030
118770  33.394  -38.803  29.302 0.1000000015
23691  33.306  -39.595  29.567 0.1000000015
23692  32.799  -39.271  28.965 0.2000000030
22899  32.502  -39.717  28.449 0.2000000030
24540  33.035  -38.474  28.575 0.1000000015
23703  32.554  -39.075  28.389 0.2000000030
27957  35.730  -34.986  26.076 0.1000000015
27958  34.844  -34.887  26.176 0.1000000015
27090  34.429  -35.316  26.783 0.1000000015
27074  33.982  -35.773  27.335 0.1000000015
26176  32.934  -36.476  27.322 0.1000000015
26162  32.743  -37.126  27.541 0.1000000015
24554  32.655  -38.570  27.877 0.1000000015
27992  36.502  -33.984  24.240 0.1000000015
27971  34.385  -34.495  25.591 0.1000000015
27959  34.008  -34.897  26.185 0.1000000015
27091  33.644  -35.446  26.701 0.1000000015
27092  33.027  -35.850  26.636 0.1000000015
26189  32.576  -36.602  26.571 0.1000000015
116826  32.542  -37.288  26.921 0.1000000015
24579  32.566  -38.097  26.442 0.1000000015
27104  33.301  -35.176  25.884 0.1000000015
114615  32.646  -35.897  25.727 0.1000000015
115293  32.436  -36.902  25.644 0.1000000015
24471  37.769  -38.470  33.518 0.1000000015
126707  36.857  -39.147  32.843 0.1000000015
23667  36.021  -39.167  31.765 0.1000000015
23668  35.396  -39.634  31.283 0.1000000015
23678  35.104  -39.060  30.740 0.1000000015
23690  33.921  -39.054  29.912 0.1000000015
26171  37.187  -36.864  27.543 0.1000000015
26172  36.257  -36.546  27.780 0.1000000015
26158  35.744  -37.032  28.345 0.1000000015
25358  34.302  -37.696  28.831 0.1000000015
24539  34.133  -38.404  29.448 0.1000000015
26187  37.377  -36.339  26.848 0.1000000015
27072  35.797  -35.903  27.281 0.1000000015
26173  35.306  -36.379  27.888 0.1000000015
26160  33.862  -36.892  28.333 0.1000000015
25359  33.501  -37.647  28.464 0.1000000015
27087  37.048  -35.793  26.382 0.1000000015
27088  36.215  -35.514  26.609 0.1000000015
26174  34.373  -36.306  27.894 0.1000000015
26161  33.171  -36.951  28.020 0.1000000015
24553  32.981  -37.773  27.989 0.1000000015
24521  36.160  -38.153  30.846 0.1000000015
128586  36.584  -37.765  30.460 0.1000000015
126664  35.385  -38.204  29.935 0.1000000015
25342  36.648  -37.673  29.641 0.1000000015
25327  36.025  -38.036  30.128 0.1000000015
24538  34.937  -38.086  29.406 0.1000000015
26157  36.623  -37.223  28.224 0.1000000015
25356  36.177  -37.544  28.840 0.1000000015
25343  35.760  -37.893  29.439 0.1000000015
26186  37.926  -36.956  26.893 0.1000000015
16606  36.626  -48.115  23.559 0.4000000060
18843  37.123  -45.563  23.700 0.4000000060
17304  39.761  -47.854  26.149 0.1000000015
18819  37.463  -46.120  27.020 0.1000000015
19622  37.063  -44.227  23.817 0.4000000060
20433  36.735  -43.637  23.725 0.4000000060
18837  37.026  -45.172  26.169 0.2000000030
19610  36.742  -44.373  25.777 0.2000000030
19615  37.216  -44.253  24.971 0.2000000030
20424  35.710  -43.359  25.771 0.3000000119
21214  35.020  -42.900  25.945 0.2000000030
114757  33.016  -47.029  19.650 0.5000000000
18017  38.561  -46.454  29.146 0.1000000015
120645  37.956  -45.861  29.602 0.1000000015
18808  36.790  -45.470  28.314 0.1000000015
20417  35.299  -44.194  28.424 0.1000000015
119888  34.758  -43.743  28.137 0.2000000030
21222  35.402  -42.010  24.917 0.3000000119
18869  32.050  -45.509  19.340 0.5000000000
19653  31.992  -44.734  19.813 0.5000000000
20460  31.065  -43.325  19.481 0.5000000000
22962  31.592  -40.532  20.149 0.5000000000
19589  38.758  -44.191  30.618 0.1000000015
20410  38.098  -43.752  30.851 0.1000000015
19598  36.253  -44.704  29.650 0.1000000015
21207  34.078  -42.913  28.948 0.2000000030
29793  33.763  -32.956  21.488 0.2000000030
29808  35.027  -32.441  20.948 0.2000000030
28027  32.956  -34.152  20.928 0.2000000030
28016  32.665  -34.477  21.689 0.2000000030
26228  32.443  -36.274  23.392 0.1000000015
28042  32.989  -34.882  20.305 0.2000000030
27144  32.567  -35.890  21.268 0.2000000030
26241  32.459  -36.738  21.603 0.3000000119
111979  33.854  -39.739  23.348 0.4000000060
131514  32.152  -37.618  20.472 0.5000000000
119959  32.324  -37.291  20.881 0.4000000060
119026  33.398  -34.864  19.767 0.2000000030
23771  33.162  -39.195  22.036 0.5000000000
24644  31.817  -38.553  19.395 0.5000000000
130162  31.871  -37.908  20.058 0.5000000000
22961  32.327  -40.121  21.120 0.5000000000
120543  32.692  -40.958  21.345 0.5000000000
20404  37.566  -43.244  31.127 0.1000000015
20411  36.263  -43.486  30.621 0.1000000015
21199  34.353  -41.939  30.481 0.2000000030
117724  33.104  -33.698  22.960 0.1000000015
116923  33.483  -33.619  23.626 0.1000000015
20385  38.176  -42.662  33.571 0.1000000015
21195  36.523  -42.032  31.424 0.1000000015
21200  33.691  -41.369  30.029 0.2000000030
28876  36.343  -33.574  23.474 0.1000000015
28869  34.199  -33.607  24.326 0.1000000015
133874  33.764  -33.560  24.024 0.1000000015
23740  33.273  -39.558  25.256 0.2000000030
119484  32.445  -35.689  24.916 0.1000000015
23756  33.231  -38.837  24.772 0.1000000015
22002  37.330  -41.041  33.785 0.1000000015
21978  37.481  -41.318  34.686 0.1000000015
23602  37.786  -40.052  34.963 0.1000000015
22003  36.979  -40.610  33.222 0.1000000015
23642  36.823  -39.870  33.104 0.1000000015
22871  35.541  -40.578  31.456 0.1000000015
22870  36.140  -40.615  31.934 0.1000000015
22018  35.082  -41.455  31.063 0.1000000015
23716  32.408  -39.322  27.804 0.2000000030
24568  32.519  -38.783  27.136 0.1000000015
28852  33.938  -34.176  25.012 0.1000000015
27105  32.770  -35.121  25.131 0.1000000015
25393  32.522  -37.742  25.617 0.1000000015
24490  36.616  -38.739  32.262 0.1000000015
129708  34.850  -39.732  30.824 0.1000000015
23679  34.463  -39.401  30.418 0.1000000015
25344  33.669  -38.205  28.927 0.1000000015
27089  35.321  -35.357  26.746 0.1000000015
27103  36.564  -35.250  25.849 0.1000000015
122706  36.104  -34.725  25.347 0.1000000015
121451  35.248  -34.521  25.499 0.1000000015
27073  34.863  -35.799  27.353 0.1000000015
26175  33.567  -36.361  27.712 0.1000000015
27075  33.389  -35.927  27.190 0.1000000015
132243  32.604  -36.834  27.156 0.1000000015
134011  32.462  -37.324  26.249 0.1000000015
24489  37.352  -38.380  32.822 0.1000000015
24506  36.379  -38.373  31.549 0.1000000015
24507  35.732  -38.763  31.150 0.1000000015
24522  35.529  -38.469  30.498 0.1000000015
24523  34.739  -38.612  30.113 0.1000000015
26188  36.704  -36.073  27.136 0.1000000015
25355  37.322  -37.458  28.103 0.1000000015
25357  35.292  -37.568  28.852 0.1000000015
26159  34.759  -36.937  28.433 0.1000000015
25369  37.906  -37.480  27.650 0.1000000015
13055  39.087  -53.771  20.862 0.1000000015
13034  38.417  -53.250  21.494 0.1000000015
13778  37.797  -52.756  21.922 0.1000000015
14494  37.626  -51.636  22.813 0.1000000015
13760  39.076  -51.800  22.221 0.1000000015
14493  38.533  -51.451  22.691 0.1000000015
12393  39.846  -54.451  20.308 0.2000000030
15207  38.452  -50.267  23.407 0.1000000015
12394  38.659  -54.616  20.645 0.2000000030
12368  38.020  -54.042  21.213 0.1000000015
11749  38.279  -55.463  20.438 0.2000000030
14480  37.057  -51.037  23.215 0.1000000015
12395  37.651  -54.792  20.832 0.2000000030
13762  37.215  -52.298  22.392 0.2000000030
13035  37.392  -53.412  21.553 0.2000000030
13779  36.785  -52.881  21.871 0.2000000030
14495  36.619  -51.772  22.851 0.3000000119
15209  36.483  -50.346  23.453 0.3000000119
13763  36.193  -52.444  22.407 0.3000000119
14481  36.036  -51.156  23.278 0.3000000119
12369  37.040  -54.203  21.267 0.2000000030
13036  36.388  -53.598  21.569 0.2000000030
11079  36.911  -56.302  20.117 0.2000000030
11751  36.340  -55.595  20.362 0.2000000030
9193  35.536  -59.499  19.672 0.1000000015
11078  37.916  -56.269  20.147 0.2000000030
11750  37.286  -55.542  20.468 0.2000000030
14496  35.596  -51.853  22.794 0.3000000119
9795  36.695  -58.395  19.601 0.1000000015
11094  37.533  -57.014  19.782 0.1000000015
12370  36.014  -54.343  21.149 0.2000000030
13780  35.770  -53.050  21.895 0.2000000030
9192  36.316  -59.097  19.763 0.1000000015
14482  35.022  -51.142  23.026 0.4000000060
10450  37.128  -57.690  19.614 0.2000000030
12396  36.681  -54.892  20.771 0.2000000030
11095  36.532  -56.977  19.684 0.2000000030
9194  34.631  -59.509  19.089 0.2000000030
9797  34.971  -58.661  19.024 0.1000000015
11080  35.935  -56.279  19.965 0.2000000030
12397  35.708  -54.984  20.562 0.2000000030
13037  35.326  -53.769  21.510 0.2000000030
13781  34.764  -53.109  21.788 0.4000000060
9796  35.788  -58.461  19.377 0.1000000015
13038  34.213  -53.671  21.157 0.4000000060
15225  34.123  -51.079  22.574 0.4000000060
11096  35.539  -56.929  19.467 0.3000000119
10451  36.139  -57.668  19.464 0.2000000030
10452  35.155  -57.725  19.092 0.4000000060
133457  34.005  -52.949  21.549 0.4000000060
125152  35.514  -55.604  20.154 0.3000000119
123746  34.621  -56.880  19.078 0.4000000060
29790  36.575  -32.242  21.034 0.1000000015
29791  35.254  -32.505  21.640 0.1000000015
14498  33.815  -51.753  22.091 0.4000000060
12398  34.060  -54.346  20.385 0.4000000060
13039  33.502  -52.888  20.883 0.5000000000
11097  34.221  -56.143  19.164 0.4000000060
11761  34.915  -56.063  19.648 0.3000000119
11752  34.709  -55.104  20.137 0.4000000060
12412  33.895  -54.825  19.766 0.4000000060
30665  35.724  -32.236  20.994 0.1000000015
30685  36.902  -31.797  20.133 0.1000000015
14511  33.498  -51.491  21.366 0.4000000060
13796  33.421  -51.990  20.631 0.5000000000
13056  33.517  -53.534  20.252 0.5000000000
129575  33.409  -50.774  21.332 0.5000000000
30687  35.465  -32.172  20.364 0.1000000015
129838  34.924  -32.516  20.299 0.1000000015
30727  35.881  -31.977  19.408 0.1000000015
29820  35.342  -32.365  19.694 0.1000000015
28930  34.063  -33.646  19.974 0.1000000015
13054  40.490  -53.501  20.539 0.1000000015
13777  38.796  -52.503  21.869 0.1000000015
14479  38.049  -50.971  23.202 0.1000000015
13761  38.186  -52.112  22.359 0.1000000015
13033  39.541  -53.025  21.369 0.1000000015
125362  39.221  -51.265  22.523 0.1000000015
15895  33.924  -49.441  23.101 0.4000000060
132953  34.176  -33.239  20.323 0.1000000015
13764  35.173  -52.525  22.332 0.3000000119
13765  34.268  -52.471  22.048 0.4000000060
12371  34.958  -54.428  20.901 0.3000000119
30686  36.089  -31.883  20.361 0.1000000015
28912  34.597  -32.960  19.892 0.1000000015
14492  39.875  -51.369  22.126 0.1000000015
123131  30.503  -61.894  20.603 0.1000000015
7632  30.701  -62.653  20.968 0.1000000015
114935  31.219  -64.413  21.869 0.1000000015
7642  29.889  -62.510  20.339 0.1000000015
7043  31.685  -63.712  21.972 0.1000000015
8194  30.559  -60.989  20.610 0.1000000015
8195  30.002  -61.555  20.090 0.1000000015
8209  28.332  -60.888  19.481 0.1000000015
7643  29.107  -62.581  19.923 0.1000000015
9057  32.263  -60.780  31.675 0.1000000015
10411  27.667  -57.437  22.265 0.1000000015
9764  27.377  -58.360  20.921 0.1000000015
7631  31.417  -62.754  21.666 0.1000000015
120714  27.971  -58.182  20.553 0.1000000015
9196  28.525  -59.574  19.616 0.1000000015
7624  32.170  -63.001  22.480 0.1000000015
8722  28.197  -60.155  19.505 0.1000000015
133758  31.758  -64.419  22.348 0.1000000015
8584  33.752  -62.458  31.695 0.1000000015
9070  32.430  -60.030  31.026 0.1000000015
9655  32.248  -59.018  30.518 0.1000000015
8058  34.869  -62.985  31.843 0.1000000015
8059  34.412  -62.906  31.874 0.1000000015
8596  32.961  -61.339  31.178 0.1000000015
9674  32.137  -58.402  29.561 0.1000000015
11015  28.516  -56.228  27.082 0.1000000015
11027  28.069  -56.298  24.274 0.1000000015
8184  31.079  -61.725  21.336 0.1000000015
8693  31.116  -60.714  21.413 0.1000000015
119433  29.976  -60.808  19.998 0.1000000015
8183  31.695  -61.946  22.188 0.1000000015
7036  32.221  -64.089  22.792 0.1000000015
120600  31.749  -65.762  22.781 0.1000000015
9088  32.927  -60.046  30.464 0.1000000015
9673  32.839  -59.157  29.687 0.1000000015
8070  35.480  -62.928  30.801 0.1000000015
8071  34.949  -63.002  31.044 0.1000000015
9069  33.475  -61.141  30.440 0.1000000015
9672  33.243  -59.246  29.042 0.1000000015
10353  31.573  -57.426  28.500 0.1000000015
10986  31.086  -56.710  28.209 0.1000000015
10987  30.163  -56.527  28.389 0.1000000015
11013  30.606  -56.061  27.784 0.1000000015
11014  29.678  -55.994  27.819 0.1000000015
134005  29.074  -55.479  26.255 0.1000000015
11669  28.615  -55.646  25.552 0.1000000015
11677  28.449  -55.703  24.606 0.1000000015
11051  28.067  -56.663  22.671 0.1000000015
9778  29.675  -58.619  20.451 0.1000000015
133677  31.444  -61.178  21.989 0.1000000015
113667  31.268  -59.977  21.427 0.1000000015
8694  30.822  -60.078  20.843 0.1000000015
9181  30.369  -59.367  20.573 0.1000000015
9182  29.700  -59.471  19.996 0.1000000015
9694  33.318  -58.580  28.421 0.1000000015
8594  35.855  -62.176  30.740 0.1000000015
7537  35.533  -63.071  30.290 0.1000000015
8072  34.403  -62.683  31.007 0.1000000015
128138  34.190  -61.868  30.034 0.1000000015
8607  34.302  -61.138  29.069 0.1000000015
9108  33.838  -59.786  28.802 0.1000000015
10352  32.471  -57.801  28.223 0.1000000015
10379  31.906  -57.080  27.881 0.1000000015
11012  31.477  -56.323  27.610 0.1000000015
11663  30.584  -55.200  26.567 0.1000000015
7536  36.255  -63.171  29.952 0.1000000015
7545  35.956  -63.220  29.551 0.1000000015
8082  35.010  -62.942  29.996 0.1000000015
8606  34.745  -62.288  29.221 0.1000000015
11656  30.131  -55.549  27.213 0.1000000015
11664  29.755  -55.277  26.474 0.1000000015
11676  29.111  -55.222  24.841 0.1000000015
11695  28.942  -55.455  23.387 0.1000000015
11033  28.375  -56.044  23.211 0.1000000015
11720  29.512  -55.777  22.711 0.1000000015
11050  28.756  -56.127  22.716 0.1000000015
11063  29.496  -56.784  21.819 0.1000000015
122104  29.278  -56.323  22.287 0.1000000015
9763  31.169  -58.714  21.744 0.1000000015
10436  29.911  -58.125  21.212 0.1000000015
10424  28.980  -57.284  21.420 0.1000000015
8682  31.675  -60.373  22.066 0.1000000015
9168  30.973  -59.369  21.217 0.1000000015
9777  30.470  -58.684  21.141 0.1000000015
8174  31.989  -61.211  22.486 0.1000000015
115596  32.381  -62.048  22.772 0.1000000015
7018  33.409  -64.282  23.641 0.1000000015
7623  32.745  -63.703  23.227 0.1000000015
7017  34.117  -63.927  23.858 0.1000000015
7610  33.388  -63.344  23.435 0.1000000015
131064  33.711  -58.187  27.893 0.1000000015
9721  33.072  -57.897  27.823 0.1000000015
8605  37.373  -62.456  29.572 0.1000000015
8095  37.947  -62.815  28.493 0.1000000015
124205  36.646  -63.037  28.717 0.1000000015
8624  36.134  -62.433  28.113 0.1000000015
9107  34.692  -60.353  28.376 0.1000000015
9693  34.287  -59.007  28.311 0.1000000015
10378  32.650  -57.298  27.684 0.1000000015
11011  32.234  -56.582  27.510 0.1000000015
11662  31.467  -55.186  26.485 0.1000000015
8081  37.185  -62.874  29.352 0.1000000015
8096  35.515  -62.786  28.980 0.1000000015
12308  31.369  -54.702  25.819 0.1000000015
12316  30.785  -54.539  25.308 0.1000000015
12317  29.861  -54.669  25.061 0.1000000015
12327  30.434  -54.555  24.420 0.1000000015
12328  29.553  -54.855  24.109 0.1000000015
12342  30.993  -54.626  23.824 0.1000000015
118016  29.861  -55.160  23.261 0.1000000015
10410  31.077  -57.263  22.248 0.1000000015
11048  30.790  -56.401  22.384 0.1000000015
9158  32.287  -59.589  22.321 0.1000000015
9157  32.981  -59.299  22.486 0.1000000015
9762  31.861  -58.791  22.130 0.1000000015
10423  30.536  -57.944  21.835 0.1000000015
117270  33.046  -59.973  22.720 0.1000000015
127764  32.447  -60.513  22.581 0.1000000015
123976  33.117  -60.670  22.916 0.1000000015
8173  32.750  -61.307  22.877 0.1000000015
8161  33.276  -62.257  23.165 0.1000000015
7608  34.999  -63.550  23.794 0.1000000015
8623  39.357  -62.183  28.430 0.1000000015
133565  38.224  -62.142  29.231 0.1000000015
124815  37.177  -61.628  29.713 0.1000000015
9119  38.585  -61.303  26.875 0.1000000015
117556  37.045  -61.133  27.041 0.1000000015
8094  39.621  -62.672  27.986 0.1000000015
8116  37.508  -62.720  27.911 0.1000000015
9106  35.784  -61.080  27.658 0.1000000015
9121  35.221  -59.463  27.832 0.1000000015
9720  34.603  -58.202  27.629 0.1000000015
130253  33.573  -57.365  27.584 0.1000000015
121540  33.453  -56.256  27.389 0.1000000015
11661  32.369  -55.342  26.621 0.1000000015
11010  34.239  -56.597  27.398 0.1000000015
11660  33.301  -55.318  26.832 0.1000000015
12307  32.103  -54.756  25.914 0.1000000015
12315  31.682  -54.497  25.229 0.1000000015
12326  31.293  -54.459  24.516 0.1000000015
12314  32.440  -54.386  25.279 0.1000000015
12341  31.784  -54.552  23.892 0.1000000015
11693  31.539  -55.042  23.301 0.1000000015
11718  31.244  -55.699  22.761 0.1000000015
11047  31.687  -56.507  22.474 0.1000000015
9750  32.586  -58.754  22.310 0.1000000015
10409  31.970  -57.454  22.353 0.1000000015
9749  33.404  -58.738  22.414 0.1000000015
9156  33.670  -59.514  22.691 0.1000000015
8172  33.619  -61.305  23.106 0.1000000015
8160  34.361  -62.146  23.313 0.1000000015
7609  34.155  -63.026  23.544 0.1000000015
122344  36.399  -58.305  27.113 0.1000000015
11008  36.157  -57.322  27.142 0.1000000015
9105  40.053  -61.802  27.466 0.1000000015
8640  40.249  -62.436  27.629 0.1000000015
9118  39.873  -61.563  26.997 0.1000000015
121572  38.930  -60.458  26.807 0.1000000015
9120  36.170  -59.934  27.159 0.1000000015
9719  35.698  -58.742  27.326 0.1000000015
11009  35.508  -56.750  27.270 0.1000000015
121206  34.934  -56.148  27.351 0.1000000015
8115  39.026  -62.735  27.628 0.1000000015
12299  34.046  -54.881  26.693 0.1000000015
12306  33.592  -54.480  26.245 0.1000000015
123624  32.559  -54.492  23.949 0.1000000015
127766  32.214  -54.892  23.420 0.1000000015
11717  32.248  -55.614  22.851 0.1000000015
11045  33.754  -56.569  22.559 0.1000000015
120882  33.889  -58.031  22.413 0.1000000015
121115  32.892  -57.884  22.327 0.1000000015
115189  34.412  -58.989  22.617 0.1000000015
8681  33.894  -60.408  23.015 0.1000000015
122834  38.407  -58.278  26.998 0.1000000015
9715  39.864  -60.223  27.020 0.1000000015
121797  39.356  -59.599  26.820 0.1000000015
122354  37.289  -57.927  27.107 0.1000000015
131787  36.592  -56.740  27.223 0.1000000015
10351  39.785  -60.326  28.072 0.1000000015
121460  39.511  -60.569  27.218 0.1000000015
9716  39.412  -59.947  26.785 0.1000000015
9717  37.754  -59.217  26.999 0.1000000015
133044  36.562  -59.213  27.068 0.1000000015
131869  36.006  -56.656  27.253 0.1000000015
11650  35.820  -55.864  27.408 0.1000000015
12298  34.724  -54.713  26.966 0.1000000015
11651  35.031  -55.344  27.300 0.1000000015
12986  34.031  -53.955  25.810 0.1000000015
12313  33.169  -54.243  25.569 0.1000000015
12992  33.811  -53.897  25.165 0.1000000015
12340  33.382  -54.435  23.869 0.1000000015
11692  32.915  -55.024  23.344 0.1000000015
11715  34.191  -55.886  22.769 0.1000000015
120883  34.824  -58.078  22.658 0.1000000015
127116  33.511  -57.290  22.448 0.1000000015
115663  35.531  -59.052  22.678 0.1000000015
9155  35.370  -59.902  22.750 0.1000000015
10375  40.112  -59.907  26.768 0.1000000015
11006  38.513  -57.220  27.213 0.1000000015
11007  37.551  -56.961  27.215 0.1000000015
116668  36.290  -55.049  27.488 0.1000000015
116722  36.276  -54.261  27.390 0.1000000015
12297  35.542  -54.610  27.301 0.1000000015
12304  35.148  -53.952  26.703 0.1000000015
12985  34.841  -53.680  26.090 0.1000000015
12323  34.687  -53.965  24.318 0.1000000015
117389  33.883  -54.019  24.457 0.1000000015
11690  34.733  -55.296  23.199 0.1000000015
11714  35.039  -56.161  22.787 0.1000000015
132000  35.734  -56.547  22.723 0.1000000015
130556  34.485  -56.593  22.624 0.1000000015
11043  36.124  -57.331  22.650 0.1000000015
11044  35.172  -57.143  22.645 0.1000000015
128492  34.273  -57.273  22.521 0.1000000015
120884  35.763  -58.148  22.690 0.1000000015
128560  37.088  -60.002  22.830 0.1000000015
8678  37.911  -61.843  23.401 0.1000000015
10376  39.362  -58.931  26.779 0.1000000015
11005  39.405  -57.221  27.135 0.1000000015
11648  37.770  -55.932  27.395 0.1000000015
12296  37.064  -54.794  27.545 0.1000000015
10374  40.835  -59.257  26.723 0.1000000015
11649  36.837  -55.862  27.401 0.1000000015
12972  35.921  -53.710  27.024 0.1000000015
12990  35.429  -53.369  25.703 0.1000000015
12991  34.556  -53.688  25.467 0.1000000015
12999  34.995  -53.566  24.980 0.1000000015
129118  36.806  -55.997  22.963 0.1000000015
120885  36.712  -58.346  22.609 0.1000000015
9748  37.548  -59.721  22.775 0.1000000015
8676  39.503  -61.766  23.233 0.1000000015
8705  39.697  -61.697  21.836 0.1000000015
111526  41.039  -57.770  26.784 0.1000000015
11004  40.120  -58.472  26.688 0.1000000015
11645  40.332  -56.832  27.079 0.1000000015
11647  38.689  -55.986  27.466 0.1000000015
126930  38.287  -54.044  27.630 0.1000000015
131252  37.560  -54.114  27.565 0.1000000015
114773  38.028  -54.942  27.614 0.1000000015
12983  36.457  -53.179  26.682 0.1000000015
12984  35.653  -53.406  26.395 0.1000000015
13727  36.245  -53.006  26.103 0.1000000015
133320  36.012  -53.635  24.550 0.1000000015
117716  36.165  -54.626  23.665 0.1000000015
11060  42.355  -57.030  21.073 0.1000000015
126176  41.708  -56.699  21.534 0.1000000015
10405  40.531  -57.702  21.798 0.1000000015
11040  39.608  -56.732  22.348 0.1000000015
11041  38.015  -56.628  22.750 0.1000000015
11689  35.881  -55.624  23.087 0.1000000015
11061  41.565  -57.498  21.435 0.1000000015
132421  39.639  -57.720  22.198 0.1000000015
11075  43.030  -56.459  20.058 0.1000000015
129649  42.063  -57.799  20.633 0.1000000015
10421  41.269  -58.506  21.488 0.1000000015
9745  40.419  -58.982  22.188 0.1000000015
123817  38.477  -58.693  22.577 0.1000000015
11042  37.012  -57.446  22.640 0.1000000015
10433  42.784  -56.801  19.927 0.1000000015
10434  42.317  -57.428  20.103 0.1000000015
9761  41.169  -59.842  21.912 0.1000000015
10408  37.655  -58.547  22.622 0.1000000015
9150  40.785  -60.847  22.385 0.1000000015
9747  38.537  -59.797  22.768 0.1000000015
9792  40.342  -59.026  19.850 0.1000000015
8674  40.462  -61.327  22.385 0.1000000015
9177  39.119  -60.784  20.925 0.1000000015
11644  41.220  -56.404  27.116 0.1000000015
11646  39.577  -55.809  27.421 0.1000000015
126444  40.525  -55.322  27.336 0.1000000015
123711  39.634  -54.774  27.591 0.1000000015
111450  39.137  -53.968  27.690 0.1000000015
12969  38.531  -53.234  27.430 0.1000000015
12970  37.716  -53.378  27.322 0.1000000015
12982  37.262  -52.968  26.941 0.1000000015
12989  36.245  -53.122  25.489 0.1000000015
112488  35.734  -53.409  24.988 0.1000000015
12337  36.359  -53.936  24.171 0.1000000015
11687  38.221  -55.333  23.115 0.1000000015
11688  36.842  -55.321  23.336 0.1000000015
11039  40.721  -56.727  21.863 0.1000000015
131128  39.263  -56.030  22.633 0.1000000015
112907  38.609  -56.149  22.749 0.1000000015
11712  37.594  -55.867  22.971 0.1000000015
11735  42.405  -56.063  21.242 0.1000000015
11760  41.430  -56.129  19.456 0.1000000015
11092  42.015  -56.846  19.487 0.1000000015
131742  41.781  -56.088  27.282 0.1000000015
12294  40.066  -54.029  27.637 0.1000000015
12968  39.430  -53.062  27.450 0.1000000015
112485  38.758  -52.617  27.197 0.1000000015
13714  38.060  -52.749  27.083 0.1000000015
13726  37.739  -52.645  26.652 0.1000000015
123090  37.039  -52.796  26.383 0.1000000015
13010  36.933  -53.742  24.219 0.1000000015
13743  36.890  -53.015  25.200 0.1000000015
12336  37.930  -54.598  23.520 0.1000000015
13008  38.460  -53.958  23.681 0.1000000015
13009  37.619  -53.826  23.973 0.1000000015
11709  41.126  -55.910  21.856 0.1000000015
12348  40.553  -55.030  22.304 0.1000000015
12335  38.737  -54.746  23.241 0.1000000015
118604  37.057  -54.490  23.770 0.1000000015
12390  43.622  -54.407  20.030 0.1000000015
12367  42.727  -55.056  21.099 0.1000000015
126195  43.410  -54.605  19.756 0.1000000015
11746  43.249  -55.742  19.912 0.1000000015
124303  41.085  -54.242  27.302 0.1000000015
12967  40.492  -53.071  27.321 0.1000000015
13713  39.364  -52.305  27.125 0.1000000015
13725  38.626  -52.247  26.666 0.1000000015
13735  37.795  -52.502  26.045 0.1000000015
130465  38.157  -52.436  25.563 0.1000000015
13742  37.646  -52.690  25.219 0.1000000015
129890  39.067  -53.346  23.849 0.1000000015
116024  39.285  -54.113  23.311 0.1000000015
12349  39.569  -54.866  22.792 0.1000000015
11734  43.148  -55.401  20.423 0.1000000015
12410  42.774  -54.713  19.373 0.1000000015
12392  41.179  -54.281  19.748 0.1000000015
12966  41.516  -53.521  26.953 0.1000000015
13723  41.336  -52.465  26.873 0.1000000015
132468  39.838  -52.570  27.273 0.1000000015
13724  40.866  -51.777  26.697 0.1000000015
13712  40.194  -52.092  27.074 0.1000000015
14447  39.337  -51.724  26.227 0.1000000015
14435  39.509  -51.890  26.801 0.1000000015
13734  38.617  -52.119  25.865 0.1000000015
13741  38.598  -52.378  25.086 0.1000000015
12996  38.195  -53.091  24.355 0.1000000015
13007  39.766  -53.502  23.426 0.1000000015
13020  40.260  -54.113  22.802 0.1000000015
12366  43.475  -54.031  20.524 0.1000000015
11708  41.706  -55.125  21.748 0.1000000015
111336  40.989  -51.445  26.097 0.1000000015
14446  40.122  -51.604  26.523 0.1000000015
14460  40.088  -51.450  25.769 0.1000000015
13733  39.335  -51.842  25.479 0.1000000015
12995  38.992  -52.681  24.381 0.1000000015
13052  42.988  -52.993  19.470 0.1000000015
12389  43.939  -53.563  19.742 0.1000000015
125468  41.195  -54.429  22.254 0.1000000015
13053  41.916  -53.351  19.757 0.1000000015
14469  41.089  -51.278  24.999 0.1000000015
13751  40.941  -52.360  23.714 0.1000000015
14478  41.415  -51.606  23.980 0.1000000015
14470  40.027  -51.633  25.102 0.1000000015
114790  41.967  -51.858  23.072 0.1000000015
13752  39.826  -52.684  23.962 0.1000000015
13051  44.098  -52.215  19.412 0.1000000015
13029  44.834  -52.072  19.796 0.1000000015
12365  44.234  -53.181  19.837 0.1000000015
12347  42.336  -54.086  21.614 0.1000000015
113752  40.838  -52.082  21.315 0.1000000015
13739  40.390  -51.882  24.441 0.1000000015
13759  41.665  -52.733  22.884 0.1000000015
13006  40.618  -53.232  23.295 0.1000000015
13031  43.516  -53.168  21.156 0.1000000015
13018  42.602  -52.911  21.926 0.1000000015
13019  41.388  -53.638  22.525 0.1000000015
127583  27.876  -56.814  24.698 0.1000000015
11034  28.006  -56.441  23.496 0.1000000015
11064  28.670  -56.768  22.045 0.1000000015
11065  28.080  -57.149  21.970 0.1000000015
10425  28.368  -57.312  21.545 0.1000000015
7044  30.911  -63.568  21.418 0.1000000015
10438  28.475  -57.722  20.961 0.1000000015
8710  29.539  -60.233  19.808 0.1000000015
9779  28.751  -58.281  20.291 0.1000000015
8208  29.253  -61.093  19.725 0.1000000015
7655  29.394  -61.946  19.861 0.1000000015
8721  28.841  -60.255  19.553 0.1000000015
8585  32.969  -61.894  32.307 0.1000000015
9751  27.239  -58.214  21.794 0.1000000015
10398  27.584  -57.146  23.108 0.1000000015
9799  28.140  -58.875  19.921 0.1000000015
8595  33.751  -62.060  30.901 0.1000000015
9696  32.020  -57.978  28.829 0.1000000015
11657  29.189  -55.671  27.061 0.1000000015
11665  28.568  -55.880  26.419 0.1000000015
9087  33.547  -60.346  29.603 0.1000000015
9695  32.674  -58.487  28.905 0.1000000015
10354  30.674  -57.182  28.796 0.1000000015
12310  30.193  -54.844  25.894 0.1000000015
112721  28.815  -55.325  24.119 0.1000000015
10437  29.241  -57.868  20.910 0.1000000015
9167  31.556  -59.453  21.825 0.1000000015
131182  32.881  -56.733  27.479 0.1000000015
11654  31.873  -55.876  27.098 0.1000000015
11655  31.043  -55.648  27.172 0.1000000015
8625  35.055  -61.852  28.455 0.1000000015
11049  29.988  -56.291  22.232 0.1000000015
11719  30.369  -55.702  22.705 0.1000000015
11062  30.279  -56.970  21.927 0.1000000015
10422  31.408  -58.090  22.181 0.1000000015
8604  38.356  -62.485  28.789 0.1000000015
11653  32.672  -55.985  27.263 0.1000000015
11694  30.721  -55.131  23.245 0.1000000015
116020  32.114  -58.203  22.284 0.1000000015
9718  37.411  -60.141  26.984 0.1000000015
116756  34.499  -57.357  27.437 0.1000000015
122041  34.889  -56.903  27.350 0.1000000015
129539  32.832  -54.711  26.175 0.1000000015
133952  32.625  -54.500  25.734 0.1000000015
12325  32.128  -54.412  24.567 0.1000000015
11046  32.764  -56.712  22.514 0.1000000015
115557  34.427  -59.838  22.816 0.1000000015
8680  35.128  -60.617  23.012 0.1000000015
8171  34.758  -61.331  23.237 0.1000000015
10377  35.355  -57.654  27.236 0.1000000015
122109  39.934  -61.006  26.930 0.1000000015
11652  34.232  -55.602  27.191 0.1000000015
12305  34.386  -54.208  26.383 0.1000000015
12324  33.028  -54.200  24.687 0.1000000015
11716  33.285  -55.782  22.795 0.1000000015
126914  38.469  -58.967  26.916 0.1000000015
127688  34.338  -53.729  24.919 0.1000000015
11691  33.797  -55.111  23.229 0.1000000015
118690  36.478  -59.198  22.681 0.1000000015
115870  36.623  -60.230  22.881 0.1000000015
12971  36.834  -53.652  27.287 0.1000000015
12339  34.267  -54.473  23.733 0.1000000015
12338  35.219  -54.598  23.652 0.1000000015
11713  36.465  -56.576  22.765 0.1000000015
9154  37.939  -60.975  23.148 0.1000000015
9153  38.802  -61.176  23.291 0.1000000015
12322  35.576  -53.893  24.282 0.1000000015
8689  39.934  -61.746  22.569 0.1000000015
9152  39.580  -60.886  23.150 0.1000000015
9151  40.401  -60.414  22.658 0.1000000015
8704  40.446  -61.399  21.840 0.1000000015
12295  38.884  -54.900  27.633 0.1000000015
120471  38.759  -57.124  22.494 0.1000000015
10407  37.989  -57.566  22.638 0.1000000015
125230  37.295  -56.641  22.780 0.1000000015
127999  37.522  -55.145  23.355 0.1000000015
10406  39.066  -58.230  22.393 0.1000000015
11090  43.023  -56.311  19.840 0.1000000015
9760  41.543  -58.655  21.113 0.1000000015
9746  39.441  -59.540  22.640 0.1000000015
11759  42.484  -55.856  19.438 0.1000000015
9772  41.225  -59.680  21.015 0.1000000015
9175  40.817  -60.675  21.366 0.1000000015
9774  39.762  -59.845  20.322 0.1000000015
9176  40.236  -60.822  21.091 0.1000000015
11710  39.928  -55.813  22.399 0.1000000015
11711  39.023  -55.483  22.845 0.1000000015
12411  41.910  -55.080  19.358 0.1000000015
13736  36.937  -52.791  25.781 0.1000000015
12997  37.262  -53.237  24.600 0.1000000015
124885  43.485  -53.872  19.514 0.1000000015
12391  42.457  -54.037  19.392 0.1000000015
13740  39.487  -52.139  24.738 0.1000000015
12413  33.535  -54.164  19.615 0.4000000060
130504  34.212  -57.261  18.531 0.3000000119
11104  34.005  -56.503  18.621 0.3000000119
11098  33.748  -55.722  18.779 0.3000000119
11763  33.554  -54.865  19.037 0.4000000060
13071  33.370  -53.335  19.380 0.4000000060
123866  33.714  -56.092  18.095 0.3000000119
129994  33.401  -54.029  18.904 0.4000000060
6592  37.225  -64.249  14.228 0.1000000015
133283  37.764  -63.975  14.285 0.1000000015
7711  39.178  -62.624  14.723 0.2000000030
120930  39.527  -60.056  14.729 0.3000000119
13822  36.031  -51.544  18.117 0.4000000060
131307  34.590  -57.481  18.829 0.3000000119
10482  39.116  -56.656  15.844 0.4000000060
128928  37.270  -56.278  16.213 0.4000000060
8749  39.438  -60.906  14.782 0.2000000030
9837  39.863  -58.152  15.016 0.3000000119
11118  37.743  -55.531  16.392 0.4000000060
13830  36.593  -52.107  17.655 0.4000000060
121674  36.231  -64.433  14.252 0.1000000015
8251  40.137  -60.969  14.479 0.3000000119
11784  39.048  -55.174  16.311 0.4000000060
113559  37.491  -54.152  16.647 0.4000000060
13085  36.946  -52.698  17.097 0.4000000060
6604  36.579  -64.533  13.777 0.1000000015
14541  35.712  -50.784  18.293 0.5000000000
7718  39.717  -62.195  13.816 0.2000000030
115973  40.213  -60.121  14.540 0.3000000119
9827  39.580  -57.367  15.357 0.3000000119
12422  38.326  -54.062  16.353 0.4000000060
15943  34.476  -48.911  18.301 0.4000000060
124711  33.947  -48.089  19.120 0.4000000060
10481  40.147  -56.443  15.420 0.4000000060
11783  39.829  -54.995  16.029 0.4000000060
115426  37.553  -53.301  16.511 0.4000000060
13835  37.190  -52.173  16.772 0.4000000060
14554  36.700  -51.775  17.336 0.5000000000
6617  37.151  -64.554  13.122 0.2000000030
125669  37.857  -64.083  13.683 0.2000000030
7145  38.622  -63.580  13.322 0.2000000030
8250  40.645  -60.700  14.011 0.2000000030
7719  39.145  -63.015  13.878 0.2000000030
9836  40.637  -58.273  14.416 0.3000000119
10491  40.484  -56.446  14.710 0.3000000119
6605  35.982  -64.729  13.416 0.1000000015
12427  39.281  -54.536  15.915 0.4000000060
9240  40.663  -59.343  14.253 0.3000000119
11125  40.271  -55.633  15.316 0.4000000060
13090  38.253  -53.579  16.159 0.4000000060
14555  36.147  -51.049  17.615 0.5000000000
15952  34.786  -49.489  17.902 0.5000000000
16650  33.822  -48.405  18.501 0.4000000060
11787  39.822  -54.931  15.487 0.4000000060
13834  37.538  -52.839  16.164 0.4000000060
14560  36.236  -51.212  16.752 0.5000000000
15283  35.641  -50.683  17.037 0.5000000000
15953  33.913  -49.072  17.784 0.4000000060
7158  38.079  -64.196  12.683 0.2000000030
7144  39.343  -62.878  13.056 0.2000000030
8278  40.222  -61.316  13.443 0.2000000030
9239  40.893  -59.587  13.980 0.4000000060
8756  40.690  -60.328  13.619 0.2000000030
9835  41.278  -58.796  13.929 0.3000000119
9253  40.684  -58.805  13.828 0.4000000060
10498  40.589  -56.792  14.276 0.3000000119
14570  36.107  -51.666  16.055 0.5000000000
17379  32.332  -47.402  18.422 0.4000000060
9844  40.122  -58.279  13.563 0.4000000060
11788  39.174  -54.798  14.618 0.4000000060
13103  38.340  -53.663  15.096 0.4000000060
14561  35.398  -51.083  16.314 0.5000000000
7157  38.656  -63.347  12.330 0.2000000030
6627  37.391  -64.595  12.108 0.2000000030
7733  39.282  -62.416  12.378 0.2000000030
18137  31.844  -46.601  18.312 0.4000000060
116692  39.498  -60.875  12.451 0.2000000030
11131  40.571  -55.966  14.547 0.3000000119
12435  38.171  -53.990  14.551 0.4000000060
13096  37.268  -52.901  15.114 0.4000000060
120501  36.749  -64.932  12.347 0.2000000030
7747  38.547  -62.563  11.751 0.2000000030
8770  40.143  -60.171  13.000 0.3000000119
9263  39.796  -59.296  13.190 0.4000000060
18129  32.175  -46.155  18.951 0.4000000060
11137  40.215  -56.359  13.973 0.3000000119
13839  35.958  -52.162  15.479 0.5000000000
15275  33.160  -49.894  17.306 0.5000000000
123614  31.225  -41.847  20.036 0.4000000060
6628  36.915  -65.086  11.529 0.2000000030
7171  38.025  -64.042  11.810 0.2000000030
11133  38.319  -55.597  14.017 0.4000000060
13105  37.036  -53.081  14.327 0.4000000060
15954  32.644  -49.235  17.590 0.5000000000
127921  31.826  -47.256  17.893 0.4000000060
6032  36.404  -65.662  11.031 0.2000000030
123757  38.157  -63.305  11.661 0.2000000030
8298  39.034  -61.688  11.960 0.2000000030
8771  39.118  -60.071  12.469 0.2000000030
10500  39.105  -56.975  13.376 0.4000000060
13840  34.939  -52.371  15.684 0.5000000000
14562  34.271  -51.068  16.460 0.5000000000
6034  35.307  -65.896  11.467 0.2000000030
9845  38.953  -57.849  13.340 0.4000000060
11132  39.861  -55.644  14.290 0.3000000119
13097  36.477  -52.852  14.899 0.5000000000
14571  35.492  -51.728  15.906 0.5000000000
16659  33.042  -48.744  18.073 0.5000000000
6044  36.018  -66.250  10.588 0.2000000030
26272  32.809  -36.959  19.261 0.2000000030
123808  31.179  -41.956  19.286 0.4000000060
19655  30.852  -44.000  19.012 0.4000000060
6642  37.400  -64.423  11.249 0.2000000030
121602  38.626  -59.419  12.627 0.4000000060
17390  31.982  -47.954  17.884 0.4000000060
18878  30.958  -45.280  18.178 0.4000000060
8299  37.877  -61.661  11.538 0.2000000030
7190  37.535  -63.592  11.284 0.2000000030
22095  31.357  -41.420  18.749 0.4000000060
20472  30.742  -43.715  18.228 0.4000000060
127403  30.751  -44.791  17.588 0.4000000060
128782  37.117  -53.706  14.053 0.3000000119
13836  34.571  -51.741  16.071 0.5000000000
15967  32.011  -49.752  16.992 0.5000000000
17380  31.450  -46.770  17.537 0.4000000060
9850  38.746  -58.728  13.062 0.4000000060
11790  36.521  -54.840  14.114 0.3000000119
12436  36.621  -53.328  14.254 0.4000000060
10514  38.041  -57.520  13.063 0.4000000060
13841  33.787  -52.546  15.804 0.5000000000
7748  37.638  -62.706  11.430 0.2000000030
21261  31.230  -42.079  18.242 0.4000000060
15955  31.840  -49.106  17.252 0.5000000000
121802  36.106  -54.133  14.263 0.4000000060
13098  35.354  -53.054  15.286 0.5000000000
15286  32.496  -50.557  16.677 0.5000000000
13099  34.224  -53.270  15.488 0.5000000000
12429  34.668  -53.923  15.120 0.5000000000
132369  33.568  -54.543  18.532 0.4000000060
113383  36.296  -54.417  16.824 0.4000000060
22967  31.624  -40.201  19.379 0.4000000060
20461  30.868  -43.336  18.789 0.4000000060
14572  32.434  -51.317  16.153 0.5000000000
9221  34.032  -58.665  16.598 0.3000000119
10473  33.854  -58.004  16.996 0.3000000119
11122  33.968  -57.157  16.930 0.2000000030
11779  34.023  -56.310  16.978 0.2000000030
133949  34.388  -60.589  17.495 0.2000000030
130252  34.446  -59.411  16.304 0.3000000119
9829  35.780  -58.812  15.514 0.3000000119
10484  35.241  -58.046  15.827 0.3000000119
8743  35.849  -60.670  15.797 0.2000000030
9229  36.578  -59.462  15.306 0.2000000030
8252  39.338  -61.735  14.919 0.2000000030
5511  34.332  -66.912  10.265 0.1000000015
5048  33.861  -67.229  9.544 0.1000000015
8805  33.891  -60.810  9.813 0.1000000015
9809  34.331  -58.866  18.671 0.1000000015
10459  33.905  -57.762  18.102 0.2000000030
10465  33.803  -57.447  17.512 0.2000000030
9215  33.757  -59.051  17.681 0.2000000030
9813  33.728  -58.263  17.629 0.2000000030
8720  35.028  -60.291  19.702 0.1000000015
8737  34.292  -60.375  18.217 0.1000000015
9214  33.980  -59.870  17.601 0.2000000030
8732  34.445  -60.259  18.981 0.1000000015
8221  34.619  -60.994  18.699 0.1000000015
6021  35.820  -65.563  12.003 0.1000000015
6045  34.838  -66.427  10.843 0.1000000015
7764  35.944  -62.823  10.714 0.1000000015
8316  36.067  -62.016  11.141 0.1000000015
8301  35.831  -61.052  11.248 0.1000000015
8786  35.488  -60.434  11.384 0.1000000015
133622  35.439  -63.220  10.122 0.1000000015
129864  35.291  -61.546  10.997 0.1000000015
8317  34.979  -60.900  11.069 0.1000000015
9277  35.518  -59.708  11.690 0.1000000015
8318  34.563  -61.449  10.428 0.1000000015
9877  34.050  -58.961  11.051 0.1000000015
9854  34.469  -58.120  11.898 0.1000000015
9867  33.793  -58.186  11.115 0.1000000015
10529  33.297  -57.335  10.803 0.1000000015
9208  34.097  -59.499  18.382 0.2000000030
9264  37.790  -59.103  12.392 0.1000000015
11134  36.946  -55.762  14.079 0.3000000119
7191  37.013  -63.991  10.721 0.1000000015
7763  36.766  -62.972  11.042 0.1000000015
7749  36.990  -62.114  11.322 0.1000000015
9276  37.128  -59.665  11.934 0.1000000015
9852  36.180  -58.433  12.584 0.2000000030
11140  36.220  -56.610  13.626 0.3000000119
11792  34.293  -55.283  14.311 0.3000000119
12438  34.001  -54.597  14.686 0.3000000119
5047  34.721  -67.201  9.607 0.1000000015
6658  36.113  -65.061  9.904 0.1000000015
8785  36.358  -60.298  11.594 0.1000000015
9266  35.871  -59.033  12.230 0.1000000015
10503  35.543  -57.335  13.214 0.2000000030
11796  34.653  -55.963  13.890 0.3000000119
7213  35.909  -64.203  9.997 0.1000000015
9853  35.302  -58.450  12.298 0.1000000015
11148  33.589  -56.676  12.236 0.2000000030
11798  32.872  -55.271  13.011 0.3000000119
11160  33.195  -56.706  11.309 0.1000000015
11815  32.924  -56.036  11.723 0.2000000030
128425  32.564  -54.759  12.492 0.4000000060
11169  33.040  -57.124  10.033 0.1000000015
11161  32.836  -56.062  10.874 0.1000000015
12464  32.829  -54.713  11.190 0.3000000119
11748  39.358  -55.403  20.205 0.1000000015
11093  38.599  -57.069  19.777 0.1000000015
15287  31.560  -50.127  16.192 0.4000000060
13842  32.219  -51.966  15.659 0.4000000060
12437  35.047  -54.545  14.713 0.3000000119
13106  33.626  -53.955  15.024 0.4000000060
115294  32.012  -52.573  14.942 0.4000000060
133648  32.554  -53.854  13.808 0.4000000060
129477  31.799  -52.577  14.025 0.4000000060
12445  32.591  -54.426  13.258 0.4000000060
13112  32.225  -53.146  12.562 0.5000000000
112923  32.583  -54.715  11.872 0.3000000119
132592  32.514  -53.555  12.163 0.5000000000
11179  33.052  -56.200  9.940 0.2000000030
130191  32.983  -56.678  10.562 0.1000000015
110544  32.737  -53.959  11.719 0.4000000060
121907  33.434  -57.914  9.385 0.1000000015
131230  33.480  -56.332  9.118 0.1000000015
130738  33.292  -55.317  9.975 0.2000000030
11827  32.955  -55.388  10.628 0.2000000030
9301  33.635  -59.356  8.320 0.1000000015
10560  33.799  -57.757  8.695 0.1000000015
11199  33.575  -55.612  9.332 0.2000000030
9310  33.932  -59.425  7.539 0.1000000015
10577  34.318  -57.893  8.089 0.1000000015
114622  31.559  -47.657  16.519 0.4000000060
17391  31.637  -47.502  17.281 0.3000000119
16673  31.515  -48.359  16.178 0.4000000060
13843  31.687  -51.845  15.039 0.4000000060
15290  31.457  -50.549  15.357 0.4000000060
13847  31.591  -51.960  14.306 0.4000000060
112017  31.350  -49.635  15.378 0.4000000060
13110  31.900  -52.844  13.285 0.4000000060
13853  31.994  -52.337  12.814 0.4000000060
14590  31.759  -51.497  12.939 0.4000000060
13852  32.351  -52.542  12.321 0.5000000000
13866  32.833  -52.219  11.885 0.4000000060
12477  33.375  -54.572  10.432 0.3000000119
12463  33.203  -54.059  11.065 0.4000000060
13865  33.241  -52.671  11.480 0.4000000060
11869  34.796  -55.860  7.965 0.2000000030
125118  34.627  -55.359  8.425 0.2000000030
13170  34.036  -54.028  9.885 0.2000000030
11216  35.214  -56.530  7.578 0.1000000015
11217  34.428  -56.642  8.050 0.2000000030
8364  35.749  -61.670  5.397 0.1000000015
117126  31.539  -47.079  16.064 0.4000000060
18913  31.017  -45.686  16.828 0.4000000060
16684  31.401  -48.831  14.980 0.4000000060
15981  31.729  -49.293  13.475 0.4000000060
15974  31.376  -49.466  14.349 0.4000000060
15310  31.699  -49.946  12.827 0.4000000060
15327  32.907  -50.275  12.025 0.4000000060
114813  32.383  -49.938  12.435 0.4000000060
14606  32.969  -51.228  11.812 0.3000000119
14627  34.258  -51.748  10.826 0.4000000060
15342  33.807  -51.102  11.230 0.4000000060
13908  35.070  -52.819  9.679 0.3000000119
13150  34.313  -53.154  10.090 0.3000000119
120644  33.853  -52.684  10.857 0.4000000060
11868  35.667  -55.799  7.757 0.2000000030
12514  36.530  -54.505  8.309 0.2000000030
12498  35.214  -54.109  8.895 0.2000000030
12499  34.484  -54.426  9.249 0.2000000030
7815  36.449  -62.667  4.875 0.1000000015
113952  36.538  -61.067  5.462 0.1000000015
21274  31.266  -42.602  17.402 0.3000000119
18912  31.235  -45.323  16.260 0.4000000060
20507  31.074  -43.660  16.461 0.3000000119
18939  31.996  -46.011  14.885 0.4000000060
18180  32.466  -46.516  14.307 0.4000000060
18181  32.136  -47.314  14.546 0.4000000060
16692  32.157  -48.509  13.376 0.4000000060
17424  32.075  -47.900  13.967 0.4000000060
15328  32.903  -49.587  12.223 0.4000000060
15980  32.380  -49.200  12.732 0.4000000060
132270  33.457  -50.502  11.568 0.4000000060
16009  33.514  -49.647  11.661 0.3000000119
114475  36.797  -51.017  10.172 0.3000000119
14625  35.976  -51.308  10.087 0.3000000119
15340  35.403  -50.687  10.458 0.3000000119
15341  34.558  -50.882  10.732 0.3000000119
15326  34.082  -50.244  11.129 0.3000000119
12513  37.515  -54.485  8.359 0.2000000030
13182  36.943  -53.795  8.617 0.2000000030
13906  36.784  -52.413  9.453 0.3000000119
13907  35.880  -52.601  9.446 0.2000000030
13888  34.672  -52.322  10.314 0.3000000119
11855  37.078  -55.102  7.915 0.2000000030
13168  35.548  -53.370  9.172 0.2000000030
11867  36.605  -55.777  7.645 0.2000000030
22107  31.621  -41.244  17.949 0.3000000119
22991  32.569  -40.167  17.328 0.3000000119
126165  31.676  -41.846  17.337 0.3000000119
21296  31.866  -42.377  16.656 0.4000000060
20487  30.884  -43.448  17.362 0.3000000119
20545  32.690  -43.835  14.603 0.3000000119
20529  32.130  -43.370  15.211 0.4000000060
19757  33.043  -45.100  13.818 0.4000000060
19741  32.488  -44.679  14.379 0.4000000060
18952  33.611  -45.572  13.370 0.4000000060
18191  32.520  -47.264  13.883 0.4000000060
17440  33.720  -47.290  12.352 0.3000000119
17441  33.010  -47.578  12.800 0.4000000060
130659  32.871  -47.270  13.364 0.4000000060
16006  37.018  -49.008  10.894 0.3000000119
16007  36.027  -49.000  10.919 0.2000000030
16729  35.781  -48.135  11.284 0.2000000030
17459  34.896  -47.863  11.491 0.2000000030
112209  33.804  -48.789  11.623 0.3000000119
126207  33.533  -48.425  11.916 0.3000000119
15338  37.308  -50.363  10.391 0.3000000119
16021  35.724  -49.895  10.638 0.3000000119
114924  35.213  -49.358  10.832 0.2000000030
16008  34.404  -49.310  11.142 0.2000000030
13165  38.604  -53.612  9.309 0.2000000030
13886  38.160  -52.109  9.998 0.3000000119
14640  37.399  -51.998  9.810 0.3000000119
14641  36.775  -51.640  9.891 0.3000000119
23793  32.313  -39.190  18.186 0.3000000119
23794  31.892  -39.812  18.535 0.3000000119
22992  31.994  -40.457  17.857 0.3000000119
19756  33.815  -44.761  13.516 0.3000000119
18198  36.428  -46.408  12.405 0.2000000030
18961  35.881  -45.682  12.721 0.2000000030
18962  34.881  -45.821  12.621 0.2000000030
18951  34.365  -45.264  13.057 0.2000000030
17457  37.235  -47.748  11.676 0.2000000030
125557  35.620  -47.545  11.643 0.2000000030
17438  35.099  -47.093  11.842 0.2000000030
18199  35.425  -46.422  12.246 0.2000000030
122123  33.236  -36.850  18.703 0.2000000030
132417  34.360  -58.888  7.342 0.1000000015
9917  34.630  -58.244  7.543 0.1000000015
13904  38.633  -52.976  9.755 0.3000000119
11772  33.874  -55.613  17.607 0.3000000119
11121  34.480  -56.862  16.543 0.3000000119
116443  34.397  -57.809  16.367 0.3000000119
9228  37.584  -59.558  15.057 0.2000000030
10453  34.427  -58.047  18.612 0.2000000030
11111  33.858  -56.588  17.465 0.2000000030
8772  38.048  -59.920  12.116 0.1000000015
10501  37.825  -56.972  13.018 0.3000000119
24651  32.330  -38.336  18.557 0.3000000119
8784  37.436  -60.563  11.675 0.1000000015
119094  30.874  -45.015  16.885 0.3000000119
9851  37.786  -58.292  12.824 0.3000000119
11791  35.399  -55.166  14.323 0.2000000030
10515  37.017  -57.877  12.867 0.2000000030
9220  33.863  -59.349  16.982 0.2000000030
9820  34.730  -58.679  15.990 0.3000000119
8744  35.058  -60.082  15.996 0.1000000015
9230  35.784  -59.853  15.566 0.2000000030
8797  34.291  -60.542  10.557 0.1000000015
9810  33.938  -58.600  18.183 0.2000000030
7192  36.300  -63.612  10.450 0.1000000015
7765  35.259  -62.262  10.638 0.1000000015
8300  36.746  -61.266  11.396 0.1000000015
119488  36.333  -59.511  11.985 0.1000000015
8787  34.753  -60.156  11.199 0.1000000015
9866  34.543  -58.681  11.625 0.1000000015
10517  34.928  -57.820  12.583 0.1000000015
9265  36.857  -58.812  12.349 0.2000000030
11795  35.781  -55.905  14.034 0.3000000119
11141  35.102  -56.638  13.496 0.3000000119
12444  33.300  -55.032  13.928 0.4000000060
13107  32.822  -53.787  14.537 0.4000000060
11147  34.478  -57.185  12.854 0.3000000119
11142  34.021  -56.509  13.231 0.3000000119
11803  33.199  -56.003  12.663 0.3000000119
112941  31.395  -48.878  15.698 0.4000000060
14583  31.443  -51.338  13.659 0.4000000060
11198  33.802  -56.836  8.634 0.2000000030
11843  34.221  -55.138  8.956 0.2000000030
116679  31.568  -47.738  15.892 0.4000000060
15294  31.277  -50.247  14.477 0.4000000060
12515  35.667  -54.609  8.433 0.2000000030
18927  31.589  -45.678  15.566 0.4000000060
13887  35.474  -52.079  9.955 0.3000000119
13183  36.023  -53.896  8.654 0.2000000030
20530  31.494  -43.906  15.689 0.4000000060
21323  31.682  -43.104  16.043 0.4000000060
19725  31.922  -44.242  14.943 0.4000000060
15339  36.308  -50.499  10.383 0.3000000119
112353  38.030  -53.218  9.289 0.2000000030
13166  37.306  -53.117  9.030 0.2000000030
21295  32.572  -41.856  16.510 0.4000000060
18189  33.471  -46.352  13.276 0.4000000060
17439  34.399  -47.329  11.876 0.2000000030
16727  37.551  -48.441  11.303 0.2000000030
16728  36.662  -48.304  11.236 0.2000000030
17458  36.360  -47.641  11.651 0.2000000030
112932  35.102  -48.655  11.073 0.2000000030
21322  32.593  -42.540  15.790 0.3000000119
22106  32.328  -41.140  17.108 0.2000000030
22123  33.032  -41.273  16.449 0.3000000119
23808  32.267  -39.803  17.864 0.2000000030
24667  33.475  -38.412  17.664 0.2000000030
8742  36.861  -60.451  15.371 0.1000000015
8243  36.694  -61.338  15.820 0.1000000015
8242  37.670  -61.406  15.528 0.1000000015
119703  37.982  -62.231  15.778 0.1000000015
8750  38.356  -60.527  14.952 0.1000000015
8241  38.666  -61.624  15.278 0.1000000015
26262  33.333  -36.155  19.120 0.1000000015
27177  34.986  -35.002  18.402 0.1000000015
27178  34.531  -35.750  18.513 0.1000000015
25451  33.479  -37.264  18.251 0.1000000015
26271  33.891  -36.450  18.472 0.1000000015
24650  33.084  -37.978  18.082 0.1000000015
26286  34.793  -36.441  18.212 0.1000000015
25467  33.819  -37.809  17.780 0.1000000015
23825  33.112  -39.791  17.117 0.1000000015
23007  33.170  -40.467  16.690 0.2000000030
24666  34.124  -38.445  17.374 0.1000000015
124007  35.467  -37.796  17.477 0.2000000030
21321  33.492  -42.271  15.161 0.2000000030
24665  34.973  -38.471  17.251 0.2000000030
23805  34.432  -39.208  16.921 0.2000000030
132936  34.344  -39.910  16.556 0.2000000030
22148  33.298  -41.799  15.941 0.2000000030
24664  35.838  -38.493  17.261 0.2000000030
23804  35.422  -39.130  16.979 0.2000000030
23006  34.663  -40.460  16.154 0.2000000030
21341  33.881  -42.764  14.520 0.2000000030
20544  33.574  -43.543  14.350 0.2000000030
20557  34.144  -44.023  13.851 0.2000000030
19755  34.656  -44.517  13.341 0.1000000015
21320  34.049  -41.602  15.349 0.2000000030
21340  34.315  -42.058  14.668 0.2000000030
122530  34.635  -42.541  14.213 0.1000000015
21319  35.796  -41.848  14.961 0.1000000015
20542  35.361  -42.934  13.997 0.1000000015
27168  33.679  -35.317  19.308 0.1000000015
27167  34.327  -35.120  18.912 0.1000000015
28053  34.757  -34.374  18.931 0.1000000015
27188  35.278  -35.705  18.136 0.1000000015
23823  35.060  -39.774  16.548 0.2000000030
14622  39.632  -51.748  10.720 0.2000000030
14624  37.620  -51.322  10.173 0.2000000030
14623  38.651  -51.495  10.407 0.2000000030
14604  40.393  -51.256  11.370 0.2000000030
16018  38.096  -49.878  10.768 0.2000000030
15336  39.288  -50.928  10.910 0.2000000030
15337  38.972  -50.163  11.029 0.2000000030
16019  37.380  -49.596  10.659 0.2000000030
131536  39.425  -49.859  11.390 0.1000000015
15325  40.101  -50.376  11.537 0.2000000030
16004  38.846  -49.432  11.295 0.2000000030
16005  37.883  -49.137  10.993 0.2000000030
16002  41.258  -50.154  12.518 0.1000000015
15993  41.090  -49.409  12.743 0.1000000015
16725  39.387  -48.790  11.781 0.1000000015
15991  42.678  -50.427  13.995 0.1000000015
124172  35.928  -37.119  17.592 0.1000000015
17456  38.127  -47.923  11.818 0.1000000015
16707  40.259  -48.656  12.557 0.1000000015
16708  39.064  -48.217  12.163 0.1000000015
15992  41.941  -50.054  13.601 0.1000000015
16706  41.390  -49.192  13.590 0.1000000015
15979  42.985  -49.750  14.222 0.1000000015
16689  42.378  -49.168  14.364 0.1000000015
17433  42.493  -47.636  12.828 0.1000000015
26283  36.703  -37.095  17.135 0.1000000015
27198  38.324  -35.171  16.620 0.1000000015
119976  37.119  -36.258  17.075 0.1000000015
17437  36.874  -47.105  12.125 0.1000000015
17434  39.624  -47.983  13.014 0.1000000015
16690  41.557  -48.884  14.231 0.1000000015
17419  42.746  -48.586  14.013 0.1000000015
16688  42.747  -49.120  14.233 0.1000000015
27185  37.972  -36.058  16.720 0.1000000015
18186  38.862  -46.894  13.980 0.1000000015
118460  37.477  -46.500  12.724 0.1000000015
127093  39.852  -47.494  14.570 0.1000000015
17422  39.198  -47.449  13.518 0.1000000015
17435  38.687  -47.582  12.597 0.1000000015
17436  37.777  -47.296  12.308 0.1000000015
17421  40.003  -47.867  13.820 0.1000000015
17414  40.933  -47.797  15.137 0.1000000015
17420  40.777  -48.177  14.424 0.1000000015
16691  40.598  -48.428  13.618 0.1000000015
17406  41.775  -47.367  15.084 0.1000000015
125095  41.708  -48.073  14.999 0.1000000015
16683  41.649  -48.469  14.673 0.1000000015
18177  42.193  -47.608  14.578 0.1000000015
118867  37.659  -37.062  16.906 0.1000000015
25464  37.068  -37.830  17.218 0.1000000015
18188  36.846  -45.756  12.858 0.1000000015
18169  41.054  -46.875  16.085 0.1000000015
17408  40.886  -47.300  15.746 0.1000000015
17407  41.433  -47.496  15.439 0.1000000015
18949  36.936  -45.115  13.412 0.1000000015
15324  41.348  -50.992  12.375 0.1000000015
16001  42.124  -50.885  13.492 0.1000000015
16682  42.250  -48.577  14.605 0.1000000015
18184  42.520  -47.901  14.140 0.1000000015
133154  38.197  -46.436  13.419 0.1000000015
9949  40.866  -59.097  6.409 0.1000000015
11230  40.997  -57.380  6.626 0.1000000015
10605  40.558  -58.084  5.961 0.1000000015
127889  40.072  -59.298  4.974 0.1000000015
116628  38.734  -59.771  2.982 0.1000000015
8859  37.928  -60.590  1.912 0.1000000015
8864  36.870  -60.921  1.734 0.1000000015
9322  40.583  -59.580  6.742 0.1000000015
10604  41.100  -58.464  6.804 0.1000000015
9371  39.308  -59.236  4.015 0.1000000015
122780  39.316  -60.076  4.105 0.1000000015
11879  42.177  -56.603  7.674 0.1000000015
11212  42.156  -57.417  8.367 0.1000000015
10572  40.929  -58.281  8.082 0.1000000015
9933  40.324  -59.591  7.195 0.1000000015
9339  40.567  -59.779  5.852 0.1000000015
11242  40.086  -57.034  5.591 0.1000000015
11195  41.543  -57.650  8.811 0.1000000015
10573  40.079  -58.457  7.664 0.1000000015
11880  41.277  -56.379  7.007 0.1000000015
133816  43.084  -56.265  8.650 0.1000000015
12527  43.099  -55.481  8.360 0.1000000015
12537  41.640  -55.509  7.313 0.1000000015
12528  42.610  -55.738  7.866 0.1000000015
13196  42.667  -54.816  7.764 0.1000000015
10571  41.159  -58.203  8.207 0.1000000015
9402  36.589  -59.859  2.207 0.1000000015
5057  35.003  -67.250  8.916 0.2000000030
5499  35.595  -66.463  10.798 0.1000000015
5510  35.184  -66.896  10.281 0.2000000030
5512  33.409  -66.661  10.055 0.1000000015
5522  35.415  -66.999  9.581 0.1000000015
6020  36.263  -65.402  11.958 0.1000000015
6033  35.982  -66.072  11.360 0.2000000030
6043  36.238  -65.660  10.190 0.2000000030
6059  35.790  -66.233  9.113 0.2000000030
6487  32.145  -64.997  22.896 0.1000000015
6618  36.407  -64.892  12.880 0.1000000015
6659  35.789  -65.549  9.259 0.2000000030
7136  38.394  -63.521  14.325 0.1000000015
7212  36.478  -64.385  10.302 0.1000000015
7234  33.970  -64.081  8.568 0.1000000015
7544  36.809  -63.107  29.237 0.1000000015
7710  39.725  -61.771  14.452 0.3000000119
7732  39.765  -62.138  13.002 0.2000000030
8069  36.481  -62.820  30.118 0.1000000015
8093  40.345  -62.470  27.625 0.1000000015
8114  39.973  -62.572  27.508 0.1000000015
8235  36.841  -61.975  16.530 0.1000000015
8261  40.192  -61.404  14.084 0.2000000030
8279  39.748  -61.579  12.636 0.2000000030
8365  34.585  -61.907  5.682 0.1000000015
8622  40.191  -62.504  27.631 0.1000000015
8641  40.160  -62.267  27.502 0.1000000015
8642  39.615  -62.292  27.055 0.1000000015
8643  38.180  -62.153  27.246 0.1000000015
8644  36.855  -62.010  27.464 0.1000000015
8675  40.185  -61.271  22.953 0.1000000015
8709  30.210  -60.151  20.239 0.1000000015
8747  40.866  -60.162  13.971 0.4000000060
8748  40.705  -60.146  14.177 0.4000000060
8769  40.705  -59.522  13.651 0.4000000060
8783  38.496  -60.788  11.970 0.2000000030
8798  33.745  -60.142  10.020 0.1000000015
8830  35.181  -59.801  6.201 0.2000000030
8851  39.080  -60.638  3.698 0.1000000015
9166  40.965  -60.537  21.795 0.1000000015
9195  29.147  -59.667  19.667 0.1000000015
9231  35.093  -59.381  15.812 0.2000000030
9241  40.010  -59.247  14.771 0.3000000119
9252  41.126  -58.997  13.959 0.3000000119
9278  34.615  -59.392  11.395 0.1000000015
9286  33.969  -59.681  10.690 0.1000000015
9341  36.708  -60.259  5.749 0.1000000015
9358  39.962  -60.002  4.942 0.1000000015
9780  27.549  -58.695  20.352 0.1000000015
9798  29.035  -58.967  19.788 0.1000000015
9828  38.116  -57.616  15.549 0.5000000000
9843  40.778  -58.039  14.148 0.3000000119
9865  35.196  -59.036  11.840 0.1000000015
9913  40.917  -58.545  7.845 0.1000000015
9914  40.596  -58.907  7.595 0.1000000015
9918  34.033  -58.625  8.086 0.1000000015
9932  40.812  -59.031  7.320 0.1000000015
9937  35.679  -58.584  6.532 0.3000000119
9938  34.888  -58.694  6.913 0.1000000015
9950  40.367  -58.772  5.404 0.1000000015
9961  39.633  -58.501  4.454 0.1000000015
10419  42.556  -57.098  20.425 0.1000000015
10420  42.040  -57.814  21.064 0.1000000015
10426  27.831  -57.699  21.372 0.1000000015
10435  41.646  -58.295  20.427 0.1000000015
10446  42.485  -57.052  19.793 0.1000000015
10472  35.291  -57.279  16.072 0.4000000060
10492  40.370  -57.257  14.901 0.3000000119
10499  40.232  -57.266  13.839 0.3000000119
10502  36.661  -57.233  13.193 0.2000000030
10516  35.939  -57.917  12.880 0.2000000030
10518  33.917  -57.440  11.817 0.1000000015
10549  33.359  -57.088  9.361 0.1000000015
10557  41.576  -57.883  8.276 0.1000000015
10558  41.350  -57.930  8.536 0.2000000030
10559  34.203  -57.321  8.238 0.2000000030
10574  39.052  -57.677  7.469 0.2000000030
10576  34.805  -57.399  7.634 0.1000000015
10590  41.260  -58.234  7.601 0.1000000015
11059  42.869  -56.394  20.410 0.1000000015
11091  42.783  -56.466  19.703 0.1000000015
11105  33.821  -56.942  18.054 0.3000000119
11126  39.745  -55.719  15.988 0.4000000060
11127  38.468  -56.046  16.182 0.4000000060
11138  38.805  -56.347  13.707 0.4000000060
11139  37.410  -56.430  13.562 0.3000000119
11229  41.718  -57.392  7.536 0.1000000015
11668  29.433  -55.162  25.695 0.1000000015
11696  28.366  -55.795  23.831 0.1000000015
11758  43.082  -55.465  19.627 0.1000000015
11762  34.096  -55.476  19.456 0.4000000060
11768  33.683  -55.235  18.344 0.4000000060
11774  39.034  -54.604  16.190 0.4000000060
11775  38.232  -54.706  16.506 0.4000000060
11789  37.692  -54.670  14.117 0.3000000119
11797  33.617  -55.794  13.601 0.3000000119
11804  32.677  -55.366  12.148 0.3000000119
11816  32.724  -55.378  11.383 0.3000000119
11841  42.324  -56.583  9.386 0.2000000030
11850  43.273  -56.038  9.142 0.2000000030
11854  38.691  -55.888  7.873 0.2000000030
11856  36.115  -55.142  8.024 0.2000000030
11857  35.279  -55.222  8.169 0.2000000030
11858  34.022  -55.930  8.535 0.2000000030
11865  42.635  -56.750  8.535 0.2000000030
11866  37.763  -55.918  7.542 0.2000000030
12309  30.866  -54.800  26.058 0.1000000015
12423  35.962  -53.630  17.105 0.4000000060
12428  35.742  -53.605  14.678 0.4000000060
12434  38.951  -54.308  15.317 0.4000000060
12439  33.067  -54.339  14.251 0.3000000119
12450  32.473  -54.014  12.437 0.4000000060
12476  43.259  -54.394  10.703 0.2000000030
12494  43.199  -55.028  10.070 0.2000000030
12497  38.866  -54.192  9.077 0.3000000119
12500  33.777  -54.832  9.617 0.2000000030
12516  34.888  -54.770  8.632 0.2000000030
12998  36.459  -53.391  24.753 0.1000000015
13050  44.364  -52.660  19.523 0.1000000015
13068  44.108  -52.921  19.336 0.1000000015
13069  43.974  -52.929  19.241 0.1000000015
13070  43.267  -53.673  19.417 0.1000000015
13081  33.558  -53.248  18.719 0.4000000060
13084  37.107  -52.231  17.188 0.5000000000
13087  33.648  -53.971  18.327 0.4000000060
13089  38.757  -54.172  16.106 0.4000000060
13091  37.323  -52.563  16.867 0.4000000060
13094  38.645  -53.918  15.725 0.4000000060
13095  38.003  -53.298  15.452 0.4000000060
13100  32.959  -53.279  15.287 0.4000000060
13104  37.618  -53.353  14.675 0.4000000060
13109  32.251  -53.562  13.152 0.4000000060
13125  43.488  -53.187  11.375 0.2000000030
13126  43.298  -53.369  11.540 0.2000000030
13128  33.252  -53.363  11.282 0.4000000060
13129  32.684  -53.091  11.931 0.5000000000
13147  43.255  -53.903  11.251 0.2000000030
13148  42.764  -54.146  11.013 0.3000000119
13151  33.697  -53.644  10.617 0.3000000119
13163  43.772  -54.152  10.049 0.2000000030
13167  36.403  -53.174  9.017 0.3000000119
13169  34.750  -53.640  9.463 0.3000000119
13181  37.969  -53.830  8.836 0.2000000030
13195  43.037  -54.439  8.144 0.1000000015
13782  33.658  -52.292  21.466 0.5000000000
13793  44.441  -52.331  19.532 0.1000000015
13795  42.651  -52.541  19.823 0.1000000015
13837  33.311  -51.805  16.132 0.5000000000
13838  36.794  -52.258  15.799 0.4000000060
13846  32.214  -53.261  14.137 0.4000000060
13849  31.713  -52.094  13.479 0.4000000060
13864  41.732  -52.567  11.640 0.3000000119
13884  39.966  -52.593  10.578 0.2000000030
13885  39.070  -52.291  10.214 0.3000000119
13905  37.707  -52.612  9.534 0.2000000030
14497  34.602  -51.856  22.566 0.4000000060
14563  33.235  -51.134  16.582 0.5000000000
14569  36.718  -51.728  16.506 0.5000000000
14573  31.737  -51.308  15.499 0.4000000060
14578  31.403  -51.143  14.595 0.4000000060
14587  43.108  -51.379  13.125 0.2000000030
14589  32.322  -51.773  12.381 0.4000000060
14601  43.041  -52.029  12.621 0.2000000030
14605  33.523  -51.953  11.376 0.4000000060
14620  43.645  -51.964  10.829 0.1000000015
14626  35.044  -51.498  10.364 0.3000000119
15223  39.639  -50.812  22.638 0.1000000015
15259  35.420  -50.011  18.146 0.5000000000
15272  35.701  -50.495  17.703 0.5000000000
15273  35.149  -50.165  17.459 0.5000000000
15274  34.326  -49.919  17.374 0.5000000000
15284  34.854  -50.470  16.823 0.5000000000
15285  33.772  -50.525  16.939 0.5000000000
15289  31.815  -50.812  16.013 0.4000000060
15299  31.306  -50.020  13.542 0.4000000060
15309  32.189  -50.753  12.486 0.4000000060
15322  43.250  -50.842  11.762 0.1000000015
15355  42.950  -51.141  9.342 0.1000000015
15906  33.396  -49.520  22.223 0.5000000000
15931  34.688  -48.974  19.302 0.5000000000
15942  35.001  -49.325  18.652 0.5000000000
15968  31.524  -49.215  16.427 0.5000000000
16003  40.110  -49.444  11.836 0.1000000015
16020  36.630  -49.709  10.590 0.3000000119
16022  34.865  -50.046  10.727 0.3000000119
16042  42.365  -50.033  8.971 0.1000000015
16616  33.536  -48.758  22.629 0.5000000000
16626  33.366  -47.982  21.311 0.6000000238
16632  33.565  -48.025  20.523 0.5000000000
16651  32.709  -48.180  18.346 0.4000000060
16660  32.249  -48.653  17.783 0.4000000060
16661  31.722  -48.372  17.073 0.5000000000
16677  31.534  -48.218  15.462 0.4000000060
16681  42.457  -48.395  14.429 0.1000000015
16693  31.739  -48.685  14.163 0.4000000060
16705  42.248  -49.727  14.184 0.1000000015
16709  33.173  -48.869  12.181 0.4000000060
16710  32.671  -48.274  12.706 0.4000000060
16722  43.547  -49.003  12.684 0.1000000015
16726  38.445  -48.642  11.516 0.2000000030
16730  34.412  -48.514  11.378 0.2000000030
16731  33.962  -47.993  11.754 0.3000000119
17327  38.519  -47.474  24.234 0.1000000015
17378  33.094  -47.674  19.035 0.4000000060
17410  31.794  -47.393  15.330 0.4000000060
17413  42.027  -47.942  14.915 0.1000000015
17415  31.741  -48.061  14.739 0.4000000060
17423  32.492  -47.766  13.301 0.4000000060
17432  43.022  -48.471  13.528 0.1000000015
18105  34.190  -46.132  22.561 0.5000000000
18120  33.354  -46.075  20.816 0.6000000238
18127  33.230  -46.613  20.284 0.5000000000
18148  31.095  -46.224  17.136 0.3000000119
18163  31.315  -46.225  16.329 0.4000000060
18172  31.735  -46.521  15.535 0.4000000060
18185  42.274  -47.149  14.028 0.1000000015
18190  32.951  -46.740  13.656 0.4000000060
18200  34.455  -46.620  12.289 0.2000000030
18201  33.794  -46.644  12.741 0.3000000119
18202  33.337  -47.001  13.085 0.4000000060
18877  31.553  -45.740  18.601 0.4000000060
18892  31.179  -46.051  17.866 0.4000000060
18938  32.465  -45.556  14.322 0.4000000060
18947  38.502  -46.053  14.096 0.1000000015
18953  32.990  -45.969  13.791 0.4000000060
18963  34.093  -46.034  12.879 0.2000000030
19592  35.622  -43.747  30.199 0.1000000015
19618  37.221  -44.940  24.016 0.4000000060
19626  35.588  -43.999  22.901 0.5000000000
19640  33.215  -44.563  20.976 0.5000000000
19654  31.242  -44.850  19.039 0.5000000000
19668  30.777  -44.489  18.329 0.4000000060
19687  30.691  -44.126  17.691 0.4000000060
19705  31.086  -44.484  16.279 0.3000000119
19706  30.764  -44.233  17.003 0.3000000119
19726  31.509  -44.798  15.580 0.4000000060
19740  33.287  -44.326  14.107 0.4000000060
19742  31.905  -45.137  14.861 0.4000000060
20427  36.888  -43.778  25.126 0.2000000030
20440  32.951  -42.833  20.955 0.5000000000
20448  32.224  -43.086  20.601 0.5000000000
20528  32.982  -42.989  14.848 0.3000000119
20543  34.431  -43.241  14.033 0.1000000015
20556  35.002  -43.754  13.610 0.1000000015
21241  31.167  -42.548  19.856 0.5000000000
21249  31.021  -42.691  18.980 0.4000000060
21262  30.924  -42.952  18.148 0.4000000060
22057  35.441  -42.053  24.054 0.4000000060
22064  35.068  -41.550  23.533 0.4000000060
22077  31.555  -41.340  20.338 0.5000000000
22083  31.326  -41.140  19.598 0.4000000060
22122  33.831  -41.015  16.085 0.2000000030
22147  34.666  -41.111  15.591 0.2000000030
22162  34.817  -41.604  14.987 0.2000000030
22891  32.840  -40.081  29.099 0.2000000030
22917  33.186  -40.639  26.219 0.2000000030
22977  31.591  -40.701  18.658 0.4000000060
23784  31.958  -39.450  20.759 0.5000000000
23806  33.486  -39.110  17.303 0.1000000015
23807  32.743  -39.461  17.596 0.3000000119
23824  33.713  -39.784  16.791 0.2000000030
24652  31.970  -39.028  18.766 0.3000000119
24668  32.867  -38.737  17.870 0.2000000030
25370  32.756  -37.961  27.295 0.1000000015
25443  32.106  -38.039  20.838 0.4000000060
25445  32.240  -37.713  19.317 0.5000000000
25450  34.279  -37.131  18.029 0.1000000015
25452  32.788  -37.478  18.639 0.3000000119
25465  36.271  -37.819  17.360 0.2000000030
26284  36.320  -36.384  17.490 0.1000000015
27126  32.454  -35.223  24.418 0.1000000015
27132  32.401  -35.445  23.649 0.1000000015
27155  32.808  -35.701  20.477 0.3000000119
27179  33.924  -35.749  18.827 0.1000000015
27993  33.468  -33.991  24.354 0.1000000015
28867  35.876  -33.654  24.132 0.1000000015
28898  33.250  -33.489  21.371 0.2000000030
28913  33.658  -33.454  20.674 0.1000000015
110502  31.341  -46.931  16.796 0.3000000119
111431  34.612  -56.133  16.708 0.3000000119
111833  38.358  -47.009  13.083 0.1000000015
111919  36.477  -48.921  23.515 0.4000000060
112234  33.992  -33.291  23.637 0.1000000015
112441  33.530  -63.211  7.020 0.1000000015
112775  32.426  -37.218  20.080 0.5000000000
113131  33.343  -48.751  21.681 0.5000000000
113374  41.042  -54.274  9.979 0.3000000119
114851  31.321  -43.013  16.766 0.4000000060
115825  35.777  -52.825  17.568 0.5000000000
116142  43.414  -51.993  11.729 0.1000000015
116426  29.731  -57.459  21.485 0.1000000015
116566  33.747  -54.693  18.010 0.4000000060
116848  40.174  -55.426  14.885 0.4000000060
117461  27.843  -57.039  24.002 0.1000000015
117482  33.475  -62.265  7.176 0.1000000015
117871  31.458  -50.649  13.096 0.4000000060
118053  37.348  -58.153  6.758 0.2000000030
118795  43.292  -50.046  11.932 0.1000000015
118937  33.505  -46.209  21.275 0.5000000000
119061  34.437  -60.229  16.747 0.2000000030
119342  40.586  -57.278  14.341 0.3000000119
119812  36.157  -56.458  7.389 0.2000000030
120566  43.293  -51.260  12.501 0.2000000030
120788  38.300  -50.675  10.571 0.2000000030
120962  32.531  -35.293  21.845 0.2000000030
121439  33.924  -40.323  16.427 0.2000000030
121959  30.916  -45.525  17.425 0.3000000119
122237  43.770  -52.526  9.927 0.1000000015
122485  35.961  -47.065  12.033 0.2000000030
122673  33.279  -48.030  12.220 0.3000000119
122830  34.627  -37.784  17.603 0.1000000015
123064  38.205  -59.976  2.093 0.1000000015
123281  36.162  -51.991  9.749 0.2000000030
123349  32.794  -52.496  15.644 0.4000000060
124959  43.102  -49.199  14.058 0.1000000015
126372  30.287  -54.749  23.754 0.1000000015
126743  33.505  -50.976  21.990 0.4000000060
126827  36.947  -53.579  16.810 0.4000000060
127489  31.988  -40.758  20.750 0.5000000000
128345  32.054  -46.749  14.928 0.4000000060
128364  34.246  -48.217  23.385 0.5000000000
128463  44.822  -51.939  19.682 0.1000000015
129151  31.247  -50.664  13.811 0.4000000060
129434  31.550  -64.975  22.415 0.1000000015
129480  40.772  -61.054  21.976 0.1000000015
129831  42.552  -52.908  11.830 0.3000000119
129924  40.205  -60.861  12.961 0.2000000030
130022  41.465  -52.854  20.361 0.1000000015
130271  41.082  -57.853  8.522 0.1000000015
130664  33.795  -60.985  6.806 0.1000000015
130800  38.023  -58.954  14.946 0.2000000030
131073  32.099  -41.812  16.915 0.4000000060
131094  37.389  -45.565  29.504 0.1000000015
132124  36.412  -45.399  13.059 0.1000000015
132827  33.732  -58.678  17.161 0.3000000119
133207  35.862  -59.991  5.974 0.2000000030
133462  36.495  -45.596  23.503 0.5000000000
133591  31.693  -39.059  19.719 0.4000000060
133899  32.772  -62.841  23.024 0.1000000015
