#!ascii label  , from subject sub-03 vox2ras=TkReg
624
45385  19.152  -15.726  2.281 0.1428571492
46439  17.846  -15.460  2.626 0.1428571492
125389  19.158  -14.272  1.378 0.1428571492
45384  19.939  -15.384  2.716 0.1428571492
47564  19.884  -14.311  1.764 0.2857142985
46459  18.083  -15.114  1.947 0.1428571492
46457  20.418  -14.633  2.441 0.1428571492
48619  19.443  -13.061  0.764 0.5714285970
47563  20.825  -13.886  2.195 0.1428571492
48604  22.027  -12.985  2.126 0.2857142985
48615  23.193  -12.154  2.058 0.1428571492
48616  22.375  -12.319  1.851 0.2857142985
51367  23.085  -9.612  0.497 0.2857142985
50468  22.625  -10.315  0.870 0.1428571492
53240  23.961  -7.710  -0.967 0.2857142985
51381  23.601  -8.912  0.143 0.2857142985
53252  23.768  -7.173  -1.730 0.2857142985
52261  23.118  -7.972  -1.611 0.2857142985
54137  24.290  -6.095  -2.730 0.2857142985
56049  24.569  -4.832  -4.870 0.8571428657
56035  24.803  -4.996  -3.958 0.4285714328
54125  24.394  -6.554  -1.941 0.2857142985
57989  26.151  -3.627  -6.912 0.7142857313
56998  26.112  -3.597  -5.975 0.7142857313
56987  25.519  -3.945  -5.295 0.7142857313
58005  27.076  -3.709  -7.592 0.8571428657
57988  26.551  -3.593  -6.905 0.5714285970
58007  26.132  -3.558  -7.227 0.8571428657
56999  25.451  -3.803  -6.103 0.7142857313
128823  24.995  -4.359  -5.472 0.7142857313
59995  28.048  -1.286  -8.169 0.4285714328
126413  27.066  -3.896  -8.101 0.7142857313
58983  26.652  -3.636  -8.016 0.8571428657
60966  28.238  -0.147  -9.442 0.2857142985
60981  27.846  0.712  -9.929 0.5714285970
59996  27.167  -1.814  -8.234 0.8571428657
60946  27.716  -0.646  -8.549 0.7142857313
121346  26.680  -2.743  -8.182 0.8571428657
61907  28.704  1.137  -10.464 0.1428571492
60980  28.801  0.451  -9.933 0.1428571492
60967  27.185  -0.024  -9.211 0.5714285970
60947  26.760  -0.482  -8.295 0.8571428657
63742  27.819  2.513  -13.199 0.1428571492
62805  28.622  1.788  -11.221 0.1428571492
61934  28.277  1.719  -11.941 0.1428571492
130426  28.001  1.327  -10.598 0.4285714328
60968  26.190  0.541  -8.592 0.8571428657
64703  27.649  4.056  -12.918 0.1428571492
64702  28.025  3.026  -12.810 0.1428571492
118930  27.537  3.272  -13.775 0.1428571492
62820  28.070  1.904  -12.766 0.1428571492
62821  27.004  1.980  -12.607 0.4285714328
61908  27.087  1.478  -10.166 0.5714285970
64710  27.019  3.849  -14.796 0.1428571492
64711  26.582  4.900  -15.296 0.1428571492
63752  26.449  2.857  -14.244 0.1428571492
62822  26.227  2.450  -13.241 0.5714285970
62798  26.285  1.956  -9.965 0.8571428657
61890  26.254  1.427  -9.142 0.8571428657
65691  26.651  5.700  -14.838 0.1428571492
65695  25.886  5.790  -15.404 0.2857142985
63764  25.647  3.949  -15.200 0.1428571492
64712  24.905  4.155  -14.537 0.8571428657
63728  26.097  2.230  -12.149 0.8571428657
62806  26.795  1.831  -11.333 0.7142857313
62807  26.200  2.501  -10.736 0.8571428657
66634  24.709  7.570  -14.534 0.1428571492
67540  23.903  9.240  -14.878 0.1428571492
111779  25.107  5.884  -14.477 0.4285714328
65683  25.020  5.755  -12.980 0.8571428657
122020  24.707  5.005  -13.305 0.8571428657
63729  25.749  3.164  -11.465 0.8571428657
63716  25.890  3.702  -9.941 0.8571428657
66630  24.703  6.600  -13.911 0.4285714328
65673  25.177  5.142  -11.628 0.8571428657
130319  25.658  4.242  -11.006 0.8571428657
64680  25.675  4.839  -10.201 0.8571428657
67536  23.982  8.999  -14.783 0.1428571492
68414  24.596  8.915  -14.119 0.2857142985
67532  24.468  8.220  -13.950 0.5714285970
67527  24.954  8.267  -12.520 0.8571428657
113100  24.677  7.411  -13.231 0.8571428657
66625  24.977  6.571  -12.689 0.8571428657
66618  25.348  6.148  -11.396 0.8571428657
113497  25.828  6.910  -10.694 0.8571428657
65658  25.583  5.580  -10.417 0.8571428657
68408  25.319  9.236  -12.375 0.2857142985
68403  25.745  8.775  -11.082 0.8571428657
67512  25.803  7.320  -9.836 0.8571428657
68378  25.153  7.798  -9.054 0.8571428657
66603  25.707  6.304  -9.871 0.8571428657
131107  25.816  9.051  -10.292 0.8571428657
69276  25.520  9.322  -9.697 0.8571428657
68392  25.806  8.404  -9.887 0.8571428657
69266  24.080  8.989  -8.539 0.7142857313
68379  24.283  8.117  -8.595 0.7142857313
69291  25.570  9.696  -10.795 0.8571428657
120445  25.288  10.113  -9.863 0.8571428657
69265  25.077  8.751  -8.979 0.8571428657
69277  24.770  9.735  -8.988 0.8571428657
114850  24.220  10.485  -8.828 0.8571428657
69278  23.695  9.809  -8.578 0.7142857313
70925  25.219  11.571  -9.734 0.7142857313
70926  24.710  11.202  -9.138 0.8571428657
71718  24.955  11.995  -9.172 0.8571428657
71719  24.078  11.982  -8.747 0.8571428657
72491  24.267  13.400  -9.426 0.7142857313
131271  23.907  11.142  -8.665 0.8571428657
72529  25.491  13.287  -13.411 0.1428571492
71727  24.653  12.714  -9.226 0.8571428657
72499  24.992  13.372  -10.067 0.7142857313
118452  25.557  14.877  -14.310 0.1428571492
73313  25.103  14.261  -11.128 0.5714285970
74185  23.980  15.440  -11.099 0.5714285970
112930  25.253  15.283  -12.220 0.1428571492
74229  25.806  15.999  -15.029 0.1428571492
74201  24.345  16.106  -11.499 0.5714285970
75056  25.529  16.995  -14.659 0.1428571492
75059  25.750  17.467  -16.015 0.1428571492
74214  25.161  15.998  -12.526 0.1428571492
75884  25.266  18.445  -15.430 0.1428571492
74200  24.911  16.030  -11.902 0.5714285970
75875  24.949  17.610  -14.291 0.1428571492
76743  24.874  19.728  -16.083 0.1428571492
75885  24.578  18.839  -14.963 0.1428571492
131743  18.881  -16.260  2.562 0.1428571492
45368  18.449  -16.193  2.985 0.1428571492
46456  21.331  -14.298  2.771 0.1428571492
47562  21.691  -13.613  2.446 0.2857142985
47578  21.227  -13.228  1.880 0.2857142985
50467  23.536  -10.108  1.280 0.2857142985
50450  23.015  -10.862  1.392 0.2857142985
54126  23.723  -6.729  -2.569 0.2857142985
55126  24.374  -5.761  -3.666 0.5714285970
58982  27.354  -3.194  -7.882 0.2857142985
57000  24.451  -4.514  -5.382 0.7142857313
59997  25.977  -2.243  -7.677 0.8571428657
61889  26.892  0.798  -9.409 0.7142857313
120523  27.043  4.407  -14.147 0.1428571492
63753  25.507  3.220  -13.940 0.8571428657
63743  25.487  3.006  -12.847 0.8571428657
112933  25.951  2.702  -9.629 0.8571428657
70099  25.248  10.886  -10.050 0.8571428657
71726  25.330  12.346  -10.018 0.8571428657
72498  25.320  13.625  -10.793 0.7142857313
73327  25.292  14.327  -11.899 0.2857142985
74222  25.499  15.980  -14.010 0.1428571492
76753  25.903  19.242  -16.598 0.1428571492
45351  17.754  -15.363  3.625 0.1428571492
47579  20.450  -13.509  1.574 0.4285714328
133684  21.970  -11.820  1.454 0.2857142985
114785  20.816  -12.940  1.398 0.4285714328
48618  20.209  -13.057  1.029 0.2857142985
49569  22.675  -11.591  1.618 0.1428571492
51366  23.880  -9.354  0.899 0.2857142985
52237  24.327  -8.277  -0.141 0.2857142985
51382  22.684  -9.177  -0.479 0.2857142985
52249  23.397  -8.435  -0.692 0.2857142985
56050  24.213  -5.570  -4.630 0.7142857313
63741  28.288  2.263  -12.583 0.1428571492
65690  26.989  5.211  -13.153 0.1428571492
66629  25.816  6.642  -14.804 0.1428571492
66633  25.444  6.710  -14.719 0.2857142985
124938  25.226  7.740  -14.819 0.1428571492
132036  24.525  5.556  -13.922 0.8571428657
62787  25.659  2.250  -8.798 1.0000000000
69307  24.325  9.222  -14.584 0.1428571492
69302  25.293  9.539  -13.473 0.1428571492
69296  25.604  10.259  -11.895 0.2857142985
67498  23.580  7.578  -8.192 0.8571428657
128711  25.413  10.425  -10.735 0.5714285970
70934  25.463  11.544  -10.555 0.5714285970
119462  25.766  12.153  -10.928 0.5714285970
72507  25.458  13.544  -11.484 0.4285714328
120776  25.661  12.803  -11.894 0.2857142985
73337  25.414  14.251  -12.790 0.1428571492
121390  25.431  15.342  -13.191 0.1428571492
75038  24.632  16.550  -12.433 0.2857142985
75051  24.481  17.141  -13.344 0.1428571492
75876  24.213  18.000  -14.087 0.1428571492
76735  23.707  19.013  -14.469 0.1428571492
76751  24.909  20.145  -16.037 0.1428571492
70111  25.453  10.947  -11.157 0.4285714328
70939  25.669  11.487  -11.528 0.4285714328
71735  25.742  12.886  -10.911 0.5714285970
123532  19.641  -15.001  2.194 0.1428571492
46458  18.969  -15.103  1.706 0.1428571492
45386  18.532  -15.789  2.226 0.1428571492
47565  18.416  -14.359  1.549 0.2857142985
47580  19.659  -13.644  1.226 0.5714285970
48617  21.496  -12.495  1.529 0.1428571492
131738  24.933  -4.166  -5.952 0.7142857313
59003  27.081  -3.425  -8.241 0.8571428657
62832  27.234  2.310  -13.486 0.2857142985
62819  28.406  1.903  -12.069 0.1428571492
61935  27.624  1.664  -12.098 0.1428571492
65696  25.086  5.101  -15.289 0.5714285970
64696  25.293  4.119  -12.256 0.8571428657
67523  25.782  7.762  -10.906 0.8571428657
112029  25.387  7.147  -11.807 0.8571428657
67496  25.198  6.876  -8.939 0.8571428657
70100  24.895  10.482  -9.315 0.8571428657
73346  25.460  13.967  -13.760 0.1428571492
73328  24.788  15.198  -11.450 0.5714285970
73314  24.435  14.625  -10.877 0.5714285970
118847  25.629  15.827  -16.267 0.1428571492
131327  24.516  16.380  -11.852 0.4285714328
75050  25.098  16.489  -13.427 0.1428571492
75888  25.557  19.048  -16.344 0.1428571492
50449  24.300  -10.410  1.646 0.1428571492
48636  20.732  -12.470  0.925 0.4285714328
52250  22.716  -8.611  -1.189 0.5714285970
75039  23.990  17.152  -12.677 0.1428571492
128758  21.952  -9.061  -2.174 0.5714285970
122340  20.851  -9.533  -2.226 0.5714285970
52265  19.277  -8.978  -1.881 0.2857142985
52275  22.046  -8.684  -2.671 0.5714285970
52277  20.709  -8.605  -2.699 0.5714285970
50506  20.080  -10.553  -1.577 0.4285714328
52263  21.514  -9.077  -2.530 0.5714285970
52278  19.577  -8.473  -2.352 0.4285714328
113574  23.224  -6.969  -3.310 0.4285714328
53280  22.128  -7.276  -3.681 0.5714285970
112737  21.440  -7.730  -3.489 0.5714285970
53281  19.810  -7.297  -3.601 0.4285714328
54153  23.255  -6.714  -4.161 0.5714285970
54154  22.476  -6.656  -4.386 0.5714285970
54167  23.192  -6.459  -4.834 0.7142857313
54168  21.741  -6.289  -4.591 0.4285714328
53264  19.766  -7.865  -2.909 0.4285714328
115589  18.933  -7.894  -2.587 0.2857142985
52266  18.585  -8.326  -1.967 0.2857142985
54156  20.672  -7.211  -3.950 0.4285714328
55147  23.507  -5.098  -5.344 0.7142857313
56065  21.614  -4.429  -5.423 0.4285714328
57002  22.629  -3.712  -5.758 0.7142857313
57990  21.737  -3.224  -5.726 0.5714285970
58010  22.415  -2.765  -6.031 0.7142857313
58011  21.491  -2.272  -5.625 0.2857142985
56051  24.051  -5.126  -5.165 0.5714285970
56063  23.852  -4.533  -5.416 0.5714285970
56064  23.149  -4.466  -5.461 0.7142857313
58009  24.005  -2.765  -6.532 0.7142857313
58987  22.274  -1.730  -6.214 0.7142857313
122825  23.042  -1.518  -6.818 0.7142857313
59978  22.376  -0.981  -6.625 0.7142857313
58988  21.205  -1.321  -5.976 0.4285714328
59979  21.524  -0.542  -6.447 0.4285714328
57014  25.461  -3.612  -6.452 0.5714285970
57015  24.461  -3.649  -6.178 0.5714285970
58008  24.892  -2.999  -6.722 0.5714285970
122411  23.880  -1.345  -6.982 0.5714285970
121356  23.114  -0.664  -6.980 0.7142857313
60950  23.489  0.801  -6.904 0.7142857313
124895  22.259  -0.292  -6.608 0.7142857313
61854  21.810  1.101  -6.700 0.5714285970
61869  22.059  1.981  -6.802 0.5714285970
119989  26.254  -1.451  -8.077 0.7142857313
113773  25.490  -1.056  -7.532 0.5714285970
59976  25.009  -1.367  -6.934 0.5714285970
59998  24.678  -0.322  -7.505 0.7142857313
59977  24.043  -0.694  -7.199 0.7142857313
61867  24.672  1.432  -7.691 0.8571428657
60930  21.642  0.253  -6.636 0.4285714328
62770  24.082  2.116  -7.490 0.7142857313
118165  23.088  2.034  -7.258 0.7142857313
126750  23.466  2.640  -7.342 0.7142857313
62772  21.401  2.437  -7.324 0.5714285970
59999  23.719  0.035  -7.149 0.7142857313
62769  24.991  2.234  -7.810 0.8571428657
63683  24.316  3.040  -7.523 0.7142857313
63685  22.516  3.508  -7.339 0.5714285970
64654  22.541  4.796  -7.721 0.2857142985
61866  25.462  1.424  -8.336 0.7142857313
129843  25.104  2.900  -8.116 0.7142857313
65625  22.977  5.470  -7.868 0.7142857313
63702  24.733  3.623  -8.211 0.8571428657
114191  23.971  4.098  -7.553 0.8571428657
65640  25.092  6.016  -8.755 0.8571428657
64665  24.656  4.394  -8.399 0.8571428657
121709  23.419  4.835  -7.779 0.5714285970
65624  23.779  5.574  -7.835 0.8571428657
66573  24.058  6.192  -7.803 0.8571428657
66575  22.517  6.055  -8.081 0.7142857313
120673  25.284  3.932  -8.905 0.8571428657
65641  24.857  5.210  -8.590 0.8571428657
67483  23.855  6.797  -7.876 0.8571428657
66589  24.515  6.516  -8.202 0.8571428657
67497  24.445  7.302  -8.426 0.8571428657
69279  22.660  9.944  -8.390 0.7142857313
70101  23.347  10.606  -8.430 0.5714285970
70093  21.548  10.142  -8.605 0.7142857313
70102  22.378  10.830  -8.250 0.7142857313
70927  23.163  11.423  -8.458 0.7142857313
71709  22.963  12.219  -8.641 0.8571428657
129493  22.663  12.844  -8.794 0.7142857313
110459  21.362  11.629  -8.804 0.7142857313
72487  21.250  12.844  -9.068 0.7142857313
72493  21.220  13.400  -9.561 0.7142857313
110409  20.777  12.704  -9.817 0.5714285970
117660  23.666  12.941  -8.884 0.7142857313
72492  22.046  13.645  -9.419 0.7142857313
125715  20.427  13.029  -10.373 0.5714285970
73308  22.730  14.026  -9.886 0.4285714328
73309  21.620  14.080  -9.877 0.5714285970
73310  20.830  13.846  -10.089 0.5714285970
125635  23.555  13.589  -9.456 0.5714285970
110368  19.750  13.362  -10.715 0.5714285970
73316  21.947  14.659  -10.426 0.5714285970
73317  21.078  14.388  -10.549 0.5714285970
125846  20.335  13.708  -10.436 0.4285714328
73319  19.618  14.080  -10.526 0.5714285970
117739  20.445  14.818  -11.016 0.5714285970
73318  20.351  14.190  -10.466 0.5714285970
74187  22.191  15.337  -10.976 0.5714285970
110118  18.579  14.723  -10.333 0.4285714328
110393  17.608  13.784  -10.385 0.4285714328
113067  19.511  14.757  -10.526 0.5714285970
75016  19.211  16.137  -9.837 0.4285714328
113993  25.160  -4.408  -4.590 0.2857142985
74189  19.814  15.560  -10.871 0.2857142985
74190  18.816  15.518  -10.087 0.4285714328
74177  18.134  16.120  -9.291 0.2857142985
51384  20.928  -10.195  -1.671 0.5714285970
130187  20.738  -10.715  -1.021 0.5714285970
53253  22.514  -8.014  -2.503 0.2857142985
52262  22.392  -8.569  -1.922 0.4285714328
51397  20.293  -10.015  -2.017 0.5714285970
119821  23.166  -7.403  -2.469 0.2857142985
53261  22.635  -7.462  -3.160 0.5714285970
51398  19.463  -9.790  -1.630 0.2857142985
54169  20.810  -6.547  -4.408 0.4285714328
53265  18.085  -7.460  -2.493 0.2857142985
53282  18.800  -7.240  -3.183 0.2857142985
55139  22.120  -5.172  -5.213 0.5714285970
56986  26.072  -3.334  -4.930 0.2857142985
57004  20.344  -3.554  -5.541 0.2857142985
63701  25.530  3.210  -8.874 0.8571428657
117787  23.068  4.162  -7.356 0.7142857313
68393  23.032  9.113  -8.341 0.7142857313
69267  21.904  9.196  -8.422 0.7142857313
110109  18.157  14.111  -10.521 0.2857142985
73307  24.025  14.136  -10.130 0.5714285970
73315  22.945  14.765  -10.493 0.5714285970
74188  21.239  14.971  -11.269 0.5714285970
55141  20.132  -5.841  -4.356 0.4285714328
58984  25.640  -2.809  -7.190 0.7142857313
132290  24.292  -4.152  -5.677 0.5714285970
60948  25.598  -0.237  -8.030 0.7142857313
117675  25.182  0.667  -8.011 0.7142857313
133006  24.903  0.193  -7.803 0.7142857313
64664  25.371  4.620  -9.218 0.7142857313
111623  23.797  -6.284  -4.480 0.5714285970
55137  23.518  -5.854  -5.125 0.5714285970
120938  22.751  7.716  -8.216 0.7142857313
51396  21.530  -9.503  -1.859 0.4285714328
52264  20.087  -9.292  -2.190 0.5714285970
53262  22.074  -8.031  -3.130 0.5714285970
52276  21.598  -8.509  -3.010 0.5714285970
53263  20.630  -7.803  -3.288 0.4285714328
50489  20.020  -11.112  -0.937 0.5714285970
53279  22.720  -6.993  -3.775 0.5714285970
54155  21.537  -6.939  -4.110 0.5714285970
116731  19.195  -6.738  -3.663 0.4285714328
55138  22.595  -6.064  -5.086 0.5714285970
133003  21.804  -5.684  -4.885 0.4285714328
55148  22.883  -5.268  -5.374 0.5714285970
124989  22.358  -4.498  -5.479 0.7142857313
131500  21.874  -3.968  -5.711 0.5714285970
57003  21.204  -3.773  -5.616 0.4285714328
56066  20.774  -4.237  -5.296 0.4285714328
56052  21.318  -4.941  -4.876 0.4285714328
57001  23.620  -3.902  -5.683 0.7142857313
57016  23.344  -3.222  -6.242 0.7142857313
57991  20.879  -2.967  -5.627 0.2857142985
114856  23.107  -2.361  -6.550 0.7142857313
58985  24.642  -2.113  -6.680 0.5714285970
60929  22.716  0.391  -6.650 0.7142857313
61853  22.812  1.342  -6.742 0.7142857313
60949  24.337  0.624  -7.468 0.5714285970
61868  23.789  1.406  -7.236 0.7142857313
122056  21.094  1.620  -7.281 0.2857142985
124296  21.045  4.044  -7.683 0.2857142985
117177  24.139  4.963  -8.057 0.8571428657
70916  22.206  11.625  -8.470 0.7142857313
72486  21.932  13.146  -8.959 0.8571428657
54158  18.401  -6.321  -3.391 0.1428571492
47581  18.733  -13.544  1.108 0.4285714328
53239  24.854  -7.633  -0.648 0.1428571492
53251  24.577  -7.131  -1.284 0.1428571492
55111  24.813  -5.502  -2.864 0.1428571492
55125  25.239  -4.985  -3.125 0.1428571492
54136  24.981  -5.941  -2.180 0.1428571492
54124  25.335  -6.587  -1.491 0.1428571492
56034  25.522  -4.374  -3.587 0.1428571492
132393  26.366  -3.157  -5.720 0.2857142985
58965  27.655  -2.545  -6.803 0.1428571492
68380  23.344  8.309  -8.370 0.5714285970
78335  23.534  20.278  -14.449 0.1428571492
67499  21.788  7.414  -8.380 0.4285714328
78336  22.368  20.351  -14.508 0.1428571492
69268  20.829  9.204  -8.725 0.4285714328
69280  20.560  10.078  -9.302 0.4285714328
75879  21.659  18.032  -13.453 0.2857142985
75028  21.736  16.489  -12.035 0.2857142985
75027  22.837  16.619  -11.913 0.2857142985
128901  18.491  9.847  -10.417 0.1428571492
110369  21.067  10.849  -9.234 0.5714285970
75029  20.956  16.332  -11.975 0.2857142985
74186  23.119  15.572  -10.871 0.4285714328
110327  19.314  10.777  -10.240 0.4285714328
125841  20.192  12.083  -10.320 0.5714285970
110355  18.320  11.933  -10.818 0.4285714328
125840  18.551  12.373  -11.023 0.2857142985
74205  20.397  16.192  -11.459 0.1428571492
123747  20.712  15.543  -11.482 0.1428571492
111647  17.961  12.325  -10.818 0.1428571492
110522  18.424  13.226  -10.940 0.4285714328
75859  20.659  16.853  -11.920 0.1428571492
110119  18.189  12.839  -11.025 0.2857142985
75006  18.919  16.525  -8.581 0.1428571492
75015  19.944  16.435  -10.548 0.1428571492
75843  20.204  17.262  -10.040 0.1428571492
75851  20.331  16.969  -11.127 0.1428571492
48620  18.699  -12.717  0.693 0.4285714328
129710  18.244  -11.502  0.097 0.2857142985
55099  25.823  -5.855  -1.827 0.1428571492
56976  25.789  -3.785  -4.214 0.1428571492
68382  21.168  8.337  -8.469 0.2857142985
120411  24.894  14.041  -10.544 0.4285714328
74202  23.476  16.201  -11.303 0.2857142985
75858  21.007  16.952  -12.398 0.2857142985
75041  22.097  16.972  -13.035 0.2857142985
75869  20.880  17.590  -12.527 0.2857142985
49571  17.980  -12.040  0.731 0.2857142985
49568  23.478  -11.419  1.806 0.1428571492
122080  24.286  -8.840  0.520 0.1428571492
116162  24.970  -8.539  0.521 0.1428571492
110352  17.818  11.745  -10.574 0.1428571492
67500  20.677  7.449  -8.849 0.4285714328
69292  17.922  10.429  -10.555 0.2857142985
75868  21.287  17.550  -13.009 0.2857142985
75040  23.224  17.001  -12.529 0.2857142985
76737  21.608  19.027  -14.249 0.1428571492
76746  21.113  20.136  -15.053 0.1428571492
76709  20.611  17.700  -11.687 0.2857142985
76736  22.667  18.925  -14.241 0.1428571492
76744  23.105  19.716  -14.482 0.1428571492
75866  23.919  17.573  -13.391 0.1428571492
75877  23.353  18.105  -13.905 0.1428571492
75026  23.929  16.690  -11.899 0.4285714328
76726  21.176  18.740  -13.787 0.2857142985
75867  23.175  17.430  -13.234 0.2857142985
48638  19.323  -12.556  0.369 0.4285714328
129317  23.683  14.865  -10.744 0.4285714328
110466  21.684  11.033  -8.510 0.5714285970
110111  20.693  11.525  -9.502 0.5714285970
68381  22.326  8.350  -8.295 0.5714285970
110446  20.915  12.225  -9.227 0.5714285970
110270  19.510  12.666  -10.870 0.5714285970
74204  21.437  15.777  -11.564 0.2857142985
55110  25.505  -5.328  -2.434 0.1428571492
53250  25.302  -7.213  -0.991 0.1428571492
56019  26.090  -4.581  -2.636 0.1428571492
69269  20.102  9.173  -9.451 0.2857142985
75042  21.332  16.833  -12.510 0.2857142985
74203  22.478  16.102  -11.330 0.2857142985
69282  19.132  9.836  -10.262 0.2857142985
70103  20.063  11.038  -9.700 0.4285714328
110384  18.807  11.600  -10.668 0.4285714328
125808  18.233  11.261  -10.633 0.2857142985
125872  19.505  11.572  -10.438 0.5714285970
126131  19.174  12.202  -10.930 0.5714285970
110108  18.735  12.666  -11.093 0.4285714328
56033  26.350  -3.855  -3.327 0.1428571492
67513  20.090  7.380  -9.924 0.2857142985
75878  22.405  18.023  -13.682 0.2857142985
76745  21.980  19.811  -14.626 0.1428571492
63686  21.540  3.207  -7.515 0.2857142985
76717  20.877  18.776  -12.431 0.1428571492
76727  20.984  18.608  -13.290 0.1428571492
124927  19.336  20.804  -13.170 0.1428571492
75842  20.758  17.847  -9.409 0.1428571492
77521  20.268  20.384  -12.216 0.1428571492
76708  20.901  18.854  -11.250 0.1428571492
77515  20.705  20.006  -10.753 0.1428571492
134046  19.644  21.173  -12.133 0.1428571492
78304  20.498  20.732  -10.223 0.1428571492
62771  22.455  2.750  -7.229 0.2857142985
76698  20.926  18.762  -9.913 0.1428571492
54152  23.796  -6.471  -3.563 0.2857142985
77530  20.670  19.716  -14.127 0.1428571492
77531  20.391  19.890  -13.355 0.1428571492
77509  21.003  19.854  -9.674 0.1428571492
50470  20.678  -11.187  -0.358 0.4285714328
50469  21.308  -11.135  0.420 0.2857142985
50451  22.072  -11.080  1.117 0.1428571492
133865  21.224  -10.363  -1.015 0.2857142985
50488  21.401  -10.533  -0.313 0.1428571492
51383  21.753  -9.858  -0.969 0.2857142985
49586  20.570  -11.912  0.197 0.2857142985
51395  22.181  -9.155  -1.449 0.2857142985
50487  22.149  -9.900  0.107 0.1428571492
69281  19.794  9.973  -9.859 0.2857142985
49587  19.631  -12.113  -0.151 0.2857142985
49588  18.786  -12.133  0.219 0.2857142985
49603  20.080  -11.642  -0.476 0.2857142985
49604  19.402  -11.362  -0.552 0.2857142985
55140  21.033  -5.743  -4.640 0.2857142985
56053  20.319  -4.816  -4.614 0.2857142985
56067  19.797  -3.938  -5.208 0.2857142985
58966  20.542  -2.112  -5.690 0.1428571492
58989  20.141  -1.359  -6.308 0.1428571492
59980  20.610  -0.610  -6.642 0.2857142985
60931  20.818  0.684  -7.180 0.1428571492
63687  20.530  3.158  -7.809 0.1428571492
133883  20.800  4.715  -8.002 0.1428571492
66576  21.763  5.903  -8.409 0.1428571492
65642  21.127  5.428  -8.407 0.1428571492
66590  21.029  6.109  -9.039 0.1428571492
65643  20.236  6.125  -9.724 0.1428571492
114890  19.576  7.866  -9.895 0.1428571492
68395  19.551  8.976  -9.905 0.1428571492
111109  18.815  8.864  -10.117 0.1428571492
110113  18.955  13.786  -10.642 0.1428571492
74191  17.498  14.873  -10.076 0.1428571492
110117  16.821  13.800  -9.631 0.1428571492
119124  18.071  15.485  -9.999 0.1428571492
74178  17.401  15.541  -9.536 0.1428571492
47582  17.952  -12.840  1.166 0.2857142985
67485  21.873  6.484  -8.414 0.2857142985
66604  20.034  6.620  -10.223 0.1428571492
54157  19.927  -6.695  -4.130 0.2857142985
117479  19.490  -5.161  -4.283 0.2857142985
56054  19.184  -4.377  -4.666 0.2857142985
59981  19.834  -0.678  -7.167 0.1428571492
61870  20.275  1.357  -7.622 0.1428571492
63703  19.751  3.468  -8.105 0.1428571492
64655  20.224  4.180  -7.929 0.1428571492
64667  19.773  4.376  -8.696 0.1428571492
65644  19.921  5.378  -9.430 0.1428571492
68396  18.014  8.510  -10.201 0.1428571492
110337  16.851  14.730  -9.665 0.1428571492
48637  20.012  -12.611  0.410 0.2857142985
120957  20.905  -0.002  -6.771 0.1428571492
65626  22.089  5.417  -8.034 0.1428571492
119706  17.503  13.011  -10.406 0.1428571492
55127  19.130  -5.835  -3.832 0.1428571492
115009  21.104  6.726  -8.782 0.1428571492
68383  20.319  8.321  -9.048 0.1428571492
133235  18.919  -11.654  -0.200 0.2857142985
132053  19.214  -3.828  -5.075 0.1428571492
133087  20.479  5.684  -9.120 0.1428571492
112529  18.858  3.936  -9.106 0.1428571492
49554  16.946  -11.874  1.807 0.1428571492
127736  17.446  -12.216  1.342 0.1428571492
49555  16.499  -11.455  2.325 0.1428571492
49572  17.316  -11.505  1.239 0.1428571492
50491  18.157  -10.149  -0.603 0.1428571492
59975  28.130  -1.807  -7.906 0.1428571492
58981  28.239  -1.748  -7.265 0.1428571492
70116  25.712  10.912  -12.111 0.1428571492
116717  17.245  -13.543  2.139 0.1428571492
49589  17.603  -11.214  0.554 0.1428571492
49605  18.556  -11.053  -0.466 0.1428571492
50490  19.133  -10.623  -1.104 0.1428571492
50471  17.806  -10.821  -0.085 0.1428571492
51399  18.653  -9.102  -1.453 0.1428571492
71743  25.836  12.075  -11.891 0.1428571492
52251  17.846  -8.510  -1.302 0.1428571492
115527  25.748  10.326  -12.890 0.1428571492
47566  17.834  -13.569  1.594 0.1428571492
51385  18.668  -9.823  -1.177 0.1428571492
48605  17.183  -12.798  1.814 0.1428571492
52288  21.170  -8.210  -3.146 0.5714285970
58006  26.815  -3.823  -7.772 0.5714285970
58986  23.712  -1.979  -6.709 0.7142857313
59002  27.543  -2.490  -8.010 0.8571428657
61919  28.714  1.528  -10.807 0.1428571492
61920  28.468  1.605  -11.139 0.1428571492
61921  27.727  1.542  -11.234 0.1428571492
61933  28.504  1.793  -11.467 0.1428571492
62773  20.552  2.204  -7.774 0.1428571492
63684  23.336  3.382  -7.318 0.5714285970
63704  19.311  3.684  -8.688 0.1428571492
63751  27.143  3.038  -14.302 0.1428571492
63757  26.672  3.580  -14.964 0.1428571492
63758  26.159  3.833  -15.275 0.1428571492
63759  25.721  3.511  -14.932 0.1428571492
63763  25.866  4.267  -15.435 0.1428571492
64666  20.358  4.984  -8.648 0.1428571492
64704  24.850  4.081  -13.592 0.8571428657
64715  26.442  4.300  -15.303 0.1428571492
64716  25.168  4.383  -15.192 0.1428571492
64720  26.062  4.446  -15.523 0.1428571492
64721  25.559  4.428  -15.397 0.1428571492
65623  24.418  5.778  -8.085 0.8571428657
65692  24.463  4.976  -14.405 0.8571428657
65699  25.976  5.078  -15.647 0.1428571492
65700  25.465  4.782  -15.488 0.5714285970
65703  25.807  4.647  -15.557 0.1428571492
66574  23.394  6.183  -7.823 0.7142857313
66591  20.481  6.652  -9.612 0.1428571492
67484  22.846  6.902  -8.017 0.2857142985
67535  24.327  8.659  -14.539 0.1428571492
67537  23.822  9.340  -14.934 0.1428571492
68394  19.853  8.308  -9.696 0.1428571492
68419  24.416  9.060  -14.569 0.1428571492
68420  23.885  9.290  -14.845 0.1428571492
68421  23.883  9.366  -14.880 0.1428571492
70104  18.651  10.637  -10.470 0.2857142985
71710  21.855  12.410  -8.685 0.7142857313
72485  22.792  13.351  -9.218 0.8571428657
115353  21.583  4.777  -7.823 0.1428571492
118048  22.058  4.074  -7.547 0.5714285970
121651  26.500  3.255  -14.911 0.1428571492
125449  24.532  7.788  -14.272 0.5714285970
125845  19.097  13.083  -10.990 0.4285714328
126309  21.871  -10.526  0.501 0.1428571492
127163  25.476  5.439  -9.451 0.8571428657
131129  24.693  4.733  -14.922 0.5714285970
131545  21.875  -1.108  -6.296 0.7142857313
132722  18.943  3.162  -8.790 0.1428571492
134007  24.803  -5.286  -3.377 0.1428571492
